99
FS B GD EN FD BJ DV BF GL DP BX EU AH AW GR EO EV EG AG GG DR FX FU EH EZ AB DZ FM BG CM AS R M BL EL DG U DC AN DS DH Y EQ CE FP GF CT GI FJ P GJ DB BI FG FR GK CJ BR FH CK CW BB L ED GC AF X CI EJ AM CF DI DK EW FZ CB BA G BE BY V FI GO Z I AX FV FE EC BP EM DX AP CQ E EK DT GE K
0 186884876.25677997 231579038.76818 243838290.54495 296002254.63091004 365601859.52605 426604527.97017 490440723.06469 526922558.05339 561897332.85916 506752710.15986997 610573079.41522 583559630.93838 558088134.20641 658517427.36902 757556052.35756 786030728.88207 901905997.35537 975048202.88207 1033139600.69392 1002764981.54108 1054110352.74074 1017758359.54574 948594085.54888 1053146322.64633 1160583587.39315 1195990239.94343 1061926462.0464 896351016.47416 820247777.22231 832324934.58747 624328896.06759 451682388.85523 488401079.00235 581444483.11837 613676713.52469 661756362.0385499 684674431.87164 714664838.08051 827567539.5106101 879917079.4326501 967019432.82932 986530091.16684 934006905.65447 843324258.1958599 1096831589.5999198 1158799693.79053 1350020565.09488 1524431506.1262999 1514175328.46659 1463160560.8651 1531272075.38373 1509721189.42861 1518689885.19785 1433119282.7954001 1304859975.14239 1347572676.10536 1362930614.09616 1295933252.87207 1314502355.55739 1189895322.39814 1128460608.71367 1145950620.56784 931038228.0686799 878368304.89395 998107848.99823 1070075618.01988 712804403.1312699 442864355.86282 386108918.12529004 380797123.43261003 682186444.60978 803508304.27533 1067434480.29641 1200308762.56037 1366244166.95766 1302224818.77803 1383160821.9093099 1414411691.11033 1426710547.87442 1236112949.20882 1168592285.9689 1030723581.44467 830568488.33383 1184190040.80927 1280477814.50804 1332809163.652 1474667018.68718 1590855617.54952 1634234965.65571 1777121680.08375 1671286456.2592602 1376574869.6297 1285914757.06542 1131252065.82723 1315324964.13763 1346248810.42902 1237321316.90123 87999089.36153999 
186884876.25677997 0 218489073.69632 228312215.15642 257505680.50626 301419531.11979 372474274.88432 436071919.10898 473039782.25774 509047216.12052 435641182.71369994 553658944.48403 530354106.56318 508045185.00294 604102129.60837 707156692.2844799 733212091.9709 848994260.06611 922223324.44092 980289483.95528 948539786.4883599 999721375.88307 963477674.68225 894461890.5106599 998393311.8138101 1107618469.00092 1143643130.1161 1008837392.18633 844324789.20255 766554345.32619 784413406.96189 626795367.15664 412992533.06685 441776372.09905 519909154.02702 553315193.50801 604162587.8928599 645798080.4281 673669840.39 784043805.37103 833457962.36109 920394725.9260199 942690761.24391 880115151.43989 787010394.22805 1049677554.37852 1109766257.84724 1297983681.80828 1472225325.66803 1462555067.06146 1411127011.02859 1478574305.97508 1456581375.99294 1464505317.06361 1378698685.85995 1250444936.58772 1294396437.10621 1308541637.23849 1245533892.7989898 1261652238.81875 1139807188.24188 1078743674.58278 1097738121.7778 884598468.84494 830025490.38669 946745713.49471 1022650416.6832399 662224250.82362 294146907.91295 299470732.4894 306723799.64911 661335387.63924 779494792.07709 1024791787.9044 1162071859.28346 1329927083.05764 1263323051.61734 1344451470.8417501 1371104825.49434 1383655630.16342 1192723685.16512 1130825461.60427 991954564.63199 786345647.37884 1135278503.02581 1235907621.11019 1283704046.94497 1426381140.39357 1539583820.02266 1582077940.03487 1725317405.25285 1618789850.04464 1328044374.57699 1231681035.64909 1077505701.72851 1285745857.31675 1316978036.49917 1214363491.32696 98885786.89524 
231579038.76818 218489073.69632 0 130148491.98272002 173419371.70881 206724230.42488 235754970.2383 286189552.63298 298532597.06604 354408106.46750003 275173671.39169 394937088.10344 397802887.55749 386913987.46288 454266256.93731 539912956.18117 559138356.68171 674363204.86105 744718536.54792 803032104.68111 784907653.83653 836544248.74961 809068279.23289 744597925.21233 844267278.97484 976021363.27122 1013433019.85989 870396537.06018 720349668.48176 608173221.29931 663343386.75052 478348460.49402 396171750.00219 376426810.57031 533733799.55906 600755436.22514 606245723.1855099 614366041.96191 624549846.41856 720280938.35565 769075153.7518001 828996718.34059 823426772.59181 759245198.57741 683903072.14955 948164907.7504 988896304.98476 1170422650.78096 1342192663.31155 1336658161.9212 1283588074.4333 1347701383.13486 1314733041.28108 1310658043.66498 1221202547.08548 1093352008.93467 1125176572.54715 1145186097.43768 1071393848.42502 1084817064.65574 958817479.09472 897921569.31263 917324367.42642 703631565.8840799 650544163.10156 766901535.0501 843035071.23065 481225364.36309 211285317.09464002 327268765.81409 399689151.66267 698348941.41502 800977162.3747 1002863810.95785 1121182181.0858002 1289419503.03851 1212711940.94031 1291565263.51935 1297426530.7857 1311858972.81932 1120448013.65201 1089397773.5511 946279559.75374 723410267.00002 1031420650.37588 1165921400.80977 1195247686.8060198 1321690459.56486 1416806112.39894 1451206234.89452 1597646205.7673302 1485088370.14362 1224874936.54957 1074564389.60357 938047181.44765 1275316916.9711 1306947422.24289 1230271869.25027 310009416.7772 
243838290.54495 228312215.15642 130148491.98272002 0 52163964.08596 121763568.9811 186123964.43021 255690821.32288 291438459.54729 355157761.11535 322050279.95706 375321686.51353 348718395.08839 314834625.42444 419626927.06248 531940817.10401 574314505.36067 680589404.65357 761646876.68355 811949851.1647601 767318877.14263 818154483.01725 776944897.62241 708375092.67154 811378548.39536 916813836.44599 952836328.86517 818117216.72108 653744711.5422499 582075078.98909 595962411.23 447849729.18392 271726442.34309 266798041.0735 408712536.50986004 473647940.83751 480530656.78055 492467983.55697 511260020.72777 613978131.09143 658072321.56666 745416394.90047 752375866.07754 690753396.8725 611823710.11111 865365859.4881201 920404503.27985 1107388016.85814 1281595972.31683 1272064744.32834 1220519474.52141 1287746656.31842 1265895749.76427 1276716656.72547 1192699877.28664 1064277960.12313 1115891960.23209 1126974744.37267 1065589638.11121 1095480733.7133899 996764343.79136 944096407.5763099 973541524.18041 758771507.12768 713387350.94993 799812953.51418 899726210.26091 538926289.14325 221108458.55474 232358704.69656 324789760.30627 573033300.25056 675955899.3255 883459754.40305 1007708380.41752 1175968755.53188 1102735165.59263 1182409776.0436 1197722784.44779 1211077572.17939 1020240507.91734 975572248.2623 833734111.53982 613781497.50321 949140074.04922 1059601969.22329 1103381907.56064 1240242711.41698 1349618492.99899 1391334185.35516 1534779762.45999 1427942705.93231 1142448702.41073 1045550584.69418 887521294.962 1153979776.10308 1183916537.04216 1105229652.82661 274374284.9911 
296002254.63091004 257505680.50626 173419371.70881 52163964.08596 0 111072250.62099 159365349.91472 228900737.14209 281721177.6166 372211243.61819994 295291665.44157 348409633.4924 321959780.5729 272123090.60827 392868312.54699004 511513231.92274 583034016.74193 661370307.30098 745968040.58868 793530181.4387 738467643.35545 788716789.2269 742944611.4034 676321861.63023 776943637.80115 875131766.46192 909368971.41824 777093995.81688 611311512.20233 555320528.2648101 543798447.14404 421059645.00312996 302204210.72929 214634076.98754 363639686.93092 435790184.5944 433356849.62055 440946670.2531 462707845.09097004 561814167.00547 607282420.16903 693252430.81451 700211901.99158 648041862.05633 569112175.29494 813201895.40216 874719070.05696 1064981060.82305 1237636847.66584 1227227303.58811 1176231214.64706 1245100547.70285 1225291666.58933 1240543058.81969 1158604537.6952 1030177808.38241 1087337670.6952 1097537050.58232 1039616628.52939 1075550722.17917 993246826.16553 932485751.81764 967613326.56776 760434530.1132901 704025919.57691 786862521.71309 902896951.63967 528200735.48914 272166734.15922 234367549.87337 326798605.48307997 534148658.70383 629879770.87663 832511636.16318 955544416.33156 1123999768.624 1050581390.25788 1130245811.9576402 1146048694.03015 1159310813.87696 968274584.15638 923613610.91055 781643673.87475 561617533.4172499 912392393.25373 1008231216.57176 1052825983.59093 1191360335.54022 1303910499.98688 1347404489.60923 1490256583.01646 1384702654.72514 1093839627.47137 1011460894.16567 848390512.12868 1104859307.91905 1135304641.15372 1058005041.42527 326538249.07706 
365601859.52605 301419531.11979 206724230.42488 121763568.9811 111072250.62099 0 73862194.41707 143429051.30974 196218022.11895 286708088.12055004 209788509.94392 263059916.50039 236397352.11586 223758426.49779 302683876.55382 426269037.36407006 497684299.74992 559486834.29276 640400276.80562 690245374.05064 648210169.25857 699665754.69911 662162633.09542 593042359.39087 696973780.69402 813425820.47985 853426878.08517 712978059.49356 558669427.58954 465136092.27164 498352789.02237 335587959.17078 289969440.37545 235838777.96149 437383757.41765 525491613.69070995 495077077.39537 474234565.91451 507806162.83552 567527877.35874 602255800.06887 667956787.40635 661847529.1099501 596770165.26692 520747511.18446004 785333634.0772 826421271.6742699 1009876750.78575 1181945012.1743 1175382177.20698 1123916406.73741 1185102594.59143 1161188201.46164 1163477825.2219 1077280868.69202 949026683.53317 997298609.2196699 1008486016.05453 945820858.22251 973717164.73229 883293085.95933 822332838.59521 858327465.40417 649404895.65293 592996285.11655 678049384.53308 791824701.01868 417162720.16215 297684196.99689996 345439800.49435997 390821861.6051 610430195.4146199 696006763.65695 865969785.89079 977422280.39007 1142944172.3825798 1060872078.18882 1138812202.52244 1138172878.90844 1154344686.5569801 963107091.26292 942429248.86774 798386585.953 576854770.16789 868265089.41079 996691698.73444 1033129925.72819 1158515264.73369 1255400576.95731 1291846648.61957 1436897368.07929 1326694888.84066 1062233245.8316399 930768320.1671901 780301973.64222 1141962160.6633801 1169719854.0889301 1113121768.74549 396137853.97220004 
426604527.97017 372474274.88432 235754970.2383 186123964.43021 159365349.91472 73862194.41707 0 69566856.89267 122355827.70188 212845893.70348 135926315.52685 189197722.08332 162594430.65818 212917445.64287 233502962.63227 352406842.947 423822105.33285 503451437.07265997 588339438.50333 634530115.32796 581509155.70742 632235992.17155 591456954.84944 522251128.24133 628222717.39162 740812906.37191 779568283.2113 639321867.64195 484807233.17247 395955178.35009 428134929.85121 261725764.75371 278505784.49389 199434562.50327 434643516.1831 530318884.07788 471022490.74257 432229678.10573 433943968.41845 534182862.80753005 555852886.80478 599734922.99382 587985334.69288 523490228.33911 451066595.74682 715013153.22899 753141334.74646 936073829.32807 1108082817.75723 1101576924.93154 1051616777.5634099 1112492926.23555 1087532009.61003 1092085357.22768 1007226805.0980101 878800075.78522 930069950.29265 940890356.5151399 881123829.35515 916294622.4874899 836454389.6752399 782046679.88185 822473059.26213 621026609.08369 566289229.29529 635070022.53338 754866688.75809 390455664.34089 295337105.46025 393732899.78809 423756876.47467 606242519.9251499 672222482.41858 819085202.65955 918819368.96727 1086612471.6134 1001995030.57568 1078495047.76412 1072476034.1925 1088827694.6234899 897416735.45618 887748681.43392 743541258.29188 502992575.75082 796896345.97293 930166430.57147 964335153.1164899 1086748755.42909 1181597655.49963 1218011441.29876 1363044586.12376 1252873390.42342 990165958.49391 859872915.24417 710286865.54703 1096093598.63488 1123168813.94459 1081585047.39438 460498249.42131 
490440723.06469 436071919.10898 286189552.63298 255690821.32288 228900737.14209 143429051.30974 69566856.89267 0 63577338.58475 154012036.99095 100703469.4879 120132356.35053 121344934.71298 150332073.55911 168076704.30433 286663704.73454 354756739.60006 434850790.53198 519442591.22017 567010664.6697 515013198.35485995 565020111.7173 527803099.94292 458756379.58339 562705599.58164 690856819.48217 728324595.00051 584206984.4272 439452499.41336 330528920.02215 386885433.90601003 192158907.86104 343584841.59995997 232166757.09249 468630285.85533 566778620.93417 505545752.07804 448965927.96109 441802359.75608 510704216.89779 526314418.5698 574436244.78776 548501661.35723 479776701.47999 419651472.57167 681738241.0538601 708208192.54085 885825847.69991 1056890314.7421199 1051363802.10322 997398521.80032 1062536839.3458099 1028543488.6481 1029433213.64838 942678559.73071 814419252.0777 861500578.25527 873840373.07272 812402432.62678 846728370.86392 769655846.34408 717702003.49502 759732329.44031 562367188.54693 507561660.33955 566469375.9927 693696424.04504 359953758.00089 260114259.4213 459879797.11682 490142771.40487 637802947.41868 702877084.47357 825380593.64461 919487830.1746 1077811597.69261 990603242.97927 1065146960.12742 1048736075.9387 1064846676.52457 876411534.32913 885634205.02539 741419318.88133 494191701.83003 759976920.63253 905173632.14114 935008833.52572 1047404286.41881 1132818639.58213 1166299968.50437 1311456653.13435 1199014095.41476 952322337.0915401 795609116.54011 652617397.03829 1108108323.2414799 1128408607.65583 1096252391.3155 526193369.27351 
526922558.05339 473039782.25774 298532597.06604 291438459.54729 281721177.6166 196218022.11895 122355827.70188 63577338.58475 0 90490066.0016 164280808.07265002 183709694.93528 184922273.29773 210560452.11171 158131462.43574 241380359.11513 355001142.30788 389229128.42449 470989979.72873 520511391.61747 486971051.59986 538554056.12303 511508057.92503 458688001.33955 557392707.4015 684952816.29871 737256821.34839 583381063.93432 455405004.45638 320583678.15356 407218241.70509 255736246.44579 400861612.19576997 295744095.67724 530953375.27433 630355959.51892 569123090.6627901 507203431.25153 502030738.30868 551347531.91756 568293373.08931 606293206.6594 568183585.08155 495252689.82123 449963802.5712 706387774.58186 723551618.83105 889792185.87914 1056490852.9834499 1055044826.83898 999517032.5617499 1054145358.75138 1031591205.9024 1012600965.39604 923733878.19175 795307148.87896 830691281.7516501 846653500.37164 778456736.06698 804072344.73497 714098561.97336 659690852.17997 700241741.65195 500392932.29118 443984321.7548 527840591.55198 635723241.19151 416573260.21616 205035526.99992 509625752.10126 545946233.13434 701173066.39147 764634882.50836 877672536.66739 959143640.83466 1121323437.06992 1031979498.15894 1104803220.59466 1081307838.41777 1096201976.4574199 911644307.46124 929321822.6627901 786643441.62432 539718212.85447 780567071.17904 936214620.43015 960072103.61936 1064236840.90337 1138225256.13609 1165645978.45554 1312600602.13871 1197154103.36493 970590380.22069 780113744.9968 642672155.1696999 1155847081.75847 1181756147.95243 1153505809.21148 560733915.59412 
561897332.85916 509047216.12052 354408106.4675 355157761.11535 372211243.6182 286708088.12055004 212845893.70348 154012036.99095 90490066.0016 0 79234435.07581 134110725.28833 249950809.78888 281846286.38245 189431892.56127 207879105.50433 321473645.43271 368590253.17276 447975820.18893003 471242267.83476 466355079.27926 517209036.03264 513094573.17151 445819921.60890996 541346137.35098 699304190.06711 757162348.6371 603302198.5083699 495973814.16811 308450794.16498 456271266.59125 310114345.86402 491351678.19737 386178794.08343995 621443441.27593 720790657.92512 659557789.06899 593475089.03537 579329578.62064 628277622.1735599 637367506.61493 663526343.28705 610815866.53356 534318643.6074 507561147.85384 754297299.8708401 757943843.01984 911784682.6835301 1068981610.23767 1071645998.39208 1014629244.34098 1061998003.01212 1022947052.28352 1000465617.82393 905577610.56884 781023305.8115001 797657833.55833 820376440.1915101 741484548.11255 752605022.69823 641621553.03687 615355953.02694 619167244.08396 414565515.92609 358229589.83458 461031921.61936 555335796.75424 338484723.5888 238645225.00921 587516465.81191 625874990.83565 791642864.47216 853884267.47618 956939965.42447 1030474878.6175399 1190417919.52359 1097848671.41834 1168405164.50129 1133982230.35371 1150189273.21037 968758996.55545 1001601632.3555 860054484.76341 615393753.74274 821870924.5237 989734736.35208 1007250658.92942 1098669051.59728 1156754614.04684 1176948828.97791 1324401123.41106 1205226105.14592 1009411431.93708 762600998.59512 648553156.7965599 1232344899.05505 1261023576.7095098 1239867265.03241 606596383.20447 
506752710.15987 435641182.71369994 275173671.39169 322050279.95706 295291665.44157 209788509.94392 135926315.52685 100703469.4879 164280808.07265002 79234435.07581 0 148757381.47363 209764745.14548 251035543.04701 268666327.63708 271515509.57078 300381153.64757 413937687.18699 489398627.64757 546097561.32471 526897360.06733 576495959.55015 555620910.85426 519389545.99958 590893782.81157 735479677.02912 783447881.6998999 649085837.31128 518191649.64120996 354234432.96789 461857333.34627 284295694.25865 414022296.49898 327941601.68159 558750438.85382 665709996.84202 601320596.66714 549520912.35999 542505829.2439799 602811431.19206 620944889.59209 660378895.53388 622589159.63502 551458511.25313 504417614.22096 761201176.05787 773579607.11512 941104489.0179 1106605594.02278 1106673023.76121 1050280232.8482699 1103075083.42798 1068531157.91271 1055041697.99453 962908424.16976 837552703.70171 863944931.84511 882886612.51035 809892710.08529 826935302.73719 720855988.11268 664374733.18701 698401679.15977 491341037.0093 434932426.47292 521250717.42223 627618206.42982 259250288.51299 159410789.9334 529659215.31494 554057743.52602 731796876.85079 800686694.9044 925444389.47909 1010722040.2571601 1173700763.31119 1084849170.82486 1158080054.51779 1134852184.83271 1150815144.43636 965756185.0881801 980785721.9372901 837371005.77635 590909408.32458 835018036.91183 998296965.30333 1014751166.98328 1120147481.02555 1189728812.72227 1216040379.28447 1362682533.42984 1246239852.17156 1026698433.89531 820935167.49907 691744377.49437 1207310981.03297 1229112077.14373 1196881291.8802 534526969.60893995 
610573079.41522 553658944.48403 394937088.10344 375321686.51353 348409633.4924 263059916.50039 189197722.08332 120132356.35053 183709694.93528 134110725.28833 148757381.47363 0 115840084.50055 162611012.0668 288209060.65486 166531348.38401 234624383.24953 362276576.35102 406628063.06860995 448253058.77873003 394880842.00433 446529930.79392 414133340.21053 381265762.30472004 450277722.83779 586722295.55549 634690500.22627 508320097.93324 374140873.93626 213468693.58985 326140056.84354 312291264.21157 417889626.86085004 306471542.35338 544104587.4546001 647502707.30921 564254067.39923 483778256.19543 465345820.43617 503054269.35460997 507299588.66916 529806936.1062 480272707.15934 404473094.2213 373477532.018 623754107.5499799 634124200.62865 816802582.1084001 958251558.15551 957915642.28758 901522851.37464 955524848.31026 928953525.0278699 915832732.09066 826862196.33969 698966389.28611 741630970.1605 754918198.42553 692279649.803 728279504.2435 663384616.24471 614164302.34639 665392061.34433 481571268.77968 426611486.34289 460264603.8402 604218646.46678 271131657.21287 303743821.86447 580012153.46735 606212102.92152 705808573.62595 754876402.2914 831905137.44343 898931639.41908 1057191933.72202 964333298.52323 1036883157.1944201 1000286972.47061 1017360525.2792699 835158036.90804 870173848.8509 730266974.13855 488070446.2372 691610666.10924 857373977.2806499 876962193.16785 972038551.37146 1040971708.54923 1067282997.81084 1214357400.16509 1098570621.87382 879454523.50227 680160869.16229 543110093.34421 1112132361.59869 1132981800.19974 1120063242.27521 645259229.61057 
583559630.93838 530354106.56318 397802887.55749 348718395.08839 321959780.5729 236397352.11586 162594430.65818 121344934.71298 184922273.29773 249950809.78888 209764745.14548 115840084.50055 0 50323014.98469 213915937.47816002 263391466.64326 343136273.68844 470788466.78993005 500754383.05379 534405772.17471 447562968.4308 495892551.27475 464277693.84087 395071867.23276 476415993.55681 578218475.71373 617122022.6557 478499571.07075 347515955.73252004 260471398.8888 265540499.19303 313503842.57402 312423212.78129 220121907.83941 435718404.68930995 538636562.85134 449495162.84463 369718063.59867 349505735.93562 396387580.6652 411256305.78082 453091310.07478 440604297.28414 361764018.43064 298437924.49925 560522430.57533 591415124.83799 773479398.66989 945829508.08659 940347164.71701 898529717.23351 949898495.5773699 926263884.5881 938912496.63976 857818427.90614 729573183.70895 795907406.84807 800607657.51354 752575485.54778 805511168.98301 764997985.37414 719543288.8375599 774951504.96 597411353.28023 542451570.84344 563409943.86569 717059213.83254 386459509.83869 369175535.07888 521257626.67004 520854220.79755 593520576.5438399 642588405.2092899 725049923.91611 802291972.32389 965469679.6066 875555137.31215 948328637.39913 928104237.31816 943501741.81159 757923430.9647601 774361871.4104301 630271637.73164 474507594.48007 639378956.44243 795112435.20383 814449546.64829 927671192.83351 1019003224.84145 1055758131.6281201 1200859144.26455 1091870720.89664 832044863.53873 710921314.68239 547692434.88885 1000887130.5061101 1025258662.60076 1007880615.74426 612870610.15036 
558088134.20641 508045185.00294 386913987.46288 314834625.42444 272123090.60827 223758426.49779 212917445.64287 150332073.55911 210560452.11171 281846286.38245 251035543.04701 162611012.0668 50323014.98469 0 163592922.49347 313714481.62795 392908498.95389 511605126.69286 550876305.79 584728787.1594 491684591.37285 539146375.01248 481303651.85202 416637900.24031 516217788.77071 603015198.3241899 638017840.55253 505250741.83381003 339188421.59406 310794413.87349 298641486.65308 342490981.42015 262100197.7966 206267951.55581 442539884.31861997 488440260.7202 447036423.1034 326563388.31187 312187654.58595 369990473.91261 393170752.15639 447065910.8277 444248565.03004 375918771.44806 296989084.68667 562097385.09233 605569877.85541 792857970.2147801 966777484.00419 957527994.98776 905684849.09697 973214361.8948699 953357972.82063 975345518.78895 894187000.42668 766350202.62348 838810021.56962 842035931.8352901 796993460.76334 853202940.86465 815247322.58874 769397402.90457 824772925.37153 644182280.84648 589220558.59387 613721162.0555301 765516477.95061 433742669.27967 401471824.86913 470934611.68535 475898486.76811004 543197561.55915 592265390.2246 693701131.40922 779884876.9439399 945406768.93645 857473023.97134 932325646.11281 920871048.2469101 937502159.73018 747504636.3152701 749193759.5323 605701284.7987599 489117930.23983 644506662.913 784693640.55434 812366833.06837 935609300.28076 1035818850.1304 1076706107.5457199 1220223767.21784 1113198322.05285 838474819.3338499 749909338.92379 590710090.41075 987566672.2588999 997350265.9858799 978349922.1449599 589208910.41554 
658517427.36902 604102129.60837 454266256.93731 419626927.06248 392868312.54699004 302683876.55382 233502962.63227 168076704.30433 158131462.43574 189431892.56127 268666327.63708 288209060.65486 213915937.47816002 163592922.49347 0 150773222.77147 264394005.96422 358622814.66887 387375852.21794 422097368.4004 349130718.16634 399635520.76802 359837383.47638 300556538.90381 399261244.96576 551839213.8617699 579125358.91265 425249601.49858 322437644.83801 162452215.71782 356008753.7093 359804886.71836996 425221389.55643 314472186.38583 548813020.30309 652033183.21367 556370285.94985 490156310.80534 438199203.61816 509604780.32615995 461904159.30975 478840327.60582995 421578231.71055996 345783131.79341996 322510923.51763 565059632.1012 575434238.2007699 753758307.38116 898359390.54771 900147294.22111 841385570.12601 899570138.3196399 873459743.46666 861563219.65008 774610224.89971 646342806.97935 697535225.43715 707387393.88287 650829027.2234299 697790279.2739799 651860945.70155 606924200.37703 664997256.32785 497670892.86597 441262282.32959 450885337.76306 608497873.04584 395250790.89952004 362869076.66723 627235862.4203601 628691776.76796 706790484.0526199 750147971.75858 795725553.71491 854266262.09583 1011380608.63923 915405512.21164 984289280.14613 946659551.9259 961554044.16657 781659688.4069 826214262.01585 688443063.57208 444343394.59342 632976708.8637 801060530.38684 817819504.00013 912193518.87753 980587014.59367 1007514516.0198 1154470189.72137 1041445637.1314499 819979539.37581 628443070.5481501 484540692.73396 1066963027.20516 1089807888.1312 1089941993.73294 693554962.27724 
757556052.35756 707156692.2844799 539912956.18117 531940817.10401 511513231.92274 426269037.36407006 352406842.947 286663704.73454 241380359.11513 207879105.50433 271515509.57078 166531348.38401 263391466.64326 313714481.62795 150773222.77147 0 113620783.19274999 241272976.29424 240096714.6846 282269688.6606 264186297.30654 309366388.75712 308342238.48234004 250193172.21735 369335941.90110004 515017702.13349 572798196.13578 419129054.13979 370579505.97513 165557343.17089 352256475.80771 305635914.05642 575814679.42455 465245409.1573 699109537.86159 801689475.36027 706602357.27036 609088635.21699 581387364.22721 584387200.93666 573615296.8469 563606002.40745 478733026.33807003 399892747.48457 421602164.75418997 624526887.70551 594082081.85217 725133733.05586 877844779.5824 885486212.10559 828324860.35628 866510941.80087 822806563.60632 793363549.97381 697734963.29332 573144200.30717 592429422.27433 612497334.68718 538377200.51451 564121678.16705 501606518.73088 456151822.1943 515454523.07719 355800734.21815 327820449.80355 310565016.38398004 476616311.51099 254973494.7845 430926299.50417995 745880781.7961099 767831894.66213 852034467.2840099 885830062.7860601 917512139.31515 957371151.71931 1104557803.52742 1007717153.18875 1070756997.93202 1009626345.09105 1026670191.75343 857810155.51103 931513506.70949 800313557.91832 565339099.12413 683766178.50226 868144806.3812001 870244166.08818 936192966.8771 972043180.71426 983568717.95907 1131316214.37826 1009266269.10537 850945627.37013 554748136.35516 456616292.59634 1182178945.37846 1202880864.58673 1219542411.83925 798517841.05585 
786030728.88207 733212091.9709 559138356.68171 574314505.36067 583034016.74193 497684299.74992 423822105.33285 354756739.60006 355001142.30788 321473645.43271 300381153.64757 234624383.24953 343136273.68844 392908498.95389 264394005.96422 113620783.19274999 0 127652193.10149 189017474.0 255639040.81671 283745873.67621 330144408.3419 380238164.90794003 327451533.06868 394692675.19648 576751209.45493 633125959.02915 481971420.39464 447837866.82646 251337815.6713 442122527.22351 392429938.7128 648311582.03323 540500981.61672 775014028.13642 880905964.01033 790777966.27866 698965741.4767001 669604925.37633 676392500.40591 665184500.12723 651876628.96734 561191767.8766 485753116.67059 511778555.01479 705693310.06396 659703863.9798 780484353.40054 927865623.31739 935536899.76134 888258689.0574 908218670.43947 858169164.33071 812284085.64365 712176894.72973 593365826.12124 585738949.23065 614726885.27694 528075623.09746003 534928972.74943 430820396.03788 379830289.84304 432071847.62425005 271284763.04051 214876152.50413 227614562.80028 373922940.1441 141352711.59175 444995053.79872 795174774.87476 828803837.09899 934492470.95264 972437103.94286 1009745095.2305901 1047333996.23004 1193142156.93166 1093769485.6517498 1156005165.11412 1089381778.03429 1106730097.52856 944370181.96113 1021768190.49369 891610327.06639 657338552.1911 753929636.5457 949282289.3965 954239889.54097 1003022260.51987 1022912001.66805 1028841368.66398 1174030198.36348 1049382196.1845 921762070.9181399 575897819.68032 508049239.62531 1273475714.52653 1294136622.48627 1311505300.74905 830672863.44451 
901905997.35537 848994260.06611 674363204.86105 680589404.65357 661370307.30098 559486834.29276 503451437.07265997 434850790.53198 389229128.42449 368590253.17276 413937687.18699 362276576.35102 470788466.78993005 511605126.69286 358622814.66887 241272976.29424 127652193.10149 0 97426128.56443 132159874.13772 176465000.70632 209961448.90516 252585971.80645 310708304.93974 287127583.21861 487320669.84919 539728444.95549 396174664.29969 467994846.56106 354140266.44015 423950507.63804 436347474.87886 717948046.55425 606529962.04678 831529027.6616 939278409.82906 843602570.3132501 742883277.64276 691957193.74563 676946217.77573 653722410.91213 637305634.06381 510954669.69652 491157920.69289 496939606.41479 656748655.90523 586789824.4997201 678835597.22989 813226837.01705 827924705.40929 772033938.3557899 793455996.87779 739528365.19482 690518765.74339 585775742.05578 468861420.338 458086756.12916 487076110.58157 400423429.99597 414898446.59796 366299019.70051 332240658.83186 402532404.13081 296154701.92488 265081437.55708 177167940.54025 399141090.95788 269004904.69324 572647246.90021 894730587.6487999 917093946.6187 980657409.45637 1002960978.56306 1000630440.9023399 1036239372.3945999 1152382538.20626 1050314221.09855 1105800577.82506 1027715917.6161299 1042618767.12917 897269853.45051 994273854.93924 875873359.99154 667124264.47128 697389322.92242 889597458.21767 878016558.00102 913438051.10777 915488514.13253 913264332.66239 1059179371.2381401 935540600.83003 837580011.26819 452591844.98226 415960145.45511997 1253815632.47701 1271309567.71849 1309590269.38112 944443568.43855 
975048202.88207 922223324.44092 744718536.54792 761646876.68355 745968040.58868 640400276.80562 588339438.50333 519442591.22017 470989979.72873 447975820.18893003 489398627.64757 406628063.06860995 500754383.05379 550876305.79 387375852.21794 240096714.6846 189017474.0 97426128.56443 0 66621566.81671 212944443.12851998 247302544.2854 304210538.41397 343251177.88835 323891244.64879 523998955.53862 588217780.66085 453749264.39884 505135508.53056 400575511.96773994 521376636.20247 533773603.44329 812597241.77437 701831431.58779 928955156.22603 1036704538.39349 932116455.32396 825417919.3395 789383322.31006 770257874.42244 751148539.47656 707277524.11653 588647383.68385 528298582.66239 594365734.9792199 722155487.94155 638414391.09886 713139629.507 832444231.02481 852366602.68709 806547735.14756 806691802.27724 745679599.05968 673062763.9021 568914098.40027 468078407.62345 419560506.77756 457556978.10333997 355216839.73034 345911498.74943 268872891.13608 234814530.26743 312024115.84548 246051491.63133 232573203.39629 274594069.10468 401918728.49695003 293250545.14858 633180196.2857 979322388.33699 1007332589.23714 1078065194.82643 1099992206.22082 1090191060.67865 1099749155.50262 1229621547.05703 1126759132.25407 1178867770.55896 1089055022.05592 1106878217.40168 964120707.6272 1077791149.27484 960999084.66175 748668005.4743 748801497.87507 958053199.83677 939514305.16935 958705234.23952 939342925.12143 934535027.26106 1069491077.20156 941623645.54203 888670994.98785 453526376.79521 450254971.1231 1338812601.41216 1359257676.8754 1404239140.86103 1019690337.44451 
1033139600.6939199 980289483.9552801 803032104.68111 811949851.1647601 793530181.4387 690245374.05064 634530115.32796 567010664.6697 520511391.61747 471242267.83476 546097561.32471 448253058.77873003 534405772.17471 584728787.1594 422097368.4004 282269688.6606 255639040.81671 132159874.13772 66621566.81671 0 183767040.79128 189176634.80147 285687370.21177 277606380.0045 284417402.23992 479642319.26356 544012562.71916 435426012.43369997 484496209.77436 371398109.63049996 515522320.98062 568507349.01658 845836249.55123 734418165.04376 955139418.94114 1063100119.96843 954260568.22764 841284205.67726 820489467.5460801 774827264.18767 742161028.21163 690320186.3704801 577099009.16054 517906382.55434 587735285.10251 697254201.70869 604066340.38151 663595144.84822 787384889.46545 798687892.42595 739926168.33085 751898248.2452 684934482.05938 620157772.21223 529883570.11952996 401456840.80674 353259954.95805997 391168996.64997 288916287.91084 379727528.64786 261109823.0322 301436097.08414 357153525.07332003 301680196.42872 299194770.213 293731439.60765 400589293.67241 359872111.96529 690895912.92601 1024754265.32114 1048672756.4957 1099245688.42721 1113603408.79582 1085164927.16362 1085124228.90336 1208130610.05402 1104722593.46224 1153361935.6642 1056228118.39717 1074082421.2479 939219421.39434 1064028480.39187 953255643.75735 751048252.91708 716540096.72482 928570329.29788 905250766.80768 913172244.0281 886126622.14203 867913460.44435 1009583755.01511 881127464.04846 847603943.28955 386904809.9785 405932787.43869 1326615976.56621 1342440257.823 1397148704.42297 1073950664.0419 
1002764981.54108 948539786.4883599 784907653.83653 767318877.14263 738467643.35545 648210169.25857 581509155.70742 515013198.35485995 486971051.59986 466355079.27926 526897360.06733 394880842.00433 447562968.4308 491684591.37285 349130718.16634 264186297.30654 283745873.67621 176465000.70632 212944443.12851998 183767040.79128 0 51649088.78959 148159824.19989002 153455762.32248 126819047.02605 327012133.65663004 391145583.03811 297898466.42182004 315347916.41331 187631068.83922 357127924.70326 454135854.63659 746455420.5598 635037336.05233 836109473.03332 943157672.8982 825227139.75132 702181234.8775499 657110984.44812 613371602.39274 576008632.52467 515261120.29346 393331968.36926 402348407.30975 426277302.32953 532360072.37567997 427831893.35074 510743680.14841 644278502.88679 674012730.01697 615251005.92187 635515342.87902 574427341.76714 536181400.97085 440017663.32579 315053645.79612 349088439.9611 360469350.14501 361557104.84617 376270097.09402 435422252.75007 447758973.39594996 508753634.87496 452234293.6283 429657570.11864 353632941.24657 489641665.85489 424292399.42037 684481048.11956 958241100.5920501 967513252.4632 966178105.42072 966602991.11109 914565040.7736 906323936.14565 1028617718.64702 925061866.26011 973820392.82354 879814496.0152199 897137503.69624 774325292.06133 886488227.4868901 779340802.90596 590415029.0894 538682984.23383 749818710.52688 742600305.00423 759341100.3032999 754490355.09849 745170772.36804 891439708.04598 777660796.2242799 692674002.07155 416765511.27166003 240631970.67566 1149807222.28596 1164850765.31521 1228222826.26999 1040060310.25508 
1054110352.74074 999721375.88307 836544248.74961 818154483.01725 788716789.2269 699665754.69911 632235992.17155 565020111.7173 538554056.12303 517209036.03264 576495959.55015 446529930.79392 495892551.27475 539146375.01248 399635520.76802 309366388.75712 330144408.3419 209961448.90516 247302544.2854 189176634.80147 51649088.78959 0 96510735.4103 165716562.01841 115337143.67551 290534611.40789 355069439.79864 246249377.63222998 366997005.2029 237183305.0502 394377559.33048004 495060442.88271 789563759.36079 680419663.94535 876512950.83355 984473651.86084 858580696.04492 735883903.97459 699344705.8959401 640203226.24816 597966107.89079 528935933.7407 403196930.12643 350699318.52016 453099597.59072 548990916.33514 415915605.59163 479742482.4873 609775566.59252 622363641.22738 563601917.13228 583866254.08943 561389973.4079701 485076350.54955 388368574.5362 264889410.68251 334619199.8912 308820261.35542 346007560.92395 342481035.70179 431037626.86943 425797902.79142 514673776.11545 487372671.23054004 464457622.84129 387129389.44541 528353546.59011996 471497119.93365 735335004.8729401 1007080936.91259 1015013900.20818 1002205699.63598 997489490.55214 930255761.29629 913155930.11117 1028926439.79101 925832274.1089699 970529661.62383 868601124.89547 886455427.7462 756323123.95004 896280699.43031 793635249.11697 619309242.7708399 541314086.52627 746581312.75682 717155285.53697 725575735.93045 709927449.95062 703853707.96326 849217922.33298 726011707.43469 658466303.79805 365116422.48207 216899936.70955 1159558834.80262 1172482919.97987 1242757085.87483 1091213480.99081 
1017758359.54574 963477674.68225 809068279.23289 776944897.62241 742944611.4034 662162633.09542 591456954.84944 527803099.94292 511508057.92503 513094573.17151 555620910.85426 414133340.21053 464277693.84087 481303651.85202 359837383.47638 308342238.48234004 380238164.90794003 252585971.80645 304210538.41397 285687370.21177 148159824.19989002 96510735.4103 0 69205826.60811 106819777.34358999 282352090.89763 287192179.29108 149738642.22193 334594376.9455 237002895.32298 297866823.92018 429865912.13146 721108790.12869 614691185.60517 798452844.8908 904138793.8312299 781228831.71238 650416384.2882 602833970.48564 568555471.55639 502869002.53482 432428791.30164 415319892.95581996 372944363.76497996 388891036.7594 482184582.01279 334203852.69327 428607564.4061 572986477.83855 603518119.20236 593542886.06997 560037690.27898 554041182.80361 507222720.96484005 415788802.30125 287362489.43093 368171439.85130996 361920471.01374 342932245.60482997 438991771.11209 527548362.27973 514410058.62708 605036741.07591 548740673.73133 516764113.88764 392835060.37207 624864282.00042 493824366.26781 714835418.03106 952238263.53737 952266846.3018601 917068868.02268 907030846.37932 833745025.88599 818064165.55769 936833022.8327899 833425006.24101 881255756.39872 785416958.38557 803259100.0915 665807958.85153 808317605.09711 697135579.95677 522798507.36054 444803351.11597 658417625.99712 635422172.62626 661009934.16028 670219181.29131 682915101.38008 829097277.01221 702679967.53362 591554682.47182 268605687.07177 208608106.48211 1063048099.39232 1077572686.93047 1146246350.46453 1051317769.76042 
948594085.54888 894461890.5106599 744597925.21233 708375092.67154 676321861.63023 593042359.39087 522251128.24133 458756379.58339 458688001.33955 445819921.60890996 519389545.99958 381265762.30472004 395071867.23276 416637900.24031 300556538.90381 250193172.21735 327451533.06868 310708304.93974 343251177.88835 277606380.0045 153455762.32248 165716562.01841 69205826.60811 0 130692617.33218 267872843.10835 327648557.18948 176687635.54264 332525430.90661 167797068.71487 251063163.81232 363986803.52445 656943054.12318 555533228.68087 739598331.87648 845841031.3181499 720712389.17649 598226143.99935 553018414.77538 506788838.80873 480837271.78937 412713806.36598 437585574.34259 362854330.44852 319685210.15129 427936481.92258 361259550.2256 497813391.01421 639436151.69369 636529033.91325 578400875.23552 620325245.07312 614975438.4273399 570676834.06499 484975676.85668004 356548947.54389 436994642.21053 428598624.86772996 410561984.78174996 479231266.44029 537597796.54924 540666644.87361 631293327.32244 558476821.70264 509094131.09463 384309281.57323 594818499.11399 468804244.66042995 647478379.52933 884334714.84241 886045297.8703101 864372871.65628 861335338.03763 810141450.3205 807540799.16195 935356405.66054 832549494.19134 885524390.25508 803210622.21462 818811949.16131 669901701.60823 786567322.99493 675649263.75285 483788330.33646 462079110.43323 666683132.79468 654269273.85963 697719343.03355 723219652.9954 748639628.7765601 891929659.13245 763473368.1658 618503675.7925301 337811513.67988 221387003.36416999 1049009596.56171 1065091469.01476 1121631981.85469 982111943.15231 
