48
epsteindlsfdntmkillh dnkillepsteinlshdtfm epsteinkillmsftnddlh nltdmsfepsteinkilldh hnfdtmlepsteinkillds msfltdkillnepsteinhd killdmnsfhldepsteint flepsteindndhmtkills epsteinlshkilldnfdmt killepsteinlhtfdsmdn dhkilllsepsteinmntdf nepsteinlmdkilldhfts ntlepsteindmfdshkill killmlepsteindthnfsd fepsteinhsntddkilllm ddlmnftepsteinhskill hnsdkilllftdmepstein fshtdepsteinmldnkill dmepsteinfnhltkillsd stepsteinhkillfmnldd lnsmkilltfdepsteindh fhndskillepsteintldm tlsfdmdepsteinnhkill fmsepsteindntldhkill tlmsdhdnkillfepstein lsdepsteinfmkillndth hsndepsteindlmtkillf lndsdkilltmepsteinhf fdshnmkillepsteinltd killnsfmhdepsteindtl epsteinskilldlndhmtf hepsteinsddnfkillmlt ddtmkillepsteinflsnh dfslntkillmepsteindh ndkillftdsmepsteinlh epsteinmhndfkilltdls dfkilllmtepsteinhdsn nfdhkilllsmtepsteind hdepsteinskillldtnfm lhepsteinkilldtnmfsd mftkillepsteinndlhsd epsteindfhlmdnskillt dlnsthfmepsteinkilld hsdfepsteintlnkilldm nhmkilllsftepsteindd depsteinnlsfmhtkilld slepsteinntkillhddfm fmdhlepsteinstdnkill
0 137521831.00184 302320816.2961 422521995.07325006 409874782.93356 670406661.195 629427221.5028601 661577614.1495299 507901438.58844 352095284.47415 439802565.74549997 776786608.96334 762577476.54839 824765895.19752 431347675.33607 364437862.73249 562571195.03458 750814401.8262401 513739375.76622003 364466289.51482 750708280.8224599 678828462.22428 718050056.68719 805813439.29643 685732381.31269 667389331.80934 982944294.98914 928836695.7024701 568853501.83886 498056869.60478 555903580.3864801 901273226.52309 854751509.59021 763882388.0984801 556845736.28809 787091172.85161 929220029.2151301 762803606.2456701 713910464.54302 528879068.12649 435833862.44425 807877913.81609 916803508.35651 600528310.44122 326870597.11249 758354520.99895 577657863.6835301 80867072.52754 
137521831.00184 0 164798985.29426 285000164.07141 483934495.89491 744466374.15635 491905390.50102 524055783.14769 370379607.5866 214573453.47231 302280734.74366 687187876.12076 625055645.54655 687244064.19568 446791631.62608004 226916031.73065 425049364.03274 613292570.8244 376217544.76438 461646835.43611 634172628.94908 541306631.22244 580528225.68535 715548122.15553 548210550.31085 529867500.8075 845422463.9873 872635698.52218 431331670.83702 581167096.34596 418381749.38464 763751395.52125 765090715.2915499 626360557.09664 419323905.28625 924613003.85345 1003279742.17648 845913832.98685 787970177.50437 391357237.12465 298312031.44241 881937626.77744 779281677.35467 738050141.44306 464392428.11433 743967511.54737 440136032.68169 218388903.52938 
302320816.2961 164798985.29426 0 120201178.77715 319135510.60065 579667388.86209 656704375.79528 688854768.44195 535178592.88086 379372438.76657 467079720.03792 582534594.07011 789854630.8408101 852043049.4899399 611590616.92034 391715017.02491 589848349.327 448493585.53014004 211418559.47012 296847850.14185 683089841.4494901 401242767.57372 745327210.97961 550749136.86127 383411565.01659006 365068515.51324004 680623478.6930401 707836713.22792 515173402.40825 472237522.55363 253582764.09038 598952410.22699 708692088.33935 791159542.3909 584122890.58051 806306371.6267201 838480756.88222 736984259.19452 623171192.21011 541741606.53422 463111016.73667 717138641.48318 944080662.6489301 697809467.6877301 629191413.40859 626996962.9665401 275337047.38743 383187888.82364 
422521995.07325 285000164.07141 120201178.77715 0 198934331.8235 459466210.08494 766821264.76904 809055947.2191 655379771.65801 499573617.54372 587280898.81507 678815450.48887 759515689.92091 972244228.2670901 731791795.69749 511916195.80206 710049528.10415 568694764.30729 331619738.24727 392127085.94312 778369077.2507601 521443946.35087 844088861.5426 670950315.63842 478690800.81786007 460347751.31451005 775902714.4943101 828037892.00507 635374581.1854 592438701.33078 373783942.86753 518776548.39233994 628516226.5047 799940145.89429 690010603.2197001 810477874.2702199 718279578.10507 857185437.97167 502970013.43296003 421540427.75707 504057027.58343005 596937462.70603 976201495.8524201 577608288.91058 749392592.18574 722276198.7678101 370616283.1887 503389067.60079 
409874782.93356 483934495.89491 319135510.60065 198934331.8235 0 260531878.26144 567886932.94554 717641559.52043 854314103.4815099 698507949.3672199 786215230.63857 628826125.75297 560581358.09741 787135023.13011 841222458.26963 710850527.62556 890964637.84099 767629096.13079 530554070.07077 591061417.7666199 977303409.07426 687357880.5385101 1043023193.3661001 778850924.9403 677625132.64136 659282083.13801 974837046.31781 896390903.55375 748135999.91417 665315342.37363 572718274.69103 717710880.21584 624905109.78982 601005814.07079 829599771.6886599 615247575.18511 519345246.28157 757691902.91488 304035681.60946 620474759.58057 702991359.40693 398003130.88253 777267164.0289199 378673957.08708 736745380.04605 717056891.20068 569550615.0122 490741855.4611 
670406661.195 744466374.15635 579667388.86209 459466210.08494 260531878.26144 0 307355054.6841 457109681.25898993 610785856.8200799 766592010.9343699 854299292.20572 718136826.31286 775983003.90476 944346440.7019601 792130940.8968999 572344413.4544699 793148721.1152 812567515.69627 715710443.38598 851593296.02806 967412676.1224501 709556509.38597 925683084.1649399 561164192.3546 784660126.78544 803003176.28879 889317889.33285 895427536.0487199 487604121.65273 421785441.55267 649074047.55685 474112909.64074004 364373231.52838004 441810221.27971995 702227343.32677 871607549.48643 438149179.77161 676495836.40492 564567559.8709 881006637.84201 963523237.66837 658535009.14397 1020618688.07939 639205835.34852 997277258.30749 959479871.59235 830082493.27364 751273733.72254 
629427221.5028601 491905390.50102 656704375.79528 766821264.76904 567886932.94554 307355054.6841 0 149754626.57489 303430802.13598 459236956.25027 546944237.52162 410781771.62876 648754340.6526699 636991386.01786 484775886.2128 264989358.77037 485793666.4311 770129888.32209 843469083.24789 953552225.93713 780863099.14994 402201454.70187 618328029.48084 772839479.02454 599986752.48856 618329801.99191 744022818.1655301 588072481.36462 392441605.29039 542277030.79933 654032243.60826 609150083.85746 499410405.7451 134455166.59562 394872288.64267 755609412.5084801 664103497.63964 499359139.36033 586317523.29443 883262627.62567 777693723.0712299 965890063.8280699 822483693.326 577874252.8199799 884389956.1547701 778622591.74151 714266608.67367 710294294.0304 
661577614.1495299 524055783.14769 688854768.44195 809055947.2190999 717641559.52043 457109681.25898993 149754626.57489 0 153676175.56109 309482329.67538 397189610.94673 560536398.20365 798508967.22756 748609224.06472 634530512.78769 414743985.34526 635548293.00599 919884514.89698 900273327.91207 985702618.5837998 930617725.72483 551956081.27676 645532103.3212299 861516071.1004701 749741379.06345 768084428.5668 893777444.7404201 737827107.9395099 542196231.8652799 692031657.3742199 799541468.47681 758904710.43235 649165032.31999 284209793.17051 544626915.2175599 905364039.08337 813858124.21453 649113765.93522 736072149.8693199 915413020.27234 822367814.5901 1115644690.4029598 834315114.47322 727628879.39487 734635329.57988 814057152.80299 864021235.24856 693919685.92746 
507901438.58844 370379607.5866 535178592.88086 655379771.6580099 854314103.4815099 610785856.82008 303430802.13598 153676175.56109 0 155806154.11429 243513435.38564 678813065.20629 761097076.38687 594933048.50363 706450713.2485 568420160.90635 789224468.56708 923310070.89941 746597152.35098 832026443.0227098 1004552236.53568 705632256.8378501 491855927.76014 707839895.5393801 903417554.6245401 900247108.3941 1047453620.3015101 830863151.94542 509597131.84682995 659432557.35577 645865292.91572 912580885.99344 802841207.88108 437885968.73160005 698303090.77865 1059040214.6444601 967534299.77562 802789941.49631 889748325.4304101 761736844.7112501 668691639.02901 1088687689.59715 987991290.03431 789947843.33951 580959154.01879 660380977.2419 810515640.2682899 540243510.36637 
352095284.47415 214573453.47231 379372438.76657 499573617.54372 698507949.36722 766592010.93437 459236956.25027 309482329.67538 155806154.11429 0 87707281.27135 550003908.04425 605290922.27258 750739202.61792 550644559.13421 441489485.20296 639622817.50505 827866024.29671 590790998.23669 676220288.90842 848746082.42139 755880084.6947501 647662081.87443 863646049.6536701 762784003.78316 744440954.27981 1053556116.5364599 986669306.05971 645905124.30933 570930340.44005 632955202.85695 978324848.99356 958647361.99537 593692122.84589 633897358.75856 978730212.3105999 1024372149.18082 835677077.08094 930563842.88294 605930690.5969601 512885484.91472 1096511080.2497501 993855130.8269801 860539245.99981 678965881.58664 816187131.35619 654709486.154 432962357.00169003 
439802565.74549997 302280734.74366 467079720.03792 587280898.81507 786215230.6385701 854299292.20572 546944237.52162 397189610.94673 243513435.38564 87707281.27135 0 462296626.7729 690744362.32705 838446483.8892701 462937277.86286 529196766.47431 724435138.86092 915573305.5680599 678498279.50804 763927570.17977 936453363.69274 843587365.9661 735369363.14578 824354334.16868 836916801.17591 818573751.67256 965848835.26511 930008524.25414 685849349.21099 658637621.7114 720662484.1283 1066032130.26491 1019608393.66552 681399404.1172401 602483786.28456 1066437493.58195 1015341855.34009 850597497.06078 842856561.6115899 693637971.86831 600592766.18607 1184218361.5211 1081562412.09833 948246527.2711601 766673162.8579899 861617226.03379 742416767.42535 520669638.27303994 
776786608.96334 687187876.12076 582534594.07011 678815450.48887 628826125.75297 718136826.31286 410781771.62876 560536398.20365 678813065.20629 550003908.04425 462296626.7729 0 237972569.02391 464526234.05661 738977016.25992 519101416.36449003 262138512.08802 589935858.6374099 793953153.54023 879382444.2119598 583687939.68931 726686590.7411 625798952.80497 362057707.39578 585553641.82662 603896691.32997 503552208.49221 753906920.15063 803223376.91915 828119898.80569 632184281.44804 984710110.36824 910192177.37386 543250176.44738 805654060.27143 637967975.50067 833269934.4626399 594923277.82933 932861807.36243 1010973546.02789 956746562.9966199 742905501.4535501 1122112705.91727 945623869.4089401 736635180.0882199 399320599.26089 770037246.19025 695919536.4358001 
762577476.54839 625055645.54655 789854630.8408101 759515689.92091 560581358.09741 775983003.90476 648754340.6526699 798508967.2275599 761097076.38687 605290922.27258 690744362.32705 237972569.02391 0 226553665.0327 618015213.71133 398139613.8159 405771691.89026 699150619.9111 936225645.97112 883214986.59015 496972995.28251 712530213.30769 703508289.7608299 600030276.41969 823526210.85053 841869260.35388 741524777.51612 897540099.9528699 976943379.3032501 854049440.03595 870156850.47195 862863469.3576901 972603147.4700501 770397102.55325 986096906.0533401 805916289.57191 1071242503.4865499 832895846.8532399 848230627.19851 1016412882.6712 923367676.98896 958584488.9799399 884140136.8933599 751234885.60507 974607749.1121299 637293168.2847999 666702586.02234 843444549.07593 
824765895.19752 687244064.19568 852043049.48994 972244228.26709 787135023.13011 944346440.7019601 636991386.01786 748609224.06472 594933048.50363 750739202.61792 838446483.8892701 464526234.05661 226553665.0327 0 405527886.65034 460328032.46503 632325356.92296 631401988.76097 868477014.82099 1109768651.62285 723526660.31521 774718631.95682 813940226.41973 826583941.45239 779507409.9633901 761164360.4600401 968078442.54882 905330126.3981 750389714.27055 900225139.77949 908846766.74466 940814520.85502 831074842.74266 771446552.6134801 1031863674.6605301 835103970.58838 880745907.4586 1059449511.88594 1074784292.23121 980184186.69046 985556095.63809 1185138154.01264 1110693801.92606 902183910.00328 1064704758.82654 863846833.3175 877185507.51417 905632967.72506 
431347675.33607 446791631.62608004 611590616.9203401 731791795.69749 841222458.2696301 792130940.8968999 484775886.2128 634530512.78769 706450713.2485 550644559.13421 462937277.86286 738977016.25992 618015213.71133 405527886.65034 0 219875599.89543 476838504.17190003 804635850.72129 823009176.39046 795813964.8508899 912927843.8352901 534266199.38722 573487793.85013 597475457.74389 373979523.31305003 355636473.8097 671191436.9895 939328020.88241 735884339.45072 675785426.11548 865173381.01072 1093925970.07026 984186291.9579 619208265.99994 866115536.91233 796874329.9231801 1028433030.1043999 863688671.8250899 1064817545.0694001 838148868.75073 745103663.06849 978323251.8016601 1226073308.98075 1031875985.7772901 758218272.44856 736927079.71215 639416713.43832 512214747.86361 
364437862.73249 226916031.73065 391715017.02491 511916195.80206 710850527.62556 572344413.4544699 264989358.77037 414743985.34526 568420160.90635 441489485.20296 529196766.47431004 519101416.36449003 398139613.8159 460328032.46503 219875599.89543 0 256962904.27647 584760250.82586 603133576.4950299 688562867.16676 693052243.93986 314390599.49179 353612193.9547 817351057.63932 593855123.20848 575512073.70513 891067036.88493 748731312.33908 605745251.72899 455909826.22005 645297781.1152899 874139442.62783 764399764.51547 399444525.36599004 646239937.0169001 1016749929.81861 929092856.41001 720656562.86094 851306882.0648 618273268.8553 525228063.17306 1058036133.57774 1006197709.08532 842863611.5903499 691308459.84498 517051479.81672 667052064.4123399 445304935.26003003 
562571195.03458 425049364.03274 589848349.327 710049528.1041499 890964637.8409901 793148721.1152 485793666.4311 635548293.00599 789224468.56708 639622817.50505 724435138.86092 262138512.08802 405771691.89026 632325356.92296 476838504.17190003 256962904.27647 0 327797346.54939 564872372.60941 877643248.42845 746545652.82951 571353503.76826 365933083.71357 624196219.4838 810022023.2342 791678973.73085 759904991.9555199 491768408.06261 856381034.86976 712872730.49652 605242124.5330801 957767953.4532801 985204072.1762 620248833.02672 827293054.13323 882881915.68817 990883244.1811299 754329351.20719 671428554.89988 748835033.93987 723361395.47515 1005044013.5415701 1204331041.3874102 749219654.01536 889441792.1470699 421970942.30503 507898734.10223 643438267.56212 
750814401.8262401 613292570.8244001 448493585.53014004 568694764.3072901 767629096.1307901 812567515.69627 770129888.32209 919884514.89698 923310070.89941 827866024.29671 915573305.56806 589935858.63741 699150619.9111 631401988.76097 804635850.72129 584760250.82586 327797346.54939 0 237075026.06002 690793356.19712 1074342999.3789 766836720.62872 574643045.99099 436075751.10868 659571685.53952 677914735.04287 542064721.53004 273928137.63713 539035416.30156 504733383.98787004 277444777.98369 629970606.90389 739710285.01625 641937306.0016 972858556.76617 972984299.1627101 1007826777.2620701 769480120.6287601 839813356.0021901 978286668.1377001 911604602.26681 816923545.16645 1196187578.31284 421422307.46597 981132185.7813401 726048316.81506 702063426.05525 831681474.35378 
513739375.76622 376217544.76438 211418559.47012 331619738.24727005 530554070.07077 715710443.38598 843469083.24789 900273327.91207 746597152.35098 590790998.23669 678498279.5080401 793953153.54023 936225645.97112 868477014.8209901 823009176.3904599 603133576.4950299 564872372.6094099 237075026.06002 0 453718330.1371 839960321.44474 529761694.5687 811718072.05101 673150777.1687 594830124.4867101 576487074.98336 758299840.08252 496418153.7578 726591961.87837 683656082.0237501 465001323.5605 810370969.6971099 920110647.8094699 879012332.06162 784382720.0262301 1017724931.0968401 1048615441.83075 883871083.55144 834589751.68023 753160166.00434 674529576.20679 928557200.9533 1155499222.11905 658497333.52599 840609972.8787099 488973290.75504 464988399.99523 594606448.29376 
364466289.51482 461646835.43611 296847850.14185 392127085.94312 591061417.76662 851593296.0280601 953552225.93713 985702618.5838001 832026443.0227101 676220288.9084201 763927570.1797701 879382444.21196 883214986.59015 1109768651.62285 795813964.8508899 688562867.16676 877643248.42845 690793356.19712 453718330.1371 0 386241991.30764 698090617.71557 511710164.71488 847596987.00312 655337472.18256 636994422.67921 952549385.85901 950136483.8949 812021252.5501 769085372.69548 550430614.23223 895800260.36884 1005539938.4812 1088007392.53275 866657274.5844 1078232278.79269 1110406664.04819 1033832109.33637 895097099.37608 813667513.7001901 759958866.87852 986888874.3418 1233274619.8000798 964994599.9560399 691336886.6273099 898922870.13251 547262954.5534 445333362.04235995 
750708280.8224599 634172628.94908 683089841.44949 778369077.25076 977303409.07426 967412676.1224501 780863099.14994 930617725.72483 1004552236.53568 848746082.42139 936453363.6927401 583687939.68931 496972995.28251 723526660.31521 912927843.83529 693052243.93986 746545652.82951 1074342999.3789 839960321.44474 386241991.30764 0 378661644.44807 666400781.35991 945745647.0850899 931718366.7533901 913375317.25004 1087240148.18152 1014967522.30765 606053432.1145301 755888857.6234701 867644070.4324001 825755960.9567701 813567598.92425 915318265.74556 948989397.65242 849517929.63565 1152806209.12539 1020635594.2643601 1208010057.3614502 1025529866.07373 932484660.39149 600646883.03416 847032628.49244 798158541.69869 1072459853.4944 683265887.50352 629595077.62142 831575353.3499999 
678828462.22428 541306631.22244 401242767.57372 521443946.35087 687357880.5385101 709556509.38597 402201454.70187 551956081.27676 705632256.83785 755880084.6947501 843587365.9661001 726686590.7411 712530213.30769 774718631.95682 534266199.38722 314390599.49179 571353503.76826 766836720.62872 529761694.5687 698090617.71557 378661644.44807 0 469316938.75112 951991904.4349899 784654332.5903101 766311283.0869601 1081866246.26676 990273936.0664899 794643059.99226 770300425.7118399 654825531.6640999 1000195177.80071 901611860.44697 536656621.29749 797073743.34454 1157810867.21035 1066304952.34151 901560594.0622001 988518977.9963 932663868.34709 839618662.66485 743645534.08595 1107322571.3602 630694046.92047 1005699059.3367699 831442079.3085101 676579814.9611499 759695534.75182 
718050056.6871899 580528225.68535 745327210.97961 844088861.5426 1043023193.3661001 925683084.1649399 618328029.48084 645532103.3212299 491855927.76014 647662081.87443 735369363.14578 625798952.80497 703508289.7608299 813940226.41973 573487793.85013 353612193.9547 365933083.71357 574643045.99099 811718072.05101 511710164.71488 666400781.35991 469316938.75112 0 490589963.41704 714085897.84788 732428947.35123 1011297811.52433 848571183.6281201 904696004.6859001 809522020.17475 797457692.50177 958725394.95586 1068465073.06822 752783196.07646 999852130.9715999 825686790.5035 1205750008.10799 967403351.4746801 1037361638.61345 971885462.81 779236198.40701 871437757.47481 980002062.49153 996065353.45696 1044920653.7996799 787904026.0186 762564511.62051 798917129.2147299 
805813439.29643 715548122.15553 550749136.86127 670950315.6384199 778850924.9403 561164192.3546 772839479.02454 861516071.1004701 707839895.5393801 863646049.6536701 824354334.16868 362057707.39578 600030276.41969 826583941.45239 597475457.74389 817351057.63932 624196219.4838 436075751.10868 673150777.1687 847596987.00312 945745647.08509 951991904.4349899 490589963.41704 0 223495934.43084 241838983.93418998 520707848.10729 710003888.74581 922093512.88728 772258087.37834 713520529.09237 1035277101.99534 925537423.88298 689027520.32378 845013543.5938101 646390741.04097 931135987.3614099 956980985.2251099 747043350.69976 1056550089.43771 1013860153.59794 380847794.05777 760111827.20416 857498058.57465 765662010.42131 533842756.7731 525619223.56281 724946366.76889 
685732381.31269 548210550.31085 383411565.01659006 478690800.81786007 677625132.64136 784660126.78544 599986752.48856 749741379.06345 903417554.62454 762784003.78316 836916801.17591 585553641.82662 823526210.8505299 779507409.9633901 373979523.31305003 593855123.20848 810022023.2342 659571685.53952 594830124.4867101 655337472.18256 931718366.7533901 784654332.5903101 714085897.84788 223495934.43084 0 18343049.50335 297211913.67645 565348497.56936 749735379.2583101 599899953.7493701 636994329.1069701 982363975.2435801 992283351.9613299 465531585.89294 621517609.1629701 422894806.61013 707640052.93057 864646690.3902601 922178483.8576801 900231228.5749301 846522581.75326 604343728.48861 983607761.635 1009873566.34569 989157944.85215 757338691.2039399 302123289.13197005 766599453.84023 
667389331.80934 529867500.8075 365068515.51324004 460347751.31451005 659282083.13801 803003176.28879 618329801.99191 768084428.5668 900247108.3941 744440954.27981 818573751.67256 603896691.32997 841869260.3538799 761164360.4600401 355636473.8097 575512073.70513 791678973.73085 677914735.04287 576487074.98336 636994422.67921 913375317.25004 766311283.0869601 732428947.3512299 241838983.93418998 18343049.50335 0 315554963.17980003 583691547.07271 731392329.7549601 581556904.2460201 618651279.60362 964020925.7402301 1010626401.46468 483874635.39629 603174559.65962 441237856.11348003 689297003.42722 846303640.8869101 903835434.3543301 881888179.07158 828179532.24991 622686777.99196 1001950811.13835 1021263714.73678 994259928.9218299 775681740.7072899 283780239.62862 748256404.33688 
982944294.98914 845422463.9873 680623478.69304 775902714.49431 974837046.31781 889317889.33285 744022818.1655301 893777444.7404201 1047453620.3015101 1053556116.53646 965848835.26511 503552208.49221 741524777.51612 968078442.54882 671191436.9895 891067036.88493 759904991.9555199 542064721.53004 758299840.08252 952549385.85901 1087240148.18152 1081866246.2667599 1011297811.52433 520707848.10729 297211913.67645 315554963.17980003 0 268136583.89291 789693531.49114 894019395.57108 819509499.51373 794229059.2257401 846789983.15751 609567651.56991 507594312.73387 430919577.63267004 864377947.3474901 896611065.56108 860491805.8372 1197443142.25138 1143734495.42971 901555642.16506 1280819675.31145 963487028.9960101 1156821850.7202601 773113244.47198 599335202.8084201 1063811367.51668 
928836695.7024701 872635698.5221801 707836713.22792 828037892.00507 896390903.55375 895427536.0487199 588072481.36462 737827107.93951 830863151.94542 986669306.05971 930008524.25414 753906920.15063 897540099.9528699 905330126.3981 939328020.88241 748731312.33908 491768408.06261 273928137.63713 496418153.7578 950136483.8949 1014967522.30765 990273936.0664899 848571183.6281201 710003888.74581 565348497.56936 583691547.07271 268136583.89291 0 521556947.59823 671392373.10717 551372915.62082 724635088.213 812614754.80555 722527647.96024 775730896.62678 699056161.52558 793218839.94748 628474481.66817 592355221.94429 1179595371.80567 906809065.37907 1090851682.80358 1410556174.69062 695350445.1031001 888685266.8273501 913739350.36764 867471786.7013301 847969623.1749301 
568853501.83886 431331670.83702 515173402.40825 635374581.1854 748135999.91417 487604121.65273 392441605.29039 542196231.86528 509597131.84682995 645905124.30933 685849349.21099 803223376.91915 976943379.3032501 750389714.27055 735884339.45072 605745251.72899 856381034.86976 539035416.30156 726591961.87837 812021252.5501 606053432.1145301 794643059.99226 904696004.6859001 922093512.88728 749735379.2583101 731392329.7549601 789693531.49114 521556947.59823 0 149835425.50894 261590638.31787 443498722.56689 333759044.45453 526896771.88601005 787313893.9330599 978628102.65687 597587963.87325 414582162.14983 601956625.2469201 764131213.3390701 711178189.30484 1146139130.7967 1210613348.19169 949943351.8257401 895724098.95135 1017169583.1101099 790510449.79568 649720574.3664 
498056869.60478 581167096.34596 472237522.55363 592438701.33078 665315342.37363 421785441.55267 542277030.79933 692031657.37422 659432557.35577 570930340.44005 658637621.7114 828119898.80569 854049440.03595 900225139.77949 675785426.11548 455909826.22005 712872730.49652 504733383.98787004 683656082.0237501 769085372.69548 755888857.6234701 770300425.7118399 809522020.17475 772258087.37834 599899953.7493701 581556904.2460201 894019395.57108 671392373.10717 149835425.50894 0 227288606.00418 579814434.92438 483594469.96347 676732197.39495 937149319.4419999 936551762.98902 503093393.27419996 264746736.64089 452121199.73798 913966638.8480101 861013614.8137801 1063318473.25616 1182408991.81017 915641319.5120499 824927466.71727 893873764.41731 747574569.9410601 578923942.13232 
555903580.38648 418381749.38464 253582764.09038 373783942.86753005 572718274.69103 649074047.55685 654032243.6082599 799541468.47681 645865292.91572 632955202.85695 720662484.1283001 632184281.44804 870156850.47195 908846766.74466 865173381.0107199 645297781.1152899 605242124.53308 277444777.98369 465001323.5605 550430614.23223 867644070.4324 654825531.6640999 797457692.50177 713520529.09237 636994329.1069701 618651279.60362 819509499.51373 551372915.62082 261590638.31787 227288606.00418 0 352525828.9202 462265507.03256 776406326.4879401 837705654.67089 832072119.14657 730381999.27838 492035342.64507 562368578.0185001 795324370.6246 716693780.82705 970721405.57356 1197663426.73931 688352713.50787 703687407.79765 783109231.02076 528919811.47781 636770652.91402 
901273226.52309 763751395.52125 598952410.22699 518776548.39233994 717710880.21584 474112909.64074004 609150083.85746 758904710.43235 912580885.99344 978324848.9935601 1066032130.2649101 984710110.36824 862863469.3576901 940814520.85502 1093925970.07026 874139442.62783 957767953.45328 629970606.90389 810370969.6971099 895800260.36884 825755960.9567701 1000195177.80071 958725394.95586 1035277101.99534 982363975.24358 964020925.74023 794229059.2257401 724635088.213 443498722.56689 579814434.9243801 352525828.9202 0 109739678.11236 636491444.18075 962531101.42199 885856366.32079 912262089.41235 844561171.5652701 803918951.7803199 809249273.17977 1022833575.97577 1115714011.09837 1139357242.0883899 1040878542.4280701 1039002088.61356 1125497014.33948 874289457.6144199 982140299.05063 
854751509.59021 765090715.2915499 708692088.33935 628516226.5047 624905109.7898201 364373231.52838004 499410405.7451 649165032.31999 802841207.88108 958647361.99537 1019608393.66552 910192177.37386 972603147.4700501 831074842.74266 984186291.9579 764399764.51547 985204072.1762 739710285.01625 920110647.8094699 1005539938.4812 813567598.92425 901611860.44697 1068465073.06822 925537423.88298 992283351.9613299 1010626401.46468 846789983.15751 812614754.80555 333759044.45453 483594469.96347 462265507.03256 109739678.11236 0 526751766.06839 894282694.3877699 938417290.25256 802522411.29999 748341206.60436 694179273.6679599 918988951.29213 1044937233.75937 1022908240.67235 1249096920.2007499 1003579066.8769002 929262410.5012 1137221393.43872 984029135.7267799 935618582.1177499 
763882388.0984801 626360557.0966401 791159542.3909001 799940145.8942901 601005814.07079 441810221.27971995 134455166.59562 284209793.17051 437885968.7316 593692122.84589 681399404.1172401 543250176.44738 770397102.55325 771446552.6134801 619208265.99994 399444525.36599004 620248833.02672 641937306.0016 879012332.06162 1088007392.5327501 915318265.74556 536656621.29749 752783196.07646 689027520.32378 465531585.89294 483874635.39629 609567651.56991 722527647.9602399 526896771.88600993 676732197.3949499 776406326.48794 636491444.18075 526751766.06839 0 529327455.23828995 621154245.91286 666832837.63531 633814305.95595 720772689.8900499 1017717794.2212901 912148889.66685 999008944.95332 956938859.92162 544341980.45275 753316992.8442099 913077758.3371301 767654875.02491 800320603.0014501 
556845736.28809 419323905.28625 584122890.58051 690010603.2197 829599771.6886599 702227343.32677 394872288.64267 544626915.2175599 698303090.7786499 633897358.75856 602483786.28456 805654060.27143 986096906.05334 1031863674.6605301 866115536.91233 646239937.0169001 827293054.13323 972858556.7661699 784382720.0262301 866657274.5843999 948989397.65242 797073743.34454 999852130.9716 845013543.5938101 621517609.1629701 603174559.65962 507594312.73387 775730896.62678 787313893.9330599 937149319.4419999 837705654.6708901 962531101.42199 894282694.3877699 529327455.23828995 0 599221619.82892 647810566.21837 886157222.8516799 981189811.9370999 810681142.4109 717635936.72866 1225861337.65158 1198605582.6409202 972746541.4626501 883716333.4005799 1029146230.51307 319394320.031 637712808.81563 
787091172.85161 924613003.85345 806306371.6267201 810477874.2702199 615247575.18511 871607549.48643 755609412.5084801 905364039.0833701 1059040214.6444601 978730212.3105999 1066437493.58195 637967975.50067 805916289.57191 835103970.5883801 796874329.9231801 1016749929.8186101 882881915.68817 972984299.1627101 1017724931.0968401 1078232278.79269 849517929.63565 1157810867.21035 825686790.5035 646390741.04097 422894806.61013 441237856.11348003 430919577.63267004 699056161.52558 978628102.65687 936551762.98902 832072119.14657 885856366.32079 938417290.25256 621154245.91286 599221619.82892 0 433458369.71482 671805026.34813 919283256.79457 1208972739.79157 1222925035.2958598 1013250706.06764 1392514739.21403 765425081.02438 927945929.84764 894678364.43983 631830299.69355 792619790.52548 
929220029.2151301 1003279742.1764799 838480756.8822199 718279578.10507 519345246.28157 438149179.77161 664103497.63964 813858124.21453 967534299.77562 1024372149.18082 1015341855.3400899 833269934.46264 1071242503.4865501 880745907.4586 1028433030.1043999 929092856.41001 990883244.1811299 1007826777.26207 1048615441.83075 1110406664.0481899 1152806209.12539 1066304952.34151 1205750008.10799 931135987.36141 707640052.93057 689297003.42722 864377947.3474901 793218839.94748 597587963.87325 503093393.27419996 730381999.2783799 912262089.41235 802522411.29999 666832837.63531 647810566.21837 433458369.71482 0 238346656.63331 823380927.8910301 1139820005.86214 982840081.6540899 917348377.1640999 1296612410.31049 811067017.8946 973587866.71786 1228448263.36742 677472236.56377 1010087101.74267 
762803606.2456701 845913832.98685 736984259.19452 857185437.9716699 757691902.91488 676495836.40492 499359139.36033 649113765.93522 802789941.49631 835677077.08094 850597497.06078 594923277.8293301 832895846.85324 1059449511.8859401 863688671.8250899 720656562.86094 754329351.20719 769480120.6287601 883871083.55144 1033832109.33637 1020635594.26436 901560594.0622001 967403351.4746801 956980985.22511 864646690.39026 846303640.88691 896611065.56108 628474481.66817 414582162.14983 264746736.64089 492035342.64507 844561171.56527 748341206.60436 633814305.95595 886157222.85168 671805026.34813 238346656.63331 0 716867936.37887 1032515277.38165 818095723.3747799 1155695033.79741 1321842832.6863298 1039783298.0324 994645060.15099 994243877.0902201 915818893.19708 843670678.77321 
713910464.54302 787970177.50437 623171192.21011 502970013.43296003 304035681.60946 564567559.8709 586317523.29443 736072149.86932 889748325.43041 930563842.8829399 842856561.6115899 932861807.3624301 848230627.19851 1074784292.23121 1064817545.0694001 851306882.0648 671428554.89988 839813356.0021901 834589751.6802299 895097099.37608 1208010057.3614502 988518977.9963 1037361638.61345 747043350.69976 922178483.8576801 903835434.3543301 860491805.8372 592355221.94429 601956625.24692 452121199.73798 562368578.0185001 803918951.78032 694179273.66796 720772689.89005 981189811.9370999 919283256.79457 823380927.8910301 716867936.37887 0 587240149.86138 669756749.68774 702038812.49199 1081302845.63838 682709638.69654 1040781061.65551 1021092572.81014 873586296.62166 794777537.07056 
528879068.12649 391357237.12465 541741606.53422 421540427.75707 620474759.58057 881006637.84201 883262627.62567 915413020.27234 761736844.7112501 605930690.5969601 693637971.8683101 1010973546.02789 1016412882.6712 980184186.69046 838148868.7507299 618273268.8553 748835033.93987 978286668.1377001 753160166.0043399 813667513.7001901 1025529866.07373 932663868.34709 971885462.81 1056550089.43771 900231228.5749301 881888179.07158 1197443142.25138 1179595371.80567 764131213.3390701 913966638.8480101 795324370.6245999 809249273.17977 918988951.29213 1017717794.22129 810681142.4109 1208972739.79157 1139820005.86214 1032515277.38165 587240149.86138 0 325413353.14516 675702295.37994 1054966328.52633 556864360.67173 751155905.59004 1135324748.67202 792156710.94577 505152381.00509 
435833862.44425 298312031.44241 463111016.73667 504057027.58343005 702991359.4069301 963523237.6683701 777693723.0712299 822367814.5901 668691639.02901 512885484.91472 600592766.18607 956746562.9966199 923367676.98896 985556095.63809 745103663.06849 525228063.17306 723361395.47515 911604602.2668099 674529576.20679 759958866.87852 932484660.39149 839618662.66485 779236198.40701 1013860153.59794 846522581.7532601 828179532.2499101 1143734495.4297101 906809065.37907 711178189.30484 861013614.81378 716693780.82705 1022833575.97577 1044937233.75937 912148889.66685 717635936.72866 1222925035.2958598 982840081.6540899 818095723.3747799 669756749.68774 325413353.14516 0 758218895.2063 1077593708.79708 882277713.81689 762704459.5567399 1026323422.58547 738448064.1241 516700934.97178996 
807877913.81609 881937626.77744 717138641.4831799 596937462.70603 398003130.88253 658535009.14397 965890063.8280699 1115644690.4029598 1088687689.59715 1096511080.24975 1184218361.5210998 742905501.4535501 958584488.9799399 1185138154.01264 978323251.8016601 1058036133.57774 1005044013.5415701 816923545.16645 928557200.9533 986888874.3418 600646883.03416 743645534.08595 871437757.47481 380847794.05777 604343728.48861 622686777.99196 901555642.16506 1090851682.80358 1146139130.7967 1063318473.25616 970721405.57356 1115714011.09837 1022908240.67235 999008944.95332 1225861337.65158 1013250706.06764 917348377.1640999 1155695033.79741 702038812.49199 675702295.37994 758218895.2063 0 379264033.14639 776677087.96961 1134748510.92858 914690550.8308699 906467017.6205801 888744986.34363 
916803508.35651 779281677.35467 944080662.6489301 976201495.85242 777267164.0289199 1020618688.07939 822483693.326 834315114.47322 987991290.03431 993855130.8269801 1081562412.09833 1122112705.91727 884140136.8933599 1110693801.92606 1226073308.98075 1006197709.08532 1204331041.3874102 1196187578.31284 1155499222.11905 1233274619.80008 847032628.49244 1107322571.3602 980002062.49153 760111827.20416 983607761.635 1001950811.13835 1280819675.31145 1410556174.69062 1210613348.1916902 1182408991.81017 1197663426.73931 1139357242.0883899 1249096920.2007499 956938859.92162 1198605582.6409202 1392514739.21403 1296612410.31049 1321842832.6863298 1081302845.63838 1054966328.52633 1077593708.79708 379264033.14639 0 1155941121.116 1223851634.21095 1293954583.9772599 943196358.75304 997670580.88405 
600528310.44122 738050141.44306 697809467.68773 577608288.91058 378673957.08708 639205835.34852 577874252.8199799 727628879.3948699 789947843.33951 860539245.99981 948246527.27116 945623869.4089401 751234885.60507 902183910.00328 1031875985.7772901 842863611.5903499 749219654.0153599 421422307.46597 658497333.52599 964994599.95604 798158541.69869 630694046.92047 996065353.45696 857498058.57465 1009873566.34569 1021263714.7367799 963487028.9960101 695350445.1031001 949943351.82574 915641319.5120499 688352713.50787 1040878542.42807 1003579066.8769001 544341980.45275 972746541.4626498 765425081.02438 811067017.8945999 1039783298.0324 682709638.69654 556864360.67173 882277713.81689 776677087.96961 1155941121.116 0 847769958.2214401 927191781.44455 807506617.95017 681395382.96876 
326870597.11249 464392428.11433 629191413.40859 749392592.1857399 736745380.0460501 997277258.3074901 884389956.15477 734635329.57988 580959154.01879 678965881.58664 766673162.85799 736635180.08822 974607749.1121299 1064704758.82654 758218272.44856 691308459.84498 889441792.1470699 981132185.78134 840609972.87871 691336886.62731 1072459853.4944 1005699059.33677 1044920653.79968 765662010.42131 989157944.85215 994259928.9218299 1156821850.7202601 888685266.82735 895724098.95135 824927466.71727 703687407.79765 1039002088.61356 929262410.5012 753316992.8442099 883716333.4005799 927945929.8476399 973587866.71786 994645060.1509899 1040781061.6555101 751155905.59004 762704459.55674 1134748510.92858 1223851634.21095 847769958.2214401 0 718203092.1238301 904528460.7960199 246003524.58495 
758354520.99895 743967511.54737 626996962.96654 722276198.76781 717056891.20068 959479871.59235 778622591.74151 814057152.80299 660380977.2419 816187131.35619 861617226.03379 399320599.26089 637293168.2848 863846833.3175001 736927079.71215 517051479.81672 421970942.30503 726048316.81506 488973290.75504 898922870.13251 683265887.50352 831442079.3085101 787904026.0186 533842756.7731 757338691.20394 775681740.70729 773113244.47198 913739350.36764 1017169583.1101099 893873764.41731 783109231.02076 1125497014.3394802 1137221393.43872 913077758.3371301 1029146230.5130699 894678364.43983 1228448263.36742 994243877.0902201 1021092572.81014 1135324748.67202 1026323422.58547 914690550.83087 1293954583.97726 927191781.44455 718203092.1238301 0 755830253.42678 677487448.47141 
577657863.68353 440136032.68169 275337047.38743 370616283.1887 569550615.0122 830082493.27364 714266608.67367 864021235.2485601 810515640.26829 654709486.154 742416767.4253501 770037246.19025 666702586.02234 877185507.51417 639416713.43832 667052064.4123399 507898734.10223 702063426.05525 464988399.99523 547262954.5534 629595077.62142 676579814.9611499 762564511.62051 525619223.56281006 302123289.13197005 283780239.62862 599335202.8084201 867471786.7013301 790510449.79568 747574569.9410601 528919811.47781 874289457.6144199 984029135.7267799 767654875.02491 319394320.031 631830299.69355 677472236.56377 915818893.19708 873586296.62166 792156710.94577 738448064.1241 906467017.6205801 943196358.75304 807506617.95017 904528460.7960199 755830253.42678 0 658524936.21107 
80867072.52754 218388903.52938 383187888.82364 503389067.60079 490741855.46110004 751273733.72254 710294294.0304 693919685.92746 540243510.36637 432962357.00169003 520669638.27304006 695919536.4358001 843444549.0759301 905632967.72506 512214747.86361 445304935.26003003 643438267.56212 831681474.35378 594606448.2937601 445333362.04235995 831575353.3499999 759695534.7518201 798917129.21473 724946366.76889 766599453.84023 748256404.33688 1063811367.51668 847969623.1749301 649720574.3664 578923942.13232 636770652.9140201 982140299.05063 935618582.1177499 800320603.0014501 637712808.81563 792619790.52548 1010087101.74267 843670678.77321 794777537.07056 505152381.00509 516700934.97178996 888744986.3436301 997670580.88405 681395382.96876 246003524.58495 677487448.47141 658524936.2110701 0 
