19
54 53 56 63 79 78 76 85 86 88 87 97 99 70 69 24 25 38 60
0 1.0 3.0 12.0 15.0 16.0 18.0 15.0 15.0 15.0 16.0 20.0 18.0 14.0 18.0 21.0 22.0 34.0 10.0 
1.0 0 2.0 13.0 16.0 17.0 19.0 16.0 16.0 16.0 17.0 21.0 19.0 15.0 19.0 22.0 23.0 35.0 11.0 
3.0 2.0 0 15.0 18.0 19.0 21.0 18.0 18.0 18.0 19.0 23.0 21.0 17.0 21.0 24.0 25.0 37.0 13.0 
12.0 13.0 15.0 0 3.0 4.0 6.0 3.0 3.0 3.0 4.0 8.0 6.0 26.0 30.0 33.0 34.0 46.0 22.0 
15.0 16.0 18.0 3.0 0 1.0 3.0 6.0 6.0 6.0 7.0 11.0 9.0 29.0 33.0 36.0 37.0 49.0 25.0 
16.0 17.0 19.0 4.0 1.0 0 2.0 5.0 5.0 7.0 6.0 12.0 10.0 30.0 34.0 37.0 38.0 50.0 26.0 
18.0 19.0 21.0 6.0 3.0 2.0 0 3.0 3.0 5.0 4.0 14.0 12.0 32.0 36.0 39.0 40.0 52.0 28.0 
15.0 16.0 18.0 3.0 6.0 5.0 3.0 0 2.0 4.0 3.0 11.0 9.0 29.0 33.0 36.0 37.0 49.0 25.0 
15.0 16.0 18.0 3.0 6.0 5.0 3.0 2.0 0 2.0 1.0 11.0 9.0 29.0 33.0 36.0 37.0 49.0 25.0 
15.0 16.0 18.0 3.0 6.0 7.0 5.0 4.0 2.0 0 1.0 11.0 9.0 29.0 33.0 36.0 37.0 49.0 25.0 
16.0 17.0 19.0 4.0 7.0 6.0 4.0 3.0 1.0 1.0 0 12.0 10.0 30.0 34.0 37.0 38.0 50.0 26.0 
20.0 21.0 23.0 8.0 11.0 12.0 14.0 11.0 11.0 11.0 12.0 0 8.0 34.0 38.0 41.0 42.0 54.0 30.0 
18.0 19.0 21.0 6.0 9.0 10.0 12.0 9.0 9.0 9.0 10.0 8.0 0 32.0 36.0 39.0 40.0 52.0 28.0 
14.0 15.0 17.0 26.0 29.0 30.0 32.0 29.0 29.0 29.0 30.0 34.0 32.0 0 4.0 29.0 30.0 42.0 18.0 
18.0 19.0 21.0 30.0 33.0 34.0 36.0 33.0 33.0 33.0 34.0 38.0 36.0 4.0 0 33.0 34.0 46.0 22.0 
21.0 22.0 24.0 33.0 36.0 37.0 39.0 36.0 36.0 36.0 37.0 41.0 39.0 29.0 33.0 0 1.0 13.0 11.0 
22.0 23.0 25.0 34.0 37.0 38.0 40.0 37.0 37.0 37.0 38.0 42.0 40.0 30.0 34.0 1.0 0 12.0 12.0 
34.0 35.0 37.0 46.0 49.0 50.0 52.0 49.0 49.0 49.0 50.0 54.0 52.0 42.0 46.0 13.0 12.0 0 24.0 
10.0 11.0 13.0 22.0 25.0 26.0 28.0 25.0 25.0 25.0 26.0 30.0 28.0 18.0 22.0 11.0 12.0 24.0 0 
