48
Downey CapeCoral ElPaso Akron DalyCity Canton Charleston Columbia Clearwater Boulder BoiseCity Danbury ColoradoSprings Chicago Denton Appleton Bremerton Denver ElMonte Beaumont Austin Asheville Bloomington Davenport Carrollton Deltona Buffalo Chattanooga Escondido Augusta Durham Albuquerque Columbus Arvada Anchorage Elkhart Champaign Anaheim CathedralCity Amarillo Cincinnati AppleValley Dallas Bridgeport CedarRapids Bryan Billings CorpusChristi
0 33081201.0 37371782.0 54130867.0 102738020.0 149616088.0 151896818.0 140111061.0 150556080.0 166996158.0 114081669.0 137130559.0 146933362.0 127061691.0 117295567.0 155320305.0 171059054.0 145935215.0 75215476.0 73995860.0 92928482.0 106909571.0 127668762.0 110205760.0 115291507.0 116378286.0 112534514.0 165225487.0 169764248.0 190133281.0 194391989.0 173721561.0 158339064.0 191625843.0 103819527.0 166274279.0 187796597.0 270186535.0 279214119.0 114497488.0 100658527.0 199397696.0 220785446.0 202534849.0 96891595.0 158591347.0 91707968.0 11830370.0 
33081201.0 0 46792243.0 63551328.0 112158481.0 131602305.0 132925317.0 141107332.0 117474879.0 133914957.0 81000468.0 104049358.0 113852161.0 136482152.0 126716028.0 164740766.0 180479515.0 155355676.0 84635937.0 83416321.0 102348943.0 116330032.0 137089223.0 119626221.0 124711968.0 125798747.0 121954975.0 174645948.0 179184709.0 199553742.0 192744069.0 183142022.0 167759525.0 201046304.0 113239988.0 175694740.0 197217058.0 262903833.0 253876249.0 123917949.0 110078988.0 174369468.0 187704245.0 211955310.0 106312056.0 168011808.0 58626767.0 21250831.0 
37371782.0 46792243.0 0 16759085.0 65366238.0 120861274.0 122184286.0 130366301.0 134030982.0 150471060.0 102214614.0 125263504.0 135066307.0 134282567.0 124516443.0 162541181.0 146396106.0 108563433.0 88926518.0 87706902.0 89836387.0 69537789.0 141249682.0 123916802.0 129002549.0 130089328.0 126245556.0 146679912.0 145505285.0 152761499.0 157020207.0 187432603.0 172050106.0 205336885.0 117530569.0 179985321.0 201507639.0 239132216.0 248159800.0 77125706.0 63286745.0 162025914.0 185324953.0 209755725.0 59519813.0 121219565.0 105419010.0 25541412.0 
54130867.0 63551328.0 16759085.0 0 48607153.0 105661758.0 107942488.0 115166785.0 119789184.0 136229262.0 85455529.0 108504419.0 118307222.0 151041652.0 141275528.0 179300266.0 163155191.0 125322518.0 105685603.0 104465987.0 106595472.0 86296874.0 155498254.0 138035252.0 143120999.0 144207778.0 140364006.0 133284961.0 128746200.0 142198554.0 153247842.0 204191688.0 188809191.0 219455335.0 131649019.0 194103771.0 215626089.0 255891301.0 258331310.0 93884791.0 80045830.0 178784999.0 168565868.0 226514810.0 76278898.0 137978650.0 107829230.0 42300497.0 
102738020.0 112158481.0 65366238.0 48607153.0 0 57054605.0 59335335.0 66559632.0 71182031.0 87622109.0 107656442.0 130705332.0 140508135.0 154387190.0 144621066.0 182645804.0 198384553.0 173929671.0 154292756.0 153073140.0 155202625.0 134904027.0 109270427.0 96464933.0 96893172.0 115409925.0 94136179.0 151484660.0 156023421.0 93591401.0 159949034.0 163963574.0 179346071.0 173227508.0 102851166.0 165305918.0 169398262.0 251788200.0 260815784.0 142491944.0 128652983.0 201025442.0 119958715.0 208495181.0 124886051.0 142056931.0 130030143.0 90907650.0 
149616088.0 131602305.0 120861274.0 105661758.0 57054605.0 0 2280730.0 9505027.0 14127426.0 30567504.0 50601837.0 73650727.0 83453530.0 97332585.0 87566461.0 125591199.0 141329948.0 158820772.0 179310606.0 122561739.0 103629117.0 123927715.0 52215822.0 39410328.0 39838567.0 58355320.0 37081574.0 94430055.0 98968816.0 150646006.0 162345438.0 106908969.0 122291466.0 116172903.0 45796561.0 108251313.0 112343657.0 194733595.0 203761179.0 158811315.0 172650276.0 143970837.0 157305614.0 172805743.0 141474338.0 85002326.0 72975538.0 137785718.0 
151896818.0 132925317.0 122184286.0 107942488.0 59335335.0 2280730.0 0 11785757.0 15450438.0 31890516.0 51924849.0 74973739.0 84776542.0 95051855.0 85285731.0 123310469.0 139049218.0 158855416.0 181591336.0 124842469.0 105909847.0 126208445.0 54496552.0 41691058.0 42119297.0 60636050.0 39362304.0 96710785.0 101249546.0 152926736.0 163668450.0 108231981.0 123614478.0 118453633.0 48077291.0 110532043.0 114624387.0 197014325.0 206041909.0 161092045.0 174931006.0 145293849.0 158628626.0 170525013.0 142797350.0 86325338.0 74298550.0 140066448.0 
140111061.0 141107332.0 130366301.0 115166785.0 66559632.0 9505027.0 11785757.0 0 23632453.0 40072531.0 60106864.0 83155754.0 92958557.0 106837612.0 97071488.0 135096226.0 150834975.0 168325799.0 188815633.0 113056712.0 94124090.0 114422688.0 42710795.0 29905301.0 30333540.0 48850293.0 27576547.0 84925028.0 89463789.0 158115975.0 166643817.0 116413996.0 131796493.0 106667876.0 36291534.0 98746286.0 102838630.0 185228568.0 194256152.0 149306288.0 163145249.0 153475864.0 166810641.0 182310770.0 150979365.0 94507353.0 82480565.0 128280691.0 
150556080.0 117474879.0 134030982.0 119789184.0 71182031.0 14127426.0 15450438.0 23632453.0 0 16440078.0 36474411.0 59523301.0 69326104.0 110502293.0 100736169.0 138760907.0 138130128.0 144693346.0 171259521.0 120875177.0 117756543.0 120650830.0 66343248.0 53537754.0 53965993.0 72482746.0 51209000.0 108557481.0 113096242.0 142195970.0 148218012.0 92781543.0 108164040.0 112332181.0 59923987.0 122378739.0 126471083.0 208861021.0 209350192.0 172938741.0 186777702.0 129843411.0 143178188.0 185975451.0 127346912.0 70874900.0 58848112.0 138725710.0 
166996158.0 133914957.0 150471060.0 136229262.0 87622109.0 30567504.0 31890516.0 40072531.0 16440078.0 0 52914489.0 75963379.0 85766182.0 126942371.0 117176247.0 155200985.0 154570206.0 161133424.0 187699599.0 137315255.0 124509350.0 104210752.0 82783326.0 69977832.0 70406071.0 88922824.0 67649078.0 124997559.0 129536320.0 125755892.0 164658090.0 109221621.0 124604118.0 128772259.0 76364065.0 138818817.0 142911161.0 225301099.0 225790270.0 163402719.0 177241680.0 146283489.0 159618266.0 202415529.0 143786990.0 87314978.0 75288190.0 155165788.0 
114081669.0 81000468.0 102214614.0 85455529.0 107656442.0 50601837.0 51924849.0 60106864.0 36474411.0 52914489.0 0 23048890.0 32851693.0 78839531.0 88605655.0 107098145.0 101655717.0 141388520.0 165636405.0 139455304.0 150555110.0 152674492.0 102817659.0 90012165.0 90440404.0 108957157.0 87683411.0 145031892.0 149570653.0 118770472.0 111743601.0 129255954.0 144638451.0 148806592.0 96398398.0 158853150.0 162945494.0 181903365.0 172875781.0 179340320.0 165501359.0 93369000.0 106703777.0 154312689.0 92344900.0 107349311.0 22373701.0 102251299.0 
137130559.0 104049358.0 125263504.0 108504419.0 130705332.0 73650727.0 74973739.0 83155754.0 59523301.0 75963379.0 23048890.0 0 9802803.0 55790641.0 65556765.0 84049255.0 78606827.0 139126450.0 188685295.0 144134542.0 157448497.0 175723382.0 106035202.0 93229708.0 88143961.0 112174700.0 90900954.0 148249435.0 152788196.0 141819362.0 88694711.0 152304844.0 167687341.0 164478297.0 99615941.0 162028451.0 166163037.0 158854475.0 149826891.0 161581846.0 175420807.0 70320110.0 83654887.0 131263799.0 115393790.0 130398201.0 45422591.0 125300189.0 
146933362.0 113852161.0 135066307.0 118307222.0 140508135.0 83453530.0 84776542.0 92958557.0 69326104.0 85766182.0 32851693.0 9802803.0 0 45987838.0 55753962.0 74246452.0 68804024.0 129323647.0 193408985.0 153937345.0 167251300.0 185526185.0 115838005.0 103032511.0 97946764.0 121977503.0 100703757.0 158052238.0 162590999.0 151622165.0 98497514.0 162107647.0 177490144.0 174281100.0 109418744.0 156205162.0 175965840.0 168657278.0 159629694.0 155758557.0 169597518.0 64496821.0 93457690.0 121460996.0 120750592.0 140201004.0 55225394.0 135102992.0 
127061691.0 136482152.0 134282567.0 151041652.0 154387190.0 97332585.0 95051855.0 106837612.0 110502293.0 126942371.0 78839531.0 55790641.0 45987838.0 0 9766124.0 28258614.0 63529611.0 83335809.0 150372549.0 177396811.0 162222975.0 182521573.0 125344917.0 107881915.0 112967662.0 114054441.0 110210669.0 141337489.0 145876250.0 197610003.0 144485352.0 203283836.0 218666333.0 173448677.0 101495682.0 163950434.0 185472752.0 214645116.0 205617532.0 136256918.0 150095879.0 110484659.0 139445528.0 75473158.0 74762754.0 120165803.0 101213232.0 115231321.0 
117295567.0 126716028.0 124516443.0 141275528.0 144621066.0 87566461.0 85285731.0 97071488.0 100736169.0 117176247.0 88605655.0 65556765.0 55753962.0 9766124.0 0 38024738.0 53763487.0 73569685.0 140606425.0 167630687.0 152456851.0 172755449.0 115578793.0 98115791.0 103201538.0 104288317.0 100444545.0 151103613.0 155642374.0 207376127.0 154251476.0 193517712.0 208900209.0 163682553.0 91729558.0 154184310.0 175706628.0 217085176.0 208057592.0 126490794.0 140329755.0 120250783.0 149211652.0 85239282.0 64996630.0 129931927.0 110979356.0 105465197.0 
155320305.0 164740766.0 162541181.0 179300266.0 182645804.0 125591199.0 123310469.0 135096226.0 138760907.0 155200985.0 107098145.0 84049255.0 74246452.0 28258614.0 38024738.0 0 91788225.0 111594423.0 123044123.0 198462977.0 179530355.0 160535593.0 128117060.0 136140529.0 141226276.0 142313055.0 138469283.0 113078875.0 117617636.0 186269822.0 172743966.0 231542450.0 246924947.0 201707291.0 129754296.0 192209048.0 213731366.0 242903730.0 233876146.0 164515532.0 178354493.0 138743273.0 167704142.0 103731772.0 103021368.0 146584401.0 129471846.0 143489935.0 
171059054.0 180479515.0 146396106.0 163155191.0 198384553.0 141329948.0 139049218.0 150834975.0 138130128.0 154570206.0 101655717.0 78606827.0 68804024.0 63529611.0 53763487.0 91788225.0 0 127333172.0 194369912.0 193269136.0 174336514.0 194635112.0 169342280.0 151879278.0 156965025.0 158051804.0 154208032.0 204867100.0 209405861.0 220426189.0 167301538.0 230911671.0 246294168.0 217446040.0 145493045.0 207947797.0 229470115.0 163321689.0 154294105.0 180254281.0 194093242.0 133300845.0 162261714.0 139002769.0 118760117.0 183695414.0 124029418.0 159228684.0 
145935215.0 155355676.0 108563433.0 125322518.0 173929671.0 158820772.0 158855416.0 168325799.0 144693346.0 161133424.0 141388520.0 139126450.0 129323647.0 83335809.0 73569685.0 111594423.0 127333172.0 0 75449683.0 111174984.0 130107606.0 150406204.0 181520901.0 171685476.0 176771223.0 177858002.0 174014230.0 178432671.0 182971432.0 202598830.0 227821161.0 147140589.0 162523086.0 166691227.0 165299243.0 174920337.0 231274146.0 290654861.0 281627277.0 185689139.0 171850178.0 102345989.0 222781337.0 158808967.0 49043620.0 160222810.0 119014819.0 134104845.0 
75215476.0 84635937.0 88926518.0 105685603.0 154292756.0 179310606.0 181591336.0 188815633.0 171259521.0 187699599.0 165636405.0 188685295.0 193408985.0 150372549.0 140606425.0 123044123.0 194369912.0 75449683.0 0 125550596.0 144483218.0 158464307.0 179223498.0 161760496.0 166846243.0 167933022.0 164089250.0 150977977.0 155516738.0 224168924.0 232696766.0 173706764.0 189089261.0 193257402.0 155374263.0 201486512.0 239351333.0 314007307.0 304979723.0 166052224.0 152213263.0 128912164.0 272340182.0 225845707.0 75609795.0 186788985.0 143262704.0 63385106.0 
73995860.0 83416321.0 87706902.0 104465987.0 153073140.0 122561739.0 124842469.0 113056712.0 120875177.0 137315255.0 139455304.0 144134542.0 153937345.0 177396811.0 167630687.0 198462977.0 193269136.0 111174984.0 125550596.0 0 18932622.0 39231220.0 70345917.0 87808919.0 88237158.0 106753911.0 85480165.0 133283492.0 135226922.0 122454930.0 126713638.0 99725701.0 84343204.0 164571494.0 94195152.0 156649904.0 160742248.0 202848540.0 211876124.0 164832608.0 150993647.0 164637465.0 178001981.0 252869969.0 106392843.0 168092595.0 142043088.0 62165490.0 
92928482.0 102348943.0 89836387.0 106595472.0 155202625.0 103629117.0 105909847.0 94124090.0 117756543.0 124509350.0 150555110.0 157448497.0 167251300.0 162222975.0 152456851.0 179530355.0 174336514.0 130107606.0 144483218.0 18932622.0 0 20298598.0 51413295.0 68876297.0 69304536.0 87821289.0 66547543.0 120833061.0 116294300.0 103522308.0 107781016.0 114554955.0 99172458.0 145638872.0 75262530.0 137717282.0 141809626.0 221781162.0 230808746.0 166962093.0 153123132.0 183570087.0 196934603.0 237696133.0 87460221.0 149159973.0 157431420.0 81098112.0 
106909571.0 116330032.0 69537789.0 86296874.0 134904027.0 123927715.0 126208445.0 114422688.0 120650830.0 104210752.0 152674492.0 175723382.0 185526185.0 182521573.0 172755449.0 160535593.0 194635112.0 150406204.0 158464307.0 39231220.0 20298598.0 0 71711893.0 89174895.0 89603134.0 108119887.0 86846141.0 100534463.0 95995702.0 83223710.0 87482418.0 134853553.0 119471056.0 165937470.0 95561128.0 158015880.0 162108224.0 242079760.0 251107344.0 146663495.0 132824534.0 203868685.0 210044568.0 257994731.0 107758819.0 137337012.0 174956799.0 95079201.0 
127668762.0 137089223.0 141249682.0 155498254.0 109270427.0 52215822.0 54496552.0 42710795.0 66343248.0 82783326.0 102817659.0 106035202.0 115838005.0 125344917.0 115578793.0 128117060.0 169342280.0 181520901.0 179223498.0 70345917.0 51413295.0 71711893.0 0 17463002.0 17891241.0 36407994.0 15134248.0 72482729.0 77021490.0 145673676.0 154201518.0 159124791.0 150585753.0 94225577.0 23849235.0 86303987.0 90396331.0 172786269.0 181813853.0 136863989.0 150702950.0 176355312.0 168337262.0 200818075.0 138873516.0 113163070.0 125191360.0 115838392.0 
110205760.0 119626221.0 123916802.0 138035252.0 96464933.0 39410328.0 41691058.0 29905301.0 53537754.0 69977832.0 90012165.0 93229708.0 103032511.0 107881915.0 98115791.0 136140529.0 151879278.0 171685476.0 161760496.0 87808919.0 68876297.0 89174895.0 17463002.0 0 5085747.0 18944992.0 2328754.0 55019727.0 59558488.0 128210674.0 136738516.0 146319297.0 161701794.0 81420083.0 6386233.0 68840985.0 77590837.0 159980775.0 169008359.0 119400987.0 133239948.0 163549818.0 150874260.0 183355073.0 156336518.0 95700068.0 112385866.0 98375390.0 
115291507.0 124711968.0 129002549.0 143120999.0 96893172.0 39838567.0 42119297.0 30333540.0 53965993.0 70406071.0 90440404.0 88143961.0 97946764.0 112967662.0 103201538.0 141226276.0 156965025.0 176771223.0 166846243.0 88237158.0 69304536.0 89603134.0 17891241.0 5085747.0 0 24030739.0 2756993.0 60105474.0 64644235.0 133296421.0 141824263.0 146747536.0 162130033.0 76334336.0 11471980.0 73926732.0 78019076.0 160409014.0 169436598.0 124486734.0 138325695.0 158464071.0 155960007.0 188440820.0 156764757.0 100785815.0 112814105.0 103461137.0 
116378286.0 125798747.0 130089328.0 144207778.0 115409925.0 58355320.0 60636050.0 48850293.0 72482746.0 88922824.0 108957157.0 112174700.0 121977503.0 114054441.0 104288317.0 142313055.0 158051804.0 177858002.0 167933022.0 106753911.0 87821289.0 108119887.0 36407994.0 18944992.0 24030739.0 0 21273746.0 73964719.0 78503480.0 147155666.0 155683508.0 165264289.0 167377056.0 100365075.0 12558759.0 75013511.0 96535829.0 178925767.0 187953351.0 125573513.0 139412474.0 181498709.0 131929268.0 189527599.0 169284947.0 76755076.0 131330858.0 104547916.0 
112534514.0 121954975.0 126245556.0 140364006.0 94136179.0 37081574.0 39362304.0 27576547.0 51209000.0 67649078.0 87683411.0 90900954.0 100703757.0 110210669.0 100444545.0 138469283.0 154208032.0 174014230.0 164089250.0 85480165.0 66547543.0 86846141.0 15134248.0 2328754.0 2756993.0 21273746.0 0 57348481.0 61887242.0 130539428.0 139067270.0 143990543.0 159373040.0 79091329.0 8714987.0 71169739.0 75262083.0 157652021.0 166679605.0 121729741.0 135568702.0 161221064.0 153203014.0 185683827.0 154007764.0 98028822.0 110057112.0 100704144.0 
165225487.0 174645948.0 146679912.0 133284961.0 151484660.0 94430055.0 96710785.0 84925028.0 108557481.0 124997559.0 145031892.0 148249435.0 158052238.0 141337489.0 151103613.0 113078875.0 204867100.0 178432671.0 150977977.0 133283492.0 120833061.0 100534463.0 72482729.0 55019727.0 60105474.0 73964719.0 57348481.0 0 4538761.0 73190947.0 81718789.0 140367858.0 155750355.0 136439810.0 61405960.0 123860712.0 132610564.0 163029330.0 154001746.0 69554206.0 83393167.0 153921341.0 204280939.0 216810647.0 178592783.0 89880294.0 128539376.0 153395117.0 
169764248.0 179184709.0 145505285.0 128746200.0 156023421.0 98968816.0 101249546.0 89463789.0 113096242.0 129536320.0 149570653.0 152788196.0 162590999.0 145876250.0 155642374.0 117617636.0 209405861.0 182971432.0 155516738.0 135226922.0 116294300.0 95995702.0 77021490.0 59558488.0 64644235.0 78503480.0 61887242.0 4538761.0 0 68652186.0 77180028.0 135829097.0 151211594.0 140978571.0 65944721.0 128399473.0 137149325.0 167568091.0 158540507.0 74092967.0 87931928.0 158460102.0 199742178.0 221349408.0 183131544.0 94419055.0 133078137.0 157933878.0 
190133281.0 199553742.0 152761499.0 142198554.0 93591401.0 150646006.0 152926736.0 158115975.0 142195970.0 125755892.0 118770472.0 141819362.0 151622165.0 197610003.0 207376127.0 186269822.0 220426189.0 202598830.0 224168924.0 122454930.0 103522308.0 83223710.0 145673676.0 128210674.0 133296421.0 147155666.0 130539428.0 73190947.0 68652186.0 0 74883246.0 123057105.0 138439602.0 209630757.0 134596907.0 197051659.0 205801511.0 236220277.0 227192693.0 142745153.0 156584114.0 212139472.0 161978568.0 250515034.0 190982529.0 163071241.0 141144173.0 178302911.0 
194391989.0 192744069.0 157020207.0 153247842.0 159949034.0 162345438.0 163668450.0 166643817.0 148218012.0 164658090.0 111743601.0 88694711.0 98497514.0 144485352.0 154251476.0 172743966.0 167301538.0 227821161.0 232696766.0 126713638.0 107781016.0 87482418.0 154201518.0 136738516.0 141824263.0 155683508.0 139067270.0 81718789.0 77180028.0 74883246.0 0 85226137.0 100608634.0 200005561.0 143124749.0 205579501.0 214329353.0 244748119.0 235720535.0 151272995.0 165111956.0 159014821.0 122562150.0 211098616.0 195241237.0 171599083.0 134117302.0 182561619.0 
173721561.0 183142022.0 187432603.0 204191688.0 163963574.0 106908969.0 108231981.0 116413996.0 92781543.0 109221621.0 129255954.0 152304844.0 162107647.0 203283836.0 193517712.0 231542450.0 230911671.0 147140589.0 173706764.0 99725701.0 114554955.0 134853553.0 159124791.0 146319297.0 146747536.0 165264289.0 143990543.0 140367858.0 135829097.0 123057105.0 85226137.0 0 15382497.0 114779424.0 152705530.0 215160282.0 219252626.0 203139082.0 212166666.0 209922064.0 200883206.0 200603070.0 207788287.0 211395093.0 147300701.0 144225649.0 151629655.0 161891191.0 
158339064.0 167759525.0 172050106.0 188809191.0 179346071.0 122291466.0 123614478.0 131796493.0 108164040.0 124604118.0 144638451.0 167687341.0 177490144.0 218666333.0 208900209.0 246924947.0 246294168.0 162523086.0 189089261.0 84343204.0 99172458.0 119471056.0 150585753.0 161701794.0 162130033.0 167377056.0 159373040.0 155750355.0 151211594.0 138439602.0 100608634.0 15382497.0 0 130161921.0 168088027.0 230542779.0 234635123.0 218521579.0 227549163.0 225304561.0 216265703.0 215985567.0 223170784.0 226777590.0 162683198.0 159608146.0 167012152.0 146508694.0 
191625843.0 201046304.0 205336885.0 219455335.0 173227508.0 116172903.0 118453633.0 106667876.0 112332181.0 128772259.0 148806592.0 164478297.0 174281100.0 173448677.0 163682553.0 201707291.0 217446040.0 166691227.0 193257402.0 164571494.0 145638872.0 165937470.0 94225577.0 81420083.0 76334336.0 100365075.0 79091329.0 136439810.0 140978571.0 209630757.0 200005561.0 114779424.0 130161921.0 0 87806316.0 150261068.0 154353412.0 236743350.0 245770934.0 200821070.0 214660031.0 220153708.0 232294343.0 230945731.0 166851339.0 163776287.0 171180293.0 179795473.0 
103819527.0 113239988.0 117530569.0 131649019.0 102851166.0 45796561.0 48077291.0 36291534.0 59923987.0 76364065.0 96398398.0 99615941.0 109418744.0 101495682.0 91729558.0 129754296.0 145493045.0 165299243.0 155374263.0 94195152.0 75262530.0 95561128.0 23849235.0 6386233.0 11471980.0 12558759.0 8714987.0 61405960.0 65944721.0 134596907.0 143124749.0 152705530.0 168088027.0 87806316.0 0 62454752.0 83977070.0 166367008.0 175394592.0 113014754.0 126853715.0 169936051.0 144488027.0 176968840.0 156726188.0 89313835.0 118772099.0 91989157.0 
166274279.0 175694740.0 179985321.0 194103771.0 165305918.0 108251313.0 110532043.0 98746286.0 122378739.0 138818817.0 158853150.0 162028451.0 156205162.0 163950434.0 154184310.0 192209048.0 207947797.0 174920337.0 201486512.0 156649904.0 137717282.0 158015880.0 86303987.0 68840985.0 73926732.0 75013511.0 71169739.0 123860712.0 128399473.0 197051659.0 205579501.0 215160282.0 230542779.0 150261068.0 62454752.0 0 56353809.0 138743747.0 147771331.0 175469506.0 189308467.0 216722469.0 206942779.0 239423592.0 125876717.0 151768587.0 181226851.0 154443909.0 
187796597.0 197217058.0 201507639.0 215626089.0 169398262.0 112343657.0 114624387.0 102838630.0 126471083.0 142911161.0 162945494.0 166163037.0 175965840.0 185472752.0 175706628.0 213731366.0 229470115.0 231274146.0 239351333.0 160742248.0 141809626.0 162108224.0 90396331.0 77590837.0 78019076.0 96535829.0 75262083.0 132610564.0 137149325.0 205801511.0 214329353.0 219252626.0 234635123.0 154353412.0 83977070.0 56353809.0 0 82389938.0 91417522.0 196991824.0 210830785.0 236483147.0 228465097.0 260945910.0 182230526.0 173290905.0 185319195.0 175966227.0 
270186535.0 262903833.0 239132216.0 255891301.0 251788200.0 194733595.0 197014325.0 185228568.0 208861021.0 225301099.0 181903365.0 158854475.0 168657278.0 214645116.0 217085176.0 242903730.0 163321689.0 290654861.0 314007307.0 202848540.0 221781162.0 242079760.0 172786269.0 159980775.0 160409014.0 178925767.0 157652021.0 163029330.0 167568091.0 236220277.0 244748119.0 203139082.0 218521579.0 236743350.0 166367008.0 138743747.0 82389938.0 0 9027584.0 162006510.0 175845471.0 226908843.0 242509362.0 290118274.0 264620464.0 252909624.0 204277066.0 258356165.0 
279214119.0 253876249.0 248159800.0 258331310.0 260815784.0 203761179.0 206041909.0 194256152.0 209350192.0 225790270.0 172875781.0 149826891.0 159629694.0 205617532.0 208057592.0 233876146.0 154294105.0 281627277.0 304979723.0 211876124.0 230808746.0 251107344.0 181813853.0 169008359.0 169436598.0 187953351.0 166679605.0 154001746.0 158540507.0 227192693.0 235720535.0 212166666.0 227549163.0 245770934.0 175394592.0 147771331.0 91417522.0 9027584.0 0 171034094.0 184873055.0 220147001.0 233481778.0 281090690.0 265220681.0 243882040.0 195249482.0 267383749.0 
114497488.0 123917949.0 77125706.0 93884791.0 142491944.0 158811315.0 161092045.0 149306288.0 172938741.0 163402719.0 179340320.0 161581846.0 155758557.0 136256918.0 126490794.0 164515532.0 180254281.0 185689139.0 166052224.0 164832608.0 166962093.0 146663495.0 136863989.0 119400987.0 124486734.0 125573513.0 121729741.0 69554206.0 74092967.0 142745153.0 151272995.0 209922064.0 225304561.0 200821070.0 113014754.0 175469506.0 196991824.0 162006510.0 171034094.0 0 13838961.0 91261736.0 245236733.0 209043387.0 136645519.0 159434500.0 159098171.0 102667118.0 
100658527.0 110078988.0 63286745.0 80045830.0 128652983.0 172650276.0 174931006.0 163145249.0 186777702.0 177241680.0 165501359.0 175420807.0 169597518.0 150095879.0 140329755.0 178354493.0 194093242.0 171850178.0 152213263.0 150993647.0 153123132.0 132824534.0 150702950.0 133239948.0 138325695.0 139412474.0 135568702.0 83393167.0 87931928.0 156584114.0 165111956.0 200883206.0 216265703.0 214660031.0 126853715.0 189308467.0 210830785.0 175845471.0 184873055.0 13838961.0 0 105100697.0 248611698.0 195204426.0 122806558.0 173273461.0 168705755.0 88828157.0 
199397696.0 174369468.0 162025914.0 178784999.0 201025442.0 143970837.0 145293849.0 153475864.0 129843411.0 146283489.0 93369000.0 70320110.0 64496821.0 110484659.0 120250783.0 138743273.0 133300845.0 102345989.0 128912164.0 164637465.0 183570087.0 203868685.0 176355312.0 163549818.0 158464071.0 181498709.0 161221064.0 153921341.0 158460102.0 212139472.0 159014821.0 200603070.0 215985567.0 220153708.0 169936051.0 216722469.0 236483147.0 226908843.0 220147001.0 91261736.0 105100697.0 0 153974997.0 185957817.0 102506101.0 200718311.0 115742701.0 187567326.0 
220785446.0 187704245.0 185324953.0 168565868.0 119958715.0 157305614.0 158628626.0 166810641.0 143178188.0 159618266.0 106703777.0 83654887.0 93457690.0 139445528.0 149211652.0 167704142.0 162261714.0 222781337.0 272340182.0 178001981.0 196934603.0 210044568.0 168337262.0 150874260.0 155960007.0 131929268.0 153203014.0 204280939.0 199742178.0 161978568.0 122562150.0 207788287.0 223170784.0 232294343.0 144488027.0 206942779.0 228465097.0 242509362.0 233481778.0 245236733.0 248611698.0 153974997.0 0 88536466.0 199048677.0 199562644.0 129077478.0 208955076.0 
202534849.0 211955310.0 209755725.0 226514810.0 208495181.0 172805743.0 170525013.0 182310770.0 185975451.0 202415529.0 154312689.0 131263799.0 121460996.0 75473158.0 85239282.0 103731772.0 139002769.0 158808967.0 225845707.0 252869969.0 237696133.0 257994731.0 200818075.0 183355073.0 188440820.0 189527599.0 185683827.0 216810647.0 221349408.0 250515034.0 211098616.0 211395093.0 226777590.0 230945731.0 176968840.0 239423592.0 260945910.0 290118274.0 281090690.0 209043387.0 195204426.0 185957817.0 88536466.0 0 150235912.0 195638961.0 176686390.0 190704479.0 
96891595.0 106312056.0 59519813.0 76278898.0 124886051.0 141474338.0 142797350.0 150979365.0 127346912.0 143786990.0 92344900.0 115393790.0 120750592.0 74762754.0 64996630.0 103021368.0 118760117.0 49043620.0 75609795.0 106392843.0 87460221.0 107758819.0 138873516.0 156336518.0 156764757.0 169284947.0 154007764.0 178592783.0 183131544.0 190982529.0 195241237.0 147300701.0 162683198.0 166851339.0 156726188.0 125876717.0 182230526.0 264620464.0 265220681.0 136645519.0 122806558.0 102506101.0 199048677.0 150235912.0 0 111179190.0 69971199.0 85061225.0 
158591347.0 168011808.0 121219565.0 137978650.0 142056931.0 85002326.0 86325338.0 94507353.0 70874900.0 87314978.0 107349311.0 130398201.0 140201004.0 120165803.0 129931927.0 146584401.0 183695414.0 160222810.0 186788985.0 168092595.0 149159973.0 137337012.0 113163070.0 95700068.0 100785815.0 76755076.0 98028822.0 89880294.0 94419055.0 163071241.0 171599083.0 144225649.0 159608146.0 163776287.0 89313835.0 151768587.0 173290905.0 252909624.0 243882040.0 159434500.0 173273461.0 200718311.0 199562644.0 195638961.0 111179190.0 0 129723012.0 146760977.0 
91707968.0 58626767.0 105419010.0 107829230.0 130030143.0 72975538.0 74298550.0 82480565.0 58848112.0 75288190.0 22373701.0 45422591.0 55225394.0 101213232.0 110979356.0 129471846.0 124029418.0 119014819.0 143262704.0 142043088.0 157431420.0 174956799.0 125191360.0 112385866.0 112814105.0 131330858.0 110057112.0 128539376.0 133078137.0 141144173.0 134117302.0 151629655.0 167012152.0 171180293.0 118772099.0 181226851.0 185319195.0 204277066.0 195249482.0 159098171.0 168705755.0 115742701.0 129077478.0 176686390.0 69971199.0 129723012.0 0 79877598.0 
11830370.0 21250831.0 25541412.0 42300497.0 90907650.0 137785718.0 140066448.0 128280691.0 138725710.0 155165788.0 102251299.0 125300189.0 135102992.0 115231321.0 105465197.0 143489935.0 159228684.0 134104845.0 63385106.0 62165490.0 81098112.0 95079201.0 115838392.0 98375390.0 103461137.0 104547916.0 100704144.0 153395117.0 157933878.0 178302911.0 182561619.0 161891191.0 146508694.0 179795473.0 91989157.0 154443909.0 175966227.0 258356165.0 267383749.0 102667118.0 88828157.0 187567326.0 208955076.0 190704479.0 85061225.0 146760977.0 79877598.0 0 
