10
8 4 13 0 9 1 18 2 19 3
0 587742836.88045 606879060.17565 607548880.20074 682351546.32552 838624783.23499 694583886.77718 607818963.18562 728650715.4505 11235563.66113 
587742836.88045 0 19136223.2952 19806043.32029 94608709.44507 250881946.35454 517798600.38677 217307055.85691 140907878.57005 598978400.54158 
606879060.17565 19136223.2952 0 669820.02509 107779491.16988 264052728.07935 498662377.09157 198170832.56171 121771655.27485 618114623.83678 
607548880.20074 19806043.32029 669820.02509 0 107109671.14479 263382908.05426 499332197.11666 197501012.53662 121101835.24976 618784443.8618699 
682351546.32552 94608709.44507 107779491.16987999 107109671.14479 0 156273236.90947 455184650.89908993 304610683.68140996 228211506.39455 693587109.98665 
838624783.23499 250881946.35454 264052728.07935 263382908.05426 156273236.90947 0 298911413.98962 460883920.59088 384484743.30402 849860346.89612 
694583886.77718 517798600.38677 498662377.09157 499332197.11666 455184650.89908993 298911413.98962 0 400408195.12136996 620434032.36642 705819450.4383099 
607818963.18562 217307055.85691 198170832.56171 197501012.53662 304610683.68140996 460883920.5908799 400408195.12136996 0 318602847.78638 619054526.8467499 
728650715.4505 140907878.57005 121771655.27485 121101835.24976 228211506.39455 384484743.30402 620434032.36642 318602847.78638 0 739886279.11163 
11235563.66113 598978400.54158 618114623.83678 618784443.8618699 693587109.98665 849860346.89612 705819450.4383099 619054526.8467499 739886279.11163 0 
