20
44 43 55 25 67 70 61 27 29 24 23 38 59 63 41 54 35 45 33 18
0 122399687.32809 148996788.05284 208408321.29433998 232927978.18628997 277807082.11676997 299918607.48554 285363808.96529996 309072418.40797997 387837672.52606 194425116.84359 189277888.64308 215455138.64367 217487915.13966 250952215.05543 177826068.89449 324908885.44346 257420940.28109 344239704.76848 176358704.42293 
122399687.32809 0 26597100.72475 86008633.96625 110528290.8582 155407394.78868 177518920.15745 162964121.63721 186672731.07988998 265437985.19796997 269909392.64763 230718081.76049 220444026.12954 202508055.26391 227559392.94193 251799114.79949 202509198.11537 285339675.67169 221840017.44039 298758391.75102 
148996788.05284 26597100.72475 0 59411533.2415 83931190.13345 128810294.06393 150921819.4327 136367020.91246 164686448.69405 243451702.81213 243312291.92288 204120981.03574 193846925.40478998 175910954.53916 200962292.21717998 225202014.07474 229106298.84012 286832571.31204 195242916.71563998 325355492.47577 
208408321.29434 86008633.96625 59411533.2415 0 24519656.89195 69398760.82243 117347043.31848 155779618.43792 105274915.45255001 184040169.57063 183900758.68137997 144709447.79424 134435392.16329 116499421.29766 149963721.21343 240924524.58506998 288517832.08162 227421038.07053998 135831383.47414 290927667.04676 
232927978.18629 110528290.8582 83931190.13345 24519656.89195 0 44879103.93048 92827386.42653 160315005.46633 109810302.48096001 174045325.99845 208420415.57333 169229104.68618998 158955049.05523998 141019078.18961 174483378.10538 265444181.47702 313037488.97357 202901381.17859 160351040.36609 315447323.93871 
277807082.11676997 155407394.78868 128810294.06393 69398760.82243 44879103.93048 0 137706490.35701 205194109.39681 154689406.41144 218924429.92893 253299519.50381 214108208.61666998 203834152.98571998 185898182.12009 219362482.03586 258693624.37043 357916592.90405 158022277.24811 205230144.29656997 360326427.86919 
299918607.48554 177518920.15745002 150921819.4327 117347043.31848 92827386.42653 137706490.35701 0 116952924.47804 179123994.57589 257889248.69397 301247801.99986 262056491.11271998 251782435.48176998 233846464.61614 267310764.53191 356264035.82993996 380028118.27282 183246865.46029 192522520.42032 408274710.36524 
285363808.96529996 162964121.63721 136367020.91246 155779618.43792 160315005.46633 205194109.39681 116952924.47804 0 154306959.95578998 233072214.07387 283966585.69423 244775274.80709 234501219.17614 236533995.67213002 269998295.58790004 360959098.95954 365473319.75258 240066938.63658 234515519.60412 446707285.48468 
309072418.40797997 186672731.07988998 164686448.69404998 105274915.45255 109810302.48096 154689406.41144 179123994.57589 154306959.95578998 0 78765254.11808 243846792.51226 214591356.02203998 188414106.02144998 206350076.88707998 239814376.80284998 330775180.17449 389181929.19526 249934463.43435 184010816.61875 396202582.49931 
387837672.52606 265437985.19796997 243451702.81213 184040169.57063 174045325.99845 218924429.92893 257889248.69397 233072214.07387 78765254.11808 0 220836384.00871998 260027694.89586 267179360.13953 285115331.00516 318579630.92092997 409540434.29257 431352093.54126 243141657.43661 262776070.73683 474967836.61739 
194425116.84359 269909392.64763 243312291.92287996 183900758.68137997 208420415.57333 253299519.50381 301247801.99986 283966585.69423 243846792.51226 220836384.00871998 0 39191310.88714 65368560.88773 67401337.38372 100865637.29949 191826440.67113 357556025.03858 217991870.89016998 318439872.08074 370783821.26652 
189277888.64308 230718081.76049 204120981.03574 144709447.79424 169229104.68619 214108208.61667 262056491.11272 244775274.80709 214591356.02204 260027694.89586 39191310.88714 0 26177250.00059 28210026.49658 61674326.41235 152635129.78399 318364714.15144 219499081.29452997 280540831.26838 365636593.06601 
215455138.64367 220444026.12954 193846925.40478998 134435392.16329 158955049.05523998 203834152.98571998 251782435.48176998 234501219.17614 188414106.02144998 267179360.13953 65368560.88773 26177250.00059 0 17935970.86563 51400270.781399995 142361074.15304 342473721.74046 209225025.66358 268622665.66978 391813843.06659997 
217487915.13966 202508055.26391 175910954.53915998 116499421.29766 141019078.18961 185898182.12009 233846464.61614 236533995.67213002 206350076.88707998 285115331.00516 67401337.38372 28210026.49658 17935970.86563 0 33464299.91577 124425103.28740999 324537750.87483 211257802.15956998 252330804.77179998 393846619.56259 
250952215.05543 227559392.94193 200962292.21717998 149963721.21343 174483378.10538 219362482.03586 267310764.53191 269998295.58790004 239814376.80284998 318579630.92092997 100865637.29949 61674326.41235 51400270.781399995 33464299.91577 0 90960803.37164 291073450.95905995 193024252.59511998 285795104.68757 427310919.47836 
177826068.89449 251799114.79949 225202014.07474 240924524.58506998 265444181.47701997 258693624.37043 356264035.82993996 360959098.95954 330775180.17449 409540434.29257 191826440.67113 152635129.78399 142361074.15304 124425103.28740999 90960803.37164 0 200112647.58742 217263974.45268 361150857.8728 354184773.31742 
324908885.44346 202509198.11537 229106298.84012 288517832.08162 313037488.97357 357916592.90405 380028118.27282 365473319.7525799 389181929.19526 431352093.54126 357556025.03858 318364714.15144 342473721.7404599 324537750.87482995 291073450.95905995 200112647.58742 0 417376622.0401 424349215.55575997 501267589.86639 
257420940.28109 285339675.67169 286832571.31204 227421038.07053998 202901381.17859 158022277.24811 183246865.46029 240066938.63658 249934463.43434998 243141657.43661 217991870.89016998 219499081.29453 209225025.66358 211257802.15956998 193024252.59511998 217263974.45268 417376622.0401 0 330791763.53543 433779644.70401996 
344239704.76848 221840017.44039 195242916.71563998 135831383.47414 160351040.36609 205230144.29657 192522520.42032 234515519.60412 184010816.61875 262776070.73683 318439872.08074 280540831.26838 268622665.66978 252330804.77179998 285795104.68757 361150857.8728 424349215.55575997 330791763.53543 0 426759050.5209 
176358704.42293 298758391.75102 325355492.47577 290927667.04676 315447323.93871 360326427.86919 408274710.36524 446707285.48468 396202582.49931 474967836.61739 370783821.26652 365636593.06601 391813843.06659997 393846619.56259 427310919.47836 354184773.31742 501267589.86639 433779644.70401996 426759050.5209 0 
