31
location19 location1 location60 location74 location28 location16 location79 location11 location77 location67 location51 location13 location36 location72 location94 location0 location54 location14 location31 location49 location71 location27 location63 location89 location35 location57 location24 location83 location87 location86 location12
0 2.4408 5.6646 9.177 11.306000000000001 10.9201 8.0845 8.581399999999999 10.9409 8.0694 11.1804 9.2597 6.2437000000000005 9.0829 10.5508 11.365300000000001 5.8975 11.2864 11.2919 8.2325 4.5608 10.741600000000002 9.7532 7.4499 10.9304 5.7221 5.2605 8.2194 17.939200000000003 15.7732 5.6152999999999995 
2.4408 0 3.2238 6.7362 13.3695 13.360899999999999 10.5253 11.022199999999998 9.6739 6.8024000000000004 9.913400000000001 11.7005 8.6845 11.5237 12.9916 13.1976 8.3383 12.4148 12.559899999999999 10.673300000000001 7.0016 13.182400000000001 12.193999999999999 9.890699999999999 13.3712 8.1629 7.7013 5.7786 16.0155 18.214 8.0561 
5.6646 3.2238 0 3.5124 10.1457 10.4316 11.2157 14.245999999999999 12.8977 10.0262 11.9965 14.9243 11.9083 10.8855 12.976 13.1679 11.562100000000001 15.6386 15.7837 13.8971 10.2254 15.302700000000002 15.4178 13.1145 15.4915 11.386700000000001 10.9251 9.0024 19.2393 17.5758 11.2799 
9.177 6.7362 3.5124 0 6.6333 6.9192 7.7033000000000005 12.3354 13.1792 11.5951 8.4841 12.0392 10.212299999999999 7.3731 9.4636 9.6555 13.5841 17.2237 17.2292 12.926 10.673100000000002 11.790300000000002 13.897099999999998 11.593799999999998 11.9791 14.8991 14.4375 12.5148 17.4276 14.063400000000001 14.7923 
11.306000000000001 13.3695 10.1457 6.6333 0 6.0279 6.811999999999999 11.444099999999999 12.287899999999999 9.7764 6.6654 9.454500000000001 9.321 6.4818 8.5723 8.764199999999999 9.321 12.9606 11.1267 6.2927 8.7748 9.892 8.6426 9.934000000000001 10.0808 11.1661 15.088000000000001 12.2444 16.5363 13.1721 14.831600000000002 
10.9201 13.360899999999999 10.4316 6.9192 6.0279 0 2.8356 7.4677 11.1068 9.4406 12.5516 10.8236 9.6069 6.7677 8.8582 9.0501 13.845899999999999 12.657600000000002 12.663100000000002 12.3206 12.509199999999998 15.919900000000002 11.124400000000001 8.821100000000001 15.043199999999999 16.1652 16.1806 9.6699 16.8222 13.457999999999998 16.087799999999998 
8.0845 10.5253 11.2157 7.7033000000000005 6.811999999999999 2.8356 0 4.632099999999999 8.2712 11.142700000000001 9.8474 9.9539 10.391 7.5518 6.8291 9.8342 11.0103 14.564300000000003 14.128200000000001 10.5195 9.6736 13.1536 8.713799999999999 6.4105 12.2076 13.8066 13.345 8.883199999999999 17.6063 14.2421 13.2522 
8.5814 11.0222 14.246 12.3354 11.4441 7.467699999999999 4.632099999999999 0 3.6391 6.5106 9.6216 12.0578 12.2844 9.4452 11.4612 7.1628 12.2576 12.2741 12.4192 11.5896 11.1485 14.628500000000003 10.1887 7.8854 13.6825 12.4586 13.374500000000001 5.6379 15.8748 16.1355 14.196700000000002 
10.940900000000001 9.6739 12.8977 13.1792 12.2879 11.1068 8.2712 3.6391 0 2.8715 5.9825 9.5376 8.645299999999999 5.8061 7.896599999999999 3.5237 11.697000000000001 12.649900000000002 12.655400000000002 13.4544 13.386700000000001 14.503900000000002 11.116700000000002 8.813400000000001 14.6927 14.879199999999999 16.2014 8.5127 15.860600000000002 12.496400000000001 16.5562 
8.0694 6.8024000000000004 10.026200000000001 11.5951 9.7764 9.4406 11.1427 6.5106 2.8715 0 3.111 6.6661 7.2232 8.6776 10.7681 6.3952 12.2609 9.778400000000001 9.783900000000001 10.5829 10.5152 11.6324 8.2452 5.9419 11.821200000000001 12.0077 13.3299 5.6411999999999995 15.8781 15.367899999999999 13.684700000000001 
11.1804 9.9134 11.9965 8.4841 6.6654 12.5516 9.8474 9.6216 5.9825 3.111 0 3.5551 6.9032 9.7424 8.3306 9.5062 10.3152 12.628 8.8573 7.4719 7.404200000000001 8.5214 9.8218 8.3249 8.7102 8.8967 13.717400000000001 5.9918 16.2287 16.4327 15.1666 
9.259699999999999 11.700499999999998 14.924299999999999 12.039200000000001 9.4545 10.8236 9.9539 12.0578 9.537600000000001 6.6661 3.5551 0 3.3481 6.1873000000000005 8.277800000000001 8.4697 7.274699999999999 10.9143 5.3022 4.4726 8.5655 9.6827 9.035599999999999 8.1177 9.8715 5.3416 11.9112 6.4199 16.2418 12.877600000000001 13.0153 
6.2437000000000005 8.6845 11.9083 10.212299999999999 9.321 9.6069 10.390999999999998 12.284399999999998 8.645299999999999 7.2232 6.9032 3.3481 0 2.8392 4.9297 5.1216 7.609999999999999 10.4402 8.3146 7.8207 6.2733 12.0369 8.907 6.6037 12.2257 8.6897 11.5042 7.4525 12.893699999999999 9.529499999999999 11.859 
9.082899999999999 11.523699999999998 10.8855 7.3731 6.4818 6.7677 7.5518 9.4452 5.8061 8.6776 9.7424 6.1873000000000005 2.8392 0 2.0905 2.2824 10.4492 12.7509 11.1538 10.6599 8.0805 9.197700000000001 11.7462 9.4429 9.3865 11.5289 13.851299999999998 6.1147 10.0545 6.690300000000001 14.698199999999998 
10.550799999999999 12.991599999999998 12.975999999999999 9.4636 8.5723 8.8582 6.8291 11.461200000000002 7.896599999999999 10.7681 8.3306 8.277800000000001 4.9297 2.0905 0 4.3729 8.901 12.540600000000001 12.546100000000001 9.907500000000002 5.99 7.107200000000001 12.0244 11.4403 7.296 12.764800000000001 12.3032 8.205200000000001 12.145 8.7808 16.166099999999997 
11.365300000000001 13.197600000000001 13.1679 9.6555 8.7642 9.0501 9.8342 7.1628 3.5237 6.3952 9.5062 8.4697 5.1216 2.2824 4.3729 0 8.173300000000001 13.856600000000002 9.8437 11.696900000000001 10.3629 11.4801 14.0286 11.7253 11.668899999999999 13.8113 16.1337 8.3971 12.3369 8.9727 16.9806 
5.8975 8.3383 11.562100000000001 13.584100000000001 9.321 13.8459 11.0103 12.2576 11.697000000000001 12.2609 10.3152 7.274699999999999 7.609999999999999 10.4492 8.901 8.173300000000001 0 5.6833 10.3289 7.6903 5.927099999999999 9.0918 11.7022 9.3989 9.2806 11.619599999999998 11.158 6.6197 16.8566 17.139499999999998 11.5128 
11.2864 12.4148 15.6386 17.2237 12.9606 12.6576 14.564300000000001 12.2741 12.649899999999999 9.7784 12.628 10.9143 10.4402 12.7509 12.5406 13.8566 5.6833 0 7.8035 11.329900000000002 11.6104 12.7314 11.4622 9.1589 12.9202 13.456900000000001 14.372800000000002 6.6362000000000005 16.8731 19.441200000000002 16.901699999999998 
11.2919 12.559899999999999 15.7837 17.229200000000002 11.1267 12.6631 14.1282 12.4192 12.6554 9.7839 8.8573 5.3022 8.314599999999999 11.153799999999999 12.546100000000001 9.8437 10.3289 7.8035 0 4.834 9.5626 12.736900000000002 11.4677 9.1644 10.8505 5.702999999999999 12.272599999999999 6.7813 17.0182 17.844099999999997 16.0219 
8.2325 10.6733 13.8971 12.926 6.2927 12.3206 10.5195 11.5896 13.4544 10.5829 7.4719 4.4726 7.8207 10.6599 9.9075 11.696900000000001 7.6903 11.329899999999999 4.834 0 4.7286 10.0983 8.5936 6.2903 6.016500000000001 4.8734 11.443 5.951700000000001 16.1886 17.3502 11.1879 
4.5608 7.0016 10.2254 10.6731 8.774799999999999 12.5092 9.6736 11.148499999999999 13.386700000000001 10.5152 7.4041999999999994 8.5655 6.2733 8.0805 5.99 10.3629 5.927099999999999 11.6104 9.5626 4.7286 0 6.1808 8.9938 6.6905 6.3696 8.747499999999999 8.2859 10.6803 18.135 14.770800000000001 10.1761 
10.741599999999998 13.182399999999998 15.3027 11.7903 9.892 15.9199 13.1536 14.628499999999999 14.503900000000002 11.6324 8.5214 9.6827 12.036900000000001 9.197700000000001 7.107200000000001 11.4801 9.0918 12.7314 12.7369 10.098300000000002 6.1808 0 4.9172 7.2205 5.9914000000000005 12.9556 12.494 13.3917 19.252200000000002 15.888000000000002 16.2435 
9.7532 12.193999999999999 15.4178 13.8971 8.6426 11.1244 8.713799999999999 10.1887 11.116700000000002 8.2452 9.8218 9.0356 8.907 11.7462 12.0244 14.0286 11.702199999999998 11.4622 11.4677 8.593599999999999 8.9938 4.9172 0 2.3033 10.281699999999999 13.466999999999999 15.0137 8.474499999999999 18.115000000000002 18.4365 11.3263 
7.4498999999999995 9.890699999999999 13.1145 11.5938 9.934000000000001 8.8211 6.4105 7.8854 8.813400000000001 5.9419 8.3249 8.117700000000001 6.6037 9.4429 11.4403 11.7253 9.398900000000001 9.1589 9.1644 6.2903 6.6905 7.2205 2.3033 0 7.978400000000001 11.1637 12.7104 6.1712 15.811700000000002 16.1332 9.023 
10.930399999999999 13.371199999999998 15.4915 11.9791 10.0808 15.043199999999999 12.2076 13.682499999999997 14.692700000000002 11.821200000000001 8.7102 9.871500000000001 12.2257 9.3865 7.296 11.6689 9.2806 12.920200000000001 10.8505 6.016500000000001 6.3696 5.9914000000000005 10.2817 7.978400000000001 0 10.8899 12.6828 11.968200000000001 19.441 16.0768 12.876000000000001 
5.7221 8.1629 11.386700000000001 14.8991 11.1661 16.1652 13.806600000000001 12.4586 14.8792 12.0077 8.8967 5.3416 8.6897 11.5289 12.7648 13.8113 11.6196 13.456900000000001 5.702999999999999 4.8734 8.747499999999999 12.9556 13.467 11.1637 10.8899 0 6.569599999999999 6.8207 17.0576 18.2192 11.3374 
5.2605 7.7013 10.9251 14.4375 15.088 16.180600000000002 13.345 13.374500000000001 16.2014 13.3299 13.7174 11.9112 11.5042 13.8513 12.303199999999999 16.1337 11.158000000000001 14.372800000000002 12.272599999999999 11.443 8.2859 12.494 15.0137 12.7104 12.682799999999999 6.569599999999999 0 7.736600000000001 17.9735 20.541600000000003 10.8758 
8.2194 5.7786 9.0024 12.5148 12.2444 9.6699 8.8832 5.6379 8.512699999999999 5.6411999999999995 5.9918 6.4199 7.4525 6.1147 8.2052 8.3971 6.6197 6.6362000000000005 6.7813 5.951700000000001 10.680299999999999 13.391699999999998 8.474499999999999 6.1712 11.9682 6.8207 7.736599999999999 0 10.2369 12.805 13.8347 
17.939200000000003 16.015500000000003 19.239300000000004 17.427599999999998 16.536299999999997 16.8222 17.606299999999997 15.874800000000002 15.8606 15.878100000000002 16.228700000000003 16.241799999999998 12.893699999999999 10.054499999999999 12.145 12.3369 16.856600000000004 16.8731 17.018200000000004 16.1886 18.134999999999998 19.2522 18.115000000000002 15.811700000000002 19.441 17.0576 17.9735 10.236900000000002 0 3.3642 23.5545 
15.7732 18.214 17.5758 14.0634 13.1721 13.458 14.2421 16.1355 12.4964 15.367899999999999 16.4327 12.877600000000001 9.5295 6.690300000000001 8.780800000000001 8.9727 17.139499999999998 19.441200000000002 17.8441 17.3502 14.770800000000001 15.888000000000002 18.436500000000002 16.133200000000002 16.076800000000002 18.2192 20.5416 12.805 3.3642 0 21.388499999999997 
5.6152999999999995 8.056099999999999 11.2799 14.7923 14.831600000000002 16.0878 13.2522 14.1967 16.5562 13.6847 15.1666 13.015300000000002 11.859 14.6982 16.1661 16.9806 11.512799999999999 16.9017 16.0219 11.187899999999999 10.1761 16.243499999999997 11.3263 9.023 12.876 11.337399999999999 10.8758 13.8347 23.5545 21.3885 0 
