25
SXCXT 8D0H4 IY314 MXX55 N6XF7 TC4MB 49CGM SKA5V ZCU97 DYG9M T5W7D JXXUO SZKKG XOPIR FOXDK NV2VY 0JUN2 S1W7I YGEXQ EI5ZM 1P1UA Z6GW2 KPNHM OLSL2 O2XJ9
0 1.44 2.6 1.8 1.99 1.82 3.09 1.53 2.35 1.88 2.38 1.91 2.52 2.17 2.53 2.54 2.24 1.99 2.27 2.94 2.77 1.74 2.99 1.07 1.08 
1.44 0 1.9 2.1 3.29 2.44 3.4 2.73 2.5 3.32 2.94 2.47 2.84 2.47 2.89 3.12 3.49 3.4299999999999997 2.11 2.54 2.39 2.36 2.61 1.37 1.52 
2.6 1.9 0 1.2 2.31 2.04 3.31 1.75 2.5999999999999996 1.82 2.19 1.91 2.15 2.21 2.63 2.22 1.92 1.67 1.67 1.64 1.49 2.16 3.22 1.53 1.68 
1.8 2.1 1.2 0 1.35 2.74 2.27 2.71 1.4 1.62 2.17 1.8 2.59 2.73 2.48 2.18 1.88 1.63 2.63 1.6 1.69 2.34 2.09 1.73 2.88 
1.99 3.29 2.31 1.35 0 1.39 2.35 1.68 1.75 2.9699999999999998 2.01 2.06 2.3 2.1 3.52 2.01 2.05 1.82 2.5300000000000002 1.79 2.79 2.17 3.31 1.92 2.6 
1.82 2.44 2.04 2.74 1.39 0 1.27 1.29 1.6 1.82 1.62 2.83 2.6 2.71 2.64 2.4 2.1 2.21 2.92 1.96 3.45 1.78 2.16 1.89 2.21 
3.09 3.4 3.31 2.27 2.35 1.27 0 1.56 1.87 3.09 1.89 2.78 2.87 2.5 2.68 3.03 2.71 2.48 2.8 2.23 2.8 2.33 2.08 2.16 3.31 
1.53 2.73 1.75 2.71 1.68 1.29 1.56 0 1.31 1.53 1.91 2.22 2.79 1.94 2.42 2.69 2.39 3.34 3.09 2.31 2.24 2.38 2.9000000000000004 1.6 2.43 
2.35 2.5 2.5999999999999996 1.4 1.75 1.6 1.87 1.31 0 1.22 2.76 2.2 2.6900000000000004 1.66 2.08 3.42 2.28 3.03 1.78 2.0 2.53 1.96 3.21 1.91 2.13 
1.88 3.32 1.82 1.62 2.9699999999999998 1.82 3.09 1.53 1.22 0 2.08 3.0 2.91 2.85 2.72 2.64 2.5 2.87 3.0 2.22 2.31 2.29 2.74 2.95 1.96 
2.38 2.94 2.19 2.17 2.01 1.62 1.89 1.91 2.76 2.08 0 1.47 2.98 2.36 3.4299999999999997 2.77 2.72 2.64 2.49 3.33 2.58 3.09 2.13 1.85 3.0 
1.91 2.47 1.91 1.8 2.06 2.83 2.78 2.22 2.2 3.0 1.47 0 1.51 1.57 2.99 2.3 2.59 3.34 2.26 2.99 3.4 2.38 3.5999999999999996 1.38 1.95 
2.52 2.84 2.15 2.59 2.3 2.6 2.87 2.79 2.6900000000000004 2.91 2.98 1.51 0 1.06 1.48 2.71 2.65 2.58 2.44 2.77 1.99 2.56 2.31 2.59 1.44 
2.17 2.47 2.21 2.73 2.1 2.71 2.5 1.94 1.66 2.85 2.36 1.57 1.06 0 1.42 3.33 2.63 3.5599999999999996 1.69 2.56 1.93 1.81 2.25 1.95 2.5 
2.53 2.89 2.63 2.48 3.52 2.64 2.68 2.42 2.08 2.72 3.4299999999999997 2.99 1.48 1.42 0 2.23 2.53 2.78 2.86 3.08 2.35 2.23 2.6 2.52 2.92 
2.54 3.12 2.22 2.18 2.01 2.4 3.03 2.69 3.42 2.64 2.77 2.3 2.71 3.33 2.23 0 1.3 1.55 1.64 2.56 2.71 3.04 3.3 3.38 2.62 
2.24 3.49 1.92 1.88 2.05 2.1 2.71 2.39 2.28 2.5 2.72 2.59 2.65 2.63 2.53 1.3 0 1.25 1.94 1.8 3.41 2.97 3.46 2.31 3.32 
1.99 3.4299999999999997 1.67 1.63 1.82 2.21 2.48 3.34 3.03 2.87 2.64 3.34 2.58 3.5599999999999996 2.78 1.55 1.25 0 2.1 3.05 3.16 2.72 2.72 3.06 2.07 
2.27 2.11 1.67 2.63 2.5300000000000002 2.92 2.8 3.09 1.78 3.0 2.49 2.26 2.44 1.69 2.86 1.64 1.94 2.1 0 1.92 2.16 3.27 3.52 1.74 2.19 
2.94 2.54 1.64 1.6 1.79 1.96 2.23 2.31 2.0 2.22 3.33 2.99 2.77 2.56 3.08 2.56 1.8 3.05 1.92 0 2.13 2.58 3.08 1.97 3.02 
2.77 2.39 1.49 1.69 2.79 3.45 2.8 2.24 2.53 2.31 2.58 3.4 1.99 1.93 2.35 2.71 3.41 3.16 2.16 2.13 0 1.67 1.92 2.02 3.17 
1.74 2.36 2.16 2.34 2.17 1.78 2.33 2.38 1.96 2.29 3.09 2.38 2.56 1.81 2.23 3.04 2.97 2.72 3.27 2.58 1.67 0 1.25 2.4 2.31 
2.99 2.61 3.22 2.09 3.31 2.16 2.08 2.9000000000000004 3.21 2.74 2.13 3.5999999999999996 2.31 2.25 2.6 3.3 3.46 2.72 3.52 3.08 1.92 1.25 0 2.65 3.18 
1.07 1.37 1.53 1.73 1.92 1.89 2.16 1.6 1.91 2.95 1.85 1.38 2.59 1.95 2.52 3.38 2.31 3.06 1.74 1.97 2.02 2.4 2.65 0 1.15 
1.08 1.52 1.68 2.88 2.6 2.21 3.31 2.43 2.13 1.96 3.0 1.95 1.44 2.5 2.92 2.62 3.32 2.07 2.19 3.02 3.17 2.31 3.18 1.15 0 
