24
94 45 44 16 80 78 76 89 88 24 67 75 81 49 38 57 61 79 85 51 36 20 7 1
0 28.0 39.0 50.0 61.0 72.0 83.0 94.0 105.0 116.0 127.0 138.0 149.0 160.0 171.0 182.0 193.0 204.0 50.0 39.0 140.0 196.0 259.0 70.0 
28.0 0 11.0 22.0 33.0 44.0 55.0 66.0 77.0 88.0 99.0 110.0 121.0 132.0 143.0 154.0 165.0 176.0 22.0 11.0 112.0 168.0 231.0 98.0 
39.0 11.0 0 11.0 22.0 33.0 44.0 55.0 66.0 77.0 88.0 99.0 110.0 121.0 132.0 143.0 154.0 165.0 22.0 11.0 123.0 179.0 242.0 109.0 
50.0 22.0 11.0 0 11.0 22.0 33.0 44.0 55.0 66.0 77.0 88.0 99.0 110.0 121.0 132.0 143.0 154.0 11.0 22.0 134.0 190.0 253.0 120.0 
61.0 33.0 22.0 11.0 0 11.0 22.0 33.0 44.0 55.0 66.0 77.0 88.0 99.0 110.0 121.0 132.0 143.0 22.0 33.0 145.0 201.0 264.0 131.0 
72.0 44.0 33.0 22.0 11.0 0 11.0 22.0 33.0 44.0 55.0 66.0 77.0 88.0 99.0 110.0 121.0 132.0 33.0 44.0 156.0 212.0 275.0 142.0 
83.0 55.0 44.0 33.0 22.0 11.0 0 11.0 22.0 33.0 44.0 55.0 66.0 77.0 88.0 99.0 110.0 121.0 44.0 55.0 167.0 223.0 286.0 153.0 
94.0 66.0 55.0 44.0 33.0 22.0 11.0 0 11.0 22.0 33.0 44.0 55.0 66.0 77.0 88.0 99.0 110.0 55.0 66.0 178.0 234.0 297.0 164.0 
105.0 77.0 66.0 55.0 44.0 33.0 22.0 11.0 0 11.0 22.0 33.0 44.0 55.0 66.0 77.0 88.0 99.0 66.0 77.0 189.0 245.0 308.0 175.0 
116.0 88.0 77.0 66.0 55.0 44.0 33.0 22.0 11.0 0 11.0 22.0 33.0 44.0 55.0 66.0 77.0 88.0 77.0 88.0 200.0 256.0 319.0 186.0 
127.0 99.0 88.0 77.0 66.0 55.0 44.0 33.0 22.0 11.0 0 11.0 22.0 33.0 44.0 55.0 66.0 77.0 88.0 99.0 211.0 267.0 330.0 197.0 
138.0 110.0 99.0 88.0 77.0 66.0 55.0 44.0 33.0 22.0 11.0 0 11.0 22.0 33.0 44.0 55.0 66.0 99.0 110.0 222.0 278.0 341.0 208.0 
149.0 121.0 110.0 99.0 88.0 77.0 66.0 55.0 44.0 33.0 22.0 11.0 0 11.0 22.0 33.0 44.0 55.0 110.0 121.0 233.0 289.0 352.0 219.0 
160.0 132.0 121.0 110.0 99.0 88.0 77.0 66.0 55.0 44.0 33.0 22.0 11.0 0 11.0 22.0 33.0 44.0 121.0 132.0 244.0 300.0 363.0 230.0 
171.0 143.0 132.0 121.0 110.0 99.0 88.0 77.0 66.0 55.0 44.0 33.0 22.0 11.0 0 11.0 22.0 33.0 132.0 143.0 255.0 311.0 374.0 241.0 
182.0 154.0 143.0 132.0 121.0 110.0 99.0 88.0 77.0 66.0 55.0 44.0 33.0 22.0 11.0 0 11.0 22.0 143.0 154.0 266.0 322.0 385.0 252.0 
193.0 165.0 154.0 143.0 132.0 121.0 110.0 99.0 88.0 77.0 66.0 55.0 44.0 33.0 22.0 11.0 0 11.0 154.0 165.0 277.0 333.0 396.0 263.0 
204.0 176.0 165.0 154.0 143.0 132.0 121.0 110.0 99.0 88.0 77.0 66.0 55.0 44.0 33.0 22.0 11.0 0 165.0 176.0 288.0 344.0 407.0 274.0 
50.0 22.0 22.0 11.0 22.0 33.0 44.0 55.0 66.0 77.0 88.0 99.0 110.0 121.0 132.0 143.0 154.0 165.0 0 11.0 134.0 190.0 253.0 120.0 
39.0 11.0 11.0 22.0 33.0 44.0 55.0 66.0 77.0 88.0 99.0 110.0 121.0 132.0 143.0 154.0 165.0 176.0 11.0 0 123.0 179.0 242.0 109.0 
140.0 112.0 123.0 134.0 145.0 156.0 167.0 178.0 189.0 200.0 211.0 222.0 233.0 244.0 255.0 266.0 277.0 288.0 134.0 123.0 0 56.0 119.0 210.0 
196.0 168.0 179.0 190.0 201.0 212.0 223.0 234.0 245.0 256.0 267.0 278.0 289.0 300.0 311.0 322.0 333.0 344.0 190.0 179.0 56.0 0 63.0 266.0 
259.0 231.0 242.0 253.0 264.0 275.0 286.0 297.0 308.0 319.0 330.0 341.0 352.0 363.0 374.0 385.0 396.0 407.0 253.0 242.0 119.0 63.0 0 329.0 
70.0 98.0 109.0 120.0 131.0 142.0 153.0 164.0 175.0 186.0 197.0 208.0 219.0 230.0 241.0 252.0 263.0 274.0 120.0 109.0 210.0 266.0 329.0 0 
