20
33 9 12 45 0 1 5 31 18 26 48 46 27 32 17 2 37 3 14 10
0 498762964.26457 762629016.23577 1156415164.9040499 943567625.3553699 915223396.14112 1596019903.5072498 413105278.78572 784401155.96892 1083513951.7099 1388972886.30895 831784775.0606999 983650149.0948399 2027721299.52255 1870103377.23673 683489797.32951 1143137252.24684 1547984247.01494 936884987.60201 26391289.16712 
498762964.26457 0 263866051.9712 657652200.63948 895311941.62558 923656170.8398299 1097256939.24268 620786552.63286 992082429.81606 1291195225.55704 1843656811.31376 1330547739.32527 1482413113.3594098 2526484263.78712 2368866341.5013 1182252761.59408 1621335323.3615701 1389039649.86226 1382865373.53234 472371675.09745 
762629016.23577 263866051.9712 0 393786148.66828 631445889.65438 659790118.8686299 833390887.2714801 884652604.6040599 1255948481.78726 1555061277.5282402 2107522863.28496 1594413791.29647 1583977032.2509599 2748111895.39741 2632732393.4725 1446118813.56528 1679962089.45876 1275115094.69066 1646731425.50354 736237727.06865 
1156415164.9040499 657652200.63948 393786148.66828 0 237659740.9861 266003970.20035 439604738.6032 768122087.55575 1139417964.73895 1438530760.47993 1759341038.87691 1546353578.43464 1977763180.91924 2752227869.3503103 2594609947.0644903 1392940537.29055 1768670858.28446 1664673090.89389 2040517574.17182 1130023875.73693 
943567625.3553699 895311941.62558 631445889.65438 237659740.9861 0 28344229.21425 677264479.5893 530462346.56964993 901758223.7528499 1200871019.49383 1753332605.25055 1775352400.41607 1884249748.79769 2514568128.36421 2356950206.07839 1155280796.30445 1531011117.29836 1427013349.90779 1880452612.9573798 969958914.5224899 
915223396.14112 923656170.8398299 659790118.8686299 266003970.20035 28344229.21425 0 705608708.80355 502118117.35539997 873413994.5386 1172526790.27958 1724988376.0363 1747008171.20182 1855905519.58344 2486223899.14996 2328605976.86414 1126936567.0902 1502666888.08411 1455357579.12204 1852108383.74313 941614685.3082399 
1596019903.50725 1097256939.24268 833390887.2714801 439604738.6032 677264479.5893 705608708.80355 0 1207726826.15895 1579022703.3421502 1878135499.0831304 2198945777.48011 1985958317.03784 2417367919.52244 2803238835.49277 2645620913.20695 1443951503.4330099 1903598958.35034 2104277829.4970899 2480122312.77502 1569628614.34013 
413105278.78572 620786552.63286 884652604.6040599 768122087.5557499 530462346.56964993 502118117.35539997 1207726826.1589499 0 371295877.1832 670408672.92418 1222870258.6809 1244890053.8464198 1396755427.88056 1984105781.79456 1826487859.50874 624818449.7348 1000548770.7287099 1405395765.49681 1349990266.3877301 439496567.95284 
784401155.96892 992082429.81606 1255948481.78726 1139417964.73895 901758223.7528499 873413994.5386 1579022703.34215 371295877.1832 0 299112795.74098 851574381.4977 1408762492.74595 1768051305.0637598 2102602224.15094 1944984301.86512 996114326.918 1371844647.91191 1776691642.68001 1068965285.68358 810792445.13604 
1083513951.7099 1291195225.55704 1555061277.52824 1438530760.4799302 1200871019.4938302 1172526790.27958 1878135499.0831301 670408672.92418 299112795.74098 0 1150687177.2386801 1707875288.4869301 2067164100.80474 2401715019.89192 2244097097.6061 1295227122.65898 1670957443.65289 2075804438.42099 1368078081.42456 1109905240.87702 
1388972886.30895 1843656811.3137598 2107522863.2849598 1759341038.87691 1753332605.25055 1724988376.0363002 2198945777.48011 1222870258.6809 851574381.4977 1150687177.23868 0 557188111.24825 2040944978.04675 1251027842.65324 1093409920.36742 936581313.23065 1396228768.14798 1801075762.91608 1920539667.1812801 1415364175.47607 
831784775.0606999 1330547739.32527 1594413791.29647 1546353578.43464 1775352400.41607 1747008171.20182 1985958317.03784 1244890053.8464198 1408762492.74595 1707875288.48693 557188111.24825 0 1483756866.7985 1808215953.90149 1650598031.61567 1488227298.6629498 1947874753.5802798 2352721748.34838 1508386325.61162 858176064.2278199 
983650149.0948399 1482413113.3594098 1583977032.2509599 1977763180.91924 1884249748.7976902 1855905519.58344 2417367919.52244 1396755427.88056 1768051305.0637598 2067164100.80474 2040944978.04675 1483756866.7985 0 1164134863.14645 1321752785.43227 1667139946.42435 2126787401.34168 2167804980.68992 1660251699.64576 1010041438.2619599 
2027721299.52255 2526484263.78712 2748111895.39741 2752227869.3503103 2514568128.36421 2486223899.14996 2803238835.49277 1984105781.79456 2102602224.15094 2401715019.89192 1251027842.65324 1808215953.90149 1164134863.14645 0 157617922.28582 1359287332.05976 1818934786.9770901 2223781781.74519 1960119162.8126602 2054112588.68967 
1870103377.23673 2368866341.5013 2632732393.4725 2594609947.0644903 2356950206.07839 2328605976.86414 2645620913.20695 1826487859.50874 1944984301.86512 2244097097.6061 1093409920.36742 1650598031.61567 1321752785.43227 157617922.28582 0 1201669409.77394 1661316864.69127 2066163859.4593701 1802501240.5268402 1896494666.40385 
683489797.32951 1182252761.59408 1446118813.56528 1392940537.29055 1155280796.30445 1126936567.0902 1443951503.4330099 624818449.7348 996114326.918 1295227122.65898 936581313.23065 1488227298.66295 1667139946.4243498 1359287332.05976 1201669409.77394 0 459647454.91732997 864494449.68543 1620374784.93152 709881086.49663 
1143137252.24684 1621335323.36157 1679962089.45876 1768670858.28446 1531011117.29836 1502666888.08411 1903598958.35034 1000548770.7287099 1371844647.91191 1670957443.6528902 1396228768.14798 1947874753.5802798 2126787401.34168 1818934786.97709 1661316864.6912699 459647454.91732997 0 404846994.7681 1376560505.61068 1169528541.41396 
1547984247.01494 1389039649.86226 1275115094.69066 1664673090.89389 1427013349.90779 1455357579.12204 2104277829.4970899 1405395765.49681 1776691642.6800098 2075804438.42099 1801075762.91608 2352721748.34838 2167804980.68992 2223781781.74519 2066163859.4593701 864494449.68543 404846994.7681 0 1781407500.3787801 1574375536.18206 
936884987.60201 1382865373.53234 1646731425.50354 2040517574.1718202 1880452612.9573803 1852108383.7431302 2480122312.77502 1349990266.3877301 1068965285.68358 1368078081.42456 1920539667.18128 1508386325.61162 1660251699.64576 1960119162.8126602 1802501240.5268402 1620374784.93152 1376560505.61068 1781407500.3787801 0 910493698.43489 
26391289.16712 472371675.09745 736237727.06865 1130023875.73693 969958914.5224899 941614685.3082399 1569628614.3401299 439496567.95284 810792445.13604 1109905240.87702 1415364175.47607 858176064.2278199 1010041438.26196 2054112588.68967 1896494666.40385 709881086.49663 1169528541.41396 1574375536.18206 910493698.43489 0 
