43
67 16 76 81 3 71 34 61 69 42 60 0 47 66 62 72 7 41 25 35 70 17 96 30 24 31 38 44 78 14 86 29 11 50 13 83 88 4 56 23 68 99 2
0 182704764.23044 249975764.63437998 207690578.60639 374089516.27673995 433964384.79775995 473142001.31618 599203417.9492 818025779.7502201 903070053.6725299 709782528.8665099 709667999.77051 374172174.32392 604029520.94308 562140044.60607 226358663.09893999 208762631.45518 321320015.83289 344472965.24186003 497732117.31656003 460276553.69898 490607003.27469 340167913.78047 631260067.7284 731327607.685 943601752.91264 597024294.88358 618488589.89925 86192434.1232 443339143.75757 450843627.03470004 581164094.2683799 554490767.35995 503354271.34651 850399310.19127 824731092.7520399 860455976.05195 817913904.7688199 887383259.22356 495421352.45963 532745054.27065 269109329.30302 73141821.56466 
182704764.23044 0 67271000.40394 184406611.08901 350805548.75935996 497342678.28461 605033479.83117 731094896.46419 921156597.59415 912660122.8645201 720102424.8505499 719987895.75455 384492070.3079599 614349416.92712 572459940.59011 236678559.08297998 219082527.43921998 331639911.81692994 354792861.22589993 366345935.4239 470596449.68301994 500926899.25872993 350487809.76451 641579963.71244 741647503.66904 953921648.89668 607344190.86762 628808485.88329 96512330.10723999 453659039.74161005 461163523.01874006 591483990.25242 564810663.34399 512376088.26929003 859421127.11405 861152213.8531599 870775872.03599 828233800.75286 897703155.2076 505011421.65162003 543064950.2546899 279429225.28705996 109562942.66578 
249975764.63437998 67271000.40394 0 251677611.49295002 398645880.70813 564613678.68855 672304480.23511 798365896.86813 988427597.9980899 979931123.26846 787373425.2544899 787258896.15849 451763070.7119 681620417.3310599 639730940.99405 303949559.48692 286353527.84316 398910912.22086996 422063861.62984 299074935.01996 537867450.08696 568197899.6626699 417758810.16845 708850964.11638 808918504.0729799 1021192649.30062 674615191.2715601 696079486.28723 163783330.51118 520930040.14555 528434523.42268 658754990.65636 632081663.74793 579647088.67323 926692127.51799 928423214.2571 938046872.43993 895504801.1568 964974155.61154 572282422.05556 610335950.65863 346700225.691 176833943.06972 
207690578.60639 184406611.08901 251677611.49295002 0 166398937.67035 555003831.93092 680832579.92257 806893996.55559 946142411.9700999 937645937.2404699 745088239.2264999 744973710.1305 409477884.68391 639335231.3030701 597445754.9660599 261664373.45893 244068341.81517 356625726.19288 379778675.60185003 533037827.67655003 495582264.05897 525912713.63468 375473624.14046 666565778.08839 766633318.0449901 978907463.2726301 632330005.24357 653794300.2592399 121498144.48319 478644854.11756 486149337.39469004 616469804.6283699 589796477.71994 327969477.18028 675014516.02504 886138028.22911 895761686.41194 853219615.1288099 922688969.58355 529997236.02757 568050764.63064 304415039.66301 134548757.04173 
374089516.27674 350805548.75936 398645880.70813 166398937.67035 0 388604894.26057 633461753.62031 759523170.25333 978345532.0543499 1099514988.6371999 911487176.8968499 911372647.8008499 575876822.35426 805734168.9734199 763844692.63641 428063311.12928 410467279.48552 523024663.86323 546177613.2722 697720815.72809 661981201.72932 692311651.30503 541872561.8108101 832964715.7587401 893381525.55743 1081219293.05302 798728942.91392 820193237.92959 287897082.15354 645043791.78791 652548275.06504 777234302.55324 756195415.39029 494368414.85063004 841413453.69539 1017139095.84992 943006263.64732 985548334.9304501 969933546.81893 696396173.69792 734449702.30099 470813977.33335996 300947694.71208 
433964384.79776 497342678.28461 564613678.68855 555003831.93092 388604894.26057 0 244856859.35974 370918275.99276 589740637.79378 710910094.37663 566933273.57321 567047802.66921 808136559.1216799 1037993905.74084 798760562.69616 462979181.18903 445383149.54526997 443965154.36871994 467118103.77768993 620377255.8523899 582921692.2348099 613252141.8105199 625136654.3020599 815694781.04583 915762321.00243 972249272.6607 833644812.97367 855109107.9893401 520156818.92096 877303528.55533 884808011.83246 817784612.35847 791111285.45004 625999409.88234 919994766.69491 628534201.58935 741922017.49729 784464088.7804201 768849300.6689 369660314.52888 488142725.7335 505729847.39311 507106206.36242 
473142001.31618 605033479.83117 672304480.2351099 680832579.92257 633461753.62031 244856859.35974002 0 126061416.63302 344883778.43404 466053235.01689 545937951.17764 546052480.2736399 847314175.6400999 1077171522.25926 906451364.24272 570669982.73559 553073951.09183 551655955.91528 574808905.32425 728068057.39895 690612493.7813699 720942943.35708 732827455.8486199 854872397.56425 954939937.52085 1011426889.17912 941335614.52023 962799909.5359001 559334435.4393799 916481145.07375 923985628.35088 925475413.9050299 898802086.9965999 733690211.4289 675137907.33517 383677342.22961 497065158.13755 539607229.42068 523992441.30916 477351116.07544005 595833527.28006 613420648.93967 546283822.88084 
599203417.9491999 731094896.46419 798365896.86813 806893996.5555899 759523170.25333 370918275.99275994 126061416.63302 0 218822361.80102 339991818.38387 419876534.54462004 419991063.64062005 957904188.59541 1187761535.21457 990357214.81916 696731399.3686099 679135367.7248499 677717372.5482999 700870321.95727 854129474.03197 816673910.4143898 847004359.9900999 858888872.4816399 898101751.07068 1081001354.1538699 1137488305.81214 1067397031.15325 1088861326.16892 685395852.0723999 1042542561.70677 1050047044.9839 1051536830.5380498 1024863503.6296198 859751628.06192 739655021.7569001 448194456.65134 524394894.05422 566936965.33735 551322177.2258301 603412532.70846 721894943.91308 739482065.5726899 672345239.5138599 
818025779.7502201 921156597.59415 988427597.9980899 946142411.9701 978345532.0543499 589740637.79378 344883778.43404 218822361.80102 0 121169456.58285 201054172.7436 201168701.8396 739081826.79439 968939173.4135499 771534853.01814 820694354.26532 803098322.62156 801680327.44501 824833276.85398 978092428.92868 940636865.3111 970967314.8868101 982851827.37835 997801758.57242 1275840354.26489 1356310667.61316 1168404459.88329 1146940164.86762 824644267.48691 1131167066.47738 1123662583.2002501 1163453764.21677 1148826458.52633 983714582.95863 958477383.55792 667016818.45236 743217255.85524 785759327.13837 770144539.02685 777153174.89683 895635586.10145 863445020.4693999 837694880.04545 
903070053.6725299 912660122.86452 979931123.2684599 937645937.24047 1099514988.6371999 710910094.37663 466053235.01689 339991818.38387 121169456.58285 0 322223629.32645 322338158.42245 860251283.37724 1090108629.9963999 892704309.6009899 941863810.8481699 924267779.20441 922849784.0278599 946002733.4368299 1099261885.51153 909243827.0629201 939574276.6386302 1070853099.2066 876632301.98957 1337690647.60033 1477480124.19601 1272863822.16859 1251399527.15292 816877619.54933 1174024329.1837 1181528812.46083 1284623220.79962 1269995915.10918 1104884039.54148 1079646840.14077 788186275.03521 864386712.43809 906928783.72122 891313995.6097 655983718.31398 774466129.5186 984614477.0522499 829928232.10787 
709782528.8665099 720102424.8505499 787373425.2544899 745088239.2265 911487176.89685 566933273.57321 545937951.1776401 419876534.54462004 201054172.7436 322223629.32645 0 114529.096 538027654.05079 767885000.66995 972589025.76174 763756323.7190499 746160292.07529 858717676.453 881870625.86197 1035129777.93667 858224496.49096 888554946.06667 877565574.4005799 1043275372.66342 1143342912.62002 1355617057.8476598 1134421955.5036898 1155886250.5193598 623590094.74331 930112893.7337799 922608410.4566499 1118561754.88849 1091888427.9800599 1040751931.96662 1140357723.3008502 848897158.1952901 735509342.28735 692967271.00422 762436625.45896 936593588.10209 1055075999.30671 806506989.9231299 636640707.30185 
709667999.77051 719987895.75455 787258896.15849 744973710.1305001 911372647.80085 567047802.66921 546052480.27364 419991063.64062 201168701.8396 322338158.42245 114529.096 0 537913124.95479 767770471.57395 972703554.8577399 763641794.62305 746045762.97929 858603147.357 881756096.76597 1035015248.84067 858109967.39496 888440416.97067 877451045.30458 1043389901.7594199 1143457441.7160199 1355731586.9436598 1134307426.40769 1155771721.42336 623475565.64731 929998364.63778 922493881.36065 1118447225.79249 1091773898.88406 1040637402.87062 1140472252.39685 849011687.29129 735623871.38335 693081800.10022 762551154.55496 936708117.19809 1055190528.40271 806392460.82713 636526178.20585 
374172174.32391995 384492070.30796 451763070.7119 409477884.68390995 575876822.35426 808136559.12168 847314175.6400999 957904188.59541 739081826.79439 860251283.37724 538027654.05079 537913124.95479 0 229857346.61916 677350831.83759 428145969.1764599 410549937.53269994 523107321.9104099 546260271.3193799 699519423.3940799 662063859.7765 692394309.3522099 541955219.85799 833047373.80592 933114913.7625201 1145389058.99016 798811600.9611 820275895.9767699 287979740.20071995 594502539.19119 586998055.91406 782951400.3458999 756278073.43747 705141577.42403 1052186616.2687899 1052619623.9466399 1062243282.12947 1019701210.84634 1089170565.30108 697208658.5371499 734532360.3481699 470896635.3805399 301030352.75925994 
604029520.94308 614349416.92712 681620417.3310599 639335231.3030701 805734168.97342 1037993905.74084 1077171522.25926 1187761535.21457 968939173.41355 1090108629.9964 767885000.66995 767770471.57395 229857346.61916 0 447493485.21843 658003315.79562 640407284.15186 752964668.52957 776117617.93854 929376770.01324 891921206.3956599 922251655.97137 771812566.47715 1062904720.42508 1162972260.38168 1375246405.60932 1028668947.58026 1050133242.5959301 517837086.81988 824359885.81035 816855402.5332199 839412396.4170599 866085723.3254899 934998924.04319 1282043962.88795 1106239055.8466501 992851239.93871 1035393311.22184 965923956.7671 927066005.1563098 964389706.96733 700753981.9997 530887699.37842 
562140044.6060699 572459940.59011 639730940.9940499 597445754.9660599 763844692.6364099 798760562.69616 906451364.24272 990357214.81916 771534853.01814 892704309.6009899 972589025.76174 972703554.8577399 677350831.83759 447493485.21843 0 335781381.50713 353377413.15089 465934797.5286 489087746.93757 642346899.01227 604891335.39469 635221784.9704 533130917.90768 824223071.85561 866270825.86932 1044752421.69751 706447013.29177 727911308.30744 475947610.48287 727568048.25392 735072531.53105 391918911.19863 418592238.10705996 647969053.04222 995014091.8869799 1083266510.3680801 969878694.4601401 927336623.17701 996805977.6317501 760650183.88346 642167772.67884 378532047.71121 488998223.04140997 
226358663.09893996 236678559.08297998 303949559.48692 261664373.45893002 428063311.12928 462979181.18903 570669982.73559 696731399.36861 820694354.26532 941863810.8481699 763756323.7190499 763641794.62305 428145969.1764599 658003315.79562 335781381.50713 0 17596031.64376 130153416.02147001 153306365.43044 306565517.50514 269109953.88756 299440403.46327 197349536.40055 488441690.34848 530489444.36219 742763589.58983 370665631.78464 392129926.80031 140166228.97574 497312938.61011004 504817421.88724005 354805431.16944 328132104.26101 312187671.53508997 659232710.3798499 747485128.8609501 634097312.9530101 591555241.66988 661024596.1246201 424868802.37633 306386391.17171 42750666.20408 153216841.53427997 
208762631.45518 219082527.43922 286353527.84316 244068341.81517 410467279.48552 445383149.54526997 553073951.09183 679135367.7248499 803098322.62156 924267779.20441 746160292.07529 746045762.97929 410549937.53269994 640407284.15186 353377413.15089 17596031.64376 0 112557384.37771 135710333.78668 288969485.86138 251513922.24379998 281844371.81951 179753504.75679 470845658.70472 548085476.00595 760359621.23359 388261663.42840004 409725958.44407004 122570197.33197999 479716906.96635 487221390.24348 372401462.8132 345728135.90477 294591639.89133 641636678.73609 765081160.5047101 651693344.59677 609151273.31364 678620627.76838 442464834.02009 323982422.81547 60346697.847839996 135620809.89051998 
321320015.83289 331639911.81693 398910912.22086996 356625726.19288 523024663.86323 443965154.36872005 551655955.91528 677717372.5483 801680327.44501 922849784.0278599 858717676.4529998 858603147.3569999 523107321.9104099 752964668.5295699 465934797.5286 130153416.02147 112557384.37771 0 134292338.61013 287551490.68483 138956537.86609 169286987.4418 292310889.1345 583403043.08243 628424721.4675 840698866.69514 500819047.80611 522283342.82178 235127581.70968997 592274291.34406 599778774.62119 484958847.19091 458285520.28248 293173644.71478 640218683.5595399 877638544.8824201 764250728.97448 721708657.69135 791178012.14609 555022218.3978 436539807.19317997 172904082.22555 248178194.26822996 
344472965.24186003 354792861.22590005 422063861.62984 379778675.60185003 546177613.2722 467118103.77769005 574808905.32425 700870321.95727 824833276.85398 946002733.4368299 881870625.86197 881756096.76597 546260271.31938 776117617.93854 489087746.93757 153306365.43044 135710333.78668 134292338.61013 0 153259152.0747 273248876.47622 303579326.05193 315463838.54347 606555992.4914 659125787.86715 871399933.09479 523971997.21508 545436292.2307501 258280531.11866003 615427240.7530301 622931724.0301601 508111796.59988 481438469.69145 316326594.12375 663371632.9685099 900791494.2913901 787403678.38345 744861607.10032 814330961.55506 578175167.80677 459692756.60214996 196057031.63452 271331143.6772 
497732117.31656 366345935.4239 299074935.01996 533037827.67655 697720815.72809 620377255.85239 728068057.3989501 854129474.03197 978092428.92868 1099261885.51153 1035129777.9366698 1035015248.8406699 699519423.3940799 929376770.0132399 642346899.01227 306565517.50514 288969485.86138 287551490.68483 153259152.0747 0 426508028.55092 456838478.12663 468722990.61816996 759815144.5661 812384939.94185 1024659085.16949 677231149.28978 698695444.30545 411539683.19336 768686392.82773 776190876.10486 661370948.67458 634697621.76615 469585746.19844997 816630785.0432099 1054050646.36609 940662830.45815 898120759.17502 967590113.62976 731434319.88147 612951908.67685 349316183.70922 424590295.75189996 
460276553.69898 470596449.68302 537867450.08696 495582264.05897 661981201.7293199 582921692.23481 690612493.7813699 816673910.41439 940636865.3111 909243827.0629201 858224496.49096 858109967.39496 662063859.7764999 891921206.3956599 604891335.39469 269109953.88756 251513922.24379998 138956537.86609 273248876.47622 426508028.55092 0 30330449.57571 431267427.00058997 722359580.94852 767381259.33359 979655404.5612301 639775585.6722001 661239880.68787 374084119.57578 731230829.21015 738735312.48728 623915385.0569999 597242058.1485701 432130182.58087 779175221.42563 1016595082.7485101 903207266.8405701 860665195.55744 930134550.0121801 693978756.26389 575496345.05927 311860620.09164 387134732.13431996 
490607003.27469 500926899.25873 568197899.6626699 525912713.63468 692311651.30503 613252141.81052 720942943.35708 847004359.9901 970967314.88681 939574276.63863 888554946.06667 888440416.97067 692394309.3522099 922251655.97137 635221784.9704 299440403.46327 281844371.81951 169286987.4418 303579326.05192995 456838478.12662995 30330449.57571 0 461597876.57629997 752690030.52423 797711708.9093 1009985854.13694 670106035.24791 691570330.2635801 404414569.15149 761561278.7858601 769065762.0629901 654245834.63271 627572507.72428 462460632.15658 809505671.0013399 1046925532.3242201 933537716.41628 890995645.13315 960464999.58789 724309205.8396 605826794.63498 342191069.66735 417465181.71002996 
340167913.78047 350487809.76451004 417758810.16845006 375473624.14046 541872561.81081 625136654.30206 732827455.84862 858888872.4816401 982851827.37835 1070853099.2066001 877565574.4005799 877451045.30458 541955219.85799 771812566.47715 533130917.90768 197349536.40055 179753504.75679 292310889.1345 315463838.54347 468722990.61817 431267427.00059 461597876.5763 0 291092153.94793 391159693.90453005 603433839.1321701 568015168.18519 589479463.20086 253975479.65727 611122189.29164 618626672.56877 552154967.56999 525481640.66156 474345144.64812 821390183.49288 778186826.87233 831446849.35356 788904778.07043 858374132.52517 622218338.77688 503735927.57226 240100202.60463 267026092.21581 
631260067.7283999 641579963.7124399 708850964.1163799 666565778.08839 832964715.75874 815694781.04583 854872397.56425 898101751.07068 997801758.57242 876632301.98957 1043275372.66342 1043389901.7594199 833047373.8059199 1062904720.4250798 824223071.8556099 488441690.34848 470845658.70471996 583403043.08243 606555992.4914 759815144.5661 722359580.94852 752690030.52423 291092153.94793 0 461058345.61076003 673332490.8384 693577190.1186501 715041485.13432 545067633.6051999 902214343.2395699 909718826.5166999 843247121.5179199 816573794.6094899 765437298.59605 778555238.0299599 487094672.9244 563295110.32728 605837181.6104101 590222393.49889 913310492.72481 794828081.52019 531192356.55256 558118246.1637399 
731327607.685 741647503.66904 808918504.0729799 766633318.0449901 893381525.55743 915762321.00243 954939937.52085 1081001354.1538699 1275840354.26489 1337690647.60033 1143342912.62002 1143457441.7160199 933114913.76252 1162972260.38168 866270825.8693199 530489444.36218995 548085476.00595 628424721.4675 659125787.86715 812384939.94185 767381259.33359 797711708.9093001 391159693.90453005 461058345.61076003 0 212274145.22764 232518844.50789 253983139.52356 645135173.5618 1002281883.1961701 1009786366.4733001 865107655.7265201 858621548.6231999 818007093.9718 1165052132.81656 948153018.53516 1024353455.93804 1066895527.2211701 1034577067.93837 955358246.7385199 836875835.5339 573240110.56627 658185786.12034 
943601752.9126399 953921648.8966799 1021192649.3006198 978907463.27263 1081219293.05302 972249272.6607 1011426889.17912 1137488305.81214 1356310667.61316 1477480124.1960099 1355617057.84766 1355731586.94366 1145389058.99016 1375246405.60932 1044752421.69751 742763589.58983 760359621.23359 840698866.69514 871399933.09479 1024659085.16949 979655404.56123 1009985854.13694 603433839.13217 673332490.8384 212274145.22764 0 444792989.73553 466257284.7512 857409318.7894399 988482647.55417 995987130.8313 652833510.49888 679506837.40731 1030281239.19944 1377326278.0442 1160427163.7628 1236627601.16568 1279169672.4488099 1246851213.16601 1167632391.96616 1049149980.76154 785514255.79391 870459931.3479799 
597024294.88358 607344190.86762 674615191.27156 632330005.2435701 798728942.91392 833644812.97367 941335614.52023 1067397031.15325 1168404459.88329 1272863822.16859 1134421955.50369 1134307426.40769 798811600.9611 1028668947.58026 706447013.29177 370665631.78464 388261663.42840004 500819047.80611 523971997.21508 677231149.28978 639775585.6722 670106035.24791 568015168.18519 693577190.11865 232518844.50789 444792989.73553 0 21464295.01567 510831860.76038 790726494.0924599 798230977.3695899 725471062.95408 698797736.04565 682853303.31973 1029898342.16449 1115496943.2849102 1002109127.37697 959567056.09384 1029036410.54858 795534434.16097 677052022.95635 413416297.98872 523882473.31892 
618488589.8992499 628808485.8832899 696079486.2872299 653794300.25924 820193237.92959 855109107.9893401 962799909.5359001 1088861326.16892 1146940164.86762 1251399527.15292 1155886250.5193598 1155771721.4233599 820275895.9767699 1050133242.5959299 727911308.30744 392129926.80031 409725958.44407004 522283342.82178 545436292.2307501 698695444.3054501 661239880.68787 691570330.2635801 589479463.20086 715041485.13432 253983139.52356 466257284.75119996 21464295.01567 0 532296155.77605 812190789.10813 819695272.38526 746935357.96975 720262031.0613201 704317598.3354001 1051362637.18016 1136961238.30058 1023573422.39264 981031351.10951 1050500705.56425 816998729.17664 698516317.97202 434880593.00439 545346768.33459 
86192434.1232 96512330.10723999 163783330.51117998 121498144.48319 287897082.15354 520156818.92095995 559334435.4393799 685395852.0724 824644267.48691 816877619.54933 623590094.74331 623475565.64731 287979740.20071995 517837086.81987995 475947610.48287 140166228.97574 122570197.33197999 235127581.70968997 258280531.11866 411539683.19336 374084119.57578 404414569.15149 253975479.65727 545067633.6052 645135173.5618 857409318.78944 510831860.76038 532296155.77605003 0 357146709.63437 364651192.91150004 494971660.14518 468298333.23675 417161837.22331 764206876.0680699 764639883.74592 774263541.92875 731721470.64562 801190825.10036 409228918.33642995 446552620.14745 182916895.17982 13050612.55854 
443339143.75757 453659039.74161005 520930040.1455501 478644854.11756 645043791.78791 877303528.55533 916481145.07375 1042542561.7067701 1131167066.4773798 1174024329.1837 930112893.7337799 929998364.63778 594502539.19119 824359885.81035 727568048.25392 497312938.61011004 479716906.96635 592274291.3440601 615427240.7530301 768686392.8277301 731230829.21015 761561278.7858601 611122189.29164 902214343.23957 1002281883.1961701 988482647.55417 790726494.0924599 812190789.10813 357146709.63437 0 7504483.27713 335649137.05529 362322463.96371996 774308546.8576801 1121353585.7024403 1121786593.38029 1131410251.56312 1088868180.27999 1158337534.73473 766375627.9707999 803699329.78182 540063604.81419 370197322.19291 
450843627.03470004 461163523.01874006 528434523.4226801 486149337.39469004 652548275.06504 884808011.83246 923985628.3508799 1050047044.9839 1123662583.2002501 1181528812.46083 922608410.45665 922493881.3606501 586998055.91406 816855402.53322 735072531.53105 504817421.88724005 487221390.24348 599778774.62119 622931724.03016 776190876.10486 738735312.4872799 769065762.06299 618626672.56877 909718826.5167 1009786366.4733 995987130.8313 798230977.36959 819695272.38526 364651192.91150004 7504483.27713 0 343153620.33242 369826947.24085 781813030.13481 1128858068.97957 1129291076.65742 1138914734.84025 1096372663.55712 1165842018.0118601 773880111.2479299 811203813.0589501 547568088.09132 377701805.47004 
581164094.2683799 591483990.25242 658754990.6563599 616469804.62837 777234302.55324 817784612.35847 925475413.90503 1051536830.5380499 1163453764.21677 1284623220.79962 1118561754.88849 1118447225.79249 782951400.3458999 839412396.4170599 391918911.19863 354805431.16944 372401462.8132 484958847.19091 508111796.59988 661370948.67458 623915385.0569999 654245834.63271 552154967.5699899 843247121.5179199 865107655.7265201 652833510.49888 725471062.95408 746935357.9697499 494971660.14518 335649137.05529 343153620.33242 0 26673326.90843 666993102.70453 1014038141.54929 1102290560.03039 988902744.12245 946360672.83932 1015830027.29406 694172901.13761 575690489.93299 312054764.96536 508022272.70372 
554490767.35995 564810663.34399 632081663.7479299 589796477.71994 756195415.3902899 791111285.45004 898802086.9966 1024863503.6296201 1148826458.52633 1269995915.10918 1091888427.9800599 1091773898.88406 756278073.43747 866085723.32549 418592238.10705996 328132104.26101 345728135.90477 458285520.28248 481438469.69145 634697621.76615 597242058.1485701 627572507.72428 525481640.66156 816573794.60949 858621548.6231999 679506837.40731 698797736.04565 720262031.0613201 468298333.23675 362322463.96371996 369826947.24085 26673326.90843 0 640319775.7961 987364814.64086 1075617233.1219602 962229417.21402 919687345.93089 989156700.38563 667499574.22918 549017163.02456 285381438.05693 481348945.79529 
503354271.34651 512376088.26929003 579647088.67323 327969477.18028 494368414.85063004 625999409.8823401 733690211.4289001 859751628.0619202 983714582.95863 1104884039.54148 1040751931.96662 1040637402.87062 705141577.42403 934998924.04319 647969053.04222 312187671.53509 294591639.89133 293173644.71478 316326594.12375 469585746.19844997 432130182.58087 462460632.15658 474345144.64812 765437298.59605 818007093.9718 1030281239.19944 682853303.31973 704317598.3354001 417161837.22331 774308546.8576801 781813030.1348101 666993102.70453 640319775.7961 0 347045038.84476 638505603.95032 751893419.85826 794435491.1413901 778820703.02987 737056473.91142 618574062.7068 354938337.73917 430212449.78185 
850399310.1912699 859421127.11405 926692127.51799 675014516.02504 841413453.69539 919994766.69491 675137907.33517 739655021.7569001 958477383.55792 1079646840.14077 1140357723.30085 1140472252.3968499 1052186616.2687899 1282043962.88795 995014091.88698 659232710.37985 641636678.7360901 640218683.55954 663371632.96851 816630785.04321 779175221.42563 809505671.0013399 821390183.4928799 778555238.0299599 1165052132.81656 1377326278.0442 1029898342.1644901 1051362637.18016 764206876.0680699 1121353585.70244 1128858068.97957 1014038141.54929 987364814.6408601 347045038.84476 0 291460565.10556 404848381.0135 447390452.29662997 431775664.18511 598407372.31495 716889783.51957 701983376.58393 777257488.6266099 
824731092.7520399 861152213.8531599 928423214.2570999 886138028.22911 1017139095.84992 628534201.58935 383677342.22961 448194456.65134 667016818.45236 788186275.03521 848897158.19529 849011687.2912899 1052619623.9466399 1106239055.84665 1083266510.3680801 747485128.86095 765081160.50471 877638544.88242 900791494.29139 1054050646.3660899 1016595082.7485099 1046925532.32422 778186826.87233 487094672.9244 948153018.53516 1160427163.7628 1115496943.2849097 1136961238.3005798 764639883.74592 1121786593.38029 1129291076.65742 1102290560.03039 1075617233.12196 638505603.95032 291460565.10556 0 113387815.90794 155929887.19107 140315099.07955 765230378.18702 646747966.9824 790235795.06503 751589271.18738 
860455976.05195 870775872.03599 938046872.43993 895761686.4119401 943006263.64732 741922017.49729 497065158.13755 524394894.05422 743217255.85524 864386712.43809 735509342.28735 735623871.38335 1062243282.12947 992851239.93871 969878694.4601401 634097312.9530101 651693344.59677 764250728.97448 787403678.38345 940662830.45815 903207266.84057 933537716.41628 831446849.35356 563295110.32728 1024353455.93804 1236627601.16568 1002109127.37697 1023573422.3926401 774263541.92875 1131410251.5631201 1138914734.84025 988902744.12245 962229417.21402 751893419.8582599 404848381.0135 113387815.90794 0 42542071.28313 26927283.17161 841430815.5899 722948404.38528 676847979.1570901 787314154.48729 
817913904.7688199 828233800.75286 895504801.1567999 853219615.1288099 985548334.9304501 784464088.7804201 539607229.42068 566936965.33735 785759327.13837 906928783.72122 692967271.00422 693081800.10022 1019701210.84634 1035393311.22184 927336623.17701 591555241.66988 609151273.31364 721708657.69135 744861607.10032 898120759.17502 860665195.55744 890995645.13315 788904778.07043 605837181.61041 1066895527.22117 1279169672.4488099 959567056.09384 981031351.10951 731721470.64562 1088868180.27999 1096372663.5571198 946360672.8393201 919687345.9308901 794435491.1413901 447390452.29663 155929887.19107002 42542071.28313 0 69469354.45474 883972886.87303 765490475.66841 634305907.87396 744772083.20416 
887383259.22356 897703155.2076 964974155.61154 922688969.58355 969933546.81893 768849300.6689 523992441.30916 551322177.2258301 770144539.02685 891313995.6097 762436625.45896 762551154.55496 1089170565.30108 965923956.7671 996805977.6317501 661024596.1246201 678620627.76838 791178012.14609 814330961.55506 967590113.62976 930134550.0121801 960464999.58789 858374132.5251701 590222393.49889 1034577067.93837 1246851213.16601 1029036410.54858 1050500705.56425 801190825.10036 1158337534.73473 1165842018.01186 1015830027.2940601 989156700.3856301 778820703.02987 431775664.18511 140315099.07955 26927283.17161 69469354.45474 0 868358098.76151 749875687.55689 703775262.3287001 814241437.6589 
495421352.45963 505011421.65162 572282422.05556 529997236.02756995 696396173.69792 369660314.52888 477351116.07544 603412532.70846 777153174.89683 655983718.31398 936593588.10209 936708117.19809 697208658.5371499 927066005.1563098 760650183.88346 424868802.37633 442464834.02009004 555022218.3978001 578175167.8067701 731434319.88147 693978756.26389 724309205.8396001 622218338.77688 913310492.72481 955358246.73852 1167632391.96616 795534434.1609701 816998729.17664 409228918.33643 766375627.9708 773880111.2479299 694172901.13761 667499574.22918 737056473.9114201 598407372.31495 765230378.18702 841430815.5899 883972886.8730301 868358098.76151 0 118482411.20462 382118136.17225003 422279530.89497 
532745054.27064997 543064950.2546899 610335950.6586299 568050764.63064 734449702.30099 488142725.7335 595833527.28006 721894943.91308 895635586.10145 774466129.5186 1055075999.30671 1055190528.40271 734532360.3481699 964389706.96733 642167772.67884 306386391.17171 323982422.81547 436539807.19317997 459692756.60214996 612951908.67685 575496345.0592699 605826794.63498 503735927.57225996 794828081.52019 836875835.5338999 1049149980.7615399 677052022.95635 698516317.9720199 446552620.14745 803699329.78182 811203813.0589501 575690489.93299 549017163.02456 618574062.7068 716889783.51957 646747966.9824 722948404.38528 765490475.6684101 749875687.55689 118482411.20462 0 263635724.96763 459603232.70598996 
269109329.30302 279429225.28706 346700225.691 304415039.66301 470813977.33335996 505729847.39311 613420648.93967 739482065.57269 863445020.4693999 984614477.0522499 806506989.9231299 806392460.82713 470896635.38054 700753981.9997001 378532047.71121 42750666.20408 60346697.847839996 172904082.22555 196057031.63452 349316183.70922 311860620.09164 342191069.66735 240100202.60463 531192356.55256 573240110.56627 785514255.79391 413416297.98872 434880593.00439 182916895.17982 540063604.81419 547568088.09132 312054764.96536 285381438.05693 354938337.73916996 701983376.5839299 790235795.0650301 676847979.1570901 634305907.87396 703775262.3287001 382118136.17225003 263635724.96763 0 195967507.73836 
73141821.56466 109562942.66578 176833943.06972 134548757.04173 300947694.71208 507106206.36241996 546283822.88084 672345239.51386 837694880.0454499 829928232.10787 636640707.3018498 636526178.2058499 301030352.75925994 530887699.37841994 488998223.04140997 153216841.53427997 135620809.89052 248178194.26822996 271331143.6772 424590295.7519 387134732.13431996 417465181.71002996 267026092.21581 558118246.16374 658185786.1203401 870459931.3479801 523882473.31892 545346768.33459 13050612.55854 370197322.19291 377701805.47004 508022272.70372 481348945.79529 430212449.78185 777257488.6266099 751589271.18738 787314154.48729 744772083.20416 814241437.6589 422279530.89496994 459603232.70598996 195967507.73836 0 
