19
A45 A9 A30 A7 A39 A49 A31 A43 A16 A15 A22 A14 A3 A10 A35 A8 A47 A41 A12
0 1900000161.84222 5700000417.81036 7600000449.2744 9500000570.65935 7600000473.081389 7600000458.76686 5700000347.58607 3800000233.91708 7600000462.37844 9500000607.36637 9500000541.11036 7600000435.1379795 7600000445.40387 9500000574.60521 9500000624.24944 11400000681.3319 3800000208.90208 1900000157.33346 
1900000161.84222 0 3800000255.9681396 5700000381.436729 7600000502.821679 9500000630.861269 7600000501.09869 7600000500.6145 5700000395.7593 9500000624.220661 9500000667.78615 7600000473.27269 5700000367.30031 5700000377.5662 7600000506.76754 9500000638.76037 9500000689.27416 5700000370.744301 3800000319.17568 
5700000417.81036 3800000255.9681396 0 5700000319.13913 7600000440.524079 9500000560.29936 7600000472.675469 7600000472.191279 5700000376.24021 9500000604.701569 9500000639.36293 5700000329.4055195 5700000338.8770895 5700000349.14298 5700000347.1349 7600000479.12773 9500000627.725891 5700000367.27277 7600000575.14382 
7600000449.2744 5700000381.436729 5700000319.13913 0 1900000121.38495 3800000249.4245396 5700000345.77502 5700000345.29083 7600000458.95982 9500000585.37805 9500000612.6737 3800000213.2940702 3800000211.9766397 3800000222.24253 3800000231.02345 5700000363.01628 7600000457.67505 3800000240.37232 9500000606.60786 
9500000570.659351 7600000502.821679 7600000440.524079 1900000121.38495 0 1900000128.03959 5700000316.96888 7600000428.14967 5700000367.203899 9500000595.66526 11400000734.058651 5700000334.67902 5700000333.361589 5700000343.62748 5700000341.20405 5700000340.63025 5700000336.2901 5700000361.75727 11400000727.992811 
7600000473.08139 9500000630.861269 9500000560.29936 3800000249.4245396 1900000128.03959 0 3800000188.92929 5700000300.11008 3800000239.16431 7600000467.6256695 9500000612.6136 7600000428.700049 5700000322.72767 7600000423.15838 3800000213.16446 3800000212.59066 3800000208.25051 7600000489.79686 9500000630.41485 
7600000458.76686 7600000501.098689 7600000472.675469 5700000345.77502 5700000316.96888 3800000188.92929 0 1900000111.18079 3800000224.84978 5700000351.26801 7600000496.25594 3800000239.7707596 1900000133.79838 3800000234.2290897 3800000261.2697697 1900000165.48258 3800000256.3558197 5700000360.03428 9500000616.10032 
5700000347.58607 7600000500.6145 7600000472.19128 5700000345.290831 7600000428.14967 5700000300.11008 1900000111.18079 0 1900000113.66899 3800000240.08722 5700000385.0751505 3800000238.81531 3800000244.97917 1900000123.0483 5700000372.45056 3800000276.66337 5700000367.53661 5700000359.55009 7600000504.91953 
3800000233.91708 5700000395.7593 5700000376.24021 7600000458.95982 5700000367.203899 3800000239.16431 3800000224.84978 1900000113.66899 0 3800000228.46136 5700000373.44929 5700000352.4843 5700000358.64816 3800000236.71729 7600000452.32877 5700000390.33236 7600000447.41482 3800000253.7572803 5700000391.25054 
7600000462.37844 9500000624.22066 9500000604.701569 9500000585.37805 9500000595.66526 7600000467.6256695 5700000351.26801 3800000240.08722 3800000228.46136 0 1900000144.98793 7600000478.90253 7600000485.06639 5700000363.13552 9500000612.53778 7600000516.75059 9500000607.623829 7600000482.218639 9500000619.7119 
9500000607.366371 9500000667.78615 9500000639.36293 9500000612.6737 11400000734.058651 9500000612.6136 7600000496.25594 5700000385.0751505 5700000373.44929 1900000144.98793 0 5700000399.37963 7600000505.35201 7600000508.12345 9500000640.66947 9500000661.73852 9500000701.54164 9500000627.20657 11400000764.699831 
9500000541.11036 7600000473.27269 5700000329.4055195 3800000213.2940702 5700000334.67902 7600000428.700049 3800000239.7707596 3800000238.81531 5700000352.4843 7600000478.90253 5700000399.37963 0 1900000105.97238 1900000115.76701 3800000241.2898397 5700000373.28267 3800000302.16201 5700000332.20828 11400000698.443819 
7600000435.13798 5700000367.30031 5700000338.87709 3800000211.9766397 5700000333.361589 5700000322.72767 1900000133.79838 3800000244.97917 5700000358.64816 7600000485.06639 7600000505.35201 1900000105.97238 0 3800000208.10611 5700000337.30745 3800000299.28096 5700000390.1542 3800000226.2359 9500000592.471441 
7600000445.403871 5700000377.5662 5700000349.142981 3800000222.24253 5700000343.62748 7600000423.15838 3800000234.2290897 1900000123.0483 3800000236.71729 5700000363.13552 7600000508.12345 1900000115.76701 3800000208.10611 0 3800000300.38787 5700000399.71167 3800000311.70796 3800000236.50179 9500000602.737331 
9500000574.60521 7600000506.767539 5700000347.1349 3800000231.02345 5700000341.20405 3800000213.16446 3800000261.2697697 5700000372.45056 7600000452.32877 9500000612.53778 9500000640.66947 3800000241.2898397 5700000337.307449 3800000300.38787 0 1900000131.99283 3800000280.59099 5700000365.70313 11400000731.93867 
9500000624.24944 9500000638.76037 7600000479.127729 5700000363.01628 5700000340.63025 3800000212.59066 1900000165.48258 3800000276.66337 5700000390.33236 7600000516.75059 9500000661.73852 5700000373.28267 3800000299.28096 5700000399.71167 1900000131.99283 0 5700000412.58382 7600000497.69596 11400000781.5829 
11400000681.331902 9500000689.27416 9500000627.725891 7600000457.67505 5700000336.2901 3800000208.25051 3800000256.3558197 5700000367.53661 7600000447.41482 9500000607.623829 9500000701.54164 3800000302.16201 5700000390.1542 3800000311.70796 3800000280.59099 5700000412.58382 0 7600000548.20975 13300000838.665361 
3800000208.90208 5700000370.7443 5700000367.27277 3800000240.37232 5700000361.75727 7600000489.79686 5700000360.03428 5700000359.55009 3800000253.7572803 7600000482.21864 9500000627.20657 5700000332.20828 3800000226.2359 3800000236.50179 5700000365.70313 7600000497.69596 7600000548.20975 0 5700000366.23554 
1900000157.33346 3800000319.17568 7600000575.14382 9500000606.60786 11400000727.992811 9500000630.41485 9500000616.100319 7600000504.91953 5700000391.25054 9500000619.711899 11400000764.69983 11400000698.44382 9500000592.471441 9500000602.737331 11400000731.93867 11400000781.5829 13300000838.66536 5700000366.23554 0 
