44
A67 A52 A36 A82 A35 A96 A2 A13 A97 A18 A47 A66 A99 A12 A16 A32 A65 A79 A54 A3 A85 A89 A28 A81 A72 A73 A95 A39 A31 A91 A71 A38 A15 A6 A88 A30 A26 A1 A14 A55 A7 A90 A53 A29
0 1900000107.34328 3800000208.91461 5700000358.62715 7600000482.94337 9500000568.67282 11400000716.076319 11400000749.03921 9500000622.64997 7600000504.245299 7600000490.870001 9500000635.215342 7600000507.644421 7600000525.734451 7600000565.27772 9500000612.93397 7600000522.572969 5700000406.32922 9500000650.73748 11400000742.366001 9500000630.193672 11400000779.801092 9500000722.091 7600000601.02047 5700000435.99244 5700000365.455561 9500000645.292511 7600000505.9704 9500000648.7477 7600000587.456579 7600000608.84856 9500000622.40413 7600000514.043169 9500000593.6092 11400000683.81869 9500000646.16027 9500000667.064121 9500000607.39413 9500000665.26046 5700000410.60311 9500000647.35392 11400000791.081572 9500000657.586292 1900000159.97705 
1900000107.34328 0 1900000101.57133 5700000314.649389 7600000438.96561 9500000524.695059 11400000672.098558 11400000705.06145 9500000578.672209 7600000460.267539 9500000598.21328 7600000554.65434 5700000400.30114 9500000633.07773 7600000570.28202 9500000702.96517 9500000558.17879 7600000513.672501 11400000686.3433 11400000839.43291 9500000700.61096 11400000794.43389 9500000696.28277 9500000626.022999 7600000525.44806 3800000258.11228 7600000537.94923 7600000461.99264 9500000714.36054 5700000480.1133 7600000564.8708 9500000578.42637 7600000470.065409 9500000549.63144 9500000666.46763 9500000684.134941 7600000559.72084 7600000552.51572 9500000670.26476 5700000415.6074095 9500000652.35822 11400000810.67278 11400000764.92957 3800000267.32033 
3800000208.91461 1900000101.57133 0 3800000213.07806 5700000337.39428 7600000423.123731 9500000570.527231 9500000603.49012 7600000477.10088 5700000358.69621 7600000504.2098 9500000648.55514 7600000501.87247 11400000734.64906 9500000671.85335 9500000546.96846 7600000456.60746 9500000572.85121 9500000584.77197 11400000676.40049 11400000728.525452 9500000692.86256 9500000645.5222 7600000524.45167 9500000627.01939 5700000359.68361 9500000627.96539 5700000360.421309 9500000606.61253 7600000581.684629 5700000463.299469 7600000476.85504 5700000368.49408 7600000448.06011 9500000538.2696 9500000540.69269 9500000661.29217 7600000461.845039 9500000576.48655 7600000517.17874 9500000599.0781 11400000757.39266 13300000866.5009 5700000368.89166 
5700000358.62715 5700000314.64939 3800000213.07806 0 1900000124.31622 3800000210.04567 5700000357.44917 5700000390.41206 3800000264.02282 1900000145.61815 3800000291.13174 5700000435.47708 7600000589.83028 9500000598.32559 7600000603.52101 9500000488.063179 7600000397.70218 9500000513.94593 9500000525.86669 9500000684.214088 7600000545.392139 9500000633.957281 5700000432.4441395 3800000311.37361 5700000476.40164 9500000572.76167 7600000572.47931 5700000301.51603 9500000547.70725 9500000585.50601 5700000404.39419 3800000301.45471 1900000155.41602 3800000234.98205 5700000325.19154 5700000327.61463 7600000452.028729 7600000402.93976 9500000517.58127 9500000655.87533 7600000445.71731 9500000604.03187 11400000730.17743 7600000518.604199 
7600000482.94337 7600000438.96561 5700000337.3942795 1900000124.31622 0 1900000085.72945 3800000233.13295 7600000426.50878 5700000388.33904 3800000269.93437 5700000415.44796 7600000559.7933 9500000714.1465 9500000594.133549 9500000695.57662 9500000554.23273 7600000463.87173 9500000580.11548 9500000592.03624 11400000683.66476 9500000581.48886 11400000731.09628 7600000556.76036 5700000435.68983 7600000600.717859 9500000609.23067 9500000617.89636 7600000425.83225 7600000478.12694 11400000709.82223 7600000528.710409 5700000393.510321 3800000247.47163 1900000110.66583 3800000200.87532 3800000203.29841 5700000327.71251 5700000314.82723 9500000549.18595 9500000558.1519 5700000321.40109 7600000479.71565 9500000613.21093 9500000642.92042 
9500000568.672821 9500000524.69506 7600000423.12373 3800000210.04567 1900000085.72945 0 1900000147.4035 5700000340.77933 7600000467.1685705 5700000355.66382 7600000501.17741 9500000645.52275 11400000791.21056 9500000600.21863 9500000601.18643 7600000468.503281 5700000378.142281 7600000494.38603 7600000506.30679 9500000597.93531 7600000495.75941 9500000645.366829 9500000642.48981 7600000521.41928 9500000686.44731 11400000694.96012 11400000703.625809 9500000511.5617 9500000563.85639 13300000795.551682 9500000614.43986 7600000479.239771 5700000333.20108 3800000196.39528 5700000286.60477 5700000289.02786 7600000413.441959 7600000400.55668 7600000463.456501 7600000472.422451 3800000235.6716404 5700000393.9862 7600000527.481481 11400000723.048512 
11400000716.07632 11400000672.09856 9500000570.527231 5700000357.44917 3800000233.13295 1900000147.4035 0 3800000193.37583 5700000319.76507 7600000438.16974 9500000583.68333 11400000728.028671 9500000643.80706 7600000452.81513 7600000453.78293 5700000321.09978 3800000230.73878 5700000346.982531 5700000358.90329 7600000450.53181 5700000348.35591 7600000497.96333 11400000699.58809 9500000603.9252 9500000634.884981 11400000750.062021 11400000758.72771 9500000507.79261 11400000711.259888 11400000655.9931 7600000470.364531 9500000626.64327 7600000480.60458 5700000343.7987795 7600000434.008269 7600000436.431359 9500000560.845459 7600000455.658581 5700000316.053 5700000325.01895 1900000088.26814 3800000246.5827 5700000380.07798 9500000575.64501 
11400000749.03921 11400000705.061451 9500000603.49012 5700000390.41206 7600000426.5087805 5700000340.77933 3800000193.37583 0 1900000126.38924 3800000244.79391 5700000390.3075 7600000534.65284 5700000455.2899 3800000259.4392996 5700000357.206639 5700000337.93933 3800000247.57833 5700000363.822081 3800000298.7335596 3800000293.8020296 1900000154.98008 3800000304.5874996 7600000531.6199 5700000410.54937 7600000575.5774 11400000766.901571 9500000671.655071 9500000524.63216 9500000652.861868 9500000610.28268 7600000487.204081 9500000691.86677 7600000545.828079 9500000537.17461 9500000586.45004 9500000650.274439 11400000774.68854 7600000472.498131 5700000332.89255 5700000341.8585005 1900000105.10769 3800000263.42225 5700000391.29114 9500000592.48456 
9500000622.649971 9500000578.67221 7600000477.10088 3800000264.02282 5700000388.33904 7600000467.16857 5700000319.76507 1900000126.38924 0 1900000118.40467 3800000263.91826 5700000408.2636 7600000562.6168 5700000385.82854 7600000483.59588 7600000464.32857 5700000373.96757 7600000490.211321 5700000425.1228 5700000420.19127 3800000281.36932 5700000430.97674 5700000405.2306595 3800000284.16013 5700000449.18816 9500000716.52394 7600000545.26583 7600000580.50593 11400000779.251108 9500000621.40013 9500000613.59332 7600000565.47753 5700000419.43884 7600000499.004869 9500000589.21436 9500000591.63745 9500000746.961239 9500000598.887371 7600000459.281791 7600000468.247741 3800000231.49693 5700000389.81149 7600000517.68038 9500000594.81121 
7600000504.2453 7600000460.26754 5700000358.69621 1900000145.61815 3800000269.93437 5700000355.66382 7600000438.16974 3800000244.79391 1900000118.40467 0 1900000145.51359 3800000289.85893 5700000444.21213 7600000504.23321 9500000602.00055 9500000582.73324 7600000492.37224 7600000505.98329 7600000543.52747 7600000538.59594 5700000399.77399 7600000549.38141 3800000286.8259897 1900000165.75546 3800000330.78349 7600000598.11927 5700000426.86116 5700000462.10126 9500000708.29248 7600000502.99546 7600000516.049549 5700000447.072861 3800000301.03417 5700000380.6002 7600000470.8096895 7600000473.2327795 7600000628.55657 7600000519.643629 9500000577.68646 7600000510.25718 5700000349.9016 7600000508.21616 9500000636.085049 7600000476.40654 
7600000490.87 9500000598.21328 7600000504.2098 3800000291.13174 5700000415.44796 7600000501.17741 9500000583.68333 5700000390.3075 3800000263.91826 1900000145.51359 0 1900000144.34534 3800000298.6985397 7600000479.874929 7600000519.4182 9500000567.07445 7600000476.7134495 5700000360.4697 9500000604.87796 9500000684.10953 7600000545.28758 9500000694.895 5700000432.339581 3800000311.26905 5700000390.13292 7600000521.99792 7600000572.37475 7600000419.54186 9500000602.88818 9500000641.36303 9500000535.67154 5700000323.66759 5700000446.54776 7600000526.11379 9500000616.32328 9500000600.300749 9500000687.906 9500000520.96559 9500000619.40094 5700000364.743589 7600000495.41519 9500000653.72975 9500000611.726768 5700000330.89295 
9500000635.215342 7600000554.654341 9500000648.555141 5700000435.47708 7600000559.793301 9500000645.52275 11400000728.028671 7600000534.652841 5700000408.2636 3800000289.85893 1900000144.34534 0 1900000154.3532 5700000425.89425 7600000523.66159 9500000656.34474 9500000621.05879 7600000504.815041 7600000598.4165 7600000593.48497 5700000454.66302 7600000604.27044 7600000576.68492 5700000455.61439 7600000534.47826 7600000580.2833605 9500000716.720089 9500000563.887201 11400000747.233519 11400000776.737629 11400000680.01688 7600000468.01293 7600000590.893101 9500000670.459131 11400000760.668621 11400000744.64609 11400000832.25134 11400000665.31093 9500000727.79866 5700000473.14131 9500000639.76053 9500000691.24137 7600000557.74609 7600000475.238291 
7600000507.64442 5700000400.30114 7600000501.87247 7600000589.830279 9500000714.1465 11400000791.21056 9500000643.80706 5700000455.2899 7600000562.616799 5700000444.21213 3800000298.6985397 1900000154.3532 0 3800000271.54105 5700000369.30839 7600000501.99154 7600000572.22781 7600000598.990919 5700000444.0633 5700000439.13177 3800000300.30982 5700000449.91724 9500000665.97942 7600000609.967589 7600000628.6541395 5700000425.9301605 9500000705.76711 11400000718.2404 9500000664.96362 9500000622.38443 9500000635.43852 9500000622.36613 9500000745.2463 11400000755.00877 11400000834.285511 9500000662.37619 9500000727.538721 9500000720.333601 7600000573.44546 3800000318.78811 7600000555.53892 7600000536.88817 5700000403.39289 7600000569.414169 
7600000525.73445 9500000633.07773 11400000734.64906 9500000598.32559 9500000594.13355 9500000600.21863 7600000452.815129 3800000259.4392996 5700000385.82854 7600000504.23321 7600000479.87493 5700000425.89425 3800000271.54105 0 1900000097.76734 3800000230.45049 5700000320.81149 5700000395.33415 3800000248.2127 3800000243.28117 1900000104.45922 3800000254.06664 5700000394.43837 7600000515.5089 5700000424.99737 7600000556.86237 9500000700.99884 9500000601.92874 5700000393.42257 5700000350.84338 5700000363.89747 9500000588.94826 7600000442.90957 7600000483.46772 9500000573.67721 5700000390.83514 7600000515.24924 9500000545.73129 5700000342.82452 3800000252.44195 5700000364.546989 3800000265.3471203 1900000131.85184 5700000365.7574005 
7600000565.27772 7600000570.282021 9500000671.853352 7600000603.521009 9500000695.57662 9500000601.18643 7600000453.78293 5700000357.206639 7600000483.59588 9500000602.00055 7600000519.4182005 7600000523.66159 5700000369.30839 1900000097.76734 0 1900000132.68315 3800000223.0441504 5700000339.287901 5700000345.98004 5700000341.04851 3800000202.2265596 5700000351.83398 7600000492.205709 7600000629.56867 5700000464.54064 7600000595.91104 9500000740.54211 9500000500.09798 7600000491.18991 7600000448.61072 7600000461.66481 7600000594.143681 5700000448.10499 7600000584.9107895 9500000561.915861 7600000488.60248 9500000613.01658 7600000447.963951 3800000245.0571804 1900000154.67461 5700000365.514791 5700000363.11446 3800000229.6191797 5700000405.300671 
9500000612.933971 9500000702.96517 9500000546.96846 9500000488.06318 9500000554.23273 7600000468.503281 5700000321.09978 5700000337.93933 7600000464.32857 9500000582.73324 9500000567.07445 9500000656.344742 7600000501.991541 3800000230.45049 1900000132.68315 0 1900000090.361 3800000206.60475 3800000218.52551 5700000310.15403 5700000334.90971 7600000484.51713 9500000559.210312 9500000677.22492 7600000512.19689 9500000609.68424 9500000618.34993 7600000367.41483 9500000623.873058 9500000515.615322 5700000329.986751 9500000483.84856 7600000580.78814 9500000519.4422 7600000429.23271 9500000621.28563 9500000640.12154 5700000315.2808 1900000112.37403 3800000287.35776 3800000232.8316402 5700000391.1462 5700000362.30233 7600000452.956921 
7600000522.57297 9500000558.17879 7600000456.607459 7600000397.702179 7600000463.871731 5700000378.142281 3800000230.73878 3800000247.57833 5700000373.96757 7600000492.37224 7600000476.71345 9500000621.05879 7600000572.22781 5700000320.81149 3800000223.0441504 1900000090.361 0 1900000116.24375 1900000128.16451 3800000219.79303 3800000271.9179897 5700000421.52541 7600000468.84931 7600000586.86392 5700000421.83589 7600000519.32324 7600000527.98893 5700000277.05383 9500000523.24505 7600000425.25432 3800000239.62575 7600000393.48756 9500000539.52625 7600000429.0812 5700000338.87171 9500000521.71378 7600000549.76054 3800000224.9198 3800000202.73503 5700000377.7187605 1900000142.47064 3800000300.7852 5700000434.28048 5700000362.595921 
5700000406.32922 7600000513.6725 9500000572.85121 9500000513.94593 9500000580.11548 7600000494.38603 5700000346.98253 5700000363.82208 7600000490.21132 7600000505.98329 5700000360.4697 7600000504.81504 7600000598.99092 5700000395.33415 5700000339.2879 3800000206.60475 1900000116.24375 0 3800000244.4082603 5700000336.03678 5700000388.16174 7600000537.76916 7600000591.690701 5700000470.620171 3800000305.59214 5700000437.45714 7600000581.59361 7600000393.29758 7600000518.3474 7600000556.82225 5700000355.8695 7600000494.6489105 9500000640.687601 9500000545.32495 7600000455.115459 7600000515.75997 7600000603.36522 5700000341.163549 5700000318.978781 3800000280.20281 3800000258.71439 5700000417.02895 7600000527.18599 3800000246.35217 
9500000650.737482 11400000686.3433 9500000584.77197 9500000525.86669 9500000592.03624 7600000506.306789 5700000358.90329 3800000298.7335596 5700000425.1228 7600000543.52747 9500000604.87796 7600000598.4165 5700000444.0633 3800000248.2127 5700000345.98004 3800000218.52551 1900000128.16451 3800000244.4082603 0 1900000091.62852 1900000143.75348 3800000293.3609 7600000560.09182 9500000681.16235 7600000550.000401 9500000647.487751 9500000656.15344 7600000405.21834 9500000641.63527 9500000553.41883 5700000367.79026 9500000521.652071 11400000667.690762 9500000557.24571 7600000467.036221 9500000639.04784 9500000677.92505 5700000353.084311 5700000330.89954 7600000500.65465 3800000270.63515 5700000428.94971 5700000380.06454 7600000490.760431 
11400000742.366001 11400000839.43291 11400000676.400492 9500000684.21409 11400000683.66476 9500000597.93531 7600000450.53181 3800000293.8020296 5700000420.19127 7600000538.59594 9500000684.10953 7600000593.48497 5700000439.13177 3800000243.28117 5700000341.04851 5700000310.15403 3800000219.79303 5700000336.036779 1900000091.62852 0 1900000138.82195 3800000288.42937 7600000555.16029 9500000676.23082 9500000641.62892 11400000739.11627 11400000747.78196 9500000496.84686 9500000636.70374 9500000594.12455 7600000459.41878 11400000613.28059 11400000686.19074 11400000648.87423 9500000558.66474 9500000634.11631 11400000758.53041 7600000444.71283 7600000422.52806 7600000495.72312 5700000362.26367 7600000508.62829 5700000375.13301 9500000582.38895 
9500000630.19367 9500000700.61096 11400000728.52545 7600000545.392139 9500000581.488861 7600000495.759411 5700000348.35591 1900000154.98008 3800000281.36932 5700000399.77399 7600000545.28758 5700000454.66302 3800000300.30982 1900000104.45922 3800000202.2265596 5700000334.90971 3800000271.9179897 5700000388.161739 1900000143.75348 1900000138.82195 0 1900000149.60742 5700000416.33834 7600000537.40887 7600000529.45659 9500000661.32159 11400000798.514568 9500000548.97182 7600000497.88179 7600000455.3026 7600000468.356689 11400000665.40555 9500000547.36879 9500000587.92694 9500000610.7897 7600000495.29436 9500000619.70846 7600000496.83779 7600000447.28374 5700000356.90117 3800000260.08777 5700000369.80634 3800000236.31106 7600000470.2166195 
11400000779.80109 11400000794.433891 9500000692.86256 9500000633.95728 11400000731.09628 9500000645.366829 7600000497.963329 3800000304.5874996 5700000430.97674 7600000549.38141 9500000694.895 7600000604.27044 5700000449.91724 3800000254.06664 5700000351.83398 7600000484.51713 5700000421.52541 7600000537.769159 3800000293.3609 3800000288.42937 1900000149.60742 0 3800000266.73092 5700000387.80145 7600000552.829479 11400000810.929008 9500000648.90715 7600000513.308929 9500000647.489208 5700000461.011391 7600000495.954479 9500000629.74266 11400000696.976212 11400000737.534359 11400000728.68457 9500000644.90178 11400000769.31588 9500000614.73266 9500000596.89116 7600000506.50859 5700000409.695189 7600000519.41376 5700000385.91848 9500000619.82404 
9500000722.091002 9500000696.28277 9500000645.5222 5700000432.4441395 7600000556.76036 9500000642.489809 11400000699.58809 7600000531.6199 5700000405.2306595 3800000286.8259897 5700000432.33958 7600000576.684919 9500000665.97942 5700000394.43837 7600000492.205709 9500000559.210312 7600000468.849311 7600000591.690701 7600000560.09182 7600000555.16029 5700000416.33834 3800000266.73092 0 1900000121.07053 3800000286.09856 7600000553.43434 5700000382.1762295 5700000417.41633 7600000450.41671 3800000216.16947 3800000229.2235603 7600000487.1527605 7600000587.860159 9500000667.42619 9500000588.038801 9500000708.28574 7600000583.87164 7600000474.086891 9500000588.728401 7600000595.96459 9500000611.31995 9500000659.78549 7600000526.29021 7600000562.113951 
7600000601.020471 9500000626.022999 7600000524.45167 3800000311.37361 5700000435.68983 7600000521.41928 9500000603.9252 5700000410.54937 3800000284.16013 1900000165.75546 3800000311.26905 5700000455.61439 7600000609.96759 7600000515.5089 7600000629.56867 9500000677.22492 7600000586.86392 5700000470.620171 9500000681.16235 9500000676.23082 7600000537.40887 5700000387.80145 1900000121.07053 0 1900000165.02803 5700000432.36381 3800000261.1057 3800000296.3458004 7600000542.537021 5700000337.24 5700000350.29409 7600000612.82832 5700000466.78963 7600000546.3556595 7600000467.84008 7600000587.21521 5700000462.80111 5700000353.88817 9500000729.55141 5700000474.89406 7600000515.65706 9500000673.971619 9500000647.36074 5700000441.043421 
5700000435.99244 7600000525.448061 9500000627.01939 5700000476.40164 7600000600.71786 9500000686.44731 9500000634.884981 7600000575.5774 5700000449.18816 3800000330.78349 5700000390.13292 7600000534.47826 7600000628.6541395 5700000424.99737 5700000464.54064 7600000512.19689 5700000421.83589 3800000305.59214 7600000550.0004 9500000641.62892 7600000529.45659 7600000552.829479 3800000286.09856 1900000165.02803 0 3800000267.33578 3800000276.0014696 5700000461.37383 7600000548.01062 7600000502.26803 7600000515.322121 7600000524.31213 7600000631.817659 7600000494.72936 5700000404.51987 5700000422.18718 3800000297.77308 3800000290.56796 7600000564.52338 3800000309.8660297 7600000546.61684 9500000690.34449 7600000556.84921 3800000276.0153904 
5700000365.45556 3800000258.11228 5700000359.68361 9500000572.76167 9500000609.23067 11400000694.960121 11400000750.062021 11400000766.901571 9500000716.52394 7600000598.119269 7600000521.99792 7600000580.2833605 5700000425.9301605 7600000556.86237 7600000595.91104 9500000609.68424 7600000519.32324 5700000437.45714 9500000647.487751 11400000739.116272 9500000661.32159 11400000810.92901 7600000553.43434 5700000432.36381 3800000267.33578 0 3800000279.83695 7600000547.381029 9500000679.875618 9500000718.35047 7600000539.26677 9500000656.17713 9500000635.37064 7600000498.56484 5700000408.3553505 5700000426.022659 3800000301.6085596 3800000294.40344 9500000639.20233 5700000441.23643 9500000661.79388 11400000820.10844 9500000688.71421 5700000407.88039 
9500000645.292511 7600000537.94923 9500000627.96539 7600000572.47931 9500000617.89636 11400000703.62581 11400000758.72771 9500000671.65507 7600000545.26583 5700000426.86116 7600000572.37475 9500000716.72009 9500000705.767109 9500000700.99884 9500000740.542109 9500000618.34993 7600000527.98893 7600000581.593609 9500000656.15344 11400000747.78196 11400000798.51457 9500000648.90715 5700000382.1762295 3800000261.1057 3800000276.0014696 3800000279.83695 0 3800000267.54408 7600000513.7353 7600000551.53406 7600000547.93246 9500000564.84549 9500000644.03633 7600000507.23053 5700000417.02104 5700000434.68835 3800000310.27425 3800000303.06913 9500000647.86802 7600000585.867499 9500000670.45957 11400000828.77413 11400000832.850681 7600000552.016859 
7600000505.9704 7600000461.99264 5700000360.421309 5700000301.516029 7600000425.83225 9500000511.561699 9500000507.79261 9500000524.63216 7600000580.50593 5700000462.10126 7600000419.541861 9500000563.887201 11400000718.240402 9500000601.92874 9500000500.09798 7600000367.41483 5700000277.05383 7600000393.297581 7600000405.21834 9500000496.846859 9500000548.97182 7600000513.308929 5700000417.41633 3800000296.3458004 5700000461.373831 7600000547.381029 3800000267.54408 0 3800000246.1912203 3800000283.9899797 5700000296.99736 5700000297.301411 7600000443.340101 9500000486.45281 7600000396.24332 7600000521.019751 7600000577.81833 5700000282.29141 7600000396.93292 9500000594.79707 7600000419.52447 9500000577.839031 11400000711.33431 9500000560.94643 
9500000648.747702 9500000714.36054 9500000606.61253 9500000547.70725 7600000478.12694 9500000563.85639 11400000711.25989 9500000652.86187 11400000779.25111 9500000708.29248 9500000602.88818 11400000747.23352 9500000664.96362 5700000393.422569 7600000491.189909 9500000623.873058 9500000523.24505 7600000518.347401 9500000641.63527 9500000636.70374 7600000497.881789 9500000647.489208 7600000450.41671 7600000542.53702 7600000548.01062 9500000679.87562 7600000513.7353 3800000246.1912203 0 3800000234.24724 7600000419.875811 9500000543.49263 7600000504.266911 5700000367.46111 7600000457.6706 3800000274.82853 5700000399.24263 9500000528.48263 11400000643.12414 7600000522.62129 11400000665.71569 9500000658.76969 7600000525.274409 7600000488.770651 
7600000587.45658 5700000480.1133 7600000581.68463 9500000585.50601 11400000709.82223 13300000795.55168 11400000655.993101 9500000610.28268 9500000621.40013 7600000502.99546 9500000641.36303 11400000776.737629 9500000622.38443 5700000350.84338 7600000448.61072 9500000515.61532 7600000425.25432 7600000556.82225 9500000553.41883 9500000594.12455 7600000455.3026 5700000461.01139 3800000216.16947 5700000337.24 7600000502.26803 9500000718.35047 7600000551.53406 3800000283.9899797 3800000234.24724 0 3800000185.62857 7600000443.55777 9500000589.59646 9500000601.708351 9500000544.44381 7600000509.07577 9500000633.48987 7600000430.4918995 9500000545.13341 7600000561.09614 9500000567.72496 9500000616.1905 7600000482.69522 7600000527.245501 
7600000608.84856 7600000564.8708 5700000463.29947 5700000404.39419 7600000528.71041 9500000614.43986 7600000470.36453 7600000487.20408 9500000613.593319 7600000516.04955 9500000535.67154 11400000680.01688 9500000635.43852 5700000363.89747 7600000461.66481 5700000329.98675 3800000239.62575 5700000355.8695 5700000367.79026 7600000459.41878 7600000468.35669 7600000495.95448 3800000229.2235603 5700000350.29409 7600000515.322121 7600000539.266769 7600000547.93246 5700000296.99736 7600000419.875811 3800000185.62857 0 3800000257.9292 5700000403.96789 7600000449.02473 5700000358.81524 9500000541.65731 7600000569.70407 3800000244.86333 5700000359.50484 9500000614.16219 5700000382.09639 7600000540.41095 7600000495.7493105 9500000602.22167 
9500000622.404129 9500000578.426369 7600000476.85504 3800000301.45471 5700000393.51032 7600000479.23977 9500000626.64327 9500000691.86677 7600000565.47753 5700000447.07286 5700000323.66759 7600000468.01293 9500000622.36613 9500000588.948261 7600000594.143681 9500000483.84856 7600000393.48756 7600000494.6489105 9500000521.652071 11400000613.28059 11400000665.405552 9500000629.74266 7600000487.1527605 7600000612.82832 7600000524.31213 9500000656.17713 9500000564.84549 5700000297.30141 9500000543.49263 7600000443.557771 3800000257.9292 0 1900000146.03869 3800000282.84449 5700000373.05398 5700000375.47707 7600000499.89117 7600000398.72514 9500000513.36665 7600000498.9228 9500000535.9582 11400000694.27276 11400000720.800102 7600000465.072161 
7600000514.04317 7600000470.06541 5700000368.49408 1900000155.41602 3800000247.47163 5700000333.20108 7600000480.60458 7600000545.82808 5700000419.43884 3800000301.03417 5700000446.54776 7600000590.8931 9500000745.2463 7600000442.909571 5700000448.10499 7600000580.78814 9500000539.52625 9500000640.687601 11400000667.690762 11400000686.190739 9500000547.36879 11400000696.97621 7600000587.86016 5700000466.78963 7600000631.817659 9500000635.37064 9500000644.036331 7600000443.3401 7600000504.266911 9500000589.596458 5700000403.96789 1900000146.03869 0 1900000136.8058 3800000227.0152903 3800000229.4383802 5700000353.85248 5700000340.9672 9500000693.16217 7600000602.7796 9500000568.87272 11400000708.25669 9500000574.76141 9500000611.110851 
9500000593.6092 9500000549.63144 7600000448.060109 3800000234.98205 1900000110.66583 3800000196.39528 5700000343.79878 9500000537.17461 7600000499.004869 5700000380.6002 7600000526.11379 9500000670.45913 11400000755.00877 7600000483.46772 7600000584.91079 9500000519.4422 7600000429.0812 9500000545.32495 9500000557.24571 11400000648.87423 9500000587.92694 11400000737.53436 9500000667.42619 7600000546.3556595 7600000494.72936 7600000498.56484 7600000507.23053 9500000486.45281 5700000367.46111 9500000601.708351 7600000449.02473 3800000282.84449 1900000136.8058 0 1900000090.20949 1900000092.63258 3800000217.04668 3800000204.1614 9500000548.960289 9500000612.66644 7600000432.06692 9500000590.381481 9500000615.319561 9500000578.8158 
11400000683.81869 9500000666.46763 9500000538.2696 5700000325.19154 3800000200.87532 5700000286.60477 7600000434.00827 9500000586.45004 9500000589.21436 7600000470.8096895 9500000616.32328 11400000760.668621 11400000834.285511 9500000573.67721 9500000561.91586 7600000429.23271 5700000338.87171 7600000455.115459 7600000467.03622 9500000558.66474 9500000610.7897 11400000728.68457 9500000588.038801 7600000467.840079 5700000404.51987 5700000408.3553505 5700000417.02104 7600000396.2433195 7600000457.6706 9500000544.44381 5700000358.81524 5700000373.05398 3800000227.0152903 1900000090.20949 0 3800000182.84207 5700000307.25617 1900000113.95191 7600000458.750799 9500000714.385899 7600000481.34235 9500000639.65691 11400000705.529049 9500000680.53526 
9500000646.16027 9500000684.13494 9500000540.69269 5700000327.61463 3800000203.29841 5700000289.02786 7600000436.43136 9500000650.27444 9500000591.63745 7600000473.2327795 9500000600.300749 11400000744.64609 9500000662.37619 5700000390.83514 7600000488.60248 9500000621.28563 9500000521.71378 7600000515.75997 9500000639.04784 9500000634.11631 7600000495.29436 9500000644.90178 9500000708.28574 7600000587.21521 5700000422.18718 5700000426.022659 5700000434.68835 7600000521.01975 3800000274.82853 7600000509.075769 9500000541.657309 5700000375.47707 3800000229.4383802 1900000092.63258 3800000182.84207 0 1900000124.4141 5700000296.79398 11400000641.592869 7600000520.033859 9500000524.699501 9500000656.18226 7600000522.68698 7600000486.18322 
9500000667.064121 7600000559.72084 9500000661.292171 7600000452.02873 5700000327.71251 7600000413.44196 9500000560.84546 11400000774.688538 9500000746.961239 7600000628.556569 9500000687.906 11400000832.25134 9500000727.53872 7600000515.249239 9500000613.016579 9500000640.12154 7600000549.76054 7600000603.365219 9500000677.92505 11400000758.530407 9500000619.708458 11400000769.315878 7600000583.871639 5700000462.801109 3800000297.77308 3800000301.6085596 3800000310.27425 7600000577.81833 5700000399.24263 9500000633.48987 7600000569.70407 7600000499.8911705 5700000353.85248 3800000217.04668 5700000307.25617 1900000124.4141 0 3800000324.84074 9500000669.63963 7600000607.63911 9500000692.23118 11400000780.596357 9500000647.101078 7600000573.788469 
9500000607.39413 7600000552.51572 7600000461.845039 7600000402.93976 5700000314.8272295 7600000400.55668 7600000455.65858 7600000472.49813 9500000598.88737 7600000519.643629 9500000520.96559 11400000665.31093 9500000720.3336 9500000545.73129 7600000447.96395 5700000315.2808 3800000224.9198 5700000341.163549 5700000353.08431 7600000444.71283 7600000496.83779 9500000614.73266 7600000474.08689 5700000353.888169 3800000290.56796 3800000294.40344 3800000303.06913 5700000282.2914095 9500000528.48263 7600000430.4919 3800000244.86333 7600000398.72514 5700000340.967199 3800000204.1614 1900000113.95191 5700000296.79398 3800000324.84074 0 5700000344.798889 7600000600.43399 5700000367.39044 7600000525.705 9500000659.20028 7600000566.583349 
9500000665.260462 9500000670.264761 9500000576.48655 9500000517.58127 9500000549.185951 7600000463.456501 5700000316.053 5700000332.89255 7600000459.281791 9500000577.68646 9500000619.40094 9500000727.79866 7600000573.44546 5700000342.82452 3800000245.0571804 1900000112.37403 3800000202.73503 5700000318.978781 5700000330.89954 7600000422.52806 7600000447.28374 9500000596.89116 9500000588.728401 9500000729.55141 7600000564.52338 9500000639.20233 9500000647.86802 7600000396.9329195 11400000643.124138 9500000545.133411 5700000359.50484 9500000513.36665 9500000693.16217 9500000548.960289 7600000458.750799 11400000641.592869 9500000669.63963 5700000344.798889 0 3800000254.65735 3800000227.78486 5700000386.099421 7600000474.67636 7600000505.283411 
5700000410.60311 5700000415.60741 7600000517.1787405 9500000655.87533 9500000558.151901 7600000472.422451 5700000325.01895 5700000341.8585005 7600000468.247741 7600000510.25718 5700000364.74359 5700000473.14131 3800000318.78811 3800000252.44195 1900000154.67461 3800000287.35776 5700000377.71876 3800000280.20281 7600000500.65465 7600000495.72312 5700000356.90117 7600000506.50859 7600000595.96459 5700000474.89406 3800000309.8660297 5700000441.23643 7600000585.867499 9500000594.797071 7600000522.62129 7600000561.09614 9500000614.16219 7600000498.9228 7600000602.7796 9500000612.666441 9500000714.385899 7600000520.03386 7600000607.63911 7600000600.43399 3800000254.65735 0 3800000236.75081 5700000395.065371 5700000384.29379 3800000250.62606 
9500000647.353922 9500000652.358221 9500000599.0781 7600000445.717311 5700000321.401091 3800000235.6716404 1900000088.26814 1900000105.10769 3800000231.49693 5700000349.9016 7600000495.41519 9500000639.76053 7600000555.53892 5700000364.546989 5700000365.514791 3800000232.8316402 1900000142.47064 3800000258.71439 3800000270.63515 5700000362.26367 3800000260.08777 5700000409.69519 9500000611.31995 7600000515.65706 7600000546.61684 9500000661.79388 9500000670.45957 7600000419.524469 11400000665.715689 9500000567.72496 5700000382.09639 9500000535.9582 9500000568.87272 7600000432.06692 7600000481.34235 9500000524.699501 9500000692.23118 5700000367.39044 3800000227.78486 3800000236.75081 0 1900000158.31456 3800000291.80984 7600000487.376871 
11400000791.081572 11400000810.672781 11400000757.39266 9500000604.03187 7600000479.715651 5700000393.9862 3800000246.5827 3800000263.42225 5700000389.81149 7600000508.21616 9500000653.72975 9500000691.241371 7600000536.88817 3800000265.3471203 5700000363.11446 5700000391.1462 3800000300.7852 5700000417.02895 5700000428.94971 7600000508.62829 5700000369.80634 7600000519.41376 9500000659.78549 9500000673.97162 9500000690.34449 11400000820.10844 11400000828.77413 9500000577.839031 9500000658.76969 9500000616.1905 7600000540.410951 11400000694.27276 11400000708.256691 9500000590.381481 9500000639.65691 9500000656.18226 11400000780.596361 7600000525.705 5700000386.099421 5700000395.065371 1900000158.31456 0 1900000133.49528 9500000631.10452 
9500000657.58629 11400000764.929571 13300000866.5009 11400000730.17743 9500000613.21093 7600000527.48148 5700000380.07798 5700000391.29114 7600000517.68038 9500000636.08505 9500000611.72677 7600000557.74609 5700000403.39289 1900000131.85184 3800000229.6191797 5700000362.30233 5700000434.28048 7600000527.185989 5700000380.06454 5700000375.13301 3800000236.31106 5700000385.91848 7600000526.29021 9500000647.36074 7600000556.84921 9500000688.71421 11400000832.85068 11400000711.33431 7600000525.27441 7600000482.69522 7600000495.74931 11400000720.8001 9500000574.76141 9500000615.319561 11400000705.52905 7600000522.68698 9500000647.10108 9500000659.200281 7600000474.67636 5700000384.29379 3800000291.80984 1900000133.49528 0 7600000497.60924 
1900000159.97705 3800000267.32033 5700000368.891661 7600000518.6042 9500000642.92042 11400000723.04851 9500000575.64501 9500000592.48456 9500000594.81121 7600000476.40654 5700000330.89295 7600000475.23829 7600000569.41417 5700000365.7574005 5700000405.30067 7600000452.956921 5700000362.595921 3800000246.35217 7600000490.76043 9500000582.38895 7600000470.21662 9500000619.82404 7600000562.113951 5700000441.043421 3800000276.0153904 5700000407.88039 7600000552.01686 9500000560.94643 7600000488.77065 7600000527.245501 9500000602.22167 7600000465.072161 9500000611.110851 9500000578.8158 9500000680.53526 7600000486.18322 7600000573.78847 7600000566.58335 7600000505.28341 3800000250.62606 7600000487.37687 9500000631.10452 7600000497.609241 0 
