21
BLR BTN ALA AIA BVT AFG CHL CCK CAN BEL BGR CMR BRA BMU BLZ BHS BFA AGO AND CHE ATG
0 40.51056 54.11203 81.13054 75.17415 75.91818 67.28965 88.67795 83.43469 91.07219 81.0432 99.7136 42.80212 73.60796 47.01064 65.79094 46.8615 45.11234 54.71645 14.21954 37.33182 
40.51056 0 13.60147 40.61998 45.18849 47.34608 34.53983 51.0392 44.55334 53.09734 65.74645000000001 59.20304 73.31268 92.76941 87.5212 106.3015 87.37206 75.6229 55.9464 39.21734 50.22141 
54.11203 13.60147 0 27.01851 43.41973 60.94755 48.1413 64.64067 58.15481 66.69881 79.34791999999999 72.80451000000001 86.91415 106.37088 101.12267 119.90297 100.97353 89.22437 69.54787 52.81881 63.82288 
81.13054 40.61998 27.01851 0 16.40122 44.05985 40.08073 64.04499 70.52146 79.06546 91.71457000000001 61.88748 110.49213 79.68629 128.14118 104.99443 109.57275 74.86569 96.56638 67.73005 82.91504 
75.17415 45.18849 43.41973 16.40122 0 27.65863 40.46488 53.60037 54.12024 62.66424000000001 75.31335000000001 45.48626 94.09091 63.28507 122.18478999999999 106.58759 110.60969999999999 58.46447 101.13489 62.6099 84.50819999999999 
75.91818 47.34608 60.94755 44.05985 27.65863 0 12.80625 37.01369 45.61602 54.16002 66.80913000000001 72.03571 102.43009 90.94369999999999 114.41692 102.18645000000001 82.95107 30.80584 79.65683 80.13772 97.56748999999999 
67.28965 34.53983 48.1413 40.08073 40.46488 12.80625 0 24.20744 32.80977 41.35377 54.00288 59.22946 89.62384 81.15096 101.61067 89.3802 70.14482 43.61209 66.85058 69.0 84.76124000000002 
88.67795 51.0392 64.64067 64.04499 53.60037 37.01369 24.20744 0 8.60233 17.14633 29.79544 35.02202 65.4164 56.94352 77.40323000000001 84.31489 71.42129 67.81953 91.05802 89.26926 101.26061000000001 
83.43469 44.55334 58.15481 70.52146 54.12024 45.61602 32.80977 8.60233 0 8.544 21.19311 26.41969 56.81407 48.34119 79.52819 92.91722 80.02362 76.42186 99.66035 83.43261 94.77226999999999 
91.07219 53.09734 66.69881000000001 79.06546 62.66424000000001 54.160019999999996 41.35377 17.14633 8.544 0 12.64911 34.96369 48.27007 48.147439999999996 79.33444 93.47727 88.36229 84.96585999999999 108.20434999999999 91.97661 103.31627 
81.0432 65.74645 79.34792 91.71457 75.31335 66.80913 54.00288 29.79544 21.19311 12.64911 0 47.6128 60.91918 49.90141 70.88104 97.41769 78.1827 97.61497 120.85345999999998 95.26274 115.96538000000001 
99.7136 59.20304 72.80451000000001 61.88748 45.48626 72.03571 59.229459999999996 35.02202 26.41969 34.96369 47.6128 0 60.40695 74.76088 103.16207 94.20940999999999 74.97403 102.84155 87.32125 95.55118999999999 109.42445000000001 
42.80212 73.31268 86.91415 110.49212999999999 94.09091 102.43009 89.62384 65.4164 56.81407 48.27007 60.91918 60.40695 0 30.80584 42.75512 72.11103 83.18075 77.91446 87.51857000000001 47.021660000000004 70.13394 
73.60796 92.76941 106.37088 79.68629 63.28507 90.94369999999999 81.15096 56.94352 48.34119 48.147439999999996 49.90141 74.76088 30.80584 0 73.56096 92.41753 74.94665 108.72030000000001 118.32441 77.8275 100.93978000000001 
47.01064 87.5212 101.12267 128.14118 122.18479 114.41692 101.61067 77.40323000000001 79.52819 79.33444 70.88104 103.16207 42.75512 73.56096 0 30.26549 41.36044 92.12298000000001 101.72709 61.230180000000004 84.34246000000002 
65.79094 106.3015 119.90297000000001 104.99443000000001 106.58759 102.18645000000001 89.3802 84.31489 92.91722 93.47727 97.41769 94.20941 72.11103 92.41753 30.26549 0 19.23538 110.90328000000001 120.50739 80.01048 103.12276 
46.8615 87.37206 100.97353000000001 109.57275 110.6097 82.95107 70.14482 71.42129 80.02362 88.36229 78.1827 74.97403 83.18075 74.94665 41.36044 19.23538 0 91.97384 101.57795 61.08104 84.19332 
45.11234 75.6229 89.22437000000001 74.86569 58.46447 30.80584 43.61209 67.81953 76.42186 84.96585999999999 97.61497 102.84155 77.91446 108.72030000000001 92.12298000000001 110.90328000000001 91.97384 0 89.82879 49.331880000000005 72.44416000000001 
54.71645 55.9464 69.54787 96.56638000000001 101.13489 79.65683 66.85058 91.05802 99.66035 108.20434999999999 120.85345999999998 87.32125 87.51857000000001 118.32441000000001 101.72709 120.50739 101.57795 89.82879 0 40.49691 63.60919 
14.21954 39.21734 52.81881 67.73005 62.6099 80.13772 69.0 89.26926 83.43261 91.97661 95.26274 95.55118999999999 47.021660000000004 77.8275 61.230180000000004 80.01048 61.08104 49.331880000000005 40.49691 0 23.11228 
37.33182 50.22141 63.82288 82.91503999999999 84.50819999999999 97.56749 84.76124 101.26061 94.77226999999999 103.31626999999999 115.96537999999998 109.42445000000001 70.13394 100.93978 84.34246 103.12276 84.19332 72.44416000000001 63.60919 23.11228 0 
