44
GBR FRA FRO ECU FSM ERI FIN FLK CAN BRB CHE COD BRN BDI GLP HND GEO ATA ASM DOM BHS BLM BES BLR CCK COG CAF BVT AND ALB ARE DNK CUW BFA GRC GRD GNQ GUY CUB CYM BGD CMR BRA DZA
0 26.0 29.41088 38.94868 52.70312 77.92117 76.02693 63.32456 112.36536 122.41524 115.5403 123.35560999999998 119.23204999999999 99.62521 95.58448 85.93946 69.66064 127.01531 94.99969 116.83229 103.41588 96.92634 103.63454 99.86686 77.06612 75.0164 83.92617999999999 85.90826 91.87811 106.16387 143.65006 162.52549 135.69267 114.9541 127.52866999999999 90.482 101.66234 103.36989 157.45316 106.28698 170.06785 70.74155999999999 105.52866999999999 49.36598 
26.0 0 7.0 39.05125 67.97794 98.47335 82.9759 71.34424 97.27134 107.32122 102.39355 126.68222 128.23262 108.85766 69.58448 70.37447 54.09565 129.33157 110.27451 140.1479 129.41588 109.21344 115.92164000000001 110.23079000000001 86.69359000000001 77.65617 78.90826 59.90826 104.44175 132.16387 169.65006 169.47446 142.64164 127.2412 131.00966 114.37129 125.55163 106.00966 160.09293 132.28698 174.44052 80.36903000000001 117.81577 75.36598000000001 
29.41088 7.0 0 46.04346 74.32362 104.30937 89.83973 78.31347 104.27134 114.32122 109.39355 133.68222 135.23262 115.85766 76.58448 63.37447 47.09565 122.33157 116.62019000000001 133.1479 132.82675999999998 115.97858 122.68678 116.99593 93.45873 84.42131 85.90826 66.90826 102.36289 135.57475 170.58381 176.33829 149.50547 134.00634 127.11911 119.21952 126.81729000000001 102.11911 156.20238 133.22073 181.44052 87.13417 124.58090999999999 78.77686 
38.94868 39.05125 46.04346 0 38.83298 71.63542 46.51881 61.38488 110.42568 120.47556 105.78645 133.61072000000001 135.58632999999998 115.97948999999998 107.17866 82.89608999999999 66.61726999999999 113.14517 81.12955 114.74502 119.77015999999999 103.5303 110.2385 104.54765 81.01045 71.97303 75.96415999999999 75.49091 67.61681 112.33816999999999 151.62871 133.01737 106.18455 121.55806 114.70587 86.52111 97.70145 89.70587 143.78914 115.85077000000001 177.86081000000001 74.68589 112.13262999999999 88.31466 
52.70312 67.97794 74.32362 38.83298 0 32.80244 34.98571 49.85178 79.99291 90.04279 94.37973 109.36804000000001 102.50712999999999 82.90029 88.36173 83.46513 67.18631 74.31219 42.29657 75.91204 86.69096 80.20142 86.90962 83.14194 60.70296999999999 53.1561 42.88496 61.88496 67.85177999999999 112.57314 134.36817 121.48427 94.65145 98.22918 89.92255 62.1321 73.31244 64.92255 119.00582 97.00509 154.53193 54.42076 88.80375 76.28661 
77.92117 98.47335 104.30937 71.63542 32.80244 0 38.0 52.86607 85.24162 85.24903 90.36383000000001 114.6525 96.87100999999998 81.94668999999999 99.87949 98.01481 86.05563000000001 107.11462999999999 75.09900999999999 99.15377 85.73736 81.33647 74.62827 74.54560000000001 88.98724 74.74466 66.87854 47.87854 78.0 122.72136 139.36344 124.49856 97.66574 99.36423 71.30028 52.35159 63.39385 46.391169999999995 100.47443999999999 102.00036 152.36833000000001 82.70503 89.9388 104.57087999999999 
76.02693 82.9759 89.83973 46.51881 34.98571 38.0 0 14.86607 63.90687 73.95675 67.08181 87.09191 109.65294 106.22409999999999 111.07987 107.04527 90.76645 109.2979 77.28228 85.2196 98.63601 103.52523 110.23343 106.46575 84.02678 75.87424 66.20877 77.40293 40.0 84.72136 111.51855 86.49856 59.66574 116.53243 99.13082 52.10452 63.28486 74.13082 120.81184999999999 88.23396 141.07605 77.74457 112.12755999999999 99.61041999999999 
63.32456 71.34424 78.31347 61.38488 49.851780000000005 52.86607 14.86607 0 49.0408 59.09068 52.21574 78.45168 98.9289 105.15585 122.36388 101.27882 85.0 124.16397 92.14835000000001 100.00156999999999 87.55118 95.96886 101.38725 112.39005999999999 88.85285999999999 90.74031 81.07484 66.27532 54.86607 99.58743 126.38462000000001 101.36463 74.53181000000001 101.86439 113.99689000000001 66.97059 78.15093 88.99689000000001 135.67792 103.10003 126.20998 92.61063999999999 98.90620999999999 112.69054 
112.36536 97.27134 104.27134 110.42568 79.99291 85.24162 63.90687 49.0408 0 10.04988 14.38682 29.41088 51.971909999999994 56.115050000000004 73.32308 98.22897 114.50779 116.59186 84.57624 50.96077 38.51038 46.92806 52.346450000000004 63.34926 39.81206 55.00909 37.10795 37.36308 103.90687 72.54283 116.10887 103.34745 76.51463 64.03547 77.53039000000001 83.89769 92.5667 77.19202 131.27528999999998 99.00601 77.16918 46.09772 55.530390000000004 129.34072 
122.41524 107.32122 114.32122 120.47556 90.04279 85.24903 73.95675 59.09068 10.04988 0 24.436700000000002 39.46076 62.021789999999996 46.06517 63.273199999999996 108.27885 124.55767 107.508 75.49238 41.87691 28.4605 36.87818 42.29657 61.401540000000004 49.861940000000004 65.05897 47.157830000000004 47.41296 113.95675 82.59271 119.28358 94.26359 67.43077 54.90594 67.48051000000001 79.96823 84.14482 67.14214 121.22541 109.05589 67.1193 56.147600000000004 45.48051 123.36923999999999 
115.5403 102.39355 109.39355 105.78645 94.37973 90.36383000000001 67.08180999999999 52.21574 14.38682 24.436700000000002 0 31.62278 54.183809999999994 70.50187 78.10302 112.61579 128.89461 130.97868 98.96306 65.34759 52.8972 55.2928 62.001 72.3839 48.8467 61.29437 51.49477 42.48529 93.36986 86.92965000000001 130.49569000000002 117.73427 90.90145 62.29777 68.69047 82.15999000000001 90.82900000000001 89.64786 129.8462 97.26831000000001 91.556 55.15433 46.69047 143.72754 
123.35560999999998 126.68221999999999 133.68221999999997 133.61072000000001 109.36804000000001 114.65249999999999 87.09191 78.45168 29.41088 39.46076 31.62278 0 22.56103 65.9784 72.17011000000001 127.63985 143.91867 141.89098 113.98711999999999 80.37164999999999 67.92126 76.33894000000001 81.75733 80.43158 69.22294 78.64477 66.48308 66.77395999999999 124.99264 101.95371 145.51975 132.75833 105.92550999999999 93.44635 100.31325 94.0 105.18034 93.9473 145.41403 112.83614 106.58006 75.5086 78.31325 158.7516 
119.23204999999999 128.23262 135.23262 135.58632999999998 102.50712999999999 96.87100999999998 109.65294 98.9289 51.971909999999994 62.021789999999996 54.183809999999994 22.56103 0 43.41737 58.64814 117.08821999999999 133.36704 128.36901 107.79247 74.17699999999999 60.76058999999999 78.5686 75.70997 57.87055 81.40775 99.73975999999999 89.04411 89.27306 146.38754 124.51473999999999 151.58366999999998 126.56367999999999 99.73085999999999 87.94721999999999 96.38627 93.41256999999999 94.92102 71.38627 125.46954 116.8012 107.56529 80.64401 84.29925 155.66933 
99.62520999999998 108.85766000000001 115.85766000000001 115.97948999999998 82.90028999999998 81.94668999999999 106.22409999999998 105.15585 56.115050000000004 46.06517 70.50187000000001 65.9784 43.41737 0 39.27318 97.71326 113.99208 108.99405000000002 88.18563 54.57016 41.15375 73.29473999999999 72.56032 73.70047 67.31938 87.39635999999999 93.22300000000001 93.47813 139.09016999999997 128.65788 131.97683 106.95684 80.12402 65.0 86.69241 82.81668 80.84248 63.8398 117.92307 123.99169 107.16809 61.03716999999999 64.69241 136.06249 
95.58448 69.58448 76.58448 107.17866000000001 88.36173 99.87949 111.07987 122.36388 73.32307999999999 63.273199999999996 78.10302 72.17011000000001 58.64814 39.27318 0 58.440079999999995 74.71889999999999 69.72087 101.73649 84.77177999999999 71.35537 89.46418 83.99536 64.89039 88.42759 74.8243 110.43102999999999 110.68615999999999 124.15525 141.1162 158.0752 137.15846 110.32563999999999 71.43642 75.80237 71.06335 78.1865 53.48832 107.57159 120.71212 111.44485 94.75215 86.04989 109.50837 
85.93946 70.37447 63.37447 82.89608999999999 83.46513 98.01481000000001 107.04527 101.27882 98.22897 108.27885 112.61579 127.63985 117.08821999999999 97.71325999999999 58.440079999999995 0 16.27882 58.9571 90.97272 69.77343 83.18984 98.62797 91.91977 72.8148 96.352 68.94382 105.34437 124.34437 118.27476999999999 125.16478000000001 138.66946 122.16011 95.32729 116.25039000000001 71.69379 73.64994 72.1734 51.62364 105.70691 101.30637999999999 164.11941000000002 102.67656000000001 93.69379 85.86678 
69.66064 54.09565 47.09565 66.61726999999999 67.18631 86.05563000000001 90.76645 85.0 114.50779 124.55767 128.89461 143.91867 133.36703999999997 113.99207999999999 74.71889999999999 16.27882 0 75.23592 94.18598 86.05225 99.46866 114.90679 108.19859 89.09362 98.64232 85.22264 98.6657 114.00390999999999 115.71142 141.4436 123.48816 138.43893 111.60611 132.52921 87.97261 89.92876000000001 88.45222 67.90246 118.70297 86.12508 149.90595 92.31775999999999 109.97261 102.1456 
127.01531 129.33157 122.33157 113.14517000000001 74.31219 107.11463 109.2979 124.16397 116.59186 107.508 130.97868 141.89098 128.36901 108.99405 69.72087 58.9571 75.23592 0 32.01562 65.63109 79.0475 101.79977000000002 95.09157000000002 75.98660000000001 99.52380000000001 127.46829 117.19715 136.19715 116.31048 145.83647 124.08722 118.01777 91.18495 112.10804999999999 126.10743 130.55523 131.13049999999998 110.58073999999999 119.30203 86.72414 150.50501 105.84836000000001 104.10743 89.03858 
94.99969 110.27451 116.62019000000001 81.12955 42.29657 75.09900999999999 77.28228 92.14835 84.57624 75.49238 98.96306 113.98712 107.79247000000001 88.18563 101.73649 90.97272 94.18598 32.01562 0 33.61547 47.03188 80.04703 86.75523000000001 105.86020000000002 102.99954000000001 95.45267000000001 85.18153000000001 104.18153000000001 84.29486 129.01622 92.07159999999999 86.00215 59.16933 80.09243000000001 94.09181000000001 98.53961000000001 109.71995000000001 107.21912 87.28640999999999 54.70852 118.48939 96.71733 72.09181000000001 111.62952 
116.83229 140.1479 133.1479 114.74502000000001 75.91204 99.15377000000001 85.2196 100.00156999999999 50.96077 41.87691 65.34759 80.37164999999999 74.17699999999999 54.57016 84.77178 69.77343 86.05225 65.63109 33.61547 0 13.41641 46.43156 53.139759999999995 72.24473 81.60053 100.09568 67.26806 86.26806 99.00787 120.97270999999999 77.40666999999999 52.38668 25.55386 46.47696 60.47634 64.92414 76.10448 80.95044 101.99942 69.42153 102.77971 75.27597 38.47634 81.49233 
103.41587999999999 129.41588 132.82675999999998 119.77015999999999 86.69095999999999 85.73736 98.63601 87.55117999999999 38.51038 28.4605 52.8972 67.92125999999999 60.76058999999999 41.15375 71.35537 83.18984 99.46866 79.0475 47.03188 13.41641 0 33.01515 39.723349999999996 58.82832 68.18412000000001 86.67927 53.85165 72.85165 112.42428000000001 111.05321 90.82308 65.80309 38.97027 33.06055 47.05993 51.50773 62.68807 67.53403 115.41583 82.83794 89.36330000000001 61.85956 25.05993 94.90874 
96.92634 109.21343999999999 115.97858000000001 103.53030000000001 80.20142 81.33646999999999 103.52523 95.96886 46.92806 36.87818 55.2928 76.33894000000001 78.5686 73.29473999999999 89.46418 98.62797 114.90679 101.79977 80.04703 46.43156 33.01515 0 6.7082 25.81317 35.16897 63.32629 82.60313 65.07975 129.43151 119.47089 123.83823000000001 98.81824 71.98542 18.02776 30.602330000000002 77.62863 80.23226 55.60233 109.6856 115.85309000000001 74.33051 28.84441 8.60233 127.92389 
103.63453999999999 115.92164 122.68678000000001 110.23850000000002 86.90961999999999 74.62827 110.23342999999998 101.38725 52.346450000000004 42.29657 62.001 81.75733 75.70997 72.56032 83.99536 91.91977 108.19859 95.09156999999999 86.75523 53.139759999999995 39.723349999999996 6.7082 0 19.10497 41.87717 70.03449 89.31133 71.78795 134.20582000000002 124.88928000000001 130.54643 105.52644 78.69362 24.73596 37.31053 78.54768 73.52406 56.52138 110.60464999999999 122.56129000000001 81.03871000000001 35.55261 15.31053 122.00125 
99.86686 110.23079 116.99593 104.54765 83.14194 74.54560000000001 106.46575 112.39006 63.34926 61.401540000000004 72.3839 80.43158 57.87055 73.70047 64.89039 72.8148 89.09362 75.98660000000001 105.8602 72.24473 58.82832 25.81317 19.10497 0 23.5372 57.37505 72.3839 66.0971 130.44886 135.89209 149.6514 124.63141 97.79859 43.84093 56.4155 78.46501 73.44139 56.43871 110.52198 118.33588 91.30461 29.861759999999997 34.4155 102.89628 
77.06612 86.69359 93.45873 81.01044999999999 60.70296999999999 88.98723999999999 84.02677999999999 88.85285999999999 39.81206 49.861940000000004 48.8467 69.22294 81.40775 67.31938 88.42759 96.352 98.64232 99.5238 102.99954 81.60053 68.18412000000001 35.16897 41.87717 23.5372 0 33.83785 48.8467 42.5599 106.91166 112.35489000000001 155.92093 133.98721 107.15439 53.19673 65.7713 73.76817 82.98382000000001 62.19134 116.27461 123.41694 109.49948 6.32456 43.771300000000004 125.32767999999999 
75.0164 77.65617 84.42131 71.97303 53.1561 74.74466 75.87424 90.74031 55.00909 65.05897 61.29437 78.64477 99.73975999999999 87.39636 74.8243 68.94382 85.22264 127.46829000000001 95.45267000000001 100.09568 86.67927 63.32629 70.03449 57.37505 33.83785 0 36.40055 55.40055 77.96659 122.68795 126.94217 151.96216 125.64954 81.35405 53.35349 39.93032 49.14597 28.35349 82.43675999999999 89.57909000000001 132.17827 34.48188 71.92862 124.38238000000001 
83.92617999999999 78.90826 85.90826 75.96415999999999 42.88496 66.87854 66.20877 81.07484 37.10795 47.157830000000004 51.49477 66.48308 89.04411 93.22300000000001 110.43102999999999 105.34437 98.6657 117.19715000000001 85.18153000000001 67.26806 53.85165 82.60313 89.31133 72.3839 48.8467 36.40055 0 19.0 87.67654 109.65078 115.72424000000001 119.65474 92.82192 86.9122 89.75404 59.46427 70.64461 64.75404 110.93905000000001 78.36116000000001 114.27713 53.75872 78.91158 107.50967 
85.90826 59.90826 66.90826 75.49091 61.88496 47.87854 77.40293 66.27532 37.36308 47.41296 42.48529 66.77395999999999 89.27306 93.47813 110.68616 124.34437 114.00390999999999 136.19715000000002 104.18153000000001 86.26806 72.85165 65.07975 71.78795000000001 66.0971 42.5599 55.40055 19.0 0 68.67654 109.90591 134.72424 138.65474 111.82192 83.10751 95.68208 78.46427 89.64461 83.75404 129.93905 97.36116000000001 114.53226 36.23534 73.68208 126.50967 
91.87811 104.44175 102.36289 67.61681 67.85177999999999 78.0 40.0 54.86607 103.90687 113.95675 93.36986 124.99264 146.38754 139.09017 124.15525 118.27476999999999 115.71142 116.31048 84.29486 99.00787 112.42428 129.43151 134.20582 130.44886000000002 106.91166000000001 77.96659 87.67654 68.67654 0 44.72136 84.0119 109.03189 99.66574 138.53243 102.68444 74.10452000000001 85.28486000000001 77.68444 108.81184999999999 76.23396 140.01483 100.5871 124.68444 101.51925 
106.16387 132.16387 135.57475 112.33816999999999 112.57314 122.72136 84.72136 99.58743000000001 72.54283 82.59271 86.92965 101.95371 124.51474 128.65788 141.1162 125.16478000000001 141.4436 145.83647 129.01621999999998 120.97270999999999 111.05320999999999 119.47089 124.88928 135.89209 112.35489 122.68794999999999 109.65078 109.90590999999999 44.72136 0 43.56604 68.58603 95.41884999999999 136.57829999999998 147.4058 118.82588000000001 130.00622 122.40579999999999 153.53321 80.92912 144.70999 118.64054999999999 128.07322 56.79789 
143.65006 169.65006 170.58381 151.62870999999998 134.36817 139.36344 111.51855 126.38462000000001 116.10887000000001 119.28358 130.49569 145.51975000000002 151.58367 131.97683 158.0752 138.66946 123.48816 124.08721999999999 92.07159999999999 77.40667 90.82308 123.83823000000001 130.54643000000002 149.65140000000002 155.92093 126.94216999999999 115.72424 134.72424 84.0119 43.56604 0 25.01999 51.852810000000005 123.88363000000001 134.03815 87.01185 98.19219 109.03815 116.58859 37.36308 101.14394999999999 152.68264000000002 115.88301000000001 94.28407999999999 
162.52549 169.47446 176.33828999999997 133.01737 121.48427 124.49856 86.49856 101.36463 103.34745 94.26359 117.73427 132.75833 126.56368 106.95684 137.15846 122.16011 138.43893 118.01777 86.00215 52.38668 65.80309 98.81824 105.52644000000001 124.63141000000002 133.98721 151.96216 119.65474 138.65474 109.03189 68.58603 25.01999 0 26.83282 98.86364 112.86302 112.03183999999999 123.21217999999999 133.33712 141.60858 62.38307 126.16394 127.66265 90.86302 119.30407 
135.69267 142.64164 149.50547 106.18455 94.65145 97.66574 59.66574 74.53181000000001 76.51463 67.43077 90.90145 105.92551 99.73086 80.12402 110.32563999999999 95.32729 111.60611 91.18495 59.16933 25.55386 38.97027 71.98542 78.69362000000001 97.79859000000002 107.15439 125.64954 92.82192 111.82192 99.66574 95.41885 51.852810000000005 26.83282 0 72.03082 86.03020000000001 90.47800000000001 101.65834000000001 106.5043 127.55328 89.21589 128.33357 100.82983 64.03020000000001 107.04619 
114.9541 127.24119999999999 134.00634 121.55806000000001 98.22918 99.36422999999999 116.53243 101.86439 64.03547 54.90594 62.29777 93.44635 87.94721999999999 65.0 71.43642 116.25039000000001 132.52921 112.10805 80.09243000000001 46.47696 33.06055 18.02776 24.73596 43.84093 53.196729999999995 81.35405 86.9122 83.10750999999999 138.53243 136.5783 123.88363000000001 98.86364 72.03082 0 48.63009 64.42791 75.60825 73.63009 127.71336 114.07668 56.30275 46.87217 26.630090000000003 127.96929 
127.52867 131.00966 127.11911 114.70587 89.92255 71.30028 99.13082 113.99689000000001 77.53039000000001 67.48051000000001 68.69047 100.31325000000001 96.38627 86.69241 75.80237 71.69379 87.97261 126.10743000000001 94.09181000000001 60.47634 47.05993 30.602330000000002 37.31053 56.4155 65.77130000000001 53.353489999999994 89.75404 95.68208000000001 102.68444 147.4058 134.03815 112.86302 86.03020000000001 48.63009 0 47.0263 49.69818 25.0 79.08327 96.67507 104.93284 59.446740000000005 22.0 141.96867 
90.482 114.37129 119.21952 86.52111 62.1321 52.35159 52.10452 66.97059 83.89769 79.96823 82.15999000000001 94.0 93.41256999999999 82.81668 71.06335 73.64994 89.92876 130.55523 98.53961000000001 64.92414000000001 51.50773 77.62862999999999 78.54768 78.46501 73.76817 39.93032 59.46427 78.46427 74.10452000000001 118.82588000000001 87.01185 112.03183999999999 90.47800000000001 64.42791 47.0263 0 11.18034 22.0263 76.10956999999999 49.64877 113.42964 74.4122 69.02629999999999 106.56977 
101.66234 125.55163 126.81729 97.70145 73.31244000000001 63.39385 63.28486 78.15093 92.5667 84.14482 90.82900000000001 105.18034 94.92102 80.84248 78.1865 72.1734 88.45222 131.1305 109.71995000000001 76.10448000000001 62.68807 80.23226000000001 73.52406 73.44139 82.98382000000001 49.14597 70.64461 89.64461 85.28486000000001 130.00622 98.19219 123.21217999999999 101.65834000000001 75.60825 49.69818 11.18034 0 24.69818 78.78145 60.82911 124.60998000000001 83.62785 71.69818000000001 117.75011 
103.36989000000001 106.00966 102.11911 89.70587 64.92255 46.391169999999995 74.13082 88.99689000000001 77.19202 67.14214 89.64786000000001 93.9473 71.38627 63.8398 53.48832 51.62364 67.90246 110.58073999999999 107.21912 80.95044 67.53403 55.60233 56.52138 56.43871 62.191340000000004 28.35349 64.75404 83.75404 77.68444 122.4058 109.03815 133.33712 106.5043 73.63009 25.0 22.0263 24.69818 0 54.08327 71.67507 129.93284 62.83537 47.0 128.59607 
157.45316 160.09293 156.20238 143.78914 119.00582 100.47443999999999 120.81184999999999 135.67792 131.27528999999998 121.22541 129.84619999999998 145.41403 125.46954 117.92307 107.57159 105.70691 118.70297 119.30202999999999 87.28640999999999 101.99942 115.41583 109.6856 110.60464999999999 110.52198 116.27461 82.43675999999999 110.93905 129.93905 108.81184999999999 153.53321 116.58859 141.60858 127.55328 127.71336 79.08327 76.10956999999999 78.78145 54.08327 0 79.22551 143.00638 116.91863999999998 101.08327 136.14651 
106.28698 132.28698 133.22073 115.85077000000001 97.00509 102.00036 88.23396 103.10003 99.00600999999999 109.05588999999999 97.26831 112.83614 116.8012 123.99169 120.71212 101.30638 86.12508 86.72414 54.70852 69.42153 82.83794 115.85309000000001 122.56129000000001 118.33588 123.41694 89.57909 78.36116 97.36116 76.23396 80.92912 37.36308 62.38307 89.21589 114.07668000000001 96.67507 49.64877 60.82911 71.67507 79.22551 0 63.78087 124.06097 107.89787000000001 56.921 
170.06785 174.44052 181.44052 177.86081000000001 154.53193000000002 152.36833 141.07605 126.20998 77.16918 67.1193 91.556 106.58006 107.56529 107.16809 111.44485 164.11941000000002 149.90595000000002 150.50501 118.48939 102.77971000000001 89.36330000000001 74.33051 81.03871000000001 91.30461 109.49948 132.17827 114.27713 114.53226 140.01483000000002 144.70999 101.14394999999999 126.16394 128.33357 56.30275 104.93284 113.42964 124.60998000000001 129.93284 143.00638 63.78087 0 103.17492 82.93284 120.70187 
70.74155999999999 80.36903000000001 87.13417 74.68589 54.42076 82.70503 77.74457 92.61063999999999 46.09772 56.147600000000004 55.15433 75.5086 80.64401 61.037169999999996 94.75215 102.67656 92.31775999999999 105.84835999999999 96.71733 75.27597 61.85956 28.84441 35.55261 29.861759999999997 6.32456 34.48188 53.75872 36.23534 100.58709999999999 118.64054999999999 152.68264 127.66265 100.82983 46.87217 59.44674 74.4122 83.62785 62.83537 116.91864 124.06097 103.17492 0 37.44674 119.04547 
105.52867 117.81576999999999 124.58091 112.13263 88.80375000000001 89.9388 112.12756 98.90620999999999 55.530390000000004 45.48051 46.69047 78.31325 84.29925 64.69241 86.04989 93.69379 109.97261 104.10743000000001 72.09181000000001 38.47634 25.05993 8.60233 15.31053 34.4155 43.7713 71.92862 78.91158 73.68208 124.68444 128.07322 115.88301000000001 90.86302 64.03020000000001 26.630090000000003 22.0 69.02629999999999 71.69818000000001 47.0 101.08327 107.89787000000001 82.93284 37.44674 0 119.96867 
49.36598 75.36598000000001 78.77686 88.31466 76.28661 104.57087999999999 99.61041999999999 112.69054 129.34072 123.36923999999999 143.72754 158.7516 155.66933 136.06249 109.50837 85.86678 102.1456 89.03858 111.62952 81.49233 94.90874 127.92389 122.00125 102.89628 125.32768 124.38238000000001 107.50967 126.50967 101.51925 56.79789 94.28407999999999 119.30407 107.04619 127.96929 141.96867 106.56977 117.75011 128.59607 136.14651 56.921 120.70187 119.04547 119.96867 0 
