98
910d00572d9d42cebb4a 211ddbbf614a47428f13 7e0770b0df094f329117 eff3a759e4134e70a252 cd51464f29fe4984870b 849492e2a4f04946a2c6 54de46f8d4f647d1baa7 1c62a698c79e460eb5ff babcd00b2c484c36bc48 1a4c9d2bea59474aa118 e5d122afc38c45dea5ae d8316f23d67e43ccb5e7 ca0b4771edab4289a9de 42f0effdbad6403aad72 ec162ad32a614344923a b42e69fcc93540ff9100 884e85a591684c7ebc61 a2e35f0c3c9143c68a9e 42e3ccb6ddd54a0aa3cb 0a53d934f24848f9bda3 bbd144150de64860b03c 5fd6476364e640bea476 fa1e4bc6ddcc462f984f 5b7e4d089e434c6a9293 cfa4f7b46ab548c1a67a 205f1eddbda0478aada6 53afa325a7d34c438292 e6237b02869349c2bcc8 26a1d084007f489fba55 06635824d9b841f7b41e 7a1df78f40b245bfbb97 9b93a8a7d0b543339985 529d899e8f2545bfbc5a df9c93ed7a63447389dd e05275dbed2540ddb1d0 0753fe21061c4e058dad 404713e80e9740c9b7cd b96177c96ab740b3965b 8e02573f1324425c9311 2b0e5d986b0a4f1cb926 5b3dce289f444b0aa162 f74897e94729433fa22f 33edfebd58804049be59 e3726a85ffc34b1282cf ef84408a20334d7d9940 df9fcc997b4f4a18b94a 09b94d1b44c348ceadb9 242983dadb1f4402a4a9 c947a496d2b34bb89bb9 e87b98454fe24297b210 2bcf7711ba8b49129f0c dbfc82377b8f4429bc5e e5a9ca3b130945588284 b927c43e198546078ea6 e74a97c92dba4d8ea2d5 c7ef0821b71641f390ee 19f204e30ad4442cb966 9f09c91be53540919ab1 c69875060dcb453ead1a 76432c67ac2d44b384c1 12a170c171ef44d4b662 44c8674ccef1477b965f b47b7b94e7d74f398b8f d4f8d48cee014966a5b7 bb5eae787bbc407b98a6 5215b0f0bd724c5cb095 b3931f6d1087486cb913 d5bccd7804014eca8c6c 2783e022fae94929bf16 ce2f0e6b8eb94a748c7d 00dd89601f03490d8809 664988394a5f48d79e79 a0f6a505c8184e86afc9 dee15252c0e54b84beaf d8780223b4744b5b91e5 af0a537d56ff42a99a0a 4c8b2bb0f24f4375a715 934f0cae8959401e9aa3 9b9da0cbe5514fabb1ae f8fb298fc6614f5ba2f5 4e6e8d834411487783fb 82654fedf62042cb92dc 5dc9f852f2454533879f b3a599b5126842e1bf24 8fb88a81c320403c8940 fab56f22f8684dd18893 d484483c58914446843f d43c14836a764052a5af 084504e2b2de4f53a0b1 85ec82d3a96e4436a5a2 884523a7277b40f4972f f47cbc59a0584307a0f1 3574209d67b74478ae2e c15cfb41ef824fd2a1c0 a581f1b5cd374bd0ba96 8a66a2d4fdf74f2e9b0e 3db131116e904db799f7 9c2647cde6e44cc385c8
0 168016031.51269 271684963.76719 275028070.38309 433874815.55652 466245191.86582 560568862.93409 463778411.59024 466893545.48314 574057917.76448 651909418.93488 794221306.5273199 869527575.48356 796982883.99679 855439898.58359 822804444.56793 734843649.60955 687968166.0377101 582926174.69306 548687532.53134 664961079.13879 759103698.91945 720568928.74176 843030759.83132 900581496.0255901 881142812.7086201 886504090.91631 704877346.82867 749730650.64316 759922649.12216 991253320.64856 1117218775.84284 892984086.5659299 854981180.78079 846842774.79757 897728125.76955 955436818.5125 1082933698.06238 924122646.58543 811333647.17251 895373526.08741 853264883.00733 834780465.42732 889135204.60202 663906877.38381 606982472.64574 505465522.90909 604807099.76283 548079334.99938 528399229.2174 431373667.12462 472383337.42037 525304236.60379 658492231.7783201 727206665.93 762500822.41564 705309141.95369 796250261.54756 582072343.5794 571159171.6869 376719550.86505 355336265.79986 281781834.582 331622520.09934 337900873.23197 413824416.86179 391079600.98853 499040307.91245 525753731.26083 401934034.9297 344978828.2584 401692304.48547 480519123.00574 331096948.9946 460256315.01263 348892488.76211 378866827.53413 570667036.11663 605565017.05335 388929356.64101 328930915.78094 312345323.5503 311422183.1266 578572353.7035 524021898.1376 520117858.40908 870196379.83904 853631501.72441 182978221.46365002 638157928.55925 761190149.36884 824606741.60299 869611335.1115 915894533.10861 910494188.05089 775672506.58486 665987876.76112 44213137.3853 
168016031.51269 0 103668932.2545 123202579.46403 274863612.00142 305066601.64467 402961303.85564 295762380.07755 299007819.74836 406041886.25179 483893387.42219 628178019.58568 712022040.1498201 638470995.98735 716605430.2475 706651256.11842 583439956.0591 587364056.24174 553158182.85409 505141847.45302 630239660.87377 723988617.71978 703786408.32226 816626837.22832 874090131.4799099 846027731.50895 830741497.76645 663156830.52106 680237853.7795401 690291278.14321 923866461.8578401 1110675815.8537 920162371.57414 877888846.50894 861409790.8317 929921712.8486099 990506069.1498001 1117638317.34099 982353082.45093 889826318.86582 967562922.97719 943735005.00241 940202883.63733 997731636.62896 759668920.54283 712575995.21627 601227566.06811 697488286.60489 582328939.2021201 566810611.31846 467574175.71837 473282441.37083 572421803.55911 672396401.02974 759528269.16318 836067864.44692 791490865.19321 880588600.77054 695490266.97268 692170589.3583 526685945.37735 443591592.73878 377202804.48148 499638551.61203 503176318.88618 551960735.11337 559095632.50122 664315753.5666599 689912514.55655 540479372.84113 439564851.10293 493870513.21763 531958022.64273 426517918.89408004 318441868.29148996 306146986.85739005 372847332.71897995 535815594.26942 582446730.91769 401691784.10447 221723740.98663 144329292.03761 143406151.61391 424112504.42981 453459312.69295 352101826.89639 759135878.4157699 699949760.83783 278399191.36313 779800649.74298 917120175.52301 983258242.2447901 1027239489.77199 1077313434.6213 1074083507.00632 938946183.34482 821181232.0190799 139634107.28478 
271684963.76719 103668932.2545 0 31141466.35812 172237283.56767 246226869.33151 327043078.65401995 355666844.56466997 367886272.30777 333754957.78099 429296926.55723 552228085.10356 650427436.80733 599516889.7585601 678367680.30341 660899605.9484601 554816680.10153 589501904.6155 561703358.63921 585011070.10981 675971702.39125 770114322.17191 750498880.70848 863482081.53109 920030897.51776 892153435.9610801 859252447.24624 710194100.21222 689431874.36593 712632027.89993 942788981.73282 1157069360.21427 996561221.17527 951154080.2152499 933558554.6306599 1002641238.94594 1064282709.64325 1190231758.98888 1066313117.8175399 992877117.92447 1055638191.53663 1037751788.78037 1039129423.37175 1096840821.66673 863337852.79733 816244927.47077 704896498.32261 801157218.85939 667542595.85534 647375615.85755 571243107.97287 576951373.62533 656350181.53623 776065333.28424 834584038.01791 925461451.18633 880075645.81131 961582944.08569 799159199.22718 794530614.19626 630354877.63185 547232311.71292 480871736.73598003 603307483.86653 591075165.92365 654863925.5659399 662764564.7557199 749690320.37872 774962808.3515 605145312.41332 471998866.13182 513633081.88038003 587628378.32579 484738545.62643 214772936.03699 202478054.60289 300889968.20127 509098140.23523 511194343.45015 397250017.30198 155547970.31002 247998224.29211 235871787.50559 372484232.47376 438039500.54331 348327807.00067 742428105.53438 642971299.69151 382068123.61763 883469581.9974799 1020043011.27758 1085183679.94389 1129984336.15323 1180982366.8758 1174764131.90988 1039767863.87993 924850164.2735801 243303039.53928 
275028070.38309 123202579.46403 31141466.35812 0 183013442.9607 277368335.68963003 337819238.04705 380630211.21658003 399027738.66589004 302613491.42287 398155460.19911 563825702.34683 661203596.2003601 587866212.34042 698772213.67738 686743553.70842 576429678.43047 617598624.14181 591248790.6223199 566466016.98658 707090613.58495 800558982.9779 781593641.6714101 894623547.88921 951149808.71146 921080065.68117 890393913.60436 720541959.59794 719022444.79548 742635110.26639 972341259.65356 1188210826.57239 1021765386.71002 978137777.88177 961212595.24464 1032812783.26516 1094685067.15724 1220701480.60801 1094798094.66164 1007599605.28373 1083603144.95389 1066937584.4664401 1062793319.82197 1120264141.6782 881467785.39987 835090348.92447 723026430.92515 819706668.42385 690815671.67814 678517082.21567 590776755.1824 576720594.0427 684835158.38033 772731134.68321 865725504.37603 955739405.28083 898367371.26852 988131136.50643 818516145.61125 815373168.82233 645759104.27968 566794172.20281 493610881.27636003 596684385.21922 593615571.27595 644134224.11141 655139216.3755 754755005.95643 775481174.89284 597822288.21377 457418674.23911 482491615.52226 577343552.13232 460870034.42828 245914402.39510998 204934806.20221 303346719.80059004 499111650.26737 487031694.8089 379215877.88548 186689436.66814 267531871.50164 204730321.14747 399947219.30386 467584932.52642 379469273.35879004 767788893.07055 658278801.28867 394807268.15801 893344205.09304 1034026142.28964 1099634811.9860802 1143866797.39662 1190922603.4917002 1185394790.57187 1050700576.96795 938377195.6905 256042184.07966 
433874815.55652 274863612.00142 172237283.56767 183013442.9607 0 95773626.91336 154805795.08635 240366636.51585 217433029.88962 173108918.99077 287274417.0621 423749741.57486 478190153.23966 430699450.85978997 526499945.51433 509934492.52829 414549139.97759 496122525.88252 489567953.93131 545952874.02391 644878847.68221 728974315.36408 731150850.28142 825338821.77554 879233299.98598 842971921.28373 791501628.67249 640220130.02036 616883830.36359 640221320.24713 862741894.6180501 1121302045.23853 999635587.62393 953716013.20232 936778185.31387 1014664456.13259 1076810121.384 1198405158.20779 1115892721.62167 1037660651.87481 1103830807.46572 1105523233.60845 1130108754.55862 1180031339.34742 943677562.33689 902405783.6611199 809493860.58013 863520594.36463 717134921.79145 737301901.78924 600431496.40517 576976077.51744 706539231.71889 776756682.4934499 865140227.2706499 982338817.03281 929659521.67319 1013445921.45734 890917279.6819 933912734.30084 762846645.41723 672758199.67358 620555033.91278 756506411.62142 763312449.49132 792727089.15019 812381033.92249 921927603.94639 946180280.99213 777382595.9809899 640432117.19981 665505058.48296 759302348.66351 634514515.71319 385360076.43449 344810243.43345 422065363.84303 627112828.26168 613006823.87676 539582206.13254 271452111.00261 130534319.96381 313483229.15267 216933776.34316 368857091.08091 318742908.22508 616756168.48037 476333107.04397 521751420.79443 1023152879.1742799 1154948470.13774 1221534757.28906 1265785031.81807 1320362597.50027 1320012002.87838 1188973754.23126 1057341932.05896 389661678.17122 
466245191.86582 305066601.64467 246226869.33151 277368335.68963003 95773626.91336 0 97894702.21097 144593009.60249 121659402.97626 234735709.20843 230363324.18672 327976114.6615 406955438.50515 353290020.42705 435448156.44501 416475356.6818 329542514.441 400348898.96916 412985059.69779 450179247.11055 572909292.99406 652681654.39789 662566883.28952 748398683.00763 800208248.72763 763119160.83652 704927946.40596 561475801.2708001 521651188.99375 561870888.4185799 766968267.70469 1042901361.13601 947994210.97475 901332160.83515 883821209.67224 966513192.9758401 1018022764.90762 1137721618.43613 1053885629.46148 1001356820.95264 1064592841.85934 1072642919.80146 1102818426.85556 1157456400.68523 909138846.0659599 881943774.87263 766438340.04701 839461706.16541 684386373.05761 665253113.0488 569801987.5450101 535520635.57302 667934275.88937 709184834.35188 803133135.11046 942533987.95998 895360453.31571 974033050.12681 878709231.30443 897588664.1657 778812631.91213 685156533.18183 599727423.01995 795679455.94976 804146065.09779 838665173.44828 857324792.85435 965249425.20391 991998923.12665 844155731.14865 718076567.36636 745986316.77893 830284024.81227 719113738.43665 460999805.3685 440583870.34681 515380701.1558 722886455.17504 708453785.01839 630724609.43003 367225737.91597 211332409.96634 394281319.1552 126689709.62517 289321201.60189 222969281.31172 520982541.56701 397928740.21888 583465793.0078001 1039876966.62755 1168566116.0058699 1235858441.4861999 1279057918.92484 1338181237.17125 1341648051.76059 1206806824.62945 1070030338.7016901 444700708.92945004 
560568862.93409 402961303.85564 327043078.65401995 337819238.04705 154805795.08635 97894702.21097 0 127022581.41219 142481963.91199 178006768.51081 132468621.97575 314141832.71852 350715214.60547 277157103.81762 386029416.02149 377170758.38120997 310437137.74572 415834390.28599 462994323.73844 489349726.99901 625195426.89571 697573761.04418 717851113.35124 791241943.89377 841200737.1631601 800853922.16607 729648142.79133 603163812.75492 545950142.62878 580639631.1263499 777769688.90974 1080942273.47365 1001958964.50429 955308625.12706 937760916.41956 1020248960.79348 1081237988.76177 1196313626.8719301 1123621176.1729 1082188650.30439 1139227379.501 1155891651.44753 1191210453.02281 1245133980.94194 997877309.87787 972628541.69583 864333042.25798 927995511.9071999 768835475.9796 760079256.32279 654631243.94615 633415337.78399 759477386.6440899 769431064.66605 880459456.50933 1023059396.54416 977808077.83585 1054366368.9611499 971074194.75221 991140608.01609 876707334.1231 783051235.3928001 697622125.2309201 892191383.0334301 898469736.16606 932069045.09987 950619189.23112 1059233411.53697 1085700877.27078 929566340.3631101 795020261.5553 818845077.7997899 913098855.63063 788944406.80726 540165871.52084 496543694.53322 568233489.7979 765682789.27291 743789662.91746 689714811.96437 419717045.28339 285340115.05016 315576359.95754 224584411.83614 339330465.64254 249161192.25773 502063174.07415 322705602.31895 647873287.7986 1137692561.99281 1265674401.38878 1333240237.4482398 1376575934.4053602 1436075939.38222 1439505774.23888 1304695967.72415 1167925040.9126601 536795588.10669 
463778411.59024 295762380.07755 355666844.56466997 380630211.21658003 240366636.51585 144593009.60249 127022581.41219 0 22933606.62623 158111485.52492 210056484.3199 373097435.4339 447546629.64342 404179685.22981 509462592.36324 504193339.7934 405513721.01232 498444524.49052 508758524.47895 523440421.97733 667182739.225 748881617.07385 757543679.85777 844910729.7778201 897457055.61963 860628733.8557899 824550307.46976 659848911.93381 646059799.7316301 677166541.69379 865063893.22605 1140011457.30406 1028084893.66725 981823921.39762 964399334.94479 1043718516.76365 1106403906.33664 1226321389.53792 1132793484.0474 1073910534.67778 1139109195.35121 1142324113.54164 1166517157.56477 1219414459.53804 971712071.59465 939112068.71352 827382170.7258 915599527.96448 753935801.72464 766007447.38785 646203429.33821 611202443.20733 745865290.63153 785322656.15095 886719027.69726 1015692689.13041 966468851.68061 1047968084.46403 931843256.39852 943389451.15586 811851803.62438 715834727.76635 627619939.43494 795400931.68958 797582175.49828 831631245.67028 854344140.10322 957339213.60513 983032255.70215 815009963.13008 672950057.17575 694236588.10465 794539127.19449 673614671.74787 420195471.47212 391371843.31201005 448685132.51214 640813623.96683 622123618.04087 571224053.47503 301989025.82173 332759437.43193996 322259131.54206 203397721.95835 398726238.8046 299107103.11079 611258699.42021 449383500.5486 574161571.44068 1064196203.87538 1198146362.35992 1265818601.3101401 1309047895.3765001 1363631725.08568 1366334157.9514 1228067172.22192 1100086358.66521 435396487.36232996 
466893545.48314 299007819.74836 367886272.30777 399027738.66589004 217433029.88962 121659402.97626 142481963.91199 22933606.62623 0 135954706.35185 187122877.69367 350163828.80767 470480236.26965 406589837.056 527365588.62571 515650242.02362 426214297.04382 521378131.11675 531434570.57229 546374028.60356 689445781.78699 771432067.6728 777312241.8862 867502126.39972 920005736.0871401 883353481.27493 826573480.45521 680992566.12152 643310591.97001 680362430.6393 887997499.85228 1162749083.78973 1049086933.94228 1002979359.40563 987271830.86887 1064666565.5941399 1126678774.63818 1247338680.93575 1152447354.18334 1095067184.13419 1157348342.84488 1158970558.40953 1179081500.43997 1235949813.41591 987631710.02628 954043130.8520601 838246300.97061 918453699.9508 776869408.35087 786912516.0250599 669137035.96444 634136049.83356 757960400.00813 805749244.77652 906928092.29237 1033759985.32205 985399677.2009399 1066174376.10114 946492753.5222499 955858792.27751 814667801.90791 725378871.40086 636801670.9289 798516065.58248 798545723.35365 845016490.88075 857973146.4716699 959685158.03413 987811449.5589399 811515340.1340001 666006835.30484 684335247.83503 788506060.33217 684393586.89726 414427977.30782 377054365.57358 425751525.88591 623728876.10315 611648920.64468 556906575.7366 279055419.1955 332991812.9426 300102352.36899 223361492.22799 409125449.22472 307767963.42816 632309755.88855 462948903.42682 571423375.82033 1071776784.7132 1206833669.50125 1273226778.29915 1317606188.30875 1371237652.4155 1370016544.00425 1234796807.73728 1108976706.13243 437225986.8239 
574057917.76448 406041886.25179 333754957.78099 302613491.42287 173108918.99077 234735709.20843 178006768.51081 158111485.52492 135954706.35185 0 124371397.81177 306012077.82448 434154195.78525 372203979.92534 544131428.78333 542787223.93943 468006271.49739 593841158.7968 625693432.94963 646141293.57235 787792334.0963099 864963232.23226 877807584.58993 959951171.60862 1010371621.6993 976635788.3280699 905609615.84887 774185364.94941 720711798.2546 758646399.63716 955741167.84508 1252576731.93223 1155219663.78663 1108819266.00083 1098114087.56248 1171656226.86493 1233532517.00603 1352348381.73117 1264370251.87009 1207598701.67154 1271702238.08493 1276245149.91399 1297044307.33215 1353140258.33819 1105379989.85824 1072116236.3190999 956319406.43765 1036101883.0963 887856838.09699 877914044.64676 771151170.22223 744151711.13918 873564306.4087 934446445.69587 1017123474.15574 1149330247.98892 1100269395.74679 1181472178.56055 1064026198.67267 1073411062.67693 928334262.5166899 840318447.53017 771959651.59318 898587722.83743 896229062.6988199 924849298.36213 957294618.85295 1056720663.16318 1078094666.31571 897818008.80132 731251955.00984 765006734.8248299 862936439.37519 763483525.85115 516916821.32093 413504475.99651 482151190.51993 669595707.4232701 603209368.07563 591927136.10294 331027598.78758 303643238.95458 389855485.077 284229273.89823 502030765.2805 421437171.19093 680069942.58496 458403037.04534006 684441077.6149199 1184395759.65668 1320499970.40042 1386270393.19929 1430800026.45712 1483355320.87309 1480125393.25811 1344988069.59661 1222769118.70049 545675993.53657 
651909418.93488 483893387.42219 429296926.55723 398155460.19911 287274417.0621 230363324.18672 132468621.97575 210056484.3199 187122877.69367 124371397.81177 0 181673210.74277 322347500.23143 248789389.44358 435022203.72816 440074819.28549 382643055.57105 527549664.56628 589166021.14372 619750470.91316 753179277.91998 821871265.31477 846352474.46576 913886060.92171 960603186.44515 921377801.3830299 842073745.69716 726721456.9936 658492841.07817 695921070.35958 879288329.38333 1199825934.86638 1132192727.13496 1085530915.19162 1070229538.3953099 1150649704.18768 1211567612.5904 1325441022.53768 1256089798.14865 1214657272.28014 1271690710.68732 1288019588.00595 1320798628.05786 1377602602.91769 1130345931.85362 1100555332.73966 988423344.07203 1056901729.38886 900796761.25108 880629781.25329 787099865.9218999 761513012.01738 882372075.3251 901401886.65153 1006581546.4681301 1155246460.36317 1109811352.51791 1186077693.57937 1097385439.47176 1115345571.46175 988795271.70389 896849491.30679 809674523.58009 983531939.03422 985258343.91333 1017013124.33182 1042437773.49894 1146397778.59381 1170738189.11266 995977748.41288 843261669.13815 859024189.56416 975499012.33143 858717257.27542 601550855.00149 537875873.80828 585911754.84172 761580810.69805 727580765.8873999 712511701.24265 447024722.63179 350935928.80511 448044981.93329 210703988.94883 468613332.02316 381629814.23348 582049378.31363 344313968.27038 751230917.07228 1248406968.18013 1380259074.1308298 1447551399.6111598 1491070757.92431 1547652185.10183 1548853964.09269 1416987278.3175201 1281715029.93483 620191916.2021 
794221306.5273199 628178019.58568 552228085.10356 563825702.34683 423749741.57486 327976114.6615 314141832.71852 373097435.4339 350163828.80767 306012077.82448 181673210.74277 0 145784476.67468 219342587.46253002 304662365.52344996 347397402.45657 305343312.80407 481819035.01363 586637488.72041 630508314.14423 743654081.98564 795889170.8725 847937243.49439 879746329.43431 919155045.40701 878419541.69003 781748812.26822 701510954.58961 608541157.1257 648537035.15393 799738598.11604 1148231178.53194 1128288785.67665 1082108003.00121 1065150477.89099 1149209166.39538 1207489557.69746 1311969475.3121 1272061252.56106 1253549297.72548 1299964652.97353 1331646760.62559 1380121633.19836 1431604982.43531 1187390695.01095 1171348006.88725 1057812191.0018301 1116827090.17789 952557050.03499 932390070.0372 844144629.07923 801458572.3242201 933425825.78203 917735602.19092 1021308758.21004 1203696383.54983 1154091072.71797 1227292788.20168 1174990113.6776302 1204051280.06862 1100780361.90299 1005915638.73823 922697415.76032 1123655570.61126 1130474615.47166 1164139340.07756 1182671309.64131 1291401172.22418 1318019050.14891 1157327465.49434 1014371543.85033 1033376623.52638 1137908238.10342 1013995714.9296501 763564582.38105 711582317.60395 762217666.8848 943254021.44082 907999286.52562 891434527.7669699 623450790.64359 532609139.54787993 543144999.01878 241047061.29908 482523166.97196 423109631.39567 475946968.38135 171258478.35105 877952517.95693 1362218739.5971901 1486438153.08964 1554110392.03986 1596802459.66261 1658937553.54575 1664305503.05578 1530307704.67315 1387736394.63475 761846896.22908 
869527575.48356 712022040.1498201 650427436.80733 661203596.2003601 478190153.23966 406955438.50515 350715214.60547 447546629.64342 470480236.26965 434154195.78525 322347500.23143 145784476.67468 0 73558110.78785 277153262.14748 229122257.44325 253234173.51784 431637440.98045 563745456.64623 613585213.72532 706347596.62402 744307582.65667 797634319.86197 819832000.01526 853008446.83092 811508437.80468 704838834.06997 653948614.52425 554686023.88728 594905723.31211 700926357.93351 1071016374.33251 1085050834.35291 1040394381.67576 1024109178.32193 1107841662.8173099 1163351749.55232 1259595552.87565 1239537833.01944 1237798697.76789 1276019600.20165 1320448961.53371 1382453698.83529 1429955499.86911 1190747449.3522 1181732761.2245 1073045738.26302 1122193858.8494 955982981.30159 935901588.01974 854763355.46548 798575119.95341 931662872.65601 917008339.4417901 994907613.1583 1181228738.56575 1145041720.74835 1205593206.95172 1190219954.76481 1224681096.05643 1147855138.72065 1054514256.60303 978109440.47062 1197041575.90718 1206486812.97448 1242523470.28557 1253520647.6615 1367519900.16977 1394495664.43887 1250128689.60284 1118398997.12278 1141596031.19519 1236343452.47003 1101186739.8283 862801142.14031 819815672.31516 881382150.45412 1074668429.06981 1037363563.8608799 1009269623.94327 737549824.64712 608599933.69589 606832381.97105 291592431.98917 478739996.94177 446179622.56057 385874951.86071 198806436.26109 961525564.6471 1407876423.40613 1524501611.52579 1592109233.95057 1634325340.77574 1700227306.2280197 1709275765.97997 1577145117.99188 1426465748.76927 830196842.45698 
796982883.99679 638470995.98735 599516889.75856 587866212.34042 430699450.85978997 353290020.42705 277157103.81762 404179685.22981 406589837.056 372203979.92534 248789389.44358 219342587.46253002 73558110.78785 0 205684219.69303 253715224.39726 219723334.56593 400474437.54511 518791000.35353 566923911.02596 669939001.7683 715723247.05941 765167335.37876 796854576.95123 833368787.06779 793817592.6787701 691654024.80455 622759505.67129 523273772.42107 563478706.65344 704034891.7704 1063629229.52068 1052624230.84544 1007238225.8638201 990480617.53827 1074561484.1167 1131553742.14914 1232482876.17609 1201365836.58422 1191924401.3544 1233808674.29476 1272982361.9758 1329127713.91467 1379454160.07531 1136655403.67851 1125318530.86901 1022891512.3666501 1068754011.73535 901803631.22297 881636651.22518 798119958.17351 747691867.26845 878330312.43145 851744680.2326701 954029128.29682 1132998614.81114 1096237170.83052 1160085278.86669 1132117970.59387 1173293645.1743 1081064437.06548 985047361.20745 912717632.05619 1128605404.0961301 1134126316.97148 1169645212.66095 1181900632.12148 1295265751.65196 1322736615.25762 1176570578.81499 1045100759.88688 1068712350.33238 1162785341.68218 1027628629.04045 800882489.6665 746257561.52731 820945083.21394 1001110318.28196 971337538.60689 936204806.77878 669821491.48159 535041822.90804 535562477.98227 272856034.66852 426805738.36302 398654963.34152997 379832948.30196 125248325.47324 911111895.53001 1341477650.42645 1460243431.66518 1527915670.6154 1569739957.12879 1635069890.59952 1643308375.67168 1510629448.8745 1361945918.83961 772346811.45166 
855439898.58359 716605430.2475 678367680.30341 698772213.67738 526499945.51433 435448156.44501 386029416.02149 509462592.36324 527365588.62571 544131428.78333 435022203.72816 304662365.52344996 277153262.14748 205684219.69303 0 48031004.70423 140253457.3538 276107366.24945 426666376.96455 483670446.51985 549230832.2507 574573875.81071 635841220.31435 644276683.52896 673437932.43336 631906936.4356099 516506174.40903 489215012.65959 373594771.14826 410065873.66005 507112058.93841 880632928.97353 917362204.50031 873606726.01652 856757638.55834 939207142.4983 992448816.17382 1081771735.0571 1079433904.94879 1093097725.50091 1122904981.7958999 1178465309.37697 1250955970.85823 1296110712.2964802 1065556407.12734 1066382894.10176 964932165.31841 1000213597.94443 834837268.28819 814670288.2904 746400724.86253 683202913.85952 807444374.56008 745460521.4410399 841547253.03321 1036476037.53297 1007812846.47364 1059823504.63153 1081046071.44865 1123823565.88641 1079824747.3589 984667544.70923 922886886.1840999 1162007858.8405302 1181233877.03323 1220140438.06869 1218753549.53803 1339672083.6591702 1367377316.78232 1253411284.4007802 1146151102.32083 1178693628.13266 1248311005.72153 1096858853.3146 891117547.5682001 871310188.94778 948426385.75668 1150276216.33007 1129819078.93895 1064440889.54682 797952056.5169401 646780566.41135 587625724.74957 309713070.49074 381997581.34389 387323763.35449 186453399.71101 143530262.63018 902543699.96607 1332816259.91397 1437658237.38257 1504472660.34021 1546496336.5135899 1615385664.24154 1629850918.91145 1501712647.87086 1344823249.31325 812654836.60758 
822804444.56793 706651256.1184201 660899605.9484601 686743553.70842 509934492.52829 416475356.6818 377170758.38120997 504193339.7934 515650242.02362 542787223.93943 440074819.28549 347397402.45657 229122257.44325 253715224.39726 48031004.70423 0 148198252.20283002 228076590.68851 378635372.26032 435639441.81562 501199827.54647 526542871.10648 587810215.61012 596245678.82473 626567240.01499 585198656.68426 479362293.89366996 441184007.95536 325563766.44403005 365783465.86886007 480544324.15215003 841938998.60999 869331199.79608 825971072.54137 810248739.78917 892924235.46126 946152683.26368 1037417074.50993 1031402900.24456 1045391032.9923401 1075081735.68692 1130434533.81603 1203001693.42134 1248079707.59225 1017525402.42311 1019989877.3721399 921721123.71139 953813960.77926 786863580.26688 767903307.76348 699985977.64396 638394801.5709699 759912098.00991 697429516.73681 793724006.92423 988567230.7787299 959782070.9126999 1011860072.83478 1034168666.99379 1077408818.66784 1036969088.17126 943371431.9335201 874855881.47987 1124095291.67975 1147081941.71625 1183264648.74653 1181459263.52706 1301807871.63878 1329787542.31037 1221669393.35438 1120743644.57602 1152767299.59567 1218414980.94767 1065475118.79193 862620322.107 854744735.96174 931804623.20549 1137047320.78997 1118587686.76298 1044780604.04019 780681031.47314 625388404.5765 565252127.1041399 310904937.2101 340671999.08994 358942858.28276 156752694.41746 176138924.10552 864632642.56991 1298407465.86546 1392377954.24776 1460050193.1979802 1500081589.29502 1570366535.62638 1586181409.1076 1457582339.26866 1296792244.60902 778591307.18263 
734843649.60955 583439956.0591 554816680.10153 576429678.43047 414549139.97759 329542514.441 310437137.74572 405513721.01232 426214297.04382 468006271.49739 382643055.57105 305343312.80407 253234173.51784 219723334.56593 140253457.3538 148198252.20283 0 180927632.79801 310511283.12839 363813651.94393 453482442.1093 496176442.31231 545444000.81283 578152433.8564 620668671.21615 579137675.2184 479573880.68435997 403571682.19468 304571629.32624 344674455.52377 502290254.576 847905054.12324 834193938.01242 789694241.29289 772535630.90622 856437367.47095 912861842.45904 1012936071.42899 986506674.27356 985946029.48147 1023248458.1940801 1069302800.87332 1134121968.02351 1181523276.31202 944953296.72436 941321428.53078 839965083.60509 878276242.77047 711325862.25809 691371885.70945 617263045.02699 556789958.27377 691926112.25635 674747840.02835 741706132.98598 927994565.04791 895270158.96696 953486814.09303 953557190.12849 994685886.0508701 941728959.72561 846601226.55418 857082082.26088 1021769817.5680699 1041240584.4769 1079886980.71489 1084689058.14772 1199418626.3053699 1227123859.42852 1123919328.90023 1017291247.86035 1049853812.7374101 1114870467.96883 959599588.00555 759167925.39133 755435408.65351 834366594.60521 1041661709.7004199 1026532555.25604 950207371.3526 686001250.9802 531909272.96879995 474977915.74469995 202852804.81583 243901793.71060002 291816929.73785 271423452.34243 206323483.4839 807162871.82438 1195833995.79112 1303384807.94133 1370495135.85475 1410441658.28578 1480782220.40908 1494074117.2471 1365015643.50853 1206844507.44412 690630512.22425 
687968166.0377101 587364056.24174 589501904.6155 617598624.14181 496122525.88252 400348898.96916 415834390.28599 498444524.49052 521378131.11675 593841158.7968 527549664.56628 481819035.01363 431637440.98045 400474437.54511 276107366.24945 228076590.68851 180927632.79801 0 155539768.52142 213714551.67398 275979001.4751 315248809.5143 366118208.48076 411720164.45023 439741038.41814 398210042.42039 326955048.18362 306630155.97628 298437014.49547005 258217315.07064003 366619368.73553 678506491.4672899 653718251.7509899 608766608.49488 592471737.34148 676204221.83686 732305546.43015 832008438.63098 808932963.16258 817314442.30383 849199636.79283 902357943.12752 975512761.32253 1020240878.71562 791913490.16036 796894273.63324 699194033.27171 727670377.50617 564954141.42768 544807704.02458 484208542.17116 417696956.50303 536954597.64938 493820207.23034 578961103.14248 760490640.09022 731705480.22419 784164673.9059 813763359.33616 860575580.62492 853496455.94377 765382636.02167 694476952.3848 957935677.4695 984559020.53729 1024970813.49077 1011144281.47725 1135600211.29437 1163696017.52923 1088096639.21669 1016146008.13053 1064769001.61288 1101072397.92449 928370271.97917 773586141.1314499 791881276.22086 884796566.55684 1095911906.21758 1093661421.52487 978597960.65394 737641592.11924 574555756.98388 487966962.31202 383780437.61384 164138874.64137 241179978.03227 357473043.29093003 382119571.13212 702335873.82515 1089812420.2125301 1180719630.80861 1246570233.00381 1284212636.577 1359011494.72467 1376607527.70073 1252316533.7782 1087127419.71534 643755028.65241 
582926174.69306 553158182.85409 561703358.63921 591248790.6223199 489567953.93131 412985059.69779 462994323.73844 508758524.47895 531434570.57229 625693432.94963 589166021.14372 586637488.72041 563745456.64623 518791000.35353 426666376.96455 378635372.26032 310511283.12839 155539768.52142 0 58174783.15256 194816445.39909 240123092.5949 325807165.77702 336152205.29887 390103557.42048 353755682.86786 319980074.98167 151090387.45486 167459395.32172 178354724.42917 411771869.60469 631773641.7373 545699646.77044 499187671.43237 481871393.40477 565515291.29186 625311130.10254 736635429.90088 688845489.24963 675625132.55296 715162785.67154 765115000.6622599 826411695.8636401 872047853.3218501 640803025.8390701 641354505.11182 551862269.53553 576364753.41864 409414372.90626 389267935.50316 331281143.1145 262266075.16042 381414829.12796 391349961.27554 438092994.89861 617543223.72944 589631290.17559 644265232.7294099 658223590.81474 705106040.21319 697956687.42235 609842867.50025 563258126.18753 829294182.1966 855378289.61487 907674293.35823 875807702.5774 1001342413.7630299 1029181356.30139 974195896.21759 923404211.05016 971850435.03496 1019278481.14149 815532754.30232 709183568.9157901 742562685.19875 834943981.29274 1044224706.69125 1052839663.4663 916843756.88202 715779346.95291 551456799.64386 419910478.99167 379670775.27787 123663858.0959 223666607.14413 340246754.41179 516743808.06071 590666786.00582 934272651.69111 1025956258.09742 1091519831.24312 1129798918.04839 1203815819.42558 1222330501.64459 1099878775.91992 932794526.7698 539960425.79088 
548687532.53134 505141847.45302 585011070.10981 566466016.98658 545952874.02391 450179247.11055 489349726.99901 523440421.97733 546374028.60356 646141293.57235 619750470.91316 630508314.14423 613585213.72532 566923911.02596 483670446.51985 435639441.81562 363813651.94393 213714551.67398 58174783.15256 0 148745806.16804 234593226.52233 320277299.70445 330749989.52156 386404638.24977 354821288.40092 343117061.09493 209265170.60742 221903117.88876 215299743.60435998 448874927.31899 626346222.23864 512620948.26765 465958898.12805 457577905.64731 530899233.79447 591888261.76276 707896462.3556299 668084344.53987 635909623.02652 698435438.04662 706940217.5097 770515164.67912 818540739.4370301 584263531.41705 600337244.91031 498493342.76517 518189970.26608 351239589.7537 371406569.75149 273133867.10229 204118799.14821 339675709.53545 363105909.61502004 436015630.68176 588828541.03534 531456507.02303 607878548.1896601 601964995.9363799 646931257.06063 639781904.26979 551668084.34769 505083343.03497 778718189.00735 814531931.9506099 855375907.2559099 826411899.71998 951946610.90561 979831313.44733 933816488.0953 893666360.7897401 939767439.11554 961103697.98893 793857675.48842 679167679.61023 726607649.31853 822530387.91117 1029235853.0445 1042018325.80343 892309639.2575 688972875.8128 544684605.0279701 361735695.83911 433884518.50363004 181838641.24846 242702519.28386 398421537.56435 569374301.72786 532492002.85326 876097868.53855 967893386.55042 1035495557.9349399 1071624134.8958299 1145876767.01576 1164562056.00863 1041703992.76736 875026081.13384 506973863.87912 
664961079.13879 630239660.87377 675971702.39125 707090613.58495 644878847.68221 572909292.99406 625195426.89571 667182739.225 689445781.78699 787792334.0963099 753179277.91998 743654081.98564 706347596.62402 669939001.7683 549230832.2507 501199827.54647 453482442.1093 275979001.4751 194816445.39909 148745806.16804 0 94142619.78066 179826692.96278 190613974.71659 244059195.12651 216181733.56983 233357561.43352 274996423.72871 213350934.80777 205158273.55834 397718237.27797997 481683992.20193994 384634703.69101 338489979.15845 321496395.90535 405555393.56837 465094536.69661003 573239644.82836 533236771.06704 546985636.5176799 576767019.71925 634431224.6596 715898805.51625 756597582.67919 543705593.2010801 561296744.56937 483625986.03647995 486068211.23356 341198632.00189996 321031652.00411 307370591.21668 238355523.2626 317630086.73624 269919813.51626 315639036.16517997 519199162.86218 473640574.96827996 512837120.93331 587546686.24899 646296462.06643 689400842.0955601 609095109.43737 581151504.47741 854786350.44979 890600093.39305 931442015.07162 897896045.5555 1022496448.81328 1049728319.7530999 1032509792.16246 1009939907.3971901 1059898868.1299 1054551029.42896 879815584.3095299 800547755.03301 862934142.37815 961346055.97653 1166046508.27974 1181838794.72156 1024794438.60258 831519672.70127 693430411.1960101 510481502.00715005 543742799.12282 286294102.87993 383704327.04806 427783011.64494 658098572.6072199 627749401.67833 900341602.33533 972145641.3860899 1034100583.9493799 1067521279.9721301 1147088681.01154 1171819059.7568798 1056986878.09821 885012352.82829 625841643.95884 
759103698.91945 723988617.71978 770114322.17191 800558982.9779 728974315.36408 652681654.39789 697573761.04418 748881617.07385 771432067.6728 864963232.23226 821871265.31477 795889170.8725 744307582.65667 715723247.05941 574573875.81071 526542871.10648 496176442.31231 315248809.5143 240123092.5949 234593226.52233 94142619.78066 0 85684073.18212 96471354.93593 151811411.72744 122039113.78917 159214046.41837 180853803.94805 275939931.29926 236484865.43618998 311257361.12107 392808648.21708 343868864.78722 300464574.12697 285193702.71554 366627530.11016 421282920.64255 516809591.70628 509879258.4621 550713680.71868 562968638.0155599 638159738.79732 734050577.4209499 769029519.3361 574928541.06591 604713129.7911899 540074281.80581 526225588.76260996 392820528.79434 385555469.13677 401513210.99733996 332498143.04326 368974815.8894 224043344.86207 321592651.44136 501940083.51682 488353557.06684 516568759.74516 634572290.53378 698670042.73779 773914529.85735 687245278.81859 675294124.25807 938263689.27526 974848780.81094 1015507503.20228 978665496.8844199 1102359522.48725 1129207734.75706 1126652411.94312 1104082527.17785 1153194407.87865 1144876313.6006 969160567.99393 894690374.81367 955818790.03345 1054122997.90924 1259804211.9892 1274889972.07112 1118837723.72013 923566102.33513 768289909.43097 596328922.36144 612312666.07848 363416718.79067 463788728.77816 494485803.25881994 697368380.64642 721892021.45899 958872949.35799 1021405690.37542 1081720550.82065 1112788977.72958 1194074841.83174 1221565340.00118 1112341591.33934 940770538.22947 719984263.7395 
720568928.74176 703786408.32226 750498880.70848 781593641.6714101 731150850.28142 662566883.28952 717851113.35124 757543679.85777 777312241.8862 877807584.58993 846352474.46576 847937243.49439 797634319.86197 765167335.37876 635841220.31435 587810215.61012 545444000.81283 366118208.48076 325807165.77702 320277299.70445 179826692.96278 85684073.18212 0 134260776.73989 189511667.85892 207723186.97129 244898119.60049 236458305.91957998 275902815.66017 235683116.23534 362999837.82784 409886829.52731 290457583.02032 245236851.14519998 227641325.56061 311722192.13904 371239466.35187 479343749.00398 455379737.36914 529199100.12577 489477822.76232 558117727.57845 651254859.87905 692743311.3698299 494966165.37833 519029056.60906994 456291012.66363 440541515.58049 311100234.22477 299871395.95465 333684027.59879 264668959.64471 283290742.70728 294723932.87012 296338299.03202 418757142.12037 404100180.29914 495050584.54139996 549587803.43834 612985969.55567 688230456.67523 615781022.07024 638831519.8355 869157010.67003 908751555.37589 949160017.44378 908552215.75371 1031072380.66266 1057825102.3575699 1064898174.42019 1065547757.00016 1108782238.68713 1088704796.78525 917681819.83214 859483539.02284 930263538.0821 1028675451.68048 1232769345.88361 1250344262.80886 1084415170.6183 905317183.3848 759955824.2353499 577006915.04649 637029133.20555 378541024.85277 479898510.64932996 493433060.2883 748237779.61288 660137783.93606 877152654.78842 937141386.61751 996426451.57228 1027332937.30745 1108762594.1379 1136838945.49905 1028493083.72343 855086465.04735 676355791.35646 
