49
14 37 26 4 28 27 41 20 35 30 25 3 50 33 13 38 32 12 45 47 34 36 10 22 24 7 49 39 48 43 9 17 6 11 31 18 21 15 29 44 46 42 16 8 40 58 23 76 Soda
0 10.0896 15.619 16.6423 19.9605 20.8198 14.4665 19.7187 16.499 16.2258 22.881 11.8138 15.0513 19.916 10.8059 21.063299999999998 19.3165 22.0545 20.5026 10.3226 21.1724 20.4189 13.8516 22.2287 13.0359 23.3688 22.2164 16.1572 11.161 16.2588 10.3847 20.4879 21.6542 11.2378 15.9312 14.5585 14.2145 13.2345 21.293 17.2065 21.2271 13.8865 19.3683 11.1152 21.6347 13.7449 21.0798 20.3142 10.0018 
10.0896 0 10.0834 15.718 13.797 13.0098 19.5643 17.9009 21.962699999999998 16.8092 19.2933 20.8159 18.8426 23.716900000000003 16.4026 10.9737 11.9668 16.7536 22.6094 11.8357 22.2051 21.3885 20.2546 12.1391 16.5342 17.3207 20.8888 12.3793 21.2506 21.985999999999997 13.5699 21.6149 17.7597 13.2125 21.2289 11.1885 12.9818 16.7747 15.3253 21.5535 11.3117 16.8307 12.1207 16.8231 14.6095 13.6462 14.1484 12.1958 20.0914 
15.619 10.0834 0 10.0527 14.1743 13.133 13.7037 11.1551 21.2088 21.4737 21.7204 10.7325 17.0248 22.950400000000002 22.477600000000002 21.0571 20.6742 10.4964 19.107 14.8698 12.1217 19.341 10.1712 19.1054 14.5714 16.6147 10.8054 20.6266 20.3301 15.6046 21.7909 12.8528 10.2593 10.7241 17.9187 14.5483 21.415100000000002 14.8862 10.4734 17.7087 11.778 20.7975 11.4327 20.6295 16.4459 15.1472 22.3801 20.8318 18.357 
16.6423 15.718 10.0527 0 10.0744 13.7344 22.069000000000003 11.3855 16.6033 12.095 11.9463 14.4028 16.29 13.879 12.6494 11.153 21.8082 19.7015 21.6075 22.7284 22.1744 15.8983 12.611 22.529200000000003 11.9839 10.3063 19.9252 11.6222 10.2774 14.1225 23.8209 21.8771 16.3554 20.7768 18.0627 18.7751 19.6648 15.0735 15.7883 22.4081 16.1858 17.1488 15.1941 15.3859 15.0073 13.5967 21.8547 22.3027 12.9211 
19.9605 13.797 14.1743 10.0744 0 11.0289 21.4026 21.3761 11.8756 13.0638 22.0207 19.6237 18.7282 17.1919 12.4455 12.8731 12.7478 22.0039 15.8466 19.4534 14.6199 15.2167 18.3989 12.765 12.9533 18.484 21.7843 21.6966 15.8231 11.8208 22.6661 16.2383 12.9556 15.5599 18.0153 14.0998 11.1746 19.7161 15.6699 12.3337 21.311100000000003 21.6513 23.1048 20.7636 16.676 19.054 16.0244 21.032600000000002 15.281 
20.8198 13.0098 13.133 13.7344 11.0289 0 10.3737 14.296 18.8634 22.8445 19.0541 19.5937 11.5752 16.3858 19.0893 13.025 16.5762 11.3494 21.4306 11.0158 15.785 17.7233 17.906 21.1845 21.0983 16.731 19.8871 12.5857 21.4033 16.0785 19.2942 12.7839 19.6908 18.0861 24.1909 21.4536 21.6951 18.7314 21.9862 14.2399 17.9376 10.6224 21.9558 21.467 22.130699999999997 21.4966 10.6193 21.1164 19.0665 
14.4665 19.5643 13.7037 22.069000000000003 21.4026 10.3737 0 10.6835 18.7459 15.7555 17.9183 19.9557 13.7297 15.6191 16.5972 23.398699999999998 19.7968 17.4329 21.7872 20.3691 22.3278 21.3946 22.145400000000002 25.828 21.063899999999997 15.1024 16.433 12.1985 17.6333 17.7524 10.8434 20.9466 18.0854 15.509 14.064 15.9272 21.4588 19.5737 23.0066 15.3114 14.0037 15.0047 13.9186 18.0485 14.5631 16.259 18.6442 13.3279 16.7154 
19.7187 17.9009 11.1551 11.3855 21.3761 14.296 10.6835 0 10.659 10.6894 19.0879 18.4044 23.65 20.4771 18.781 15.6449 20.8774 16.7737 21.605800000000002 15.0858 14.3584 12.9063 14.471 17.1849 16.3467 13.4492 14.6122 13.3604 21.6629 11.9196 21.2715 18.9638 20.1902 10.6603 13.6437 18.6186 22.5452 19.5493 20.7432 20.2352 16.6288 24.0764 13.2191 19.5216 24.049100000000003 13.3262 11.225 12.9068 22.6699 
16.499 21.962699999999998 21.2088 16.6033 11.8756 18.8634 18.7459 10.659 0 10.1104 20.150100000000002 12.4649 15.8944 17.8905 12.606 22.3378 23.633000000000003 14.3881 10.9468 14.7562 18.3003 17.1984 20.8004 14.1246 19.4274 18.5181 10.4034 14.0564 22.399900000000002 18.7485 18.6683 18.5748 14.0161 18.1037 10.1127 10.8563 12.2033 16.4703 14.1781 19.837 20.287300000000002 13.4174 20.151400000000002 15.7921 16.3588 13.8067 15.9885 11.0088 14.0151 
16.2258 16.8092 21.4737 12.095 13.0638 22.8445 15.7555 10.6894 10.1104 0 10.0397 19.3178 18.2076 22.0776 21.898200000000003 22.463900000000002 21.9197 11.9943 18.716 21.4044 12.3613 12.1008 20.7486 22.625700000000002 19.8772 22.4013 20.5138 14.1752 20.897 10.4302 21.1992 13.2749 11.3872 16.2626 10.0609 20.416 21.4218 13.9693 13.0665 19.1671 10.1769 20.9797 10.041 17.708 21.1799 13.4825 12.76 12.663 14.8434 
22.881 19.2933 21.7204 11.9463 22.0207 19.0541 17.9183 19.0879 20.150100000000002 10.0397 0 11.0672 21.226 21.463500000000003 17.7867 19.1034 21.490099999999998 19.1565 22.2783 21.4897 21.7123 22.1405 16.8047 18.1869 15.2694 18.4248 18.214 13.0043 20.9906 19.6155 17.2154 13.1712 15.5774 16.0876 17.2807 22.430300000000003 15.0478 14.4723 17.0971 14.2676 12.6704 22.0223 11.5798 16.0727 11.1402 13.757 13.5846 17.4945 12.8878 
11.8138 20.8159 10.7325 14.4028 19.6237 19.5937 19.9557 18.4044 12.4649 19.3178 11.0672 0 10.1588 15.662 22.6197 21.4038 19.0533 21.2289 16.9505 13.8433 22.180300000000003 21.2425 15.5642 11.306 17.0055 21.176299999999998 17.0337 11.5417 14.7311 19.5418 15.6386 12.7093 20.9593 21.4566 13.5431 22.8276 22.8079 22.0957 21.2059 17.661 22.488599999999998 15.7895 12.8105 20.4266 17.5869 10.5982 16.3703 15.1935 12.0621 
15.0513 18.8426 17.0248 16.29 18.7282 11.5752 13.7297 23.65 15.8944 18.2076 21.226 10.1588 0 10.1871 20.4675 20.5317 15.0112 17.7592 13.1617 14.813 14.1718 13.7607 12.0137 18.7534 11.8104 11.0175 16.8545 19.4618 12.0897 16.3687 21.241 12.648 17.6933 23.8276 22.7014 17.2195 17.2501 16.424 19.2543 12.8899 18.0174 16.0722 18.4357 21.712699999999998 20.6299 20.4917 21.7539 16.7676 12.2028 
19.916 23.716900000000003 22.950400000000002 13.879 17.1919 16.3858 15.6191 20.4771 17.8905 22.0776 21.463500000000003 15.662 10.1871 0 10.2804 19.8067 21.5929 22.4086 17.4464 12.7541 22.514899999999997 22.833199999999998 18.5279 15.9004 13.0917 16.5613 12.145 20.7362 19.5984 19.0127 11.0539 17.0485 18.1018 16.734 18.6512 18.5405 15.298 14.0019 13.5133 15.2761 17.7069 21.674 15.8445 21.8831 15.8468 13.8749 18.6917 22.4239 12.4537 
10.8059 16.4026 22.477600000000002 12.6494 12.4455 19.0893 16.5972 18.781 12.606 21.898200000000003 17.7867 22.6197 20.4675 10.2804 0 10.4989 19.0852 12.1282 15.4511 21.1285 17.9297 18.054 15.0222 12.9689 10.8363 16.0746 14.8544 20.987000000000002 21.9669 13.299 20.8799 19.7146 20.6545 22.0437 22.5593 21.470399999999998 22.965400000000002 16.7411 21.2075 19.8309 21.3049 17.7998 24.9069 21.9211 10.8288 21.293599999999998 20.9528 21.091900000000003 20.807699999999997 
21.063299999999998 10.9737 21.0571 11.153 12.8731 13.025 23.398699999999998 15.6449 22.3378 22.463900000000002 19.1034 21.4038 20.5317 19.8067 10.4989 0 11.452 21.6298 21.0005 15.8031 22.3279 22.1535 22.643500000000003 22.8582 21.3352 12.8654 11.958 12.8263 21.4304 15.7581 21.742 16.2323 17.7696 19.4563 14.4316 22.1622 13.8787 12.3601 13.284 11.8269 18.1836 14.473 15.0948 13.104 18.0015 14.0006 18.2101 19.8118 13.2417 
19.3165 11.9668 20.6742 21.8082 12.7478 16.5762 19.7968 20.8774 23.633000000000003 21.9197 21.490099999999998 19.0533 15.0112 21.5929 19.0852 11.452 0 10.1778 20.259 21.258200000000002 14.535 11.7977 14.0485 11.7691 11.2723 15.4051 21.8574 19.3876 22.9306 19.0507 17.3153 21.857 17.7674 10.2171 15.6175 18.8503 14.1196 16.214 21.6295 14.3222 14.4602 21.9411 24.0875 20.84 10.3499 21.7367 18.3809 20.414 14.5912 
22.0545 16.7536 10.4964 19.7015 22.0039 11.3494 17.4329 16.7737 14.3881 11.9943 19.1565 21.2289 17.7592 22.4086 12.1282 21.6298 10.1778 0 10.0812 19.7741 21.6033 11.7689 18.6096 17.8605 11.2281 14.75 14.8985 12.3166 12.7783 19.9401 11.8554 18.457 16.2389 15.6468 16.8693 17.7976 15.1156 15.8 20.9698 21.486 15.6057 14.8047 21.9291 21.2667 11.4454 20.5044 19.02 11.7032 18.8964 
20.5026 22.6094 19.107 21.6075 15.8466 21.4306 21.7872 21.605800000000002 10.9468 18.716 22.2783 16.9505 13.1617 17.4464 15.4511 21.0005 20.259 10.0812 0 10.845 11.5221 21.6485 12.4369 18.2102 20.8876 24.1792 16.1345 22.3978 13.5197 19.1292 13.4248 15.6307 13.5691 16.8717 21.0595 15.3603 11.8607 21.3074 10.9293 12.7105 17.8744 10.9327 23.2107 13.2288 15.3809 10.4232 21.7454 14.9636 19.9742 
10.3226 11.8357 14.8698 22.7284 19.4534 11.0158 20.3691 15.0858 14.7562 21.4044 21.4897 13.8433 14.813 12.7541 21.1285 15.8031 21.258200000000002 19.7741 10.845 0 10.8498 20.9762 13.1836 19.9912 18.8708 14.0612 16.2872 17.8042 21.441 10.9742 20.7073 21.3161 20.841900000000003 11.1866 15.3521 21.5029 15.295 14.2971 10.9704 21.7044 21.9985 21.540300000000002 12.6302 15.8531 15.5446 10.4808 13.6532 22.4096 20.324399999999997 
21.1724 22.2051 12.1217 22.1744 14.6199 15.785 22.3278 14.3584 18.3003 12.3613 21.7123 22.180300000000003 14.1718 22.514899999999997 17.9297 22.3279 14.535 21.6033 11.5221 10.8498 0 10.1264 13.196 11.1378 16.6311 14.6634 10.3699 16.8348 21.8427 21.823999999999998 22.2016 20.5843 11.914 11.1719 21.9693 13.2768 16.6884 14.329 21.5913 13.1405 12.5462 14.2008 13.503 18.7195 18.5883 17.0659 11.1348 21.85 17.3466 
20.4189 21.3885 19.341 15.8983 15.2167 17.7233 21.3946 12.9063 17.1984 12.1008 22.1405 21.2425 13.7607 22.833199999999998 18.054 22.1535 11.7977 11.7689 21.6485 20.9762 10.1264 0 10.8904 15.5555 21.789099999999998 13.123 12.4047 17.7525 11.944 13.6696 14.6075 13.8521 22.040399999999998 15.649 18.1321 21.0474 23.014400000000002 18.2863 19.5321 13.8472 13.2871 22.2575 17.3512 16.3951 16.2865 23.325400000000002 21.261200000000002 15.9308 21.884700000000002 
13.8516 20.2546 10.1712 12.611 18.3989 17.906 22.145400000000002 14.471 20.8004 20.7486 16.8047 15.5642 12.0137 18.5279 15.0222 22.643500000000003 14.0485 18.6096 12.4369 13.1836 13.196 10.8904 0 10.415 21.6254 21.6175 14.2094 12.3824 18.5328 10.5977 21.1439 11.0407 19.4403 20.8953 10.6877 21.0428 22.1908 15.4598 20.6446 22.4589 13.4461 13.8887 16.2291 22.0182 13.5656 12.8965 16.4235 13.0286 22.103099999999998 
22.2287 12.1391 19.1054 22.529200000000003 12.765 21.1845 25.828 17.1849 14.1246 22.625700000000002 18.1869 11.306 18.7534 15.9004 12.9689 22.8582 11.7691 17.8605 18.2102 19.9912 11.1378 15.5555 10.415 0 12.005 14.3022 21.4655 13.6295 18.4083 21.0127 25.709 19.4819 19.974 17.5012 19.2648 15.141 22.7041 17.8596 22.536 12.0439 12.4488 22.2633 24.1165 17.365 22.119 21.9042 13.9479 22.8445 14.0362 
13.0359 16.5342 14.5714 11.9839 12.9533 21.0983 21.063899999999997 16.3467 19.4274 19.8772 15.2694 17.0055 11.8104 13.0917 10.8363 21.3352 11.2723 11.2281 20.8876 18.8708 16.6311 21.789099999999998 21.6254 12.005 0 10.3329 17.913 14.8639 22.0175 15.9876 18.7047 10.5847 20.4188 16.3009 11.723 19.6838 14.3211 15.7015 20.9718 14.9874 20.887900000000002 11.2366 14.0706 12.5618 17.3078 10.4644 15.1786 16.3973 13.4924 
23.3688 17.3207 16.6147 10.3063 18.484 16.731 15.1024 13.4492 18.5181 22.4013 18.4248 21.176299999999998 11.0175 16.5613 16.0746 12.8654 15.4051 14.75 24.1792 14.0612 14.6634 13.123 21.6175 14.3022 10.3329 0 11.7428 21.9285 20.5837 19.6271 18.1492 20.9176 24.0249 14.3866 22.0559 14.3875 22.3525 18.6443 15.62 20.2573 18.0366 21.569499999999998 22.1838 22.8947 21.462600000000002 14.2842 15.7454 14.4128 15.7321 
22.2164 20.8888 10.8054 19.9252 21.7843 19.8871 16.433 14.6122 10.4034 20.5138 18.214 17.0337 16.8545 12.145 14.8544 11.958 21.8574 14.8985 16.1345 16.2872 10.3699 12.4047 14.2094 21.4655 17.913 11.7428 0 10.37 20.9991 14.1783 11.8317 14.3153 15.8191 11.6403 20.5161 13.0282 10.6097 12.57 18.5587 21.5694 13.7054 18.5859 14.9329 14.6231 21.284599999999998 19.8421 21.5047 14.7006 17.9601 
16.1572 12.3793 20.6266 11.6222 21.6966 12.5857 12.1985 13.3604 14.0564 14.1752 13.0043 11.5417 19.4618 20.7362 20.987000000000002 12.8263 19.3876 12.3166 22.3978 17.8042 16.8348 17.7525 12.3824 13.6295 14.8639 21.9285 10.37 0 10.6291 17.1004 19.0468 16.3182 20.4493 15.5335 11.6052 21.2652 20.9797 18.755 14.0267 17.7639 13.8589 19.2497 18.8645 14.8758 17.8931 19.0729 21.9789 10.6805 23.6038 
11.161 21.2506 20.3301 10.2774 15.8231 21.4033 17.6333 21.6629 22.399900000000002 20.897 20.9906 14.7311 12.0897 19.5984 21.9669 21.4304 22.9306 12.7783 13.5197 21.441 21.8427 11.944 18.5328 18.4083 22.0175 20.5837 20.9991 10.6291 0 10.4668 21.3121 11.5997 15.5408 12.7135 22.234299999999998 15.2792 19.286 23.2317 13.7815 16.1899 13.4818 10.7809 12.8401 22.2762 22.834699999999998 18.1704 22.2819 21.3096 17.3057 
16.2588 21.985999999999997 15.6046 14.1225 11.8208 16.0785 17.7524 11.9196 18.7485 10.4302 19.6155 19.5418 16.3687 19.0127 13.299 15.7581 19.0507 19.9401 19.1292 10.9742 21.823999999999998 13.6696 10.5977 21.0127 15.9876 19.6271 14.1783 17.1004 10.4668 0 10.8453 15.227 20.6784 14.5506 20.4911 11.3139 21.003700000000002 15.2655 21.9446 15.0279 20.6071 21.247700000000002 15.6247 15.3917 24.1278 14.2359 19.8016 20.7083 19.4953 
10.3847 13.5699 21.7909 23.8209 22.6661 19.2942 10.8434 21.2715 18.6683 21.1992 17.2154 15.6386 21.241 11.0539 20.8799 21.742 17.3153 11.8554 13.4248 20.7073 22.2016 14.6075 21.1439 25.709 18.7047 18.1492 11.8317 19.0468 21.3121 10.8453 0 10.1032 17.5302 14.474 23.1134 22.1592 16.1995 19.4817 13.4357 23.0041 13.7668 22.750700000000002 11.1582 10.8292 17.8565 18.6328 15.8804 15.1685 20.386499999999998 
20.4879 21.6149 12.8528 21.8771 16.2383 12.7839 20.9466 18.9638 18.5748 13.2749 13.1712 12.7093 12.648 17.0485 19.7146 16.2323 21.857 18.457 15.6307 21.3161 20.5843 13.8521 11.0407 19.4819 10.5847 20.9176 14.3153 16.3182 11.5997 15.227 10.1032 0 10.1811 18.8617 21.7284 18.7912 22.5484 21.7302 23.3262 12.9009 10.3032 15.5551 21.261400000000002 20.9324 20.6829 20.5422 17.7357 20.6749 18.7881 
21.6542 17.7597 10.2593 16.3554 12.9556 19.6908 18.0854 20.1902 14.0161 11.3872 15.5774 20.9593 17.6933 18.1018 20.6545 17.7696 17.7674 16.2389 13.5691 20.841900000000003 11.914 22.040399999999998 19.4403 19.974 20.4188 24.0249 15.8191 20.4493 15.5408 20.6784 17.5302 10.1811 0 10.5672 21.3646 16.8944 21.6547 12.6078 20.669800000000002 12.7641 17.1951 14.0677 12.2772 12.9149 13.7034 10.3611 14.5609 21.3638 12.9596 
11.2378 13.2125 10.7241 20.7768 15.5599 18.0861 15.509 10.6603 18.1037 16.2626 16.0876 21.4566 23.8276 16.734 22.0437 19.4563 10.2171 15.6468 16.8717 11.1866 11.1719 15.649 20.8953 17.5012 16.3009 14.3866 11.6403 15.5335 12.7135 14.5506 14.474 18.8617 10.5672 0 10.7974 17.5212 22.25 19.0134 21.197499999999998 19.8649 11.6754 22.4782 19.8459 17.081 20.567 20.3693 15.9239 23.5671 21.2396 
15.9312 21.2289 17.9187 18.0627 18.0153 24.1909 14.064 13.6437 10.1127 10.0609 17.2807 13.5431 22.7014 18.6512 22.5593 14.4316 15.6175 16.8693 21.0595 15.3521 21.9693 18.1321 10.6877 19.2648 11.723 22.0559 20.5161 11.6052 22.234299999999998 20.4911 23.1134 21.7284 21.3646 10.7974 0 10.3551 15.992 11.6473 15.6231 19.6397 20.2378 16.4933 19.5147 12.2842 18.5901 17.9755 18.2315 15.9056 22.6152 
14.5585 11.1885 14.5483 18.7751 14.0998 21.4536 15.9272 18.6186 10.8563 20.416 22.430300000000003 22.8276 17.2195 18.5405 21.470399999999998 22.1622 18.8503 17.7976 15.3603 21.5029 13.2768 21.0474 21.0428 15.141 19.6838 14.3875 13.0282 21.2652 15.2792 11.3139 22.1592 18.7912 16.8944 17.5212 10.3551 0 10.4491 12.2031 14.7393 18.4474 21.319899999999997 13.8884 23.309199999999997 22.6393 22.0086 18.3003 15.1788 20.8627 12.2601 
14.2145 12.9818 21.415100000000002 19.6648 11.1746 21.6951 21.4588 22.5452 12.2033 21.4218 15.0478 22.8079 17.2501 15.298 22.965400000000002 13.8787 14.1196 15.1156 11.8607 15.295 16.6884 23.014400000000002 22.1908 22.7041 14.3211 22.3525 10.6097 20.9797 19.286 21.003700000000002 16.1995 22.5484 21.6547 22.25 15.992 10.4491 0 10.5087 20.8868 23.5083 19.4054 11.0727 14.4757 19.6679 15.273 19.1539 16.8315 10.4136 14.6731 
13.2345 16.7747 14.8862 15.0735 19.7161 18.7314 19.5737 19.5493 16.4703 13.9693 14.4723 22.0957 16.424 14.0019 16.7411 12.3601 16.214 15.8 21.3074 14.2971 14.329 18.2863 15.4598 17.8596 15.7015 18.6443 12.57 18.755 23.2317 15.2655 19.4817 21.7302 12.6078 19.0134 11.6473 12.2031 10.5087 0 10.3781 13.872 17.3381 19.6889 24.0103 18.9117 21.1793 22.761699999999998 21.4496 20.9223 18.5751 
21.293 15.3253 10.4734 15.7883 15.6699 21.9862 23.0066 20.7432 14.1781 13.0665 17.0971 21.2059 19.2543 13.5133 21.2075 13.284 21.6295 20.9698 10.9293 10.9704 21.5913 19.5321 20.6446 22.536 20.9718 15.62 18.5587 14.0267 13.7815 21.9446 13.4357 23.3262 20.669800000000002 21.197499999999998 15.6231 14.7393 20.8868 10.3781 0 10.734 19.1285 21.862000000000002 21.906100000000002 21.7175 11.6119 19.4997 14.0086 22.4921 14.7561 
17.2065 21.5535 17.7087 22.4081 12.3337 14.2399 15.3114 20.2352 19.837 19.1671 14.2676 17.661 12.8899 15.2761 19.8309 11.8269 14.3222 21.486 12.7105 21.7044 13.1405 13.8472 22.4589 12.0439 14.9874 20.2573 21.5694 17.7639 16.1899 15.0279 23.0041 12.9009 12.7641 19.8649 19.6397 18.4474 23.5083 13.872 10.734 0 10.5423 13.2696 23.6017 13.165 16.516 22.4558 22.1381 21.1618 21.5884 
21.2271 11.3117 11.778 16.1858 21.311100000000003 17.9376 14.0037 16.6288 20.287300000000002 10.1769 12.6704 22.488599999999998 18.0174 17.7069 21.3049 18.1836 14.4602 15.6057 17.8744 21.9985 12.5462 13.2871 13.4461 12.4488 20.887900000000002 18.0366 13.7054 13.8589 13.4818 20.6071 13.7668 10.3032 17.1951 11.6754 20.2378 21.319899999999997 19.4054 17.3381 19.1285 10.5423 0 10.8028 20.2179 13.2292 18.7722 21.999299999999998 14.5369 21.0863 16.1213 
13.8865 16.8307 20.7975 17.1488 21.6513 10.6224 15.0047 24.0764 13.4174 20.9797 22.0223 15.7895 16.0722 21.674 17.7998 14.473 21.9411 14.8047 10.9327 21.540300000000002 14.2008 22.2575 13.8887 22.2633 11.2366 21.569499999999998 18.5859 19.2497 10.7809 21.247700000000002 22.750700000000002 15.5551 14.0677 22.4782 16.4933 13.8884 11.0727 19.6889 21.862000000000002 13.2696 10.8028 0 12.7623 18.1759 16.4897 19.5658 17.7876 12.3049 19.7198 
19.3683 12.1207 11.4327 15.1941 23.1048 21.9558 13.9186 13.2191 20.151400000000002 10.041 11.5798 12.8105 18.4357 15.8445 24.9069 15.0948 24.0875 21.9291 23.2107 12.6302 13.503 17.3512 16.2291 24.1165 14.0706 22.1838 14.9329 18.8645 12.8401 15.6247 11.1582 21.261400000000002 12.2772 19.8459 19.5147 23.309199999999997 14.4757 24.0103 21.906100000000002 23.6017 20.2179 12.7623 0 11.0194 22.0327 22.1285 22.801000000000002 18.7439 15.9046 
11.1152 16.8231 20.6295 15.3859 20.7636 21.467 18.0485 19.5216 15.7921 17.708 16.0727 20.4266 21.712699999999998 21.8831 21.9211 13.104 20.84 21.2667 13.2288 15.8531 18.7195 16.3951 22.0182 17.365 12.5618 22.8947 14.6231 14.8758 22.2762 15.3917 10.8292 20.9324 12.9149 17.081 12.2842 22.6393 19.6679 18.9117 21.7175 13.165 13.2292 18.1759 11.0194 0 13.7053 11.3825 21.727 14.6357 17.6303 
21.6347 14.6095 16.4459 15.0073 16.676 22.130699999999997 14.5631 24.049100000000003 16.3588 21.1799 11.1402 17.5869 20.6299 15.8468 10.8288 18.0015 10.3499 11.4454 15.3809 15.5446 18.5883 16.2865 13.5656 22.119 17.3078 21.462600000000002 21.284599999999998 17.8931 22.834699999999998 24.1278 17.8565 20.6829 13.7034 20.567 18.5901 22.0086 15.273 21.1793 11.6119 16.516 18.7722 16.4897 22.0327 13.7053 0 14.9034 22.0867 21.8661 11.6883 
13.7449 13.6462 15.1472 13.5967 19.054 21.4966 16.259 13.3262 13.8067 13.4825 13.757 10.5982 20.4917 13.8749 21.293599999999998 14.0006 21.7367 20.5044 10.4232 10.4808 17.0659 23.325400000000002 12.8965 21.9042 10.4644 14.2842 19.8421 19.0729 18.1704 14.2359 18.6328 20.5422 10.3611 20.3693 17.9755 18.3003 19.1539 22.761699999999998 19.4997 22.4558 21.999299999999998 19.5658 22.1285 11.3825 14.9034 0 11.4165 16.322 10.3204 
21.0798 14.1484 22.3801 21.8547 16.0244 10.6193 18.6442 11.225 15.9885 12.76 13.5846 16.3703 21.7539 18.6917 20.9528 18.2101 18.3809 19.02 21.7454 13.6532 11.1348 21.261200000000002 16.4235 13.9479 15.1786 15.7454 21.5047 21.9789 22.2819 19.8016 15.8804 17.7357 14.5609 15.9239 18.2315 15.1788 16.8315 21.4496 14.0086 22.1381 14.5369 17.7876 22.801000000000002 21.727 22.0867 11.4165 0 18.3768 21.7369 
20.3142 12.1958 20.8318 22.3027 21.032600000000002 21.1164 13.3279 12.9068 11.0088 12.663 17.4945 15.1935 16.7676 22.4239 21.091900000000003 19.8118 20.414 11.7032 14.9636 22.4096 21.85 15.9308 13.0286 22.8445 16.3973 14.4128 14.7006 10.6805 21.3096 20.7083 15.1685 20.6749 21.3638 23.5671 15.9056 20.8627 10.4136 20.9223 22.4921 21.1618 21.0863 12.3049 18.7439 14.6357 21.8661 16.322 18.3768 0 21.9593 
10.0018 20.0914 18.357 12.9211 15.281 19.0665 16.7154 22.6699 14.0151 14.8434 12.8878 12.0621 12.2028 12.4537 20.807699999999997 13.2417 14.5912 18.8964 19.9742 20.324399999999997 17.3466 21.884700000000002 22.103099999999998 14.0362 13.4924 15.7321 17.9601 23.6038 17.3057 19.4953 20.386499999999998 18.7881 12.9596 21.2396 22.6152 12.2601 14.6731 18.5751 14.7561 21.5884 16.1213 19.7198 15.9046 17.6303 11.6883 10.3204 21.7369 21.9593 0 
