24
Simei SungeiRoad TiongBahruStation DowntownCore LowerSeletar Safti Tengeh Frankel SwissClub TanjongPagar CityHall GhimMoh SimpangNorth NeeSoon Tyersall JooKoon Sembawang LeonieHill RiverValley Hillcrest Seletar Sudong PearlsHill BukitBatokEast
0 74832930.0 115702997.0 197648041.0 278620814.0 233750706.0 240415575.0 238607194.0 218849183.0 201390540.0 188743941.0 193948557.0 254049705.0 291566889.0 364771834.0 323855042.0 211515273.0 135291162.0 164164762.0 351507021.0 360052237.0 237696742.0 311057162.0 62196681.0 
74832930.0 0 137265062.0 272480971.0 335572331.0 308010120.0 296986922.0 295178541.0 293682113.0 276223470.0 263576871.0 258917130.0 181013468.0 327483813.0 358598425.0 266481460.0 209090876.0 210124092.0 235162482.0 417260113.0 405349461.0 162863812.0 385890092.0 137029611.0 
115702997.0 137265062.0 0 141429905.0 198307269.0 202132247.0 193032724.0 194841105.0 214599116.0 178981414.0 248054801.0 249268579.0 252369050.0 320669770.0 249068837.0 264967752.0 259497311.0 161308507.0 184117900.0 362710893.0 316819984.0 218473114.0 269996903.0 88214026.0 
197648041.0 272480971.0 141429905.0 0 94688763.0 160380463.0 168387824.0 166579443.0 161217021.0 133050100.0 106624896.0 248833048.0 244852121.0 229780148.0 354219341.0 309334443.0 221773643.0 129729401.0 243856899.0 293193201.0 294163506.0 202850734.0 302619930.0 179666473.0 
278620814.0 335572331.0 198307269.0 94688763.0 0 103767291.0 111946306.0 113754687.0 133512698.0 165104284.0 177500325.0 196077361.0 230292874.0 178062240.0 316052255.0 236920385.0 291927757.0 161696548.0 228045386.0 244065937.0 201295299.0 287519553.0 384644426.0 234791029.0 
233750706.0 308010120.0 202132247.0 160380463.0 103767291.0 0 11023198.0 12831579.0 32589590.0 64181176.0 76577217.0 92310070.0 158310065.0 182317366.0 346390452.0 236807885.0 191947310.0 203754006.0 163678138.0 195226376.0 136798880.0 255315410.0 462154607.0 262869382.0 
240415575.0 296986922.0 193032724.0 168387824.0 111946306.0 11023198.0 0 1808381.0 21566392.0 53157978.0 65554019.0 88426207.0 147286867.0 190617346.0 342390846.0 234195519.0 180924112.0 211460499.0 152654940.0 184203178.0 125775682.0 244292212.0 451131409.0 258774130.0 
238607194.0 295178541.0 194841105.0 166579443.0 113754687.0 12831579.0 1808381.0 0 19758011.0 51349597.0 63745638.0 88693402.0 146809425.0 189497277.0 340582465.0 233317161.0 179115731.0 210582141.0 150846559.0 182394797.0 127584063.0 242483831.0 449323028.0 256965749.0 
218849183.0 293682113.0 214599116.0 161217021.0 133512698.0 32589590.0 21566392.0 19758011.0 0 47911514.0 55247193.0 102174127.0 137369755.0 209255288.0 323787489.0 219926237.0 159357720.0 230340152.0 131088548.0 202152808.0 147342074.0 233985386.0 440169515.0 237207738.0 
201390540.0 276223470.0 178981414.0 133050100.0 165104284.0 64181176.0 53157978.0 51349597.0 47911514.0 0 71242098.0 140042999.0 116997749.0 240846874.0 364674958.0 202572127.0 202886991.0 245526760.0 179000062.0 183729479.0 177447188.0 202970137.0 418417289.0 211346690.0 
188743941.0 263576871.0 248054801.0 106624896.0 177500325.0 76577217.0 65554019.0 63745638.0 55247193.0 71242098.0 0 143979522.0 164317944.0 243433212.0 324429377.0 207367682.0 214604913.0 212686861.0 186335741.0 218860466.0 191329701.0 178738193.0 385577390.0 200288799.0 
193948557.0 258917130.0 249268579.0 248833048.0 196077361.0 92310070.0 88426207.0 88693402.0 102174127.0 140042999.0 143979522.0 0 149132998.0 209908063.0 311316178.0 260663667.0 165782043.0 293743431.0 199769589.0 233236000.0 214201889.0 289246779.0 497995115.0 236557895.0 
254049705.0 181013468.0 252369050.0 244852121.0 230292874.0 158310065.0 147286867.0 146809425.0 137369755.0 116997749.0 164317944.0 149132998.0 0 146470345.0 258765862.0 176227067.0 265979140.0 210053444.0 226700274.0 300727228.0 248873208.0 302375232.0 519683427.0 225088758.0 
291566889.0 327483813.0 320669770.0 229780148.0 178062240.0 182317366.0 190617346.0 189497277.0 209255288.0 240846874.0 243433212.0 209908063.0 146470345.0 0 164073086.0 306239387.0 207765657.0 168609087.0 271064667.0 246181305.0 242715261.0 329620159.0 517983857.0 241703568.0 
364771834.0 358598425.0 249068837.0 354219341.0 316052255.0 346390452.0 342390846.0 340582465.0 323787489.0 364674958.0 324429377.0 311316178.0 258765862.0 164073086.0 0 216309161.0 230828941.0 328303493.0 301697251.0 222107901.0 321250453.0 323695001.0 496022370.0 337282863.0 
323855042.0 266481460.0 264967752.0 309334443.0 236920385.0 236807885.0 234195519.0 233317161.0 219926237.0 202572127.0 207367682.0 260663667.0 176227067.0 306239387.0 216309161.0 0 174326558.0 188563880.0 351014785.0 386301606.0 351159811.0 326117175.0 349347457.0 261658361.0 
211515273.0 209090876.0 259497311.0 221773643.0 291927757.0 191947310.0 180924112.0 179115731.0 159357720.0 202886991.0 214604913.0 165782043.0 265979140.0 207765657.0 230828941.0 174326558.0 0 169132131.0 187495819.0 344539832.0 237256112.0 286682766.0 506899794.0 178551152.0 
135291162.0 210124092.0 161308507.0 129729401.0 161696548.0 203754006.0 211460499.0 210582141.0 230340152.0 245526760.0 212686861.0 293743431.0 210053444.0 168609087.0 328303493.0 188563880.0 169132131.0 0 176094706.0 378917539.0 315178376.0 305399968.0 408681895.0 73094481.0 
164164762.0 235162482.0 184117900.0 243856899.0 228045386.0 163678138.0 152654940.0 150846559.0 131088548.0 179000062.0 186335741.0 199769589.0 226700274.0 271064667.0 301697251.0 351014785.0 187495819.0 176094706.0 0 202822833.0 278430622.0 343940745.0 366152820.0 110390701.0 
351507021.0 417260113.0 362710893.0 293193201.0 244065937.0 195226376.0 184203178.0 182394797.0 202152808.0 183729479.0 218860466.0 233236000.0 300727228.0 246181305.0 222107901.0 386301606.0 344539832.0 378917539.0 202822833.0 0 227409013.0 281651769.0 496283850.0 310428116.0 
360052237.0 405349461.0 316819984.0 294163506.0 201295299.0 136798880.0 125775682.0 127584063.0 147342074.0 177447188.0 191329701.0 214201889.0 248873208.0 242715261.0 321250453.0 351159811.0 237256112.0 315178376.0 278430622.0 227409013.0 0 255409071.0 575032675.0 383829119.0 
237696742.0 162863812.0 218473114.0 202850734.0 287519553.0 255315410.0 244292212.0 242483831.0 233985386.0 202970137.0 178738193.0 289246779.0 302375232.0 329620159.0 323695001.0 326117175.0 286682766.0 305399968.0 343940745.0 281651769.0 255409071.0 0 319623604.0 290136842.0 
311057162.0 385890092.0 269996903.0 302619930.0 384644426.0 462154607.0 451131409.0 449323028.0 440169515.0 418417289.0 385577390.0 497995115.0 519683427.0 517983857.0 496022370.0 349347457.0 506899794.0 408681895.0 366152820.0 496283850.0 575032675.0 319623604.0 0 358210929.0 
62196681.0 137029611.0 88214026.0 179666473.0 234791029.0 262869382.0 258774130.0 256965749.0 237207738.0 211346690.0 200288799.0 236557895.0 225088758.0 241703568.0 337282863.0 261658361.0 178551152.0 73094481.0 110390701.0 310428116.0 383829119.0 290136842.0 358210929.0 0 
