47
SungeiKadut Shipyard NeeSoon JurongWestCentral Outram Sennett MonksHill KampongGlam SungeiRoad Semakau FarrerPark GreenwoodPark Guilin Sentosa SembawangSprings Novena SingaporePolytechnic SerangoonGarden Victoria PasirPanjang2 Springleaf MandaiWest YioChuKang AnchorvaleBuangkok Boulevard KallangWay NorthCoast BukitBatokCentral ConeyIsland Ridout BishanEast Yishun Phillip TanglinHalt TuasBay YuhuaWestBoonLay TampinesWest PunggolTownCentre Woodgrove ClementiCentral ChangiWest AirportRoad Townsville Kranji ChoaChuKangCentral DefuIndustrialPark LeonieHill
0 227223270.0 255761345.0 320697234.0 279152771.0 272881137.0 252688490.0 450806880.0 508751489.0 512687335.0 455429351.0 470829439.0 540373279.0 536838089.0 454993777.0 498017863.0 546463595.0 521302280.0 472024456.0 477976894.0 476126317.0 499279318.0 506359581.0 513609845.0 543728110.0 503605449.0 453565410.0 355805984.0 274164414.0 445423596.0 381221890.0 360434740.0 435750408.0 580440400.0 476893159.0 458372693.0 456153685.0 298288527.0 402978050.0 316602222.0 391360554.0 489977581.0 517385674.0 485504551.0 608654619.0 380039942.0 313161727.0 
227223270.0 0 28538075.0 141467747.0 220518795.0 233282760.0 230014508.0 431698581.0 381414608.0 437049759.0 396795375.0 427413675.0 499822448.0 405453964.0 321438469.0 439383887.0 495853263.0 420247327.0 499299242.0 366109398.0 459524709.0 411768574.0 418848837.0 417597946.0 448454315.0 455080841.0 369199819.0 297172008.0 215530438.0 405925311.0 463513647.0 562482633.0 516510617.0 592689022.0 554192935.0 547180029.0 478344663.0 420955774.0 498388840.0 521642917.0 486888927.0 433080775.0 431883095.0 287163006.0 632631595.0 195192529.0 477983517.0 
255761345.0 28538075.0 0 112929672.0 233811779.0 206096456.0 243495431.0 432356697.0 409952683.0 465587834.0 425333450.0 455951750.0 502957981.0 433992039.0 349976544.0 457081897.0 513551273.0 413935503.0 527837317.0 381745829.0 467881146.0 404809643.0 397729380.0 416935857.0 419916240.0 483618916.0 397737894.0 325710083.0 237774288.0 432666414.0 485714565.0 564687571.0 529563779.0 591424947.0 531722878.0 563689321.0 491035581.0 449493849.0 490360643.0 550180992.0 469501603.0 444033576.0 460421170.0 294057191.0 622151881.0 166654454.0 506521592.0 
320697234.0 141467747.0 112929672.0 0 156406350.0 175338186.0 189415657.0 406384937.0 423338929.0 479328792.0 489394889.0 414237923.0 422543105.0 361310272.0 341852893.0 432698858.0 440207039.0 446033765.0 455155550.0 391236171.0 424701517.0 323774973.0 330855236.0 343677487.0 322328204.0 387099154.0 354776860.0 390645972.0 224251202.0 371706883.0 431165260.0 468107330.0 470072853.0 486653535.0 495816669.0 457305596.0 454945823.0 410163462.0 485193725.0 530369481.0 570964807.0 521764062.0 392431782.0 181127519.0 586407382.0 279584126.0 463421788.0 
279152771.0 220518795.0 233811779.0 156406350.0 0 27715323.0 33009307.0 249978587.0 304184162.0 361201454.0 346958204.0 257831573.0 356170713.0 323310906.0 313058325.0 315672414.0 359729455.0 370585507.0 417659081.0 401239328.0 423927034.0 393020657.0 385940394.0 393509673.0 345425412.0 389785471.0 321257107.0 337686129.0 205336261.0 344960308.0 285279583.0 373427973.0 448743641.0 409153256.0 421255646.0 424910470.0 353424252.0 346932249.0 381017985.0 394338892.0 457170609.0 374141199.0 277728166.0 259422032.0 495261521.0 391018630.0 559559027.0 
272881137.0 233282760.0 206096456.0 175338186.0 27715323.0 0 60724630.0 277693910.0 322743552.0 337432426.0 370587527.0 285546896.0 372307998.0 345683775.0 292269514.0 343387737.0 384633332.0 398300830.0 433503599.0 413570523.0 396211711.0 420735980.0 413655717.0 416277648.0 373140735.0 389192734.0 312453140.0 361865474.0 233051584.0 323122433.0 279618109.0 401143296.0 469262608.0 436868579.0 393540323.0 419283863.0 381139575.0 367512813.0 357543037.0 367107346.0 455247958.0 346425876.0 283953261.0 235041494.0 467546198.0 366868216.0 533567510.0 
252688490.0 230014508.0 243495431.0 189415657.0 33009307.0 60724630.0 0 216969280.0 271174855.0 328192147.0 313948897.0 225206610.0 323545750.0 353193424.0 330451154.0 348681721.0 374804690.0 338783923.0 447038702.0 370504706.0 435631328.0 408147763.0 401067500.0 402916612.0 378434719.0 356776164.0 319964819.0 367561453.0 219725853.0 376850491.0 282329309.0 340418666.0 415734334.0 381467568.0 417410130.0 396774956.0 373043797.0 315485523.0 366201029.0 420753617.0 424161302.0 394049638.0 290793636.0 245080377.0 515209549.0 410149885.0 547502444.0 
450806880.0 431698581.0 432356697.0 406384937.0 249978587.0 277693910.0 216969280.0 0 68279721.0 119617843.0 144323993.0 147680225.0 240436864.0 215630145.0 139321513.0 151735630.0 164181574.0 249472309.0 243297149.0 193262620.0 343893734.0 215653331.0 211267455.0 230473932.0 219613284.0 154685510.0 209352292.0 337858717.0 421842705.0 346887317.0 193017695.0 261536416.0 255321466.0 497502218.0 260840202.0 189867716.0 228850807.0 253846488.0 227728600.0 246896590.0 327740659.0 251334014.0 315337797.0 358097632.0 347252241.0 543325721.0 524689647.0 
508751489.0 381414608.0 409952683.0 423338929.0 304184162.0 322743552.0 271174855.0 68279721.0 0 57017292.0 146003295.0 165279259.0 197011058.0 159964578.0 81486036.0 83455909.0 132664159.0 241788841.0 184621946.0 146485490.0 288215614.0 184904463.0 184208426.0 165001949.0 205866461.0 86405789.0 266583374.0 314651932.0 437001814.0 359096134.0 252186579.0 314659592.0 301759203.0 478463097.0 329119923.0 219789484.0 160571086.0 273439101.0 172244821.0 194860503.0 290772023.0 305128572.0 250178035.0 326814402.0 284651690.0 576607137.0 588201798.0 
512687335.0 437049759.0 465587834.0 479328792.0 361201454.0 337432426.0 328192147.0 119617843.0 57017292.0 0 93856533.0 191111508.0 187412387.0 151896877.0 138503328.0 136928797.0 158015566.0 234951950.0 238915464.0 146581017.0 291482157.0 211674998.0 210978961.0 191772484.0 251805981.0 138906339.0 251533462.0 263716992.0 393980834.0 373812570.0 307821730.0 321934075.0 294040142.0 438657492.0 314250767.0 168755843.0 209473543.0 320668097.0 229262113.0 251877795.0 347789315.0 328310239.0 235251514.0 368416928.0 227634398.0 593371499.0 544902556.0 
455429351.0 396795375.0 425333450.0 489394889.0 346958204.0 370587527.0 313948897.0 144323993.0 146003295.0 93856533.0 0 119004203.0 178756321.0 184489717.0 184717895.0 163795816.0 140829187.0 199559558.0 255482315.0 200915952.0 340775411.0 278471899.0 285552162.0 278647308.0 307686706.0 228671161.0 214795450.0 310134670.0 401731899.0 353314157.0 276282994.0 275499277.0 200183609.0 458936728.0 274571918.0 218926508.0 259777189.0 316631236.0 277510834.0 302103603.0 390333357.0 292426785.0 305444616.0 360765352.0 293521517.0 518071361.0 585246564.0 
470829439.0 427413675.0 455951750.0 414237923.0 257831573.0 285546896.0 225206610.0 147680225.0 165279259.0 191111508.0 119004203.0 0 98339140.0 172317370.0 205830380.0 206195475.0 254419332.0 182426268.0 255942178.0 267249605.0 314027468.0 270306617.0 263226354.0 282292056.0 304053374.0 217364468.0 281927010.0 413779951.0 328946111.0 334302171.0 213040254.0 308036707.0 246746757.0 411611697.0 305521349.0 266466617.0 293576390.0 339021246.0 301697631.0 316511606.0 389906406.0 324760583.0 327684626.0 346991189.0 379244462.0 606959424.0 584935545.0 
540373279.0 499822448.0 502957981.0 422543105.0 356170713.0 372307998.0 323545750.0 240436864.0 197011058.0 187412387.0 178756321.0 98339140.0 0 102721979.0 186737474.0 202971928.0 161229600.0 243814182.0 209759179.0 200504557.0 337155142.0 364779231.0 361509154.0 344876717.0 360510687.0 266280557.0 326010193.0 340345719.0 355890572.0 416486430.0 293456321.0 383977630.0 343837777.0 313272557.0 370628431.0 211643069.0 209089833.0 334737484.0 325915759.0 391871561.0 333379757.0 360650786.0 293772017.0 422252822.0 280905322.0 634246484.0 653387111.0 
536838089.0 405453964.0 433992039.0 361310272.0 323310906.0 345683775.0 353193424.0 215630145.0 159964578.0 151896877.0 184489717.0 172317370.0 102721979.0 0 84015495.0 200051979.0 249897189.0 232904881.0 107037200.0 298225607.0 332168712.0 329758296.0 336180990.0 324025073.0 318303755.0 246370367.0 381509536.0 394903853.0 289401107.0 339258524.0 317355584.0 419710172.0 374461392.0 383162858.0 430425022.0 298490185.0 296033352.0 300372452.0 281521123.0 353768188.0 426977009.0 390082854.0 338573133.0 319530843.0 362641177.0 599200535.0 604401226.0 
454993777.0 321438469.0 349976544.0 341852893.0 313058325.0 292269514.0 330451154.0 139321513.0 81486036.0 138503328.0 184717895.0 205830380.0 186737474.0 84015495.0 0 164941945.0 213240167.0 285744114.0 177860773.0 227971526.0 277408473.0 259912092.0 255673638.0 240009578.0 287352497.0 167891825.0 332407426.0 310888358.0 366612527.0 277610098.0 324703934.0 396145628.0 350570734.0 450162559.0 352751984.0 293787478.0 219377797.0 248419126.0 253730857.0 276346539.0 347173460.0 325838349.0 314031654.0 372559735.0 342020621.0 516630998.0 536753480.0 
498017863.0 439383887.0 457081897.0 432698858.0 315672414.0 343387737.0 348681721.0 151735630.0 83455909.0 136928797.0 163795816.0 206195475.0 202971928.0 200051979.0 164941945.0 0 56469376.0 208571971.0 101986667.0 218218894.0 368850008.0 268360372.0 267664335.0 248457858.0 284759454.0 169861698.0 309173215.0 366818204.0 359990752.0 349574220.0 266379530.0 272355698.0 347671366.0 491984931.0 311406229.0 165665991.0 95981373.0 256838198.0 179975519.0 248772884.0 347275801.0 386755755.0 166722126.0 406068955.0 318019156.0 602399062.0 619820187.0 
546463595.0 495853263.0 513551273.0 440207039.0 359729455.0 384633332.0 374804690.0 164181574.0 132664159.0 158015566.0 140829187.0 254419332.0 161229600.0 249897189.0 213240167.0 56469376.0 0 152102595.0 158456043.0 268598233.0 413941384.0 270812048.0 276825095.0 279814799.0 299419482.0 204963230.0 344743624.0 399680375.0 393522324.0 390072295.0 289540068.0 299793220.0 293659106.0 474502157.0 254936853.0 181155444.0 152450749.0 258193740.0 236444895.0 305242260.0 385280899.0 381386265.0 222188216.0 394631322.0 281602728.0 641577121.0 632289234.0 
521302280.0 420247327.0 413935503.0 446033765.0 370585507.0 398300830.0 338783923.0 249472309.0 241788841.0 234951950.0 199559558.0 182426268.0 243814182.0 232904881.0 285744114.0 208571971.0 152102595.0 0 133801597.0 301809740.0 314955481.0 295891342.0 294209418.0 313415895.0 265471863.0 236577738.0 215703091.0 431394671.0 340960562.0 358998736.0 300133086.0 216872179.0 141556511.0 338963100.0 260840702.0 304582649.0 246540741.0 396776429.0 383933800.0 421545571.0 432808991.0 244632580.0 349941417.0 295140826.0 433705323.0 557760174.0 480186639.0 
472024456.0 499299242.0 527837317.0 455155550.0 417659081.0 433503599.0 447038702.0 243297149.0 184621946.0 238915464.0 255482315.0 255942178.0 209759179.0 107037200.0 177860773.0 101986667.0 158456043.0 133801597.0 0 197490873.0 348121987.0 329994669.0 325668672.0 310092155.0 292322801.0 231495995.0 283747760.0 436497618.0 327662863.0 250879453.0 344401323.0 348197642.0 272881974.0 430868917.0 336611552.0 226587477.0 197968040.0 317172909.0 281962186.0 287743974.0 386750578.0 358050816.0 245556816.0 346266432.0 390093319.0 657095841.0 599912328.0 
477976894.0 366109398.0 381745829.0 391236171.0 401239328.0 413570523.0 370504706.0 193262620.0 146485490.0 146581017.0 200915952.0 267249605.0 200504557.0 298225607.0 227971526.0 218218894.0 268598233.0 301809740.0 197490873.0 0 150631114.0 322261314.0 320502703.0 304317301.0 323077504.0 225721141.0 243697672.0 347620089.0 463765378.0 437101647.0 381064985.0 359311458.0 345131295.0 513777114.0 336033653.0 315336860.0 290515747.0 344801980.0 244027690.0 323362413.0 243757762.0 182033210.0 262174994.0 352764850.0 363846392.0 491617909.0 533702614.0 
476126317.0 459524709.0 467881146.0 424701517.0 423927034.0 396211711.0 435631328.0 343893734.0 288215614.0 291482157.0 340775411.0 314027468.0 337155142.0 332168712.0 277408473.0 368850008.0 413941384.0 314955481.0 348121987.0 150631114.0 0 228587313.0 235667576.0 248489827.0 272546264.0 293370911.0 252472286.0 372060647.0 467191710.0 426378079.0 342641820.0 449214764.0 392197872.0 480455796.0 342838424.0 246524966.0 283975546.0 392841991.0 384351963.0 373838860.0 271502958.0 232127252.0 300671142.0 431446131.0 244274794.0 607763968.0 632594565.0 
499279318.0 411768574.0 404809643.0 323774973.0 393020657.0 420735980.0 408147763.0 215653331.0 184904463.0 211674998.0 278471899.0 270306617.0 364779231.0 329758296.0 259912092.0 268360372.0 270812048.0 295891342.0 329994669.0 322261314.0 228587313.0 0 7080263.0 19902514.0 47907283.0 98498674.0 116487063.0 143473334.0 434555335.0 439803753.0 305758024.0 444608963.0 404507425.0 481577114.0 355953427.0 238259875.0 186417114.0 291762559.0 299870781.0 318266449.0 412706019.0 460714565.0 318846216.0 490188313.0 351676648.0 552861420.0 458322268.0 
506359581.0 418848837.0 397729380.0 330855236.0 385940394.0 413655717.0 401067500.0 211267455.0 184208426.0 210978961.0 285552162.0 263226354.0 361509154.0 336180990.0 255673638.0 267664335.0 276825095.0 294209418.0 325668672.0 320502703.0 235667576.0 7080263.0 0 19206477.0 40827020.0 97802637.0 123567326.0 150553597.0 437605880.0 432723490.0 305061987.0 437528700.0 398672613.0 474496851.0 348873164.0 231179612.0 185721077.0 298842822.0 292790518.0 317570412.0 412913224.0 454244280.0 317354761.0 492375147.0 344596385.0 559941683.0 465402531.0 
513609845.0 417597946.0 416935857.0 343677487.0 393509673.0 416277648.0 402916612.0 230473932.0 165001949.0 191772484.0 278647308.0 282292056.0 344876717.0 324025073.0 240009578.0 248457858.0 279814799.0 313415895.0 310092155.0 304317301.0 248489827.0 19902514.0 19206477.0 0 60033497.0 78596160.0 121768387.0 163375848.0 429666395.0 430691241.0 285855510.0 447370502.0 417879090.0 485143671.0 352073161.0 241714121.0 166514600.0 311665073.0 281299534.0 298363935.0 393706747.0 453238403.0 336561238.0 473168670.0 344323212.0 572763934.0 459785422.0 
543728110.0 448454315.0 419916240.0 322328204.0 345425412.0 373140735.0 378434719.0 219613284.0 205866461.0 251805981.0 307686706.0 304053374.0 360510687.0 318303755.0 287352497.0 284759454.0 299419482.0 265471863.0 292322801.0 323077504.0 272546264.0 47907283.0 40827020.0 60033497.0 0 119460672.0 164394346.0 187922126.0 478432900.0 417692440.0 330593362.0 433161261.0 357845593.0 433669831.0 389700184.0 225939866.0 226548097.0 339669842.0 321163908.0 334950211.0 403213312.0 444505842.0 290095355.0 503455723.0 321497169.0 573742680.0 506229551.0 
503605449.0 455080841.0 483618916.0 387099154.0 389785471.0 389192734.0 356776164.0 154685510.0 86405789.0 138906339.0 228671161.0 217364468.0 266280557.0 246370367.0 167891825.0 169861698.0 204963230.0 236577738.0 231495995.0 225721141.0 293370911.0 98498674.0 97802637.0 78596160.0 119460672.0 0 200364547.0 238249341.0 397509155.0 437324792.0 332525537.0 396425757.0 378134249.0 484745814.0 297830733.0 264405906.0 242114236.0 243308189.0 243756265.0 256716420.0 315110587.0 384816833.0 326288151.0 394572510.0 327508553.0 569451514.0 501796009.0 
453565410.0 369199819.0 397737894.0 354776860.0 321257107.0 312453140.0 319964819.0 209352292.0 266583374.0 251533462.0 214795450.0 281927010.0 326010193.0 381509536.0 332407426.0 309173215.0 344743624.0 215703091.0 283747760.0 243697672.0 252472286.0 116487063.0 123567326.0 121768387.0 164394346.0 200364547.0 0 220346484.0 327898395.0 403996435.0 390100397.0 359436327.0 300271476.0 479689576.0 367514035.0 277479102.0 230424104.0 241364598.0 257793534.0 259762076.0 360697087.0 356348342.0 307772198.0 446905265.0 452461887.0 557355034.0 530960036.0 
355805984.0 297172008.0 325710083.0 390645972.0 337686129.0 361865474.0 367561453.0 337858717.0 314651932.0 263716992.0 310134670.0 413779951.0 340345719.0 394903853.0 310888358.0 366818204.0 399680375.0 431394671.0 436497618.0 347620089.0 372060647.0 143473334.0 150553597.0 163375848.0 187922126.0 238249341.0 220346484.0 0 293258147.0 438447771.0 449231358.0 579782811.0 510318279.0 522946895.0 430361894.0 328148431.0 293335395.0 415227319.0 415262285.0 391496933.0 467754979.0 498126236.0 450480040.0 482775018.0 365754972.0 488175320.0 601795602.0 
274164414.0 215530438.0 237774288.0 224251202.0 205336261.0 233051584.0 219725853.0 421842705.0 437001814.0 393980834.0 401731899.0 328946111.0 355890572.0 289401107.0 366612527.0 359990752.0 393522324.0 340960562.0 327662863.0 463765378.0 467191710.0 434555335.0 437605880.0 429666395.0 478432900.0 397509155.0 327898395.0 293258147.0 0 194892126.0 333546894.0 399929860.0 324614192.0 533042111.0 416422837.0 385533180.0 377123441.0 211776437.0 315629145.0 339402766.0 408808211.0 402860166.0 305660000.0 242020561.0 514087136.0 404428742.0 497968103.0 
445423596.0 405925311.0 432666414.0 371706883.0 344960308.0 323122433.0 376850491.0 346887317.0 359096134.0 373812570.0 353314157.0 334302171.0 416486430.0 339258524.0 277610098.0 349574220.0 390072295.0 358998736.0 250879453.0 437101647.0 426378079.0 439803753.0 432723490.0 430691241.0 417692440.0 437324792.0 403996435.0 438447771.0 194892126.0 0 166421106.0 341664731.0 358154028.0 417045454.0 325761397.0 460386327.0 387949793.0 296946166.0 411587430.0 416630399.0 456084320.0 482802410.0 394313358.0 400945881.0 574555121.0 599320868.0 528532392.0 
381221890.0 463513647.0 485714565.0 431165260.0 285279583.0 279618109.0 282329309.0 193017695.0 252186579.0 307821730.0 276282994.0 213040254.0 293456321.0 317355584.0 324703934.0 266379530.0 289540068.0 300133086.0 344401323.0 381064985.0 342641820.0 305758024.0 305061987.0 285855510.0 330593362.0 332525537.0 390100397.0 449231358.0 333546894.0 166421106.0 0 175243625.0 192763955.0 446341864.0 315726799.0 372823371.0 327723953.0 263143315.0 277108362.0 291624837.0 349709475.0 370098053.0 316920324.0 481821834.0 534906926.0 646486325.0 463067739.0 
360434740.0 562482633.0 564687571.0 468107330.0 373427973.0 401143296.0 340418666.0 261536416.0 314659592.0 321934075.0 275499277.0 308036707.0 383977630.0 419710172.0 396145628.0 272355698.0 299793220.0 216872179.0 348197642.0 359311458.0 449214764.0 444608963.0 437528700.0 447370502.0 433161261.0 396425757.0 359436327.0 579782811.0 399929860.0 341664731.0 175243625.0 0 75315668.0 295624929.0 361041740.0 362186397.0 368337071.0 434385141.0 421190615.0 436473581.0 524953100.0 446059817.0 369105112.0 375628779.0 395201638.0 730913050.0 426383618.0 
435750408.0 516510617.0 529563779.0 470072853.0 448743641.0 469262608.0 415734334.0 255321466.0 301759203.0 294040142.0 200183609.0 246746757.0 343837777.0 374461392.0 350570734.0 347671366.0 293659106.0 141556511.0 272881974.0 345131295.0 392197872.0 404507425.0 398672613.0 417879090.0 357845593.0 378134249.0 300271476.0 510318279.0 324614192.0 358154028.0 192763955.0 75315668.0 0 258753119.0 361695272.0 299738398.0 367449578.0 387163348.0 460250426.0 471896675.0 455027031.0 370744149.0 444420780.0 347463727.0 409859814.0 659970145.0 475961654.0 
580440400.0 592689022.0 591424947.0 486653535.0 409153256.0 436868579.0 381467568.0 497502218.0 478463097.0 438657492.0 458936728.0 411611697.0 313272557.0 383162858.0 450162559.0 491984931.0 474502157.0 338963100.0 430868917.0 513777114.0 480455796.0 481577114.0 474496851.0 485143671.0 433669831.0 484745814.0 479689576.0 522946895.0 533042111.0 417045454.0 446341864.0 295624929.0 258753119.0 0 236662016.0 500329784.0 425130263.0 601847631.0 638711096.0 630765161.0 528429259.0 414123883.0 570261228.0 305526016.0 472085003.0 716840998.0 488136616.0 
476893159.0 554192935.0 531722878.0 495816669.0 421255646.0 393540323.0 417410130.0 260840202.0 329119923.0 314250767.0 274571918.0 305521349.0 370628431.0 430425022.0 352751984.0 311406229.0 254936853.0 260840702.0 336611552.0 336033653.0 342838424.0 355953427.0 348873164.0 352073161.0 389700184.0 297830733.0 367514035.0 430361894.0 416422837.0 325761397.0 315726799.0 361041740.0 361695272.0 236662016.0 0 325209281.0 400408802.0 368771043.0 465702172.0 410858890.0 431134375.0 396524038.0 375990231.0 398080266.0 434493983.0 642704484.0 434904327.0 
458372693.0 547180029.0 563689321.0 457305596.0 424910470.0 419283863.0 396774956.0 189867716.0 219789484.0 168755843.0 218926508.0 266466617.0 211643069.0 298490185.0 293787478.0 165665991.0 181155444.0 304582649.0 226587477.0 315336860.0 246524966.0 238259875.0 231179612.0 241714121.0 225939866.0 264405906.0 277479102.0 328148431.0 385533180.0 460386327.0 372823371.0 362186397.0 299738398.0 500329784.0 325209281.0 0 75199521.0 227113957.0 211482326.0 256740772.0 346587930.0 341383412.0 297363389.0 377871638.0 267800298.0 714133474.0 622058524.0 
456153685.0 478344663.0 491035581.0 454945823.0 353424252.0 381139575.0 373043797.0 228850807.0 160571086.0 209473543.0 259777189.0 293576390.0 209089833.0 296033352.0 219377797.0 95981373.0 152450749.0 246540741.0 197968040.0 290515747.0 283975546.0 186417114.0 185721077.0 166514600.0 226548097.0 242114236.0 230424104.0 293335395.0 377123441.0 387949793.0 327723953.0 368337071.0 367449578.0 425130263.0 400408802.0 75199521.0 0 178159303.0 231654474.0 219387319.0 321723221.0 360523353.0 241374932.0 453071159.0 222037783.0 657690035.0 626300022.0 
298288527.0 420955774.0 449493849.0 410163462.0 346932249.0 367512813.0 315485523.0 253846488.0 273439101.0 320668097.0 316631236.0 339021246.0 334737484.0 300372452.0 248419126.0 256838198.0 258193740.0 396776429.0 317172909.0 344801980.0 392841991.0 291762559.0 298842822.0 311665073.0 339669842.0 243308189.0 241364598.0 415227319.0 211776437.0 296946166.0 263143315.0 434385141.0 387163348.0 601847631.0 368771043.0 227113957.0 178159303.0 0 115092679.0 127626329.0 229962231.0 338506402.0 223597634.0 368827477.0 398755151.0 615795162.0 580703737.0 
402978050.0 498388840.0 490360643.0 485193725.0 381017985.0 357543037.0 366201029.0 227728600.0 172244821.0 229262113.0 277510834.0 301697631.0 325915759.0 281521123.0 253730857.0 179975519.0 236444895.0 383933800.0 281962186.0 244027690.0 384351963.0 299870781.0 292790518.0 281299534.0 321163908.0 243756265.0 257793534.0 415262285.0 315629145.0 411587430.0 277108362.0 421190615.0 460250426.0 638711096.0 465702172.0 211482326.0 231654474.0 115092679.0 0 86389275.0 167300282.0 294131088.0 200863832.0 406552297.0 313002048.0 598505149.0 608502064.0 
316602222.0 521642917.0 550180992.0 530369481.0 394338892.0 367107346.0 420753617.0 246896590.0 194860503.0 251877795.0 302103603.0 316511606.0 391871561.0 353768188.0 276346539.0 248772884.0 305242260.0 421545571.0 287743974.0 323362413.0 373838860.0 318266449.0 317570412.0 298363935.0 334950211.0 256716420.0 259762076.0 391496933.0 339402766.0 416630399.0 291624837.0 436473581.0 471896675.0 630765161.0 410858890.0 256740772.0 219387319.0 127626329.0 86389275.0 0 102335902.0 253112156.0 264490888.0 491662990.0 360395347.0 608360181.0 572219174.0 
391360554.0 486888927.0 469501603.0 570964807.0 457170609.0 455247958.0 424161302.0 327740659.0 290772023.0 347789315.0 390333357.0 389906406.0 333379757.0 426977009.0 347173460.0 347275801.0 385280899.0 432808991.0 386750578.0 243757762.0 271502958.0 412706019.0 412913224.0 393706747.0 403213312.0 315110587.0 360697087.0 467754979.0 408808211.0 456084320.0 349709475.0 524953100.0 455027031.0 528429259.0 431134375.0 346587930.0 321723221.0 229962231.0 167300282.0 102335902.0 0 188176411.0 209016320.0 565090578.0 462731249.0 636156057.0 608529382.0 
489977581.0 433080775.0 444033576.0 521764062.0 374141199.0 346425876.0 394049638.0 251334014.0 305128572.0 328310239.0 292426785.0 324760583.0 360650786.0 390082854.0 325838349.0 386755755.0 381386265.0 244632580.0 358050816.0 182033210.0 232127252.0 460714565.0 454244280.0 453238403.0 444505842.0 384816833.0 356348342.0 498126236.0 402860166.0 482802410.0 370098053.0 446059817.0 370744149.0 414123883.0 396524038.0 341383412.0 360523353.0 338506402.0 294131088.0 253112156.0 188176411.0 0 340792646.0 465161830.0 401666860.0 585484784.0 440282711.0 
517385674.0 431883095.0 460421170.0 392431782.0 277728166.0 283953261.0 290793636.0 315337797.0 250178035.0 235251514.0 305444616.0 327684626.0 293772017.0 338573133.0 314031654.0 166722126.0 222188216.0 349941417.0 245556816.0 262174994.0 300671142.0 318846216.0 317354761.0 336561238.0 290095355.0 326288151.0 307772198.0 450480040.0 305660000.0 394313358.0 316920324.0 369105112.0 444420780.0 570261228.0 375990231.0 297363389.0 241374932.0 223597634.0 200863832.0 264490888.0 209016320.0 340792646.0 0 402127537.0 254806485.0 553986570.0 765640585.0 
485504551.0 287163006.0 294057191.0 181127519.0 259422032.0 235041494.0 245080377.0 358097632.0 326814402.0 368416928.0 360765352.0 346991189.0 422252822.0 319530843.0 372559735.0 406068955.0 394631322.0 295140826.0 346266432.0 352764850.0 431446131.0 490188313.0 492375147.0 473168670.0 503455723.0 394572510.0 446905265.0 482775018.0 242020561.0 400945881.0 481821834.0 375628779.0 347463727.0 305526016.0 398080266.0 377871638.0 453071159.0 368827477.0 406552297.0 491662990.0 565090578.0 465161830.0 402127537.0 0 405279863.0 452476948.0 460187333.0 
608654619.0 632631595.0 622151881.0 586407382.0 495261521.0 467546198.0 515209549.0 347252241.0 284651690.0 227634398.0 293521517.0 379244462.0 280905322.0 362641177.0 342020621.0 318019156.0 281602728.0 433705323.0 390093319.0 363846392.0 244274794.0 351676648.0 344596385.0 344323212.0 321497169.0 327508553.0 452461887.0 365754972.0 514087136.0 574555121.0 534906926.0 395201638.0 409859814.0 472085003.0 434493983.0 267800298.0 222037783.0 398755151.0 313002048.0 360395347.0 462731249.0 401666860.0 254806485.0 405279863.0 0 669392503.0 680421218.0 
380039942.0 195192529.0 166654454.0 279584126.0 391018630.0 366868216.0 410149885.0 543325721.0 576607137.0 593371499.0 518071361.0 606959424.0 634246484.0 599200535.0 516630998.0 602399062.0 641577121.0 557760174.0 657095841.0 491617909.0 607763968.0 552861420.0 559941683.0 572763934.0 573742680.0 569451514.0 557355034.0 488175320.0 404428742.0 599320868.0 646486325.0 730913050.0 659970145.0 716840998.0 642704484.0 714133474.0 657690035.0 615795162.0 598505149.0 608360181.0 636156057.0 585484784.0 553986570.0 452476948.0 669392503.0 0 585077069.0 
313161727.0 477983517.0 506521592.0 463421788.0 559559027.0 533567510.0 547502444.0 524689647.0 588201798.0 544902556.0 585246564.0 584935545.0 653387111.0 604401226.0 536753480.0 619820187.0 632289234.0 480186639.0 599912328.0 533702614.0 632594565.0 458322268.0 465402531.0 459785422.0 506229551.0 501796009.0 530960036.0 601795602.0 497968103.0 528532392.0 463067739.0 426383618.0 475961654.0 488136616.0 434904327.0 622058524.0 626300022.0 580703737.0 608502064.0 572219174.0 608529382.0 440282711.0 765640585.0 460187333.0 680421218.0 585077069.0 0 
