99
O3 E3 D5 B4 I6 H3 T0 A9 C8 C3 Q8 A8 B3 Q7 H5 L6 I4 F9 M6 D9 E4 N2 K3 S5 G1 K1 A1 E5 T9 I2 A2 H2 G9 N0 H0 I8 F1 I0 J2 O5 A3 E7 E8 D4 C1 F2 J1 J0 R4 Q3 P7 Q5 B0 C4 H4 B2 S0 D8 T5 T8 A0 S2 P5 H6 N1 O2 R8 L9 C2 D3 N4 R9 I9 H1 N7 S7 T1 G6 M5 C0 K5 G0 E2 S9 R6 N6 G4 N8 F6 P2 P6 I3 R0 S8 D7 P9 K6 M8 F8
0 21.99 45.05 48.599999999999994 67.06 54.58 47.489999999999995 48.12 54.59 41.370000000000005 65.41 47.06 68.37 67.94000000000001 49.78 66.41 46.129999999999995 26.09 47.46 48.54 27.61 46.47 54.32 42.879999999999995 52.480000000000004 47.06 68.82000000000001 47.31 62.3 56.68 45.13 65.71000000000001 43.81 52.84 29.22 49.239999999999995 65.84 43.96 54.24 70.67 53.86 53.35 49.17 46.94 67.69 53.06 50.28 41.480000000000004 46.01 45.57 52.5 52.230000000000004 50.290000000000006 50.8 64.25 55.41 65.56 45.230000000000004 25.21 45.650000000000006 47.71 25.49 46.76 48.1 48.42 40.83 49.68 51.739999999999995 69.69 48.72 53.64 45.629999999999995 26.38 45.4 65.68 53.099999999999994 51.230000000000004 54.07 41.5 47.6 49.5 44.68 47.870000000000005 45.790000000000006 70.05 49.489999999999995 42.49 44.239999999999995 45.68000000000001 49.47 46.5 47.94 27.14 47.150000000000006 54.21 47.53 65.57 48.019999999999996 20.43 
21.99 0 23.06 45.97 45.07 46.739999999999995 25.5 45.66 49.040000000000006 42.14 44.69 43.57 54.879999999999995 51.480000000000004 49.85 64.3 64.12 44.08 29.97 46.29 42.57 46.68 46.8 64.87 67.61 67.9 48.24 26.73 47.379999999999995 65.47 67.12 67.6 43.88 43.790000000000006 51.209999999999994 71.22999999999999 54.55 65.95 69.28 66.18 48.97 43.78 47.89 51.540000000000006 50.68 50.849999999999994 48.78 45.05 45.78 66.32 65.94 69.5 46.629999999999995 67.23 42.260000000000005 48.269999999999996 64.67 64.54 47.2 51.24 51.46 47.48 52.79 52.4 50.09 46.230000000000004 49.7 48.47 53.31 45.230000000000004 48.66 23.64 44.29 46.63 43.69 52.790000000000006 45.59 44.49 42.8 45.730000000000004 47.230000000000004 46.07 50.21 47.18000000000001 71.06 46.0 47.760000000000005 42.129999999999995 67.67 50.04 67.89 49.629999999999995 49.129999999999995 58.1 50.63 53.510000000000005 57.46 29.07 42.42 
45.05 23.06 0 22.91 42.97 65.42 47.16 67.32 51.650000000000006 49.92 44.57 23.23 47.17 68.07 68.06 67.43 49.92 51.05 53.03 64.75999999999999 52.510000000000005 49.47 54.19 48.84 46.9 70.3 48.8 49.79 49.120000000000005 65.18 44.11 50.239999999999995 52.04 66.85 51.79 69.21 48.49 46.47 49.8 50.58 29.02 47.32 26.22 42.95 63.7 56.17 49.49 45.28 51.9 49.61 66.81 46.44 23.57 47.36 50.66 54.39 69.65 52.15 69.8 52.120000000000005 29.43 51.51 48.92 47.66 27.03 52.3 72.06 54.59 69.96 52.989999999999995 46.9 42.11 48.15 26.86 56.67 65.10000000000001 58.75 45.010000000000005 47.25 24.86 25.43 47.17 67.42 68.91999999999999 48.0 44.03 47.31 45.260000000000005 71.11 70.72 68.96 69.16 52.93 72.94 69.72 65.87 67.7 52.129999999999995 65.47999999999999 
48.599999999999994 45.97 22.91 0 20.06 42.51 63.75 52.32 46.66 66.75 44.629999999999995 46.14 46.35 63.45 52.7 47.92 27.01 47.05 67.61 45.019999999999996 29.6 51.41 46.68 46.84 66.66 52.18 46.599999999999994 50.019999999999996 41.730000000000004 47.74 26.67 47.25 45.25 48.37 66.32 46.3 50.39 41.61 62.45 70.85000000000001 51.93 69.34 43.95 44.489999999999995 65.24 47.09 53.129999999999995 46.629999999999995 68.22999999999999 50.06 45.39 25.02 46.480000000000004 29.32 54.29 43.04 46.739999999999995 65.91 46.89 44.86 40.89 65.28 64.22 44.19 48.93 64.22999999999999 54.04 72.27000000000001 70.5 68.14999999999999 66.17 44.83 65.47999999999999 49.769999999999996 43.6 55.09 65.99000000000001 67.92 69.53999999999999 47.769999999999996 43.33 53.480000000000004 67.47999999999999 49.16 25.09 21.12 66.44 49.09 48.2 71.13 46.05 67.22999999999999 54.61 50.12 64.25999999999999 54.43000000000001 54.02 66.0 48.47 
67.06 45.07 42.97 20.06 0 22.45 43.69 48.64 26.6 46.69 64.69 66.2 56.19 50.400000000000006 70.15 48.58 47.07 65.59 47.67 50.9 49.66 55.650000000000006 66.74 66.9 71.19999999999999 71.18 66.66 50.1 44.41 54.519999999999996 46.730000000000004 67.31 48.69 28.31 50.92 66.36 53.47 44.69 64.03 72.83 52.730000000000004 72.02 47.03 47.57 51.09 27.03 50.760000000000005 49.71 54.39 65.72999999999999 65.45 45.08 66.53999999999999 49.379999999999995 46.47 22.98 50.1 64.26 44.24 55.57 43.97 68.36 67.3 47.269999999999996 52.010000000000005 46.8 48.91 69.02000000000001 55.14 64.46 69.25 47.91 50.65 67.18 45.239999999999995 66.11 67.7 68.0 71.08000000000001 51.989999999999995 46.41 70.77 74.71 48.46 45.15 28.98 54.980000000000004 56.58 28.14 54.11 47.91 68.56 51.25 47.08 49.68 66.56 47.04 45.94 65.09 
54.58 46.739999999999995 65.42 42.51 22.45 0 21.24 41.4 49.05 66.44 73.68 53.71 57.59 47.22 50.9 52.269999999999996 49.44 66.75 70.12 71.0 68.63999999999999 53.95 70.5 66.32 53.47 64.68 50.78 29.27 27.82 47.93 69.0 50.76 53.68 48.08 71.7 51.95 69.82 66.28999999999999 70.41 50.379999999999995 44.709999999999994 55.43 68.63 50.72 69.36 49.480000000000004 48.7 45.05 68.48 67.07 66.55 67.53 56.94 69.93 48.62 45.43 66.74 46.41 66.42999999999999 57.15 45.129999999999995 53.18 70.39 68.86999999999999 49.76 69.25 50.26 53.56 62.98 42.01 69.05 48.849999999999994 28.2 49.489999999999995 67.69 67.21 63.650000000000006 51.43 65.3 66.77 42.97 69.19 76.06 70.91 44.83 51.43 50.3 57.980000000000004 29.54 51.29 48.849999999999994 65.44 44.64 24.63 43.16 75.31 56.95 44.18 74.6 
47.489999999999995 25.5 47.16 63.75 43.69 21.24 0 20.16 42.2 62.290000000000006 53.74 67.33 46.879999999999995 25.98 48.05 52.14 64.69999999999999 65.13 55.47 49.760000000000005 47.4 47.54 51.55 49.17 55.14 55.76 54.07 50.51 49.06 41.59 62.660000000000004 46.54 67.91 47.53 67.3 72.17 48.58 65.55 66.27 45.03 23.47 44.519999999999996 50.120000000000005 68.43 50.480000000000004 43.41 27.46 51.85 52.980000000000004 45.83 66.37 55.57 70.72999999999999 54.63 47.09 48.97 49.59 48.45 46.66 65.05 64.83 70.52 52.59 66.6 49.629999999999995 48.1 68.22 65.74 69.5 54.17 50.43 49.14 44.58 65.66 53.86 45.97 48.75 45.0 48.650000000000006 45.53 21.73 53.230000000000004 70.1 50.68 51.26 47.67 43.28 49.14 48.24 67.09 48.72 67.69 52.97 45.87 43.92 68.97999999999999 50.739999999999995 22.94 56.33 
48.12 45.66 67.32 52.32 48.64 41.4 20.16 0 22.04 42.129999999999995 50.629999999999995 47.480000000000004 67.03999999999999 46.14 58.7 44.019999999999996 64.92999999999999 64.48 43.11 65.7 46.68 57.41 50.32 46.4 67.50999999999999 44.33 64.33 70.67 69.22 61.75 69.89 66.7 47.989999999999995 67.69 47.41 55.35 46.19 67.49 55.53 65.19 43.629999999999995 54.64 70.28 51.58 70.58 47.08 47.620000000000005 46.6 49.83 65.99000000000001 53.79 72.50999999999999 70.25 67.6 67.14 69.13 64.75999999999999 46.519999999999996 26.5 46.94 68.94 69.59 66.47 46.44 68.28 65.59 54.32 78.17 65.56 50.93 45.49 66.02 64.74000000000001 65.01 71.39 66.13 43.5 65.16 66.52000000000001 45.879999999999995 41.89 63.739999999999995 65.95 70.84 71.34 67.83 63.44 48.879999999999995 66.22 49.55 47.79 65.82 65.7 52.769999999999996 64.08 48.82 63.3 43.1 51.08 
54.59 49.040000000000006 51.650000000000006 46.66 26.6 49.05 42.2 22.04 0 20.09 44.129999999999995 45.17 46.31 65.62 43.55 21.98 42.89 42.44 21.07 43.66 54.2 66.03 49.3 41.93 49.83 50.18 42.29 63.8 51.18 46.53 47.88 56.67 47.22 47.13 25.37 45.39 46.09 55.19 47.33 58.09 65.67 54.86 55.47 42.730000000000004 48.54 44.769999999999996 53.260000000000005 46.510000000000005 27.79 44.92 65.46000000000001 68.03999999999999 69.35 45.56 67.57000000000001 49.58 42.72 52.21 48.54 47.6 63.03 66.66 68.67 51.43 69.78 55.45 56.849999999999994 67.28999999999999 65.7 67.66 64.45 54.17 50.6 50.34 49.35 50.25 46.83 46.57 44.480000000000004 47.06 63.93000000000001 68.93 63.88 65.03999999999999 53.97 55.58 51.08 44.150000000000006 54.74 27.51 54.13 66.82 54.67 41.68 68.71 47.34 68.55000000000001 65.14 41.03 
41.370000000000005 42.14 49.92 66.75 46.69 66.44 62.28999999999999 42.129999999999995 20.09 0 24.04 45.379999999999995 66.4 49.790000000000006 48.67 42.07 51.599999999999994 62.53 41.16 55.17 68.98 70.66 69.03 62.019999999999996 56.14 55.41 62.379999999999995 49.66 70.31 51.55 49.06 47.93 48.53 67.22 45.46 65.48 66.18 44.47 50.31 71.55 51.22 56.56 75.56 52.19 68.63 64.86 68.63000000000001 50.49 46.93 65.01 70.87 69.28999999999999 70.53 46.739999999999995 68.98 55.95 47.95 53.41 49.63 67.69 47.11 52.92 58.16 48.61 51.790000000000006 50.959999999999994 68.72999999999999 68.47 45.61 66.58 48.980000000000004 51.349999999999994 49.75 67.4 69.44 70.34 53.72 54.25 42.010000000000005 64.4 69.83 50.42 46.89 50.14 50.54 72.54 56.68 40.95 69.39 47.6 45.81 48.629999999999995 54.36 61.769999999999996 48.62 43.19 66.08000000000001 67.15 20.94 
65.41 44.69 44.57 44.629999999999995 64.69 73.67999999999999 53.74 50.629999999999995 44.129999999999995 24.04 0 21.34 45.28 27.76 26.39 47.96 27.56 47.599999999999994 65.19999999999999 51.540000000000006 65.63 49.72 44.989999999999995 68.06 63.199999999999996 67.74000000000001 45.620000000000005 64.84 47.230000000000004 66.23 50.129999999999995 54.61 67.36 67.49000000000001 69.5 69.61 46.02 48.56 48.09 48.68 51.900000000000006 70.7 70.78999999999999 53.77 72.91 48.849999999999994 67.87 67.25 68.19 53.82 50.57 69.64999999999999 65.81 63.980000000000004 53.71 68.66 53.56 53.63 54.510000000000005 66.57000000000001 69.22 54.83 71.06 55.31 50.379999999999995 50.19 48.650000000000006 68.12 68.37 51.980000000000004 24.94 54.019999999999996 70.03 66.89 72.11 70.98 61.53 68.39 66.05000000000001 69.43 65.22 45.28 22.85 26.1 28.85 65.75 43.81 47.4 50.02 46.94 45.769999999999996 24.59 45.39 65.4 63.3 54.980000000000004 54.57 73.53999999999999 44.980000000000004 
47.06 43.57 23.23 46.14 66.2 53.71 67.33 47.480000000000004 45.17 45.379999999999995 21.34 0 23.94 44.84 44.83 48.269999999999996 48.9 43.45 64.82000000000001 68.59 49.29 53.75 50.2 51.91 70.13 47.95 66.96000000000001 46.54 25.89 46.0 67.07 69.74 46.019999999999996 46.150000000000006 50.22 70.13 67.36 52.099999999999994 53.7 53.18 52.25 53.5 49.45 66.18 52.1 58.18 70.41 66.85 67.16 47.480000000000004 66.28 69.67 46.8 47.95 48.34 47.32 66.53999999999999 49.97 67.50999999999999 72.18 52.66 58.739999999999995 68.46000000000001 50.879999999999995 29.04 45.599999999999994 48.83 69.85 53.629999999999995 44.599999999999994 46.28 65.34 70.91 49.620000000000005 67.74 74.78 45.68 47.3 70.48 48.09 48.66 23.94 44.19 45.69 50.19 45.37 65.15 68.49000000000001 51.99 68.28 48.870000000000005 45.93 66.73 67.81 70.11 51.769999999999996 55.019999999999996 68.89 66.32 
68.37 54.879999999999995 47.17 46.35 56.19 57.59 46.879999999999995 67.03999999999999 46.31 66.4 45.28 23.94 0 20.9 42.97 24.33 29.23 49.269999999999996 67.27 44.68 65.61 45.23 51.04 27.97 49.08 51.01 49.32 65.85 45.2 25.09 46.16 54.379999999999995 67.42999999999999 65.46000000000001 52.55 51.379999999999995 57.53 69.26 52.51 73.75 69.3 72.81 67.38 70.75 53.07 50.519999999999996 49.68 72.0 66.38 47.269999999999996 66.77000000000001 46.400000000000006 69.27000000000001 49.010000000000005 50.25 66.63 44.84 46.769999999999996 55.2 72.22 69.77 72.37 55.769999999999996 70.34 52.980000000000004 58.34 66.67 70.74000000000001 69.24 52.04 47.58 66.09 69.2 67.84 53.12 71.47 68.11 69.73 57.43 49.68 68.61 47.88 68.13 51.379999999999995 53.49 44.510000000000005 55.25 46.5 28.05 50.59 65.26 69.87 69.38 69.66 69.85 56.650000000000006 56.24 69.82 73.02 
67.94 51.480000000000004 68.07000000000001 63.45 50.400000000000006 47.22 25.98 46.14 65.62 49.790000000000006 27.76 44.84 20.9 0 22.07 43.64 50.129999999999995 67.74000000000001 46.370000000000005 23.78 44.71 24.33 46.53 48.87 44.59 44.21 66.33 67.41 52.739999999999995 45.989999999999995 67.06 70.25 46.53 66.31 47.42 67.44 68.2 69.72 69.74000000000001 69.96 48.4 66.38 68.9 68.64 47.89 69.39 50.21 66.56 45.480000000000004 47.69 68.22999999999999 67.3 49.44 47.61 67.53 73.12 46.2 25.87 45.89 66.33 75.67999999999999 51.47 70.0 49.97 49.04 49.71 45.769999999999996 70.38 72.08 66.88 50.09 46.43 48.3 46.94 46.72 50.57 68.11 67.00999999999999 65.4 70.58 47.71 48.48 50.61 48.06 56.61 47.64 49.650000000000006 50.7 22.26 69.35 44.36 52.35 72.9 57.370000000000005 51.379999999999995 47.3 54.1 48.92 70.73 
49.78 49.85 68.06 52.7 70.15 50.9 48.05 58.7 43.55 48.67 26.39 44.83 42.97 22.07 0 21.57 42.480000000000004 62.52 64.62 45.85 66.78 46.4 48.89 70.49000000000001 66.66 66.28 66.85000000000001 45.34 65.99000000000001 47.36 53.57 55.88 52.25 47.879999999999995 46.75 66.66 69.65 48.629999999999995 47.67 68.91 70.47 70.59 71.67 69.45 69.96000000000001 58.45 48.78 49.92 52.76 44.510000000000005 48.349999999999994 68.72 68.86 53.0 68.82 51.760000000000005 67.96 47.629999999999995 67.1 58.18000000000001 71.56 67.61 48.95 28.92 46.72 43.879999999999995 23.7 48.31 50.16 71.13 51.33 65.33 70.37 64.54 68.78999999999999 68.75999999999999 49.53 67.5 51.08 67.51 47.55 53.489999999999995 49.24 42.22 55.24 69.71000000000001 50.93 43.74 44.33 71.06 45.81 50.980000000000004 69.34 49.33 44.43 47.0 69.49000000000001 67.28 51.05 
66.41 64.3 67.43 47.92 48.58 52.269999999999996 52.14 44.019999999999996 21.98 42.07 47.96 48.269999999999996 24.33 43.64 21.57 0 20.91 40.95 43.05 51.400000000000006 66.11 49.519999999999996 27.32 50.39 68.49000000000001 45.09 46.36 50.150000000000006 69.53 49.42 43.480000000000004 64.06 65.42 69.11 47.35 67.37 50.5 64.02 65.30000000000001 74.72 71.57000000000001 71.83000000000001 71.25 50.650000000000006 66.26 42.2 47.22 66.9 44.760000000000005 22.94 43.480000000000004 63.85000000000001 71.83 67.54 52.41 53.629999999999995 48.66 44.760000000000005 64.78 69.58 50.77 65.17 53.39 50.49 48.09 65.44999999999999 45.269999999999996 67.9 66.95 67.76 47.05 66.66999999999999 64.13 65.05 55.72 63.89 64.08000000000001 68.55 66.46000000000001 67.25 47.120000000000005 70.79 48.6 43.06 45.17 68.84 44.120000000000005 22.17 50.61 49.49 46.88 68.06 55.07 63.66 66.0 48.33 47.92 48.370000000000005 49.32 
46.129999999999995 64.12 49.92 27.01 47.07 49.44 64.7 64.93 42.89 51.599999999999994 27.56 48.9 29.23 50.129999999999995 42.480000000000004 20.91 0 20.04 41.41 46.93 49.769999999999996 64.87 48.230000000000004 57.2 52.58 47.57 25.45 46.96 56.14 43.64 22.57 43.15 64.22 68.8 45.18 65.2 51.14 43.11 62.99 72.22 50.66 52.34 66.08 49.18000000000001 45.349999999999994 21.29 45.019999999999996 48.230000000000004 65.67 43.85 45.980000000000004 51.66 67.71000000000001 50.08 49.76 70.05 46.92 43.56 49.74 49.83 41.66 44.26 65.53 49.51 50.43 44.94 49.22 46.989999999999995 69.85 51.91 52.5 45.76 66.41 51.010000000000005 70.61 66.39 66.58000000000001 69.12 51.08 47.480000000000004 63.44 61.38999999999999 50.0 22.15 24.26 48.13 51.11 43.08 57.28 52.519999999999996 48.22 52.15 70.53 63.03999999999999 46.34 27.42 27.01 55.400000000000006 66.56 
26.09 44.08 51.05 47.05 65.59 66.75 65.13 64.47999999999999 42.44 62.53 47.599999999999994 43.45 49.269999999999996 67.74000000000001 62.52 40.95 20.04 0 21.37 43.96 29.73 51.5 50.71 67.49000000000001 69.11 66.03999999999999 45.489999999999995 48.129999999999995 63.120000000000005 63.68 42.61 52.89 51.18 65.3 46.11 66.13 69.86 49.05 42.95 64.19 70.7 71.02000000000001 65.34 65.88 51.45 41.33 65.06 67.57000000000001 67.98 63.89 64.77000000000001 71.7 71.83 69.71000000000001 65.75 66.14 66.96 63.6 49.56 44.31 21.62 24.22 45.489999999999995 65.52 53.92 46.11 66.28999999999999 67.03 64.34 43.37 54.11 65.8 52.47 62.26 66.02 48.730000000000004 48.019999999999996 66.0 49.83 27.44 43.4 41.349999999999994 63.849999999999994 42.19 44.3 45.879999999999995 68.58000000000001 63.120000000000005 71.77000000000001 46.6 46.019999999999996 67.19999999999999 53.230000000000004 73.24000000000001 48.11 47.46 47.05 64.9 46.519999999999996 
47.46 29.97 53.03 67.61 47.67 70.12 55.47 43.11 21.07 41.16 65.19999999999999 64.82 67.27000000000001 46.370000000000005 64.62 43.05 41.41 21.37 0 22.59 43.519999999999996 66.5 44.47 63.0 68.69 65.52 43.4 56.7 46.989999999999995 50.730000000000004 50.56999999999999 71.14999999999999 51.010000000000005 50.92 46.44 66.46 67.16 67.77 64.32000000000001 70.78 53.07 53.05 67.71 63.800000000000004 47.76 23.7 47.43 49.43 48.86 65.99 69.78999999999999 70.64 76.11 66.63 68.25999999999999 44.769999999999996 63.79 71.67 63.22 42.78 42.99 45.59 66.86 53.230000000000004 52.84 67.48 73.75 72.89 73.32 64.74 71.16 45.239999999999995 48.32 69.61 51.43 49.379999999999995 52.72 51.620000000000005 65.55000000000001 46.16 64.77 62.72 48.209999999999994 63.559999999999995 65.67 46.489999999999995 55.9 65.22 68.63000000000001 25.23 51.85 46.69 67.49 62.75 48.83 54.11 68.42 59.04 62.099999999999994 
48.54 46.29 64.76 45.019999999999996 50.9 71.0 49.760000000000005 65.69999999999999 43.66 55.17 51.540000000000006 68.59 44.68 23.78 45.85 51.400000000000006 46.93 43.96 22.59 0 20.93 43.91 66.11 66.06 46.1 50.78 65.99 72.07 64.22 44.11 65.18 71.91 67.5 47.120000000000005 67.03 73.92 70.8 66.07 54.11 69.61 67.95 50.230000000000004 45.12 52.17 50.19 46.29 51.64 42.78 46.21 67.39 47.2 67.57000000000001 72.01 68.39 62.760000000000005 67.36 49.5 49.650000000000006 65.24 44.8 65.35 66.77000000000001 72.31 52.28 68.62 45.16 65.34 50.3 63.83 54.68 48.57 22.65 43.3 64.59 46.379999999999995 26.79 67.80000000000001 69.09 52.14 58.05 53.83 50.29 69.52000000000001 69.08 68.92 23.9 67.78 68.08 46.040000000000006 47.82 55.01 61.97 50.94 65.81 50.26 52.519999999999996 51.870000000000005 51.12 66.31 
27.61 42.57 52.510000000000005 29.6 49.66 68.64 47.4 46.68 54.2 68.98 65.63 49.29 65.61 44.71 66.78 66.11 49.769999999999996 29.73 43.519999999999996 20.93 0 23.01 45.21 67.77 52.28 49.66 68.13 51.14 52.58 65.03999999999999 56.27 70.77000000000001 48.849999999999994 68.05 55.11 73.46000000000001 49.870000000000005 67.45 67.72 54.61 47.08 67.29 66.05 66.88 53.53 47.04 57.9 42.85 45.64 65.42 45.9 48.76 64.34 58.92 41.83 48.84 64.89 68.3 52.82 65.73 48.31999999999999 53.099999999999994 63.84 43.81 47.72 66.09 70.55 65.76 42.900000000000006 50.89 46.269999999999996 43.58 53.989999999999995 45.620000000000005 45.400000000000006 25.49 47.11 48.730000000000004 65.04 45.84 50.39 66.22999999999999 65.91 55.75 54.69 44.83 49.55 47.15 50.52 66.48 62.22 41.04 54.75 67.52 50.22 62.199999999999996 66.58 68.18 48.04 
46.47 46.68 49.47 51.41 55.650000000000006 53.95 47.54 57.41 66.03 70.66 49.72 53.75 45.23 24.33 46.4 49.519999999999996 64.87 51.5 66.5 43.91 23.01 0 22.2 45.269999999999996 49.69 58.03 50.29 66.99000000000001 46.34 53.89 50.66 51.84 49.9 66.60000000000001 51.35 68.67999999999999 53.0 51.26 66.86999999999999 45.629999999999995 24.07 45.120000000000005 44.95 47.89 54.019999999999996 53.44 46.29 65.86000000000001 52.15 46.150000000000006 63.67 53.489999999999995 43.989999999999995 42.16 46.41 53.82 70.53 50.2 54.8 65.97 69.64 54.41 66.58 46.55 24.71 49.980000000000004 48.19 69.25999999999999 51.459999999999994 48.61 47.2 43.66 43.9 22.61 22.39 43.260000000000005 53.260000000000005 51.28 42.03 48.18000000000001 27.38 47.44 66.64999999999999 44.06 71.12 44.870000000000005 56.58 53.5 27.51 55.72 48.86 62.95 67.44999999999999 71.5 68.78999999999999 41.849999999999994 65.50999999999999 65.53999999999999 49.72 
54.32 46.8 54.19 46.68 66.74 70.5 51.55 50.32 49.3 69.03 44.989999999999995 50.2 51.04 46.53 48.89 27.32 48.230000000000004 50.71 44.47 66.11 45.21 22.2 0 23.07 44.18 58.19 44.39 65.9 47.980000000000004 52.61 51.56 55.489999999999995 55.01 59.86 66.0 46.480000000000004 53.650000000000006 66.19 47.61 67.83 46.269999999999996 46.66 67.15 48.81 54.18 47.82 24.09 49.0 29.95 50.260000000000005 69.43 49.18 66.19 50.06 25.09 48.58 68.06 71.96000000000001 56.92 43.769999999999996 66.46 56.86 69.03 49.0 27.16 52.43 59.01 73.36999999999999 72.83 51.86 54.89 65.86 66.1 44.81 44.59 65.46000000000001 50.96 52.65 45.68 53.14 49.58 49.489999999999995 49.2 52.7 71.77 51.84 50.35 49.45 49.71 69.7 69.93 69.58 49.6 52.22 49.82 64.05 69.75 70.49000000000001 58.54 
42.879999999999995 64.86999999999999 48.84 46.84 66.9 66.32 49.17 46.4 41.93 62.019999999999996 68.06 51.91 27.97 48.87 70.49000000000001 50.39 57.2 67.49000000000001 63.0 66.06 67.77 45.269999999999996 23.07 0 21.11 44.51 42.3 48.31 49.67 29.56 50.629999999999995 71.21 68.67999999999999 67.05 43.43 23.41 47.0 45.379999999999995 24.54 45.78 67.34 69.19 49.57 44.0 64.75 45.44 21.71 44.03 47.230000000000004 66.61 46.36 26.11 47.019999999999996 65.85 48.16 57.21 50.9 69.78999999999999 52.260000000000005 52.66 64.61 45.95 63.27 47.29 50.230000000000004 53.86 67.32 71.22999999999999 68.78999999999999 67.03 44.25 64.88999999999999 65.52 54.41 25.15 46.019999999999996 46.84 67.47 68.41 54.2 67.05 48.879999999999995 49.78 67.84 68.08 45.0 27.28 48.709999999999994 51.36 55.06 67.75 66.83 47.22 41.69 51.79 46.269999999999996 67.01 66.36 57.64 
52.480000000000004 67.61 46.9 66.66 71.2 53.47 55.14 67.50999999999999 49.83 56.14 63.2 70.13 49.08 44.59 66.66 68.49 52.58 69.11 68.69 46.1 52.28 49.69 44.18 21.11 0 23.4 45.519999999999996 50.47 55.03 49.5 53.22 70.52 66.67999999999999 74.25 50.629999999999995 44.519999999999996 48.879999999999995 57.25 45.65 51.68 73.24 53.54 70.68 49.17 51.099999999999994 56.75 42.82 45.32 48.75 45.55 64.50999999999999 47.22 25.91 49.7 68.85000000000001 56.91 29.79 49.28 45.19 47.34 54.89 67.06 52.25 68.4 51.64 70.76 68.38 50.5 47.68 46.07 52.57 45.58 66.22999999999999 52.53 46.26 67.13 43.91 48.31 48.040000000000006 54.67 69.72999999999999 46.62 66.6 50.07 70.52 50.849999999999994 48.39 69.82 48.55 54.04 66.47999999999999 71.22 53.480000000000004 62.8 70.49 25.16 48.82 45.25 68.85 
47.06 67.9 70.3 52.18 71.18 64.67999999999999 55.76 44.33 50.18 55.41 67.74000000000001 47.95 51.01 44.21 66.28 45.09 47.57 66.03999999999999 65.52 50.78 49.66 58.03 58.19 44.51 23.4 0 22.12 43.63 58.480000000000004 69.53999999999999 68.54 56.64 64.63 68.28999999999999 50.25 67.92 49.709999999999994 67.67 54.35 47.150000000000006 50.709999999999994 49.010000000000005 55.120000000000005 27.52 48.269999999999996 68.86 53.04 50.45 43.97 22.15 42.69 54.8 49.31 51.27 67.61 66.05 49.74 43.97 63.989999999999995 64.82 50.46 67.54 73.39 53.36 70.41 48.79 53.260000000000005 66.5 43.64 22.67 49.71 49.61 63.34 64.25999999999999 53.019999999999996 63.099999999999994 25.56 53.31 68.23 46.06 46.33 69.97999999999999 70.25 50.89 47.12 50.47 52.480000000000004 47.82 66.47 67.08 46.09 67.27000000000001 66.17 64.17 66.94999999999999 48.56 63.769999999999996 68.65 66.77 
68.82000000000001 48.24 48.8 46.599999999999994 66.66 50.78 54.07 64.33 42.29 62.379999999999995 45.620000000000005 66.96000000000001 49.32 66.33 66.85 46.36 25.45 45.489999999999995 43.4 65.99 68.13 50.29 44.39 42.3 45.519999999999996 22.12 0 21.51 42.16 62.269999999999996 46.42 48.9 50.22 50.92 64.93 65.71 67.42999999999999 45.55 66.39 65.36 47.94 26.89 53.769999999999996 44.36 47.59 46.739999999999995 64.00999999999999 68.93 52.980000000000004 44.269999999999996 64.81 47.06 67.32 43.53 68.5 48.63 48.760000000000005 66.09 55.03 42.7 56.129999999999995 45.42 66.69 69.0 70.15 64.42999999999999 64.34 68.8 65.76 44.790000000000006 49.59 65.25 67.16 65.89 49.72 47.540000000000006 47.2 43.67 46.33 23.94 47.74 67.54 48.129999999999995 47.599999999999994 49.71 50.769999999999996 42.540000000000006 49.06999999999999 71.51 52.28 63.339999999999996 67.19 62.06 42.05 48.75 52.870000000000005 52.46 65.73 67.4 
47.31 26.73 49.79 50.019999999999996 50.1 29.27 50.51 70.67 63.800000000000004 49.66 64.84 46.54 65.85 67.41 45.34 50.150000000000006 46.96 48.129999999999995 56.7 72.07 51.14 66.99 65.9 48.31 50.47 43.63 21.51 0 20.65 40.76 49.84 56.2 44.91 40.91 49.870000000000005 69.89 69.55 52.61 54.21 43.85 47.599999999999994 48.26 65.21000000000001 65.75 69.1 68.25 47.03 47.45 57.79 51.17 66.87 46.5 49.769999999999996 65.03999999999999 50.61 27.12 53.29 65.57 66.39999999999999 52.120000000000005 48.3 23.91 45.18 65.21000000000001 49.05 46.8 49.34 55.39 54.14 66.30000000000001 53.8 50.33 57.47 44.379999999999995 69.28 69.05000000000001 48.8 22.16 50.46 45.45 48.83 51.019999999999996 69.64 46.2 46.92 71.14 21.03 42.980000000000004 51.650000000000006 66.25999999999999 45.71 50.129999999999995 50.739999999999995 53.9 62.11 68.2 49.78 44.22 67.74000000000001 
62.3 47.379999999999995 49.120000000000005 41.730000000000004 44.41 27.82 49.06 69.22 51.18 70.31 47.230000000000004 25.89 45.2 52.739999999999995 65.99000000000001 69.53 56.14 63.120000000000005 46.989999999999995 64.22 52.58 46.34 47.980000000000004 49.67 55.03 58.480000000000004 42.16 20.65 0 20.11 41.18 55.78 40.64 20.26 43.88 63.900000000000006 51.0 42.22 50.36 29.12 48.66 27.61 44.56 45.1 54.47 62.35 67.67999999999999 47.21 48.09 65.03999999999999 68.62 51.99 29.12 49.57 44.92 21.43 48.55 57.36 55.75 46.29 41.5 44.56 42.57 44.8 49.540000000000006 61.66 45.67 68.16 51.5 53.6 66.78 45.44 45.019999999999996 23.73 53.54 68.17 56.849999999999994 42.81 52.06 54.64 43.94 49.83 51.72 64.68 51.019999999999996 54.36 41.68 63.629999999999995 46.489999999999995 45.61 46.66 53.21 49.7 52.45 52.34 52.79 29.13 57.519999999999996 65.75 
56.68 65.47 65.18 47.74 54.519999999999996 47.93 41.59 61.75 46.53 51.55 66.23 46.0 25.09 45.989999999999995 47.36 49.42 43.64 63.68 50.730000000000004 44.11 65.03999999999999 53.89 52.61 29.56 49.5 69.53999999999999 62.269999999999996 40.76 20.11 0 21.07 41.65 60.75 40.370000000000005 27.46 47.480000000000004 66.05 44.17 54.099999999999994 49.230000000000004 54.13 47.72 64.67 45.66 51.47 42.24 51.269999999999996 64.76 68.2 66.08 51.13 55.67 49.230000000000004 48.58 53.48 41.54 55.09 44.62 49.25 49.69 61.61 52.95 62.68 64.91 66.82 41.55 61.73 48.05 51.74 46.87 68.73 49.370000000000005 48.59 43.84 51.47 70.9 50.79 49.5 47.41 44.79 63.32000000000001 46.68 69.18 54.63 49.69 67.61 52.17 54.82 26.38 25.5 52.120000000000005 61.14 68.74000000000001 48.730000000000004 45.69 48.26 44.239999999999995 49.31 52.31 
45.13 67.12 44.11 26.67 46.730000000000004 69.0 62.66 69.89 47.88 49.06 50.129999999999995 67.07 46.16 67.06 53.57 43.480000000000004 22.57 42.61 50.56999999999999 65.18 56.27 50.66 51.56 50.629999999999995 53.22 68.54 46.42 49.84 41.18 21.07 0 20.58 43.980000000000004 61.44 48.53 68.55 69.53 47.650000000000006 53.61 69.91 48.349999999999994 53.64 47.93000000000001 49.269999999999996 67.92 43.86 45.72 45.03 52.32 52.959999999999994 56.730000000000004 51.69 48.28 27.51 45.67 62.61 65.09 64.64 65.12 44.68 50.41 66.83 55.239999999999995 43.89 65.73 44.620000000000005 64.80000000000001 69.12 48.91 67.94 48.16 48.43 68.34 64.91 70.27000000000001 71.42 69.49 51.33 67.84 46.93 45.39 48.84 55.3 44.72 46.43000000000001 47.790000000000006 43.540000000000006 41.49 47.45 46.57 70.78999999999999 69.96 49.16 49.94 46.349999999999994 46.489999999999995 49.58 46.7 65.56 
65.71000000000001 67.6 50.239999999999995 47.25 67.31 50.76 46.54 66.7 56.67 47.93 54.61 69.74 54.379999999999995 70.25 55.88 64.06 43.15 52.89 71.14999999999999 71.91 70.77 51.84 55.489999999999995 71.21 70.52 56.64 48.9 56.2 55.78 41.65 20.58 0 23.72 44.099999999999994 52.74 72.76 55.16 54.230000000000004 52.480000000000004 49.33 27.77 48.82 56.72 69.85 49.18 56.49 54.510000000000005 49.55 48.78 48.989999999999995 69.53 52.099999999999994 68.86 48.09 66.25 57.519999999999996 58.290000000000006 44.379999999999995 45.209999999999994 51.04 49.28 50.68 46.99 26.96 48.8 53.129999999999995 69.38 70.32 47.78 50.0 29.67 53.379999999999995 49.2 68.74 74.23 55.36 54.650000000000006 66.39 57.54 48.61 24.81 45.8 68.3 65.3 55.22 68.37 52.33 50.28 68.03 57.11 66.5 69.83 55.19 56.3 25.77 45.36 69.02 67.28 54.63 
43.81 43.88 52.04 45.25 48.69 53.68 67.91 47.989999999999995 47.22 48.53 67.36 46.019999999999996 67.43 46.53 52.25 65.42 64.22 51.18 51.010000000000005 67.5 48.849999999999994 49.9 55.01 68.68 66.67999999999999 64.63 50.22 44.91 40.64 60.75 43.980000000000004 23.72 0 20.38 44.0 50.209999999999994 54.06 64.51 50.519999999999996 64.36 46.47 49.629999999999995 73.81 46.21 25.46 49.519999999999996 50.58 43.95 25.06 42.480000000000004 48.78 67.22 47.519999999999996 69.88 44.91 47.95 40.989999999999995 20.66 21.49 41.93 51.35 26.96 48.230000000000004 50.68 56.66 43.3 45.79 48.150000000000006 68.91999999999999 62.5 46.82 46.129999999999995 25.48 46.31 65.88 49.7 43.769999999999996 42.67 66.97 65.71000000000001 47.379999999999995 22.08 44.58 64.31 45.79 66.37 44.96 49.7 48.150000000000006 46.33 42.78 63.96 49.61 69.62 49.489999999999995 43.81 48.89 47.120000000000005 64.24000000000001 
52.84 43.790000000000006 66.85000000000001 48.37 28.31 48.08 47.53 67.69 47.13 67.22 67.49000000000001 46.150000000000006 65.46000000000001 66.31 47.879999999999995 69.11 68.80000000000001 65.3 50.92 47.120000000000005 68.05000000000001 66.6 59.86 67.05 74.25 68.28999999999999 50.92 40.91 20.26 40.370000000000005 61.440000000000005 44.099999999999994 20.38 0 23.62 43.64 67.23 55.15 56.75 49.38 59.09 47.870000000000005 64.82000000000001 58.72 45.84 47.510000000000005 55.43 54.18 29.91 51.730000000000004 50.06 70.43 49.38 69.83 52.83 29.34 56.46 41.04 41.87 45.85 61.760000000000005 47.34 62.830000000000005 65.06 69.47 44.56 25.41 50.019999999999996 56.68 50.01 57.83 28.75 45.86 43.99 68.06 49.019999999999996 43.68 42.58 58.239999999999995 68.76 54.07 42.459999999999994 51.21 48.739999999999995 52.83 57.29 61.94 70.08 56.45 25.95 52.57 64.15 57.61 51.04 53.53 54.83 49.39 64.64 67.24000000000001 
29.22 51.209999999999994 51.79 66.32 50.92 71.7 67.3 47.41 25.37 45.46 69.5 50.22 52.55 47.42 46.75 47.35 45.18 46.11 46.44 67.03 55.11 51.35 66.0 43.43 50.629999999999995 50.25 64.92999999999999 49.870000000000005 43.88 27.46 48.53 52.74 44.0 23.62 0 20.02 43.61 50.54 55.620000000000005 67.7 51.43 70.81 52.519999999999996 68.1 47.95 23.89 47.620000000000005 46.980000000000004 44.97 48.66 66.26 51.19 68.53 68.8 74.21 52.96 47.17 26.84 42.67 22.23 44.92 48.9 66.12 51.49 53.03 50.68 49.03 54.42 55.55 43.22 70.25999999999999 52.370000000000005 51.18 66.58 68.58 48.58 47.870000000000005 65.85 64.69 68.78 52.94 52.870000000000005 46.83 47.61 50.75 53.68 55.69 69.52000000000001 53.84 49.57 63.96 75.37 54.57 67.05 67.53 64.99000000000001 50.61 72.82 43.620000000000005 
49.239999999999995 71.22999999999999 69.21 46.3 66.36 51.95 72.17 55.35 45.39 65.48 69.61000000000001 70.13 51.379999999999995 67.44 66.66 67.37 65.19999999999999 66.13 66.46000000000001 73.91999999999999 73.46000000000001 68.68 46.480000000000004 23.41 44.519999999999996 67.91999999999999 65.71 69.89 63.900000000000006 47.480000000000004 68.55000000000001 72.76 50.209999999999994 43.64 20.02 0 23.59 45.47 47.95 69.19 71.45 56.99 72.53999999999999 67.41 52.19 43.91 45.120000000000005 67.0 64.99 51.15 56.14 49.519999999999996 48.510000000000005 68.79 71.57000000000001 72.98 67.19 46.86 28.85 29.25 51.94 68.92 74.67 58.510000000000005 73.05 70.7 69.05 74.44 75.46000000000001 63.239999999999995 58.42 51.269999999999996 58.2 77.82 48.56 68.6 67.89 75.03999999999999 72.94999999999999 67.08 72.85000000000001 69.26 46.760000000000005 67.52000000000001 70.77000000000001 67.42 50.69 72.11999999999999 73.86 69.59 47.43 68.61 70.63000000000001 65.1 52.980000000000004 47.31 70.63 72.07 63.64 
65.84 54.55 48.49 50.39 53.47 69.82 48.58 46.19 46.09 66.18 46.02 67.36 57.53 68.2 69.65 50.5 51.14 69.86 67.16 70.80000000000001 49.870000000000005 53.0 53.650000000000006 47.0 48.879999999999995 49.709999999999994 67.42999999999999 69.55 51.0 66.05 69.53 55.16 54.06 67.23 43.61 23.59 0 21.88 42.72 63.959999999999994 72.05 70.4 53.22 49.35 28.6 52.66 65.93 49.93000000000001 49.379999999999995 27.56 48.099999999999994 47.790000000000006 24.92 45.2 66.28 71.46 49.34 49.379999999999995 45.129999999999995 52.84 50.16 45.64 51.260000000000005 53.459999999999994 58.2 69.15 48.97 69.16 66.76 57.02 46.44 53.59 68.16 67.21 57.65 48.959999999999994 46.83 73.75 57.1 43.489999999999995 51.739999999999995 45.67 23.17 44.34 52.53 71.51 70.44 53.85 69.55 50.46 23.84 45.019999999999996 57.0 74.6 29.39 23.72 47.379999999999995 68.14 45.41 
43.96 65.95 46.47 41.61 44.69 66.28999999999999 65.55 67.49 55.19 44.47 48.56 52.099999999999994 69.26 69.72 48.629999999999995 64.02 43.11 49.05 67.77 66.07 67.44999999999999 51.26 66.19 45.379999999999995 57.25 67.67 45.55 52.61 42.22 44.17 47.650000000000006 54.230000000000004 64.50999999999999 55.15 50.54 45.47 21.88 0 20.84 42.08 51.519999999999996 67.56 44.44 44.980000000000004 50.480000000000004 64.4 53.03 47.120000000000005 65.66 46.94 26.4 46.769999999999996 46.8 55.62 50.07 51.97 27.46 43.849999999999994 49.870000000000005 64.07 41.379999999999995 54.45 64.71000000000001 44.68 49.42 51.4 49.33 47.28 57.43 51.599999999999994 24.56 45.32 64.83 65.75 67.68 46.81 47.0 63.769999999999996 44.0 21.61 43.82 62.39 45.05 22.46 48.12 62.730000000000004 50.85 48.8 70.55 50.989999999999995 45.72 58.56 56.47 74.71 48.09 45.599999999999994 43.47 65.61 23.53 
54.24 69.28 49.8 62.45 64.03 70.41 66.27 55.53 47.33 50.31 48.09 53.7 52.51 69.74000000000001 47.67 65.3 62.99 42.95 64.32000000000001 54.11 67.72 66.87 47.61 24.54 45.65 54.35 66.39 54.21 50.36 54.099999999999994 53.61 52.480000000000004 50.519999999999996 56.75 55.620000000000005 47.95 42.72 20.84 0 21.24 42.8 56.44 65.28 52.07 49.56 69.98 46.25 54.400000000000006 53.57 42.36 21.82 42.19 65.06 51.04 70.31 71.78999999999999 46.89 48.16 29.03 49.47 51.66 67.17 58.04 65.52 69.82 46.82 46.47 68.12 50.16 45.72 45.4 51.230000000000004 67.8 46.51 49.69 42.230000000000004 42.42 42.93 64.84 42.45 56.42 47.739999999999995 25.24 43.3 43.54 69.53999999999999 51.82 69.64 75.9 70.78999999999999 50.32 45.33 56.67 66.22999999999999 27.25 47.739999999999995 64.11 63.01 44.370000000000005 
70.66999999999999 66.18 50.58 70.85000000000001 72.83 50.379999999999995 45.03 65.19 58.09 71.55 48.68 53.18 73.75 69.96 68.91 74.72 72.22 64.19 70.78 69.61 54.61 45.629999999999995 67.83 45.78 51.68 47.150000000000006 65.36 43.85 29.12 49.230000000000004 69.91 49.33 64.36 49.38 67.7 69.19 63.959999999999994 42.08 21.24 0 21.56 42.61 69.49 67.39 57.42 50.93 67.49000000000001 71.3 68.78999999999999 51.78 43.06 63.43000000000001 58.24 70.18 49.07 50.55 66.52 46.19 50.269999999999996 70.71 52.269999999999996 67.07 71.69 66.96000000000001 48.58 49.69 67.71000000000001 58.16 45.45 24.48 48.519999999999996 51.82 46.56 25.27 55.08 63.47 49.44 21.69 49.99 63.69 66.76 52.86 46.48 56.81 64.78 53.620000000000005 64.88 69.95 73.14 51.099999999999994 45.269999999999996 24.09 44.89 64.9 48.489999999999995 68.98 58.25 43.75 65.61 
53.86 48.97 29.02 51.93 52.730000000000004 44.709999999999994 23.47 43.629999999999995 65.66999999999999 51.22 51.900000000000006 52.25 69.3 48.4 70.47 71.57 50.66 70.69999999999999 53.07 67.94999999999999 47.08 24.07 46.269999999999996 67.34 73.24 50.709999999999994 47.94 47.599999999999994 48.66 54.13 48.349999999999994 27.77 46.47 59.09 51.43 71.45 72.05 51.519999999999996 42.8 21.56 0 21.05 47.93 70.64 53.43 29.37 50.93 63.09 48.120000000000005 67.6 47.06 67.43 52.59 66.23 53.239999999999995 29.75 51.019999999999996 67.13 49.19 57.91 58.45 48.88 70.15 54.730000000000004 48.78 71.25 51.89 62.959999999999994 55.16 46.04 26.96 45.3 65.94999999999999 46.68 46.46 67.33 56.849999999999994 43.25 29.77 52.16 45.2 50.3 68.03999999999999 51.41 48.48 68.94 66.75 57.2 51.58 72.66 66.83 45.65 52.3 69.33999999999999 53.54 65.92 53.84 46.41 50.84 
53.35 43.78 47.32 69.34 72.02 55.43 44.519999999999996 54.64 54.86 56.56 70.7 53.5 72.81 66.38 70.59 71.83 52.34 71.02000000000001 53.05 50.230000000000004 67.28999999999999 45.120000000000005 46.66 69.19 53.54 49.010000000000005 26.89 48.26 27.61 47.72 53.64 48.82 49.629999999999995 47.870000000000005 70.81 56.99 70.4 67.56 56.44 42.61 21.05 0 26.88 49.59 41.8 50.42 52.59 42.040000000000006 27.07 48.89 55.43 71.83 56.730000000000004 70.42 66.98 49.04 68.49 48.16 28.14 48.58 69.11 68.42 55.56 72.41 69.83000000000001 66.38 56.129999999999995 41.91 53.21 47.57 48.010000000000005 48.75 56.94 51.34 67.51 71.74000000000001 72.8 51.650000000000006 42.66 49.66 45.44 68.03999999999999 50.07 69.56 69.53 72.64 69.28999999999999 68.93 72.63000000000001 53.63 46.620000000000005 66.7 53.35 68.94 55.120000000000005 50.46 50.95 42.730000000000004 63.73 
49.17 47.89 26.22 43.95 47.03 68.63 50.120000000000005 70.28 55.47 75.56 70.79 49.45 67.38 68.9 71.67 71.25 66.08 65.34 67.71 45.12 66.05 44.95 67.15 49.57 70.68 55.120000000000005 53.769999999999996 65.21000000000001 44.56 64.67 47.93000000000001 56.72 73.81 64.82000000000001 52.519999999999996 72.53999999999999 53.22 44.44 65.28 69.49 47.93 26.88 0 27.6 48.35 72.41 53.31 49.46 53.95 68.4 70.84 68.62 49.79 68.87 76.88 65.99000000000001 71.9 72.88 55.019999999999996 66.41 43.72 52.239999999999995 67.05 47.019999999999996 51.760000000000005 66.86 66.18 68.78999999999999 73.74000000000001 71.50999999999999 69.0 44.87 48.82 53.08 53.1 71.91 71.17 49.239999999999995 69.54 51.08 46.16 72.18 74.75 66.9 52.52 65.07000000000001 51.13 49.08 72.46000000000001 71.17 48.879999999999995 70.06 56.75 56.21 70.0 72.57 55.57 27.18 67.97 
46.94 51.540000000000006 42.95 44.489999999999995 47.57 50.72 68.43 51.58 42.730000000000004 52.19 53.77 66.18 70.75 68.64 69.45 50.650000000000006 49.18000000000001 65.88 63.800000000000004 52.17 66.88 47.89 48.81 44.0 49.17 27.52 44.36 65.75 45.1 45.66 49.269999999999996 69.85 46.21 58.72 68.10000000000001 67.41 49.35 44.980000000000004 52.07 67.39 70.64 49.59 27.6 0 20.75 44.81 50.89 47.55 51.08 49.67 46.64 67.01 66.52000000000001 68.00999999999999 56.08 53.57 49.43 66.87 66.63 56.540000000000006 44.26 68.65 51.19 47.56 52.3 66.13 53.14 53.77 67.72 49.47 47.82 44.379999999999995 65.03 51.93000000000001 25.5 46.370000000000005 48.4 45.7 43.61 46.19 46.7 68.06 71.2 67.44 24.92 47.980000000000004 69.65 47.7 72.03999999999999 70.24000000000001 49.42 68.89 63.760000000000005 43.75 52.989999999999995 73.07 51.120000000000005 54.78 64.68 
67.69 50.68 63.7 65.24 51.09 69.35999999999999 50.480000000000004 70.58 48.54 68.63 72.91 52.1 53.07 47.89 69.96000000000001 66.25999999999999 45.349999999999994 51.45 47.76 50.19 53.53 54.019999999999996 54.18 64.75 51.099999999999994 48.269999999999996 47.59 69.10000000000001 54.47 51.47 67.91999999999999 49.18 25.46 45.84 47.95 52.19 28.6 50.480000000000004 49.56 57.42 53.43 41.8 48.35 20.75 0 24.06 47.79 42.0 50.519999999999996 56.16 67.39 50.79 53.52 47.260000000000005 66.94 71.74 66.45 46.120000000000005 46.95 52.599999999999994 65.00999999999999 51.24 51.57 53.59 53.2 68.76 66.47999999999999 41.87 64.72999999999999 47.53 68.57 65.13 50.94 64.86 46.25 67.12 49.92 51.51 49.42 47.88 45.4 47.54 51.77 54.57 45.67 54.15 56.16 68.45 70.15 70.69 46.58 67.75999999999999 72.55000000000001 64.5 57.99 52.32 71.08 42.69 70.49000000000001 
53.06 50.849999999999994 56.17 47.09 27.03 49.480000000000004 43.41 47.08 44.769999999999996 64.86 48.849999999999994 58.18 50.519999999999996 69.39 58.45 42.2 21.29 41.33 23.7 46.29 47.04 53.44 47.82 45.44 56.75 68.86 46.739999999999995 68.25 62.35 42.24 43.86 56.49 49.519999999999996 47.510000000000005 23.89 43.91 52.66 64.4 69.97999999999999 50.93 29.37 50.42 72.41 44.81 24.06 0 23.73 48.64 49.25 65.14 67.27 51.84 74.06 68.37 67.26 49.620000000000005 68.21 49.69 48.980000000000004 28.54 51.230000000000004 48.9 49.56 29.53 29.14 54.41 70.50999999999999 65.92999999999999 70.44999999999999 51.29 56.33 66.38 57.489999999999995 65.37 70.31 53.22 71.76 56.03 59.14 45.54 65.14 48.75 66.31 43.44 45.55 56.010000000000005 69.37 64.37 55.17 48.93 69.50999999999999 66.18 49.24 50.55 67.63 48.71 48.3 66.35 57.2 
