24
A8 C3 C1 A5 D4 A4 E7 C0 D0 A3 C7 B9 D8 E2 C5 A1 A6 D5 C2 E3 B8 D3 E1 C8
0 20.67 41.81 56.47 56.900000000000006 53.44 64.82 51.35 45.22 29.3 49.64 45.36 51.760000000000005 26.12 24.53 43.75 52.790000000000006 45.95 25.52 47.980000000000004 58.11 49.28 42.980000000000004 22.44 
20.67 0 21.14 42.59 53.86 47.9 46.739999999999995 45.04 24.55 46.67 45.75 24.69 46.89 24.19 43.239999999999995 23.08 48.65 29.92 46.19 48.74 47.16 42.480000000000004 22.31 43.11 
41.81 21.14 0 21.45 41.65 41.5 62.13 46.81 45.69 50.35 53.129999999999995 45.83 47.12 45.33 23.54 43.7 54.03 51.06 45.86 50.989999999999995 27.65 51.08 43.45 47.0 
56.47 42.59 21.45 0 20.2 24.79 46.59 67.30000000000001 58.09 66.5 47.709999999999994 26.65 48.849999999999994 51.870000000000005 44.989999999999995 51.53 49.349999999999994 48.879999999999995 51.55 47.83 22.97 49.58 50.379999999999995 64.44 
56.900000000000006 53.86 41.65 20.2 0 21.27 43.07 63.78 68.42 46.3 50.230000000000004 29.17 51.019999999999996 48.59 64.03 58.18000000000001 47.82 42.14 51.980000000000004 47.9 43.17 64.2 44.03 44.239999999999995 
53.44 47.9 41.5 24.79 21.27 0 21.8 42.510000000000005 48.230000000000004 54.36 44.21 26.91 47.19 27.32 42.76 44.79 48.81 24.09 53.4 41.65 47.04 45.760000000000005 25.59 41.019999999999996 
64.82 46.739999999999995 62.13 46.59 43.07 21.8 0 20.71 42.19 42.75 22.41 43.47 51.71 45.94 52.0 46.8 49.57 25.5 55.03 62.11 40.64 63.61 43.44 42.379999999999995 
51.35 45.04 46.81 67.30000000000001 63.78 42.510000000000005 20.71 0 21.48 43.6 43.120000000000005 51.29 50.870000000000005 25.23 47.68 43.55 47.900000000000006 43.989999999999995 43.78 41.400000000000006 45.78 42.900000000000006 22.73 49.099999999999994 
45.22 24.55 45.69 58.09 68.42 48.230000000000004 42.19 21.48 0 22.12 23.63 44.69 55.56 46.71 48.620000000000005 28.46 26.42 29.35 24.7 45.33 52.8 51.44 44.21 47.47 
29.3 46.67 50.35 66.5 46.3 54.36 42.75 43.6 22.12 0 20.34 41.4 52.68 27.04 49.56 50.58 48.540000000000006 51.47 46.82 46.26 56.3 50.2 49.79 51.74 
49.64 45.75 53.129999999999995 47.709999999999994 50.230000000000004 44.21 22.41 43.120000000000005 23.63 20.34 0 21.06 43.26 47.379999999999995 29.59 49.75 28.56 43.489999999999995 47.55 48.51 44.11 69.06 48.89 64.78999999999999 
45.36 24.69 45.83 26.65 29.17 26.91 43.47 51.29 44.69 41.4 21.06 0 22.2 47.84 41.129999999999995 29.01 47.15 22.43 26.49 41.709999999999994 42.31999999999999 62.260000000000005 42.09 45.94 
51.760000000000005 46.89 47.12 48.849999999999994 51.019999999999996 47.19 51.71 50.870000000000005 55.56 52.68 43.26 22.2 0 25.64 44.56 49.13 50.93 26.21 48.69 29.75 54.61 48.8 48.39 49.72 
26.12 24.19 45.33 51.870000000000005 48.59 27.32 45.94 25.23 46.71 27.04 47.379999999999995 47.84 25.64 0 22.52 42.68 49.6 51.41 50.04 42.68000000000001 49.769999999999996 23.16 22.75 48.56 
24.53 43.239999999999995 23.54 44.989999999999995 64.03 42.76 52.0 47.68 48.620000000000005 49.56 29.59 41.129999999999995 44.56 22.52 0 20.16 49.05 57.05 27.52 41.29 51.19 45.120000000000005 24.95 45.06 
43.75 23.08 43.7 51.53 58.18000000000001 44.79 46.8 43.55 28.46 50.58 49.75 29.01 49.13 42.68 20.16 0 28.89 43.22 47.68 43.32 50.31 52.97 45.11 24.9 
52.790000000000006 48.65 54.03 49.349999999999994 47.82 48.81 49.57 47.900000000000006 26.42 48.540000000000006 28.56 47.15 50.93 49.6 49.05 28.89 0 24.72 51.120000000000005 47.260000000000005 26.38 52.989999999999995 47.879999999999995 48.16 
45.95 29.92 51.06 48.879999999999995 42.14 24.09 25.5 43.989999999999995 29.35 51.47 43.489999999999995 22.43 26.21 51.41 57.05 43.22 24.72 0 29.53 51.37 50.75 51.58 42.269999999999996 23.51 
25.52 46.19 45.86 51.55 51.980000000000004 53.4 55.03 43.78 24.7 46.82 47.55 26.49 48.69 50.04 27.52 47.68 51.120000000000005 29.53 0 24.15 49.01 72.64 52.47 47.96 
47.980000000000004 48.74 50.989999999999995 47.83 47.9 41.65 62.11000000000001 41.400000000000006 45.33 46.26 48.51 41.709999999999994 29.75 42.68000000000001 41.29 43.32 47.260000000000005 51.37 24.15 0 24.86 49.86 42.54 55.64 
58.11 47.16 27.65 22.97 43.17 47.04 40.64 45.78 52.8 56.3 44.11 42.31999999999999 54.61 49.769999999999996 51.19 50.31 26.38 50.75 49.01 24.86 0 26.61 46.78 48.79 
49.28 42.480000000000004 51.08 49.58 64.2 45.760000000000005 63.61000000000001 42.900000000000006 51.44 50.2 69.06 62.260000000000005 48.8 23.16 45.120000000000005 52.97 52.989999999999995 51.58 72.64 49.86 26.61 0 20.17 28.07 
42.980000000000004 22.31 43.45 50.379999999999995 44.03 25.59 43.44 22.73 44.21 49.79 48.89 42.09 48.39 22.75 24.95 45.11 47.879999999999995 42.269999999999996 52.47 42.54 46.78 20.17 0 44.37 
22.44 43.11 47.0 64.44 44.239999999999995 41.019999999999996 42.379999999999995 49.099999999999994 47.47 51.74 64.78999999999999 45.94 49.72 48.56 45.06 24.9 48.16 23.51 47.96 55.64 48.79 28.07 44.37 0 
