50
Montgomery Cathedral Moreno Nashua Kissimmee Harlingen Lorain Brownsville Hollywood Cedar Hartford Abilene GreenBay Corpus Bradenton Albuquerque Cary Champaign Kansas Joliet Deltona Alexandria Minneapolis Lexington Macon Barnstable Mobile Appleton Leominster Houma Merced Lansing Chicago Miramar Davidson Erie Huntsville Dallas Chandler Grays Aribel Bloomington Medford Muskegon Huntington Plen Hemet Bridgeport Albany Myrtle
0 203.16567 412.89649 212.49781 418.37343999999996 418.35102 430.50046 410.35848 207.88968 291.39473 450.08096 438.01374 270.80777 442.21351 422.11363 424.65675999999996 437.22982 461.84272999999996 303.83547 221.22418 343.58634 418.55098 459.13543 329.36197 314.66224 430.48341000000005 360.78904 244.70655 391.63233 446.37428 288.00963 358.08716 383.71014 314.699 218.06489 414.65346 234.43336 427.41886 221.94803 449.6127 446.23091999999997 326.46628 268.7328 313.10505 417.11447 207.48978 469.16881 419.95437000000004 429.94513 206.04673 
203.16567 0 212.40927 296.59429 306.65295 430.93012999999996 227.33479 433.74687 411.05535 438.75919 492.98522 365.77785 440.38436 440.92825 475.62207 467.09011999999996 268.61616 469.91094 386.87717 222.56327 424.94775 466.22438999999997 379.49628 453.52567999999997 437.19124 315.69598 338.52044 391.21183 488.36599 274.6832 392.80954 352.21055 432.11868000000004 377.74364 414.78728 456.61884 437.59902999999997 376.73792 222.61459 289.44987 269.84739 232.61255 254.61039 328.78657 295.6978 410.65545 453.35321999999996 216.7887 458.95392000000004 375.73145 
412.89649 212.40927 0 200.39868 406.27431 240.06958 439.74406 325.31416 386.1809 486.61454000000003 478.17296999999996 394.8331 294.89608 349.65353 416.00939000000005 323.54121 298.662 317.25949 419.83365000000003 434.97254 484.97675000000004 279.24075 274.62505 478.25716 427.00787 419.31139 249.86191 323.53402 317.07635 459.631 204.35133 439.66186 435.87351 227.73402 440.33006 379.48131 258.4597 474.95077000000003 364.25505 389.1501 208.16952 375.5965 322.02507 262.4996 418.22195999999997 448.90486 396.98829 429.19797 342.71052 308.44043 
212.49781 296.59429 200.39868 0 205.87563 406.42296 435.93741 425.45434 420.38748999999996 432.15976 432.12483 333.76533 448.68507999999997 308.34989 425.06677 411.28209000000004 257.86385 356.24072 424.12874 433.72199 306.79848 449.15529000000004 475.02373 438.63742 226.60919 218.91271 422.01782000000003 215.88209 434.22117000000003 291.7851 290.12164 466.81448 289.90134 300.77679 408.63862 468.65211 446.93116999999995 427.42456000000004 326.63603 341.08546 233.73311 470.17573000000004 479.55575 445.97747000000004 461.9771 290.7648 314.35822 411.353 396.53983 295.50221 
418.37343999999996 306.65295 406.27431 205.87563 0 200.54733 328.39989 457.81269 411.00867 254.1935 431.63435000000004 430.62466 396.0956 269.73742 374.21946 205.40646 288.43763 315.99617 270.98128 449.93331 433.90788 244.0938 319.03019 434.66733 353.58197 424.78834 489.46956 421.75772 316.31053 318.81657 455.28715 331.56461 218.88584 203.14992 476.86092 310.37092 387.79147 221.54893 424.99481000000003 336.17434 439.60874 337.24771 507.49421000000007 240.10184 268.57009 468.57223 427.23033 493.90939000000003 414.09906 293.82432 
418.35102 430.93012999999996 240.06958 406.42296 200.54733 0 203.59534 410.00742 210.46134 412.57597 454.64000999999996 497.40252 313.95202 455.125 262.9766 405.95379 390.76806 302.77891 444.0468 430.20625 362.90471 444.64113 427.62431000000004 423.18389 211.15566 273.00554 432.03286 453.40258 378.70607 219.56142 254.73982 373.78105 406.82417 403.69725 418.32484 223.55096 399.53291 422.09626000000003 224.44748 420.68929 448.2391 247.37039 459.73023 288.98351 279.75589 430.71464000000003 456.0539 472.81746 407.1523 460.42467999999997 
430.50046 227.33479 439.74406 435.93741 328.39989 203.59534 0 206.41208 408.88088 265.39863 378.06327 449.36355000000003 244.44513 349.36365 353.73065 241.4715 446.04026999999996 459.20279 421.35803 440.23532 237.85084 254.10021 438.97301 246.03666 319.93135 217.0247 228.43752 357.25385 429.53267 423.15675999999996 341.72428 207.70627 297.87763 419.6743 487.06281 372.60548 509.13005 255.9683 428.04282 443.85555 296.97789 439.00565 463.8142 223.71021 379.66038 342.28876 445.90094 444.12349 269.37105 377.37536 
410.35848 433.74687 325.31416 425.45434 457.81269 410.00742 206.41208 0 202.4688 203.61919 290.72483 465.98021 263.96832 330.03764 245.46094 419.41088 241.62208 313.7599 431.89939000000004 422.21371 376.99777 373.05384 277.92706 452.44874000000004 429.77467 418.06188 212.39924 307.63169 469.94247 306.37879 343.15321 414.11834999999996 246.08224 446.1955 391.92291 289.10405 459.8471 260.7939 412.07848 463.44176 475.69136000000003 274.81482 457.18424 291.2846 315.66852 220.4674 454.28193999999996 439.75553 210.71828 434.61668 
207.88968 411.05535 386.1809 420.38748999999996 411.00867 210.46134 408.88088 202.4688 0 202.11463 417.47568 435.13511 441.21947 422.06047 247.62542 454.54119000000003 386.11828 423.28415 233.58546 219.74491 241.05126 290.41382 299.89103 281.4186 421.617 322.36899 414.86803999999995 418.3923 446.7785 430.02276 244.04444 306.35003 264.38625 443.7194 207.8635 434.0123 297.56915 415.08051 209.60968 262.03663 445.24959 457.83173 470.09839 272.63586 447.58495 237.96026 456.44642 262.35612 413.18708 413.93641 
291.39473 438.75919 486.61454000000003 432.15976 254.1935 412.57597 265.39863 203.61919 202.11463 0 215.36105 417.00997 426.09836 219.94584 444.51655 285.87677 445.24127 406.26762 363.53957 421.85954000000004 438.99471 448.1838 279.31287 286.33418 301.46505 376.61743 372.32903 216.27767 434.61675 297.35911 446.15907000000004 275.20952 449.70143 456.57446 397.3547 449.19523000000004 463.27594999999997 217.76262 411.72431 446.1293 330.43464 395.75935 460.38694 317.03106 440.07693 242.03155 423.44402 464.47074999999995 414.33747 456.11262 
450.08096 492.98522 478.17296999999996 432.12483 431.63435000000004 454.64000999999996 378.06327 290.72483 417.47568 215.36105 0 201.64892 238.2165 220.81961 384.6079 226.22789 430.79666 428.1325 481.52365 284.92653 443.71245 324.6306 298.91912 455.48876 465.18821 460.63563 449.02042 249.48011 225.50227 439.18506 447.53265999999996 482.05794000000003 288.0705 489.77689999999996 232.01607 294.1469 247.9149 390.47704 474.60396000000003 476.06845 270.00345 441.20616 327.83396 474.09845 460.62871 345.18739 468.28458 370.52312 434.92049 433.61593 
438.01374 365.77785 394.8331 333.76533 430.62466 497.40252 449.36355000000003 465.98021 435.13511 417.00997 201.64892 0 204.91842 411.07094 459.6209 427.87681 434.59307 226.48358 417.1898 292.4236 442.38693 316.2055 248.0141 451.64621 470.61650999999995 468.66166999999996 470.24427000000003 451.12903 427.15119000000004 349.48587 245.88374 375.25255 475.73048 469.15944 433.66499 452.08745 326.97735 372.59956 272.95504 342.43914 205.52567 378.66971 436.22321999999997 285.11914 377.39564 452.87307999999996 460.36359000000004 428.51408000000004 448.86818 231.96701 
270.80777 440.38436 294.89608 448.68507999999997 396.0956 313.95202 244.44513 263.96832 441.21947 426.09836 238.2165 204.91842 0 206.15252 430.72323 382.1508 473.12922000000003 266.45358 345.18503 466.19055000000003 460.2727 273.57617 296.01326 331.05175 471.16134 361.93434 472.88265 276.19314 385.47021 464.90981 270.1552 452.15139999999997 299.45654 462.92039 387.0667 467.48407 280.06756 465.52869 477.85776 280.13888 410.44408999999996 445.13991 231.3048 451.07553 248.46197 447.60477000000003 471.90854 223.59566 334.56157 433.12205 
442.21351 440.92825 349.65353 308.34989 269.73742 455.125 349.36365 330.03764 422.06047 219.94584 220.81961 411.07094 206.15252 0 224.57071 431.48648000000003 418.36447999999996 322.48563 418.70835 293.26564 383.22267 448.67103 489.77005999999994 359.96493 315.61876 315.22271 377.62088 226.82287 445.16195 258.75729 438.30787 261.23833 474.69686 298.97708 361.99926 447.0705 432.75275 437.70846 271.70524 327.91198 390.89621 463.04997000000003 437.45732 455.54022 325.73675 241.45225 432.04972999999995 278.00481 452.56808 236.16678 
422.11363 475.62207 416.00939000000005 425.06677 374.21946 262.9766 353.73065 245.46094 247.62542 444.51655 384.6079 459.6209 430.72323 224.57071 0 206.91577 411.48454000000004 420.38377 339.64136 415.2314 214.78821 328.95418 441.52465 423.11592 211.08769 412.29623000000004 440.10945 245.62525 457.95804 255.71942 213.73716 449.04769 491.54318 431.31868 444.72035 417.08813 285.2205 393.37528 455.27998 310.46813 365.54607 380.65692 478.37099 454.78633 359.80431 465.92834 208.821 429.44462999999996 415.60837000000004 255.87679 
424.65675999999996 467.09011999999996 323.54121 411.28209000000004 205.40646 405.95379 241.4715 419.41088 454.54119000000003 285.87677 226.22789 427.87681 382.1508 431.48648000000003 206.91577 0 204.56877 412.67826 346.01019 244.52685 421.70398 438.98654999999997 234.60888 229.26087 418.00346 458.4962 469.90902 452.54102 251.04227 462.3601 385.41291 449.17777 424.2923 310.34007 284.87462 419.63126 422.79379 426.95539 315.33892 358.2649 314.32533 483.1893 352.33413 247.87056 307.6331 447.2156 269.59631 324.64226 208.6926 277.07635 
437.22982 268.61616 298.662 257.86385 288.43763 390.76806 446.04026999999996 241.62208 386.11828 445.24127 430.79666 434.59307 473.12922000000003 418.36447999999996 411.48454000000004 204.56877 0 208.10949 425.18354999999997 427.05464 224.67016 439.21761000000004 310.50979 433.82964000000004 351.11479 392.54206 350.40886 252.90535 455.61104 453.32904 309.00349 308.54115 284.3478 476.02989 406.05965000000003 420.10807 218.22502 287.7494 491.23074999999994 436.93349 477.00403000000006 450.74833 398.71865 378.33938 345.9466 242.64683 458.23705 356.00487 304.44257 481.64512 
461.84272999999996 469.91094 317.25949 356.24072 315.99617 302.77891 459.20279 313.7599 423.28415 406.26762 428.1325 226.48358 266.45358 322.48563 420.38377 412.67826 208.10949 0 217.07406 254.68 432.77965 309.05804 464.87217999999996 332.07769 420.67121 242.17809 277.83805 352.40667 371.78116 335.45739 421.16828 308.15553 491.46684 443.13209 481.23722 441.76922 426.33451 355.51708 477.16989 452.53198 428.73819000000003 427.64695 453.58699 504.83317999999997 429.50973 303.5367 419.10168 445.11321 250.03532 458.45059 
303.83547 386.87717 419.83365000000003 424.12874 270.98128 444.0468 421.35803 431.89939000000004 233.58546 363.53957 481.52365 417.1898 345.18503 418.70835 339.64136 346.01019 425.18354999999997 217.07406 0 207.50518 335.02282 368.16349 285.9195 208.9164 294.67105 378.12784 399.84944 441.34761000000003 433.85746 455.53215 477.6299 436.73402999999996 488.36419 443.60686 434.91382 224.69516 339.55573 478.44538 399.68529 442.02108 211.66413 361.02849 236.51293 433.10563 327.98077 430.73463 428.15556 441.13044 467.10938 329.88085 
221.22418 222.56327 434.97254 433.72199 449.93331 430.20625 440.23532 422.21371 219.74491 421.85954000000004 284.92653 292.4236 466.19055000000003 293.26564 415.2314 244.52685 427.05464 254.68 207.50518 0 202.38448 344.61393 472.33846 287.75397 312.47324 496.85809 314.90555 233.84243 452.18151 431.04336 442.70788 284.33811 371.80713 374.83418 330.73932 268.26511 455.65754 411.52112 429.35459000000003 271.25313 419.16931 454.03616 328.45209 465.30315 389.50196 428.71396 458.30469 325.7493 277.9356 218.3481 
343.58634 424.94775 484.97675000000004 306.79848 433.90788 362.90471 237.85084 376.99777 241.05126 438.99471 443.71245 442.38693 460.2727 383.22267 214.78821 421.70398 224.67016 432.77965 335.02282 202.38448 0 214.54745 284.03301 483.88750000000005 425.8759 378.53272 457.06158000000005 313.30873 438.33661 228.65888 428.52536999999995 247.79891 423.02972 428.47824 331.82621 282.8417 439.79359999999997 457.75687 450.66094 363.67806 511.60042 368.97306 487.86036 461.56105 368.79355 292.5666 423.60920999999996 478.9607 465.89499 397.34694 
418.55098 466.22438999999997 279.24075 449.15529000000004 244.0938 444.64113 254.10021 373.05384 290.41382 448.1838 324.6306 316.2055 273.57617 448.67103 328.95418 438.98654999999997 439.21761000000004 309.05804 368.16349 344.61393 214.54745 0 204.37767 408.00978 382.07898 470.89671 341.4433 233.2732 225.77374 439.45653000000004 436.86403 435.64441 375.69162 243.77692 237.84966 313.09336 514.97641 381.72026 449.47328000000005 281.70535 341.81963 487.56684 345.78084 456.16946 253.5559 448.45894 242.50591 460.04814999999996 334.31028 212.50425 
459.13543 379.49628 274.62505 475.02373 319.03019 427.62431000000004 438.97301 277.92706 299.89103 279.31287 298.91912 248.0141 296.01326 489.77005999999994 441.52465 234.60888 310.50979 464.87217999999996 285.9195 472.33846 284.03301 204.37767 0 203.63211 353.56155 474.09069 452.74432 437.65087 430.15141 512.08159 354.79006 231.26674 355.72117 289.30707 241.07054 204.07335 336.79098 462.09812999999997 434.5432 426.25935000000004 453.53977 388.79578 440.25262 427.82134 454.51649 411.23703 256.41673 367.5893 443.30147999999997 416.88192000000004 
329.36197 453.52567999999997 478.25716 438.63742 434.66733 423.18389 246.03666 452.44874000000004 281.4186 286.33418 455.48876 451.64621 331.05175 359.96493 423.11592 229.26087 433.82964000000004 332.07769 208.9164 287.75397 483.88750000000005 408.00978 203.63211 0 212.02823 413.23677 461.8065 502.61185 480.30314 562.16853 436.76099999999997 374.12635 538.54721 359.06537 444.70265 281.13583 454.3402 436.38192000000004 230.91109 452.23244 283.69359 459.50797 327.75675 224.18923 312.33942 345.6257 323.1184 538.42356 437.95347000000004 489.85442 
314.66224 437.19124 427.00787 226.60919 353.58197 211.15566 319.93135 429.77467 421.617 301.46505 465.18821 470.61650999999995 471.16134 315.61876 211.08769 418.00346 351.11479 420.67121 294.67105 312.47324 425.8759 382.07898 353.56155 212.02823 0 201.20854 430.34268 442.49128 286.6422 430.71708 224.73277 449.11031 419.34878000000003 439.00577 266.68717 242.04292 389.68465 350.30928 333.60887 240.20421 286.60669 458.52605 267.2833 319.52741 423.71353999999997 336.79982 288.36606 472.15527 229.99005 449.09254999999996 
430.48341000000005 315.69598 419.31139 218.91271 424.78834 273.00554 217.0247 418.06188 322.36899 376.61743 460.63563 468.66166999999996 361.93434 315.22271 412.29623000000004 458.4962 392.54206 242.17809 378.12784 496.85809 378.53272 470.89671 474.09069 413.23677 201.20854 0 229.13414 434.7948 283.59318 371.59991 332.2996 247.90177 407.09396000000004 337.75434 394.05486 389.9882 398.66834 260.4082 465.87903000000006 424.54931999999997 273.32366 459.59141 260.64304 440.73491 475.03374 436.38571 398.87449 360.3116 347.0937 371.79497 
360.78904 338.52044 249.86191 422.01782000000003 489.46956 432.03286 228.43752 212.39924 414.86803999999995 372.32903 449.02042 470.24427000000003 472.88265 377.62088 440.10945 469.90902 350.40886 277.83805 399.84944 314.90555 457.06158000000005 341.4433 452.74432 461.8065 430.34268 229.13414 0 235.28584 453.62492 340.41248 236.84768 436.14378999999997 458.48148000000003 286.31964 453.43059 248.67097 336.08538 455.3322 522.51845 336.07436 267.92496 464.28573 456.82794 452.14773 446.93296999999995 260.07974 249.6508 292.95215 308.00566 302.99499 
244.70655 391.21183 323.53402 215.88209 421.75772 453.40258 357.25385 307.63169 418.3923 216.27767 249.48011 451.12903 276.19314 226.82287 245.62525 452.54102 252.90535 352.40667 441.34761000000003 233.84243 313.30873 233.2732 437.65087 502.61185 442.49128 434.7948 235.28584 0 218.33908 386.15936 359.28943 257.84981 448.43628 240.29679 339.84835 258.66002 455.28344000000004 430.14365999999995 294.97472 439.67381 440.53241 254.29364 468.12874999999997 473.09141999999997 451.01349000000005 452.19633 224.46226 354.52864 453.26994 371.90746 
391.63233 488.36599 317.07635 434.22117000000003 316.31053 378.70607 429.53267 469.94247 446.7785 434.61675 225.50227 427.15119000000004 385.47021 445.16195 457.95804 251.04227 455.61104 371.78116 433.85746 452.18151 438.33661 225.77374 430.15141 480.30314 286.6422 283.59318 453.62492 218.33908 0 213.68279 260.71358 326.47644 427.52495 322.75566 457.51834 257.26016 442.46653000000003 458.26531 352.81083 452.55028000000004 222.19333 472.63272 492.35559 438.56456000000003 235.951 445.57569 442.80134 394.73717 374.92213 438.27799000000005 
446.37428 274.6832 459.631 291.7851 318.81657 219.56142 423.15675999999996 306.37879 430.02276 297.35911 439.18506 349.48587 464.90981 258.75729 255.71942 462.3601 453.32904 335.45739 455.53215 431.04336 228.65888 439.45653000000004 512.08159 562.16853 430.71708 371.59991 340.41248 386.15936 213.68279 0 259.95994 476.45779000000005 510.2414 487.06071 393.38915 443.11238000000003 540.93992 515.12173 444.00890000000004 506.28562 435.87612 391.94184 289.12818 508.54493 449.63379 283.76479 361.50277 471.44598 335.46517 456.28078 
288.00963 392.80954 204.35133 290.12164 455.28715 254.73982 341.72428 343.15321 244.04444 446.15907000000004 447.53265999999996 245.88374 270.1552 438.30787 213.73716 385.41291 309.00349 421.16828 477.6299 442.70788 428.52536999999995 436.86403 354.79006 436.76099999999997 224.73277 332.2996 236.84768 359.28943 260.71358 259.95994 0 235.31053 448.76905999999997 432.08534999999995 451.90794 352.93413 462.81102999999996 464.63465 285.67077 464.93697999999995 322.43964 466.60991 492.01607 466.85092999999995 373.87697 476.34289 258.95325 476.1735 448.25818000000004 224.35978 
358.08716 352.21055 439.66186 466.81448 331.56461 373.78105 207.70627 414.11834999999996 306.35003 275.20952 482.05794000000003 375.25255 452.15139999999997 261.23833 449.04769 449.17777 308.54115 308.15553 436.73402999999996 284.33811 247.79891 435.64441 231.26674 374.12635 449.11031 247.90177 436.14378999999997 257.84981 326.47644 476.45779000000005 235.31053 0 213.45853 358.12366 433.8965 435.34009000000003 496.09763999999996 244.34912 449.81995 236.14928 466.50623 231.29938 445.13449 281.59748 449.71206 502.69058 450.03052 240.86297 358.48987 459.67031 
383.71014 432.11868000000004 435.87351 289.90134 218.88584 406.82417 297.87763 246.08224 264.38625 449.70143 288.0705 475.73048 299.45654 474.69686 491.54318 424.2923 284.3478 491.46684 488.36419 371.80713 423.02972 375.69162 355.72117 538.54721 419.34878000000003 407.09396000000004 458.48148000000003 448.43628 427.52495 510.2414 448.76905999999997 213.45853 0 208.13949 262.5666 436.91809 502.57282 357.52554 473.99593000000004 363.23732 355.49855 322.09538 477.04869999999994 458.98768 487.45592999999997 466.54964 381.8422 293.50181 405.65959 271.21188 
314.699 377.74364 227.73402 300.77679 203.14992 403.69725 419.6743 446.1955 443.7194 456.57446 489.77689999999996 469.15944 462.92039 298.97708 431.31868 310.34007 476.02989 443.13209 443.60686 374.83418 428.47824 243.77692 289.30707 359.06537 439.00577 337.75434 286.31964 240.29679 322.75566 487.06071 432.08534999999995 358.12366 208.13949 0 273.711 444.33187 486.19372 424.69885 481.58108 477.78733 435.90354 470.06426999999996 453.98688 443.25176 340.28217 489.79483999999997 450.43698 355.34484 488.61356 264.71516 
218.06489 414.78728 440.33006 408.63862 476.86092 418.32484 487.06281 391.92291 207.8635 397.3547 232.01607 433.66499 387.0667 361.99926 444.72035 284.87462 406.05965000000003 481.23722 434.91382 330.73932 331.82621 237.84966 241.07054 444.70265 266.68717 394.05486 453.43059 339.84835 457.51834 393.38915 451.90794 433.8965 262.5666 273.711 0 231.79212 433.67517 298.7481 275.54004 369.52698 284.4737 270.80882 467.97139000000004 276.4661 421.87202 421.56108 304.16733 412.1785 458.15738 369.08764 
414.65346 456.61884 379.48131 468.65211 310.37092 223.55096 372.60548 289.10405 434.0123 449.19523000000004 294.1469 452.08745 467.48407 447.0705 417.08813 419.63126 420.10807 441.76922 224.69516 268.26511 282.8417 313.09336 204.07335 281.13583 242.04292 389.9882 248.67097 258.66002 257.26016 443.11238000000003 352.93413 435.34009000000003 436.91809 444.33187 231.79212 0 201.88305 357.87097 351.38733 222.186 436.35929 264.63354 236.17927 309.88719 304.91856 207.16368 460.01092 395.6901 437.24622 236.87372 
234.43336 437.59902999999997 258.4597 446.93116999999995 387.79147 399.53291 509.13005 459.8471 297.56915 463.27594999999997 247.9149 326.97735 280.06756 432.75275 285.2205 422.79379 218.22502 426.33451 339.55573 455.65754 439.79359999999997 514.97641 336.79098 454.3402 389.68465 398.66834 336.08538 455.28344000000004 442.46653000000003 540.93992 462.81102999999996 496.09763999999996 502.57282 486.19372 433.67517 201.88305 0 328.65831 342.33253 424.06905 466.62922000000003 466.51658999999995 391.12456 478.23027 423.42399 409.04673 349.1202 503.66322 518.13932 438.75676999999996 
427.41886 376.73792 474.95077000000003 427.42456000000004 221.54893 422.09626000000003 255.9683 260.7939 415.08051 217.76262 390.47704 372.59956 465.52869 437.70846 393.37528 426.95539 287.7494 355.51708 478.44538 411.52112 457.75687 381.72026 462.09812999999997 436.38192000000004 350.30928 260.4082 455.3322 430.14365999999995 458.26531 515.12173 464.63465 244.34912 357.52554 424.69885 298.7481 357.87097 328.65831 0 205.47083 404.99661000000003 266.78125 475.6485 337.47251 268.72565 222.31431 431.93899999999996 205.6814 475.78513 268.05904 318.3421 
221.94803 222.61459 364.25505 326.63603 424.99481000000003 224.44748 428.04282 412.07848 209.60968 411.72431 474.60396000000003 272.95504 477.85776 271.70524 455.27998 315.33892 491.23074999999994 477.16989 399.68529 429.35459000000003 450.66094 449.47328000000005 434.5432 230.91109 333.60887 465.87903000000006 522.51845 294.97472 352.81083 444.00890000000004 285.67077 449.81995 473.99593000000004 481.58108 275.54004 351.38733 342.33253 205.47083 0 261.09413 472.25208 455.22713999999996 348.49095 455.10032 378.99499 429.43781 347.8382 316.95619 454.18433 268.91622 
449.6127 289.44987 389.1501 341.08546 336.17434 420.68929 443.85555 463.44176 262.03663 446.1293 476.06845 342.43914 280.13888 327.91198 310.46813 358.2649 436.93349 452.53198 442.02108 271.25313 363.67806 281.70535 426.25935000000004 452.23244 240.20421 424.54931999999997 336.07436 439.67381 452.55028000000004 506.28562 464.93697999999995 236.14928 363.23732 477.78733 369.52698 222.186 424.06905 404.99661000000003 261.09413 0 230.35695 309.73415 458.36527 517.74676 437.6293 429.34968000000003 437.25296000000003 477.01225 470.19426 459.05971999999997 
446.23091999999997 269.84739 208.16952 233.73311 439.60874 448.2391 296.97789 475.69136000000003 445.24959 330.43464 270.00345 205.52567 410.44408999999996 390.89621 365.54607 314.32533 477.00403000000006 428.73819000000003 211.66413 419.16931 511.60042 341.81963 453.53977 283.69359 286.60669 273.32366 267.92496 440.53241 222.19333 435.87612 322.43964 466.50623 355.49855 435.90354 284.4737 436.35929 466.62922000000003 266.78125 472.25208 230.35695 0 278.20994 448.17706 353.6607 430.23846000000003 494.83059000000003 458.82756 486.63609 376.15842 437.49267999999995 
326.46628 232.61255 375.5965 470.17573000000004 337.24771 247.37039 439.00565 274.81482 457.83173 395.75935 441.20616 378.66971 445.13991 463.04997000000003 380.65692 483.1893 450.74833 427.64695 361.02849 454.03616 368.97306 487.56684 388.79578 459.50797 458.52605 459.59141 464.28573 254.29364 472.63272 391.94184 466.60991 231.29938 322.09538 470.06426999999996 270.80882 264.63354 466.51658999999995 475.6485 455.22713999999996 309.73415 278.20994 0 213.83511 235.31874 437.9323 471.79722 478.7559 449.40125 350.7386 491.52233 
268.7328 254.61039 322.02507 479.55575 507.49421000000007 459.73023 463.8142 457.18424 470.09839 460.38694 327.83396 436.22321999999997 231.3048 437.45732 478.37099 352.33413 398.71865 453.58699 236.51293 328.45209 487.86036 345.78084 440.25262 327.75675 267.2833 260.64304 456.82794 468.12874999999997 492.35559 289.12818 492.01607 445.13449 477.04869999999994 453.98688 467.97139000000004 236.17927 391.12456 337.47251 348.49095 458.36527 448.17706 213.83511 0 297.77141 479.76677 443.34295 329.81816 394.43711 497.27335 473.05299 
313.10505 328.78657 262.4996 445.97747000000004 240.10184 288.98351 223.71021 291.2846 272.63586 317.03106 474.09845 285.11914 451.07553 455.54022 454.78633 247.87056 378.33938 504.83317999999997 433.10563 465.30315 461.56105 456.16946 427.82134 224.18923 319.52741 440.73491 452.14773 473.09141999999997 438.56456000000003 508.54493 466.85092999999995 281.59748 458.98768 443.25176 276.4661 309.88719 478.23027 268.72565 455.10032 517.74676 353.6607 235.31874 297.77141 0 202.61356 304.83005 474.40704999999997 391.56391 416.26703 449.27213 
417.11447 295.6978 418.22195999999997 461.9771 268.57009 279.75589 379.66038 315.66852 447.58495 440.07693 460.62871 377.39564 248.46197 325.73675 359.80431 307.6331 345.9466 429.50973 327.98077 389.50196 368.79355 253.5559 454.51649 312.33942 423.71353999999997 475.03374 446.93296999999995 451.01349000000005 235.951 449.63379 373.87697 449.71206 487.45592999999997 340.28217 421.87202 304.91856 423.42399 222.31431 378.99499 437.6293 430.23846000000003 437.9323 479.76677 202.61356 0 209.62469 427.99571000000003 455.81869 213.65347 246.65857 
207.48978 410.65545 448.90486 290.7648 468.57223 430.71464000000003 342.28876 220.4674 237.96026 242.03155 345.18739 452.87307999999996 447.60477000000003 241.45225 465.92834 447.2156 242.64683 303.5367 430.73463 428.71396 292.5666 448.45894 411.23703 345.6257 336.79982 436.38571 260.07974 452.19633 445.57569 283.76479 476.34289 502.69058 466.54964 489.79483999999997 421.56108 207.16368 409.04673 431.93899999999996 429.43781 429.34968000000003 494.83059000000003 471.79722 443.34295 304.83005 209.62469 0 274.98281 500.31638 423.27815999999996 413.53651 
469.16881 453.35321999999996 396.98829 314.35822 427.23033 456.0539 445.90094 454.28193999999996 456.44642 423.44402 468.28458 460.36359000000004 471.90854 432.04972999999995 208.821 269.59631 458.23705 419.10168 428.15556 458.30469 423.60920999999996 242.50591 256.41673 323.1184 288.36606 398.87449 249.6508 224.46226 442.80134 361.50277 258.95325 450.03052 381.8422 450.43698 304.16733 460.01092 349.1202 205.6814 347.8382 437.25296000000003 458.82756 478.7559 329.81816 474.40704999999997 427.99571000000003 274.98281 0 270.10373 286.31824 455.01016000000004 
419.95437000000004 216.7887 429.19797 411.353 493.90939000000003 472.81746 444.12349 439.75553 262.35612 464.47074999999995 370.52312 428.51408000000004 223.59566 278.00481 429.44462999999996 324.64226 356.00487 445.11321 441.13044 325.7493 478.9607 460.04814999999996 367.5893 538.42356 472.15527 360.3116 292.95215 354.52864 394.73717 471.44598 476.1735 240.86297 293.50181 355.34484 412.1785 395.6901 503.66322 475.78513 316.95619 477.01225 486.63609 449.40125 394.43711 391.56391 455.81869 500.31638 270.10373 0 242.16522 466.06362 
429.94513 458.95392000000004 342.71052 396.53983 414.09906 407.1523 269.37105 210.71828 413.18708 414.33747 434.92049 448.86818 334.56157 452.56808 415.60837000000004 208.6926 304.44257 250.03532 467.10938 277.9356 465.89499 334.31028 443.30147999999997 437.95347000000004 229.99005 347.0937 308.00566 453.26994 374.92213 335.46517 448.25818000000004 358.48987 405.65959 488.61356 458.15738 437.24622 518.13932 268.05904 454.18433 470.19426 376.15842 350.7386 497.27335 416.26703 213.65347 423.27815999999996 286.31824 242.16522 0 223.8984 
206.04673 375.73145 308.44043 295.50221 293.82432 460.42467999999997 377.37536 434.61668 413.93641 456.11262 433.61593 231.96701 433.12205 236.16678 255.87679 277.07635 481.64512 458.45059 329.88085 218.3481 397.34694 212.50425 416.88192000000004 489.85442 449.09254999999996 371.79497 302.99499 371.90746 438.27799000000005 456.28078 224.35978 459.67031 271.21188 264.71516 369.08764 236.87372 438.75676999999996 318.3421 268.91622 459.05971999999997 437.49267999999995 491.52233 473.05299 449.27213 246.65857 413.53651 455.01016000000004 466.06362 223.8984 0 
