98
Clarksville Lancaster Havre Aberdeen Lowell Cambridge Albany Boise Merced Montgomery Detroit Three Boulder Lacey Melbourne Julian Cleveland Erie Elkhart Huntington Hickory Hartford Glendale Amarillo Mesquite Burlington Dayton Elizabeth Irving Fairfield Asheville Chesapeake Manchester Cary Dallas Modesto Hampton Prairie Denton Hayward Lakeland Ten Jacksonville Anaheim Hialeah Mesa Carrollton Charleston Johnson Corpus Miami Allentown Lewisville Kennewick Denver Bradenton Akron Laredo Seven Kissimmee Canton Layton Brownsville Hesperia Clarke Killeen Baltimore Kenosha Gainesville Vista Greensboro Apple Fayetteville Davidson Rapids Arlington Bridgeport Abilene Four Monterey Antioch Hagerstown Leominster Mobile Birmingham Viejo Naples Bedford Anchorage Daytona Muskegon Austin Baton Gilbert Bethlehem Lafayette Kailua Monroe
0 212.31477 251.24564 240.40798 266.08913 452.73944 354.99002 271.43726 441.70583 421.12827 317.85047 326.65543 467.94742 364.51466 243.23294 417.10611 437.93710999999996 453.9526 420.74719000000005 482.50705 361.46642 425.18634 423.7044 392.71457 447.12395000000004 431.03344000000004 332.81249 447.368 443.81071 408.5558 236.66769 436.97941000000003 465.42131 332.54506 293.2522 423.4815 221.065 315.33861 437.78318 328.27957 317.8255 292.86918 320.73615 253.04928 445.56827 414.95705 431.91625 426.59947 301.86901 339.8193 421.40914999999995 319.89408 403.92710999999997 451.14185 249.72041 429.87465 226.89391 345.86735 411.59839999999997 389.9078 405.4817 399.27944 419.41367 427.03615 226.74005 332.39917 442.87068999999997 294.25889 402.08698 404.04474 448.58536 238.79046 439.02858000000003 355.22665 419.99297 274.66049 425.02927 475.04106 406.51614 377.84714 473.9027 309.82698 431.9079 369.0193 356.16084 369.47498 423.75962000000004 426.72581 367.36705 425.53616999999997 291.22761 445.23227999999995 231.6624 276.66328 435.76865999999995 270.89738 280.9925 201.67365 
212.31477 0 203.35748 413.25311999999997 427.55617 250.71295 374.92045 357.08467 457.65119 465.59951 446.06034999999997 292.81504 402.67453 478.61998 432.84956 425.26604 383.04217 287.05769 208.43242 410.49023 393.82119 411.99355 470.18739 282.04096 234.80918 408.08977 275.73294 294.87883 388.13051 456.62711 327.78537 281.82979 441.2319 455.94768999999997 333.12367 320.35456 306.98512 304.44912 313.45103 425.72987 220.11812 421.6959 431.09968000000003 320.19578 243.61502 352.14681 219.60148 423.55722000000003 335.19108 453.52237 451.44564 415.69451 363.68148 453.92305999999996 355.36154 255.85585 392.8903 268.66848 262.93195 428.37815 319.36544 341.56517 445.77527999999995 374.77552 226.92188 329.17174 462.22281 310.15922 440.01914999999997 451.37969 417.79821 294.54465 266.12003 370.72191 437.92101 444.70258 244.30398 437.59571 446.12210000000005 431.74460999999997 328.57363 208.75568 221.26449 428.5046 377.27268 239.0002 445.05631 338.85595 453.28538000000003 421.19624 299.38915 245.17922 238.15347 283.1403 440.05488 458.96097999999995 217.30548 413.98842 
251.24564 203.35748 0 209.89564 411.60254 363.4213 330.05187 456.69513 481.59929999999997 476.05899999999997 439.19300999999996 445.18758 258.47974 381.00882 447.70632 307.69712 469.23261 439.50186 411.7899 434.31424000000004 272.87954 281.96176 451.00532999999996 260.54984 436.39416 438.64639999999997 295.60405 447.53703 304.58962 449.59729000000004 435.13014999999996 471.29629 452.37828 445.51725 431.88359 324.18217 421.67695 340.31714 471.30714 438.81687999999997 423.4756 408.23247 338.33228 424.26845000000003 331.90891 367.50816 234.45824 327.45178 247.59302 295.77825 271.13035 430.25273 319.2903 346.9784 371.9163 262.28414 300.75238 360.16046 292.77123 258.95382 280.49524 227.69843 436.24797 437.69036 325.29978 247.40577 455.33682 415.13781 390.81296 432.34596 421.59141999999997 409.03171 232.01158 346.94484 493.97664 443.113 435.31251 234.23823 448.88991999999996 387.64756 481.92448 412.11316 210.83405 345.62177 350.72978 261.17469 324.58129 430.15195 461.33653000000004 413.76365 408.5104 218.32622 357.18666 257.53247 416.99397 399.8409 301.29479 297.66466 
240.40798 413.25311999999997 209.89564 0 201.7069 247.56281 283.92232 289.88296 333.66586 460.38905 441.99972 326.00176 323.40605 271.5093 435.60137 236.08197 386.70233 459.8623 339.26649 446.48684000000003 287.86413 373.19014 249.83597 360.5184 345.22736 433.04275 453.24302 451.28117 449.85875 359.53708 340.79129 451.6835 357.81391 429.61834999999996 453.11442999999997 448.92371 433.76500999999996 419.08979 436.02346 235.64595 403.76437999999996 295.65945 216.44804 389.9903 282.29493 360.47433 324.25765 423.26783 433.24627 466.04249 444.11010999999996 347.98803 449.49951999999996 440.05054 398.3167 425.91228 347.25873 350.91823 464.20731 433.32059000000004 337.72095 437.59407 315.79801 386.82073 421.95736999999997 215.5904 427.48623 290.35942 463.56115 280.14892 379.17278 228.74153 355.41091 426.79152 463.29685 417.65476 358.711 439.30524 425.43571 267.71705 417.51441 426.45185000000004 420.72969 421.74010999999996 431.80857000000003 432.07795999999996 334.87094 412.59392 429.76776 452.37877000000003 318.50421 222.88942 445.63741 448.27734 308.59753 440.31917 439.13176999999996 442.08163 
266.08913 427.55617 411.60254 201.7069 0 204.96915 399.40506 462.31638 452.8795 445.94764 427.48771999999997 283.67396 414.54016 212.08928 412.53756 437.78887 423.30212 427.07167000000004 360.98167 446.17315 438.53578000000005 364.02771 343.89432 258.81447 390.75179 445.6029 444.06082000000004 414.11491 454.98656 434.39715 408.6266 374.88961 306.44508 351.56104 301.76843 308.22234 463.60510999999997 336.63751 447.0875 277.34369 447.97087999999997 426.40388 418.15494 398.45731 447.10113 328.21635 207.95469 411.91043 435.28098 350.57572 378.88131 237.76965 260.06414 388.15772 344.18983 348.62607 293.6644 272.26531 430.43230000000005 253.16378 255.09139 390.70835 461.04616 267.47784 420.10142 417.29729999999995 243.83946 231.98732 354.34519 439.7329 438.5711 219.91708 420.15520000000004 268.45848 448.98911 323.58338 252.99489 435.98947999999996 435.31034999999997 382.4304 260.68853 368.31362 443.53811 423.62229 240.29658 329.92273 413.50626 210.88702 420.94331 276.08559 469.06824000000006 424.59632 458.11955 315.44027 256.07769 430.60621000000003 395.11769 423.76767 
452.73944 250.71295 363.4213 247.56281 204.96915 0 201.49235 293.75384 310.37037 457.25423 423.21059 219.15354 273.39005 411.28575 413.34777 340.50435 436.04323999999997 289.70432 457.47321 363.02463 408.95903 258.75213 219.47444 373.74609 450.44948999999997 469.56021 423.94672 311.7029 363.83731 422.72145 456.00325 338.48957 270.12979 357.2564 357.22092 443.64634 411.51141 341.33501 448.4828 451.5329 446.84002 311.12944 442.74942999999996 451.94128 441.72063 404.82912 412.92384000000004 446.50738 437.26746 431.57947 367.2665 230.56376 432.67023 452.98471 466.63121 310.78172 385.61264 394.4171 225.46315 241.40722 207.54709 311.7361 419.50982 440.77593 317.8097 373.18275 448.80861000000004 384.63666 245.50225 314.00083 339.99301 424.88623 391.02898 231.69514 384.53475 410.56425 457.96404 451.5315 409.71568 268.68204 395.07333 453.08128 314.1843 422.71360000000004 287.90194 466.70808999999997 272.98886 357.31927 371.25639 325.94501 306.56673 288.73033 452.65304000000003 286.56159 451.96562 303.10402 434.69487 383.96062 
354.99002 374.92045 330.05187 283.92232 399.40506 201.49235 0 200.68726 300.25567 393.2406 432.58875 228.5317 278.93827 245.38344 424.76785 283.73718 389.50429 434.26729 405.75134 225.50314 431.1472 416.49274 360.3562 431.19461 421.80314 340.62043 372.39909 447.40907000000004 411.95916 271.83725 420.70036 300.87146 318.01925 444.10531000000003 434.12577 429.00996999999995 313.98931 418.88207 430.04846 383.10092 425.34643 442.29052 427.25061 259.27737 311.95652 203.33677 267.05826 461.26786000000004 404.88448000000005 434.65788999999995 432.71203 432.03355 441.00275999999997 372.5817 328.84982 434.29926 264.21146 310.23697 373.88678 395.43639 409.03944 424.48647 218.01747 305.17238 427.29704000000004 407.51433 306.71499 416.04748 323.227 429.5556 308.5865 230.00073 275.57451 362.52377 311.55313 209.0719 409.4705 425.61118 435.40722000000005 359.63648 376.24931 251.58893 212.61487 419.85497999999995 422.70706 265.21574 452.30255 352.87262 417.47449 284.51391 207.5841 309.28171 441.61738 396.60362 250.47327 453.67654 348.5276 416.62017000000003 
271.43726 357.08467 456.69513 289.88296 462.31638 293.75384 200.68726 0 205.60935 407.74162 321.44127 316.13638 216.96172 419.4126 322.14872 431.39075 434.83077000000003 446.3286 347.65828 419.27534 381.61963 373.64363 409.87755000000004 230.50735 408.61524 302.08207 412.22920999999997 324.42966 211.2719 232.27236 416.29532 423.07324 251.72107 298.3843 448.69773 304.29578 291.5746 344.44043 229.3612 385.55739 231.76892 414.40444 249.07004 380.22392 433.94608 404.02403000000004 321.11189 270.56755 419.73593 360.63691 316.56194 354.30294 350.36279 373.52529 415.37293999999997 340.27765 341.20003 285.12057 427.99399000000005 327.50354 468.02517 444.36746 298.48273 409.97398 365.44586 279.74029 298.29658 463.01025 440.64894000000004 338.23359 444.91827 430.68799 253.89265 360.14231 316.29622 324.63766 430.78211 452.97042 315.42419 433.82133 255.57114 427.60888 413.30213000000003 411.15054 222.0198 208.43779 322.2978 416.14545999999996 432.68735 317.46448 408.27136 273.5826 269.89722 244.42365 378.58254 447.06001 218.45773 327.04825 
441.70583 457.65119 481.59929999999997 333.66586 452.8795 310.37037 300.25567 205.60935 0 202.13227 405.05920000000003 442.99975 422.57107 406.22355 332.4032 407.89362 238.58402 443.37448 274.39608 427.37549 273.41454 300.06275 428.2512 351.01869 365.58667 408.7788 206.61986 228.58254 219.37205 429.4183 362.07949 359.45548 242.94427 446.31524 350.32966 427.06521 224.64871 313.88029 408.60158 317.73714 425.55988 461.93674 448.12097 272.86542 410.24141 463.09727 274.73051 376.12942 492.77553 471.48353 423.65261999999996 223.76413 305.27687 342.98487 421.16395 432.21601 328.75934 290.42522 325.65932 414.70924 386.55995 420.87032999999997 303.36357 315.57353 331.26903 261.30803 386.61411 420.99190999999996 415.00549 431.11386 307.82118 451.12217999999996 446.73391 456.63533 424.43762000000004 403.22124 312.35542 247.36107 357.56225 434.11001999999996 249.58124 280.62696 435.49161 420.05683 417.37505 414.04714 230.38479 241.99248 332.18463 443.18245 410.94052999999997 415.48351 325.51946 309.52572 437.40267 304.85274 424.06708000000003 418.16540999999995 
421.12827 465.59951 476.05899999999997 460.38905 445.94764 457.25423 393.2406 407.74162 202.13227 0 202.92693 406.98398 419.49247 431.07611999999995 408.3034 430.45268 337.88167 433.64616 322.41787 460.40168 433.48199999999997 231.78647 411.56959 395.27911 433.93929 225.71495 209.50691 415.48701 421.50432 455.71031 297.19339 312.68447 419.07129 342.3942 360.34183 415.28564 426.78098 427.75311 451.12974999999994 409.2807 426.29345 408.27313000000004 448.07775000000004 356.00241 415.0558 345.621 415.79619 353.4094 425.68728999999996 436.04777 364.70212 425.89639999999997 239.55347 433.68755 331.88963 385.17192 416.22874 329.40325 354.44164 439.8912 423.82516 393.81696 280.04341 360.53897 270.015 304.56487 453.4252 385.68436 409.11955 436.76905 285.84075 442.59637 470.52562 443.66261 408.71714999999995 347.69369 409.04087000000004 433.39737 399.28949 245.72225 451.71351000000004 410.34949 358.10391 428.39596 430.1667 417.92579 358.57268 385.18355 308.65355 288.35781 440.16468999999995 442.40521 450.07515 470.15074 338.2897 437.43676000000005 439.68812 416.59725000000003 
317.85047 446.06034999999997 439.19300999999996 441.99972 427.48771999999997 423.21059 432.58875 321.44127 405.05920000000003 202.92693 0 204.05705 408.14117999999996 440.16088 261.98876 383.61526 296.96617 460.86012000000005 256.29207 374.82621 445.20101999999997 434.7134 297.49015 445.08376999999996 431.48862 229.50503 294.24771 364.70715 393.01956 469.12308 288.23331 440.56336999999996 424.72995000000003 379.31438 233.72276 432.12009 361.20245 485.22545 406.73127999999997 206.35377 411.96551999999997 242.11475 443.01973 419.68746999999996 431.89025 325.44748 376.59539 440.94563 378.43808 450.1051 444.91161999999997 445.33583 355.57728 433.45050000000003 309.80152 286.95371 450.24573 471.80830000000003 293.4325 416.47945 259.62233 445.01627 471.68457 425.67944 299.01266 380.27318 458.18053 269.92564 421.23713 448.21663 456.21984999999995 345.12156 448.72017 289.01596 244.65247 413.20812 425.87532 447.51515 341.86326 312.549 441.6998 237.30467 461.68800999999996 389.54098 432.57312 225.92792 440.15954999999997 416.24181 437.39691 438.0072 273.92748 250.15926 447.97769 449.948 312.85681 437.55934 288.27753 389.8195 
326.65543 292.81504 445.18758 326.00176 283.67396 219.15354 228.5317 316.13638 442.99975 406.98398 204.05705 0 204.08413 343.36633 234.97651 422.41697 216.8897 423.82063 443.86391000000003 417.75089 396.82505 460.38056 349.28956 422.94982 442.139 250.40667 374.38429 425.43384000000003 223.6277 433.67395 429.52088000000003 435.90371 343.47506 319.45075 205.59407 300.25258 414.73186 385.28517 270.28109 410.41082 227.68648 404.75073999999995 246.02551 407.50048 350.01261 431.86847 439.06543999999997 370.14117 368.55849 328.00872 343.7355 413.18083 446.63478999999995 339.50204 343.74611 409.62693 330.92368 440.94371 360.82167 419.76297 284.20132 424.54596000000004 428.57795999999996 221.62239 421.91849 377.36568 459.70917 443.78742 217.18008 422.64787 337.62335 442.56497 433.80449999999996 441.8588 414.29786 418.40788 302.20955 408.48923 379.22296 375.48569 254.6835 441.36172 338.57683 272.40846 429.14104999999995 423.15858000000003 422.45525 358.06962 425.20992 416.89372000000003 427.91209000000003 450.32896 435.77601000000004 421.81931 360.73959 320.54108 215.54133 453.35737 
467.94742 402.67453 258.47974 323.40605 414.54016 273.39005 278.93827 216.96172 422.57107 419.49247 408.14117999999996 204.08413 0 202.45088 224.71448 374.20785 247.88748 431.85243 403.24881 213.66676 327.28086 277.97819 417.58562 424.31894 472.72929 410.62648 427.60303999999996 404.47651 325.87079 449.17107 421.58811000000003 430.90623000000005 420.02935 328.62619 383.59715 421.30167 266.62868 442.11757 425.05763 445.92664 426.8854 292.86408 373.69347 419.2483 280.82001 411.42864999999995 437.96256 399.55771 209.22734 353.16232 244.60492 406.39981 491.22796 370.49332 268.63799 220.02592 361.85989 394.78959 429.27733 459.38259000000005 354.94956 303.94255 224.49383 425.70651999999995 295.05296 405.0118 448.29398000000003 348.42568 421.26421 443.38894 369.38861 448.05519000000004 260.95486 456.70678 300.68358 348.06767 412.24413000000004 277.95972 205.05062 342.84669 381.01698 416.36552 394.40197 220.37316 301.60457 371.43263 247.76256 263.96941 364.33402 416.72811 240.13519 331.85766 390.04537 307.03184 242.32596 249.34021 418.00941 436.67859999999996 
364.51466 478.61998 381.00882 271.5093 212.08928 411.28575 245.38344 419.4126 406.22355 431.07611999999995 440.16088 343.36633 202.45088 0 200.44828 335.02282 211.21284 287.46387 429.84856 416.11764000000005 404.74996 451.46470999999997 299.58384 422.30322 454.19729 390.68323 231.97154 202.02563 403.83177 350.39814 362.95149 421.33122000000003 217.57847 255.7516 421.38724 359.93839 416.12559 456.38491999999997 406.61009 448.57289000000003 415.89238 214.3146 344.85924 216.79742 421.26981 448.72021 413.69636 365.70793 411.67822 355.8778 412.61246 272.98247 461.42544 280.37683 436.08909 422.4768 420.29285000000004 209.9515 414.6795 457.70385 363.63458 386.3758 280.28726 349.39267 322.01311 448.9386 455.92874 444.0766 337.71646 459.23368 417.9083 245.60431 420.177 325.55086 241.45118 438.75169000000005 255.42956 373.02887 313.49981 452.06829000000005 257.39924 296.25646 287.81464 261.99593 381.02114 426.95497 450.21344 337.76788 376.74219 449.85618 439.17383 273.70219 426.23022000000003 258.37511 425.29509 245.93913 384.13402 426.17719 
243.23294 432.84956 447.70632 435.60137 412.53756 413.34777 424.76785 322.14872 332.4032 408.3034 261.98876 234.97651 224.71448 200.44828 0 210.71011 411.66112 437.27553 476.67186000000004 368.87017 442.62503 446.31131000000005 261.28651 356.401 470.63144 454.31773999999996 432.41982 311.42167 319.21156 452.53875 291.9467 386.66776 418.02675 449.82583 397.16619 465.90553 402.94668 432.87555 446.97137999999995 281.94481 302.27115 414.76288 273.69098 417.2457 387.64258 303.8209 213.24808 278.94389 433.94182 385.16007 376.78634 312.73681 432.17652 244.19056 235.64081 287.04453 236.8557 320.68465 320.23704 433.74171 413.58839 424.33514 409.31886 455.41719 439.44929 290.32391 283.0875 420.58451 211.32809 410.77428 217.46002 319.54122 458.29711 461.23234 351.98815 329.86926 324.64928 426.07149000000004 211.4198 429.64701 457.84752000000003 303.6609 441.06047 412.15616 213.44952 302.69528 435.18037000000004 450.92656 308.33808 386.94418 410.53313 277.17593 267.03449 432.66705 340.82812 350.65559 450.51784 444.90659000000005 
417.10611 425.26604 307.69712 236.08197 437.78887 340.50435 283.73718 431.39075 407.89362 430.45268 383.61526 422.41697 374.20785 335.02282 210.71011 0 207.59295 414.52387999999996 428.39916 226.34135 231.91492 433.61045 461.9999 419.40618 314.80649 419.71410000000003 309.83953 433.46363 434.34479 435.92349 435.14108999999996 242.81395 440.90351999999996 454.4972 378.91103 271.33943 419.30106 427.11942999999997 436.41902000000005 431.38797 283.14737 392.48767 207.5949 291.54377 418.40860999999995 339.87809 423.95818999999995 254.50659 419.31818999999996 255.86533 450.7731 431.74863 290.09038 235.33514 233.84761 210.49141 422.80791 445.44009 441.95192 409.10902 415.25918 213.62503 274.26981 458.48515 416.09077 411.38299 254.26759 287.09264 422.03819999999996 224.3989 417.45464 329.47116 430.26086 457.51699 358.62763 429.0396 324.44951 423.00875 407.76437999999996 325.53755 276.97668 393.44588 422.23064 436.04877999999997 357.14247 457.44939999999997 345.28593 243.02888 423.84988999999996 431.91470000000004 415.28551000000004 439.32858999999996 223.14241 238.02554 416.82825 417.96266 430.27863 429.47156 
437.93710999999996 383.04217 469.23261 386.70233 423.30212 436.04323999999997 389.50429 434.83077000000003 238.58402 337.88167 296.96617 216.8897 247.88748 211.21284 411.66112 207.59295 0 206.93093 230.99061 380.75375 372.69676 308.10442 457.89995999999996 422.75217999999995 351.93699 421.93741 270.28125 315.3394 440.5174 484.10434 427.54961000000003 343.90791 420.69569 426.37406 245.39802 378.44375 444.43284 430.37348 455.82501 428.61478999999997 420.94093 244.56248 415.18785 428.01026 446.19358 438.66133 234.77437 285.39918 298.44196 349.86264 290.70472 312.34348 267.56879 259.58145 441.44056 387.24665 452.66965 421.16434000000004 372.41766 458.05696 255.82254 352.61605 441.87388999999996 438.51209 459.10862 434.7715 283.13693 293.95982 215.20881 359.7719 261.04994 456.81714999999997 444.61868 458.16837 447.33108 370.33107 256.1185 395.55092 452.9381 430.82884 437.58115 429.69930999999997 342.67405 418.41020000000003 439.29861 349.72222 444.05904 375.90832 426.0732 242.86984 446.8927 266.12509 389.00464 439.78747 417.46149 365.75607 360.24471 386.04943 
453.9526 287.05769 439.50186 459.8623 427.07167000000004 289.70432 434.26729 446.3286 443.37448 433.64616 460.86012000000005 423.82063 431.85243 287.46387 437.27553 414.52387999999996 206.93093 0 204.56805 406.62586 284.49806 462.03052 416.80773999999997 215.82125 265.38702 434.17229 420.77204 214.79194 416.59808 440.27718000000004 388.92987 417.51751 213.76476 332.96778 366.83574 305.05839 374.68332 392.18109 390.27661 435.88257999999996 230.27083 425.77079000000003 418.33213 466.90711 424.75215000000003 471.60827 303.69596 456.14639 276.62952 309.51906 334.62082 354.56572 318.85575 390.89836 371.30361 283.75099 369.69521 298.83974 472.33680000000004 415.6106 215.47724 417.11139000000003 431.76919999999996 485.14232000000004 430.43003999999996 327.23422 278.68864 425.00941 422.13973999999996 360.60063 219.81551 425.67168 432.94331 356.58036 448.07372 417.77769 383.64492 346.25607 417.64583 249.2901 250.16781 335.51882 418.71938 211.47927 319.19884 427.50602000000003 460.88838 293.15425 425.10686 337.20217 304.45997 431.00397 367.93447 438.25644 240.00283 468.39575 468.11871 388.41125 
420.74719000000005 208.43242 411.7899 339.26649 360.98167 457.47321 405.75134 347.65828 274.39608 322.41787 256.29207 443.86391000000003 403.24881 429.84856 476.67186000000004 428.39916 230.99061 204.56805 0 202.05781 407.70187 412.56783 469.23159 275.24419 422.26676 229.60424 434.09835 264.80747 410.06125 437.8292 251.77268 436.55223 232.79948 333.71436 443.88222 424.54501 227.52562 428.86776 448.19879000000003 443.65357 295.13976 418.84519 384.18552 351.66374 280.63495 409.46622 397.90412 343.54091 408.86757 425.87836000000004 450.59062 417.76615000000004 463.5639 469.86925 396.24441 412.17605000000003 444.53088 327.96191 379.19322 334.9408 249.92612 442.19667000000004 450.80391999999995 434.20160999999996 261.77205 403.04937 415.42632000000003 443.21982 265.34377 443.60488 424.38356 292.09148 310.78981 482.98539 281.9992 418.60312 452.7364 356.90519 273.14897 453.06372 206.59054 329.44177 429.69691 416.04732 395.34372 387.0899 371.55832 437.34394 412.96248 362.30458 456.4625 286.67415 307.39718 256.39264 430.16134999999997 438.41400999999996 416.04697999999996 455.27927 
482.50705 410.49023 434.31424000000004 446.48684000000003 446.17315 363.02463 225.50314 419.27534 427.37549 460.40168 374.82621 417.75089 213.66676 416.11764000000005 368.87017 226.34135 380.75375 406.62586 202.05781 0 205.64406 356.37826 345.86937 311.93715 429.27655000000004 431.66205 467.35997 409.80958 208.00344 276.03495 269.46637 297.44897 391.07657 468.49124 366.67397 358.60921 261.44205 461.72884 291.09451 241.59576 418.36516 216.78738 230.0388 435.26035 453.76613999999995 295.19327 290.45258 271.46794 422.8941 429.58295999999996 332.70181 338.93859 436.56102 386.23125 268.14793 426.6947 436.53107 420.33857 215.61057 245.71583 428.09402 371.82128 363.64951 232.1438 344.57805 262.85646 441.58591 318.11586 449.68809999999996 333.21855 223.75498 436.56466 236.32654 469.05165 417.21248 216.54531 253.86071 335.67031 418.71738000000005 474.29957 408.64835 375.54812 297.53843 419.56341 370.26464 429.42775 363.99764 235.28613 291.45122 397.40044 429.41371000000004 277.64316 420.15175 458.45044999999993 310.1221 408.91313 452.72253 425.53531999999996 
361.46642 393.82119 272.87954 287.86413 438.53578000000005 408.95903 431.1472 381.61963 273.41454 433.48199999999997 445.20101999999997 396.82505 327.28086 404.74996 442.62503 231.91492 372.69676 284.49806 407.70187 205.64406 0 201.69553 403.23262 236.25289 435.5336 253.83059 458.3247 257.40484 413.64750000000004 244.64947 333.59294 411.71065 447.12723 454.79013 459.88759 257.17579 440.3743 355.00669 377.72781 257.4066 322.22296 203.08627 403.99125000000004 413.14896 410.62148 322.24289 423.07684 469.00145 409.28625 324.21094 424.87145 418.37796000000003 438.58144 368.09761 443.35594000000003 412.99359000000004 459.37284 341.15429 253.50237 276.07285 426.62727 407.34220000000005 354.2624 432.33448 426.97239 349.14254 431.37997 275.49463 423.61169 438.84946 237.3905 253.09827 398.40773 325.76775 423.74291 422.18937 425.03884000000005 428.90871000000004 395.37202 434.80563 451.4803 318.53402 440.615 438.23418000000004 266.15088 369.94913 472.57647 404.04571 349.49496 436.5994 316.15099 451.43561 421.17713000000003 444.81773 220.99422 203.26907 280.3737 423.85047 
425.18634 411.99355 281.96176 373.19014 364.02771 258.75213 416.49274 373.64363 300.06275 231.78647 434.7134 460.38056 277.97819 451.46470999999997 446.31131000000005 433.61045 308.10442 462.03052 412.56783 356.37826 201.69553 0 201.53709 254.53162 378.79776 419.94550000000004 438.91415 271.71093 436.7615 299.34252 268.61887 230.04098 430.87975 450.30126 297.91405 429.76501 461.92997 431.55376 459.43408 360.60836 298.94293 330.87522 315.61643 290.85058 356.93623 420.74766999999997 449.21589 346.20411 417.43266000000006 204.2613 406.52168 216.68243 361.55738 241.58909 319.17301 441.75888 314.19542 322.01434 309.23816 473.32716 420.84256000000005 408.98135 341.32529 256.56218 456.85828000000004 405.13665000000003 447.02493000000004 257.0772 243.20048 237.15393 250.12156 448.47937 257.41138 431.54245000000003 222.04738 333.92396 457.59961 293.23611 250.4061 261.1927 369.83361 456.41606 436.10111 439.62104 449.68191 256.57741 305.76399 360.53837 430.02267 234.90387 436.62747 263.62312 311.47747 451.75996 279.23938 205.65029 314.29058 443.73118999999997 
423.7044 470.18739 451.00532999999996 249.83597 343.89432 219.47444 360.3562 409.87755000000004 428.2512 411.56959 297.49015 349.28956 417.58562 299.58384 261.28651 461.9999 457.89995999999996 416.80773999999997 469.23159 345.86937 403.23262 201.53709 0 200.98649 239.22859 375.59752 294.98854 450.51252999999997 439.01531 260.62235 419.49766999999997 219.18595 421.67224999999996 420.16304 413.33042 413.37879 443.67488000000003 431.57992 453.58651999999995 307.78489 307.11868 423.61271 317.13022 445.04622 346.74924 456.77351 291.61395 437.90508 448.23258999999996 405.79839000000004 314.96219 418.21952 440.30616 443.12618 366.29894 441.78504 416.78614 255.45815 444.93759 355.13857 219.30547 259.13715 203.66781 411.07182 310.70905 203.59956 313.31517 415.35087999999996 242.69115 390.15872 442.27536999999995 410.83691999999996 384.25992 234.28861 423.58447 276.92986 385.03494 430.96963 421.47406 299.70069 522.58951 408.44264 425.51717 429.71902 357.96536 293.74503 446.05362 461.48286 277.14737 432.41326 424.09526 416.16921 258.65106 334.72602 313.74906 407.18738 465.45702 288.24956 
392.71457 282.04096 260.54984 360.5184 258.81447 373.74609 431.19461 230.50735 351.01869 395.27911 445.08376999999996 422.94982 424.31894 422.30322 356.401 419.40618 422.75217999999995 215.82125 275.24419 311.93715 236.25289 254.53162 200.98649 0 201.82644 410.05078000000003 335.16995 430.61319000000003 417.4422 453.93175 374.01758 247.46363 429.58601 259.10201 417.77513 446.04467 243.62817 274.03124 263.96058 259.45589 412.22692 436.20473 462.80331 380.91433 208.9309 255.78702 339.06992 424.84182999999996 349.90043 327.73769 446.14549999999997 421.71217 465.54549999999995 430.35426 452.01577 444.0199 440.79929 427.69689000000005 328.98212 363.66002 237.51782 234.70641 312.96467 270.96546 433.82073 373.10635 252.48973 420.82004 250.27124 296.31878 433.37028999999995 209.85043 410.08855 332.94254 420.01227 414.17722000000003 242.99842 439.96500000000003 331.85293 378.51766 375.47434 310.27378 427.38655 427.30052 207.82096 223.56436 245.06713 447.68637 410.87666 430.55889 342.9262 215.18272 446.82569 394.37692 244.04416 373.13657 435.54721 424.72082 
447.12395000000004 234.80918 436.39416 345.22736 390.75179 450.44948999999997 421.80314 408.61524 365.58667 433.93929 431.48862 442.139 472.72929 454.19729 470.63144 314.80649 351.93699 265.38702 422.26676 429.27655000000004 435.5336 378.79776 239.22859 201.82644 0 208.22434 412.71845 440.71586 300.73908 435.04428 246.2832 434.13535 447.85465 255.53327 431.49879999999996 432.96831 295.4309 261.23097 323.94342 259.39597 224.80542 358.70232 366.94162 420.67431999999997 410.75734 445.59653000000003 446.95511 439.77074000000005 312.72652 436.46554000000003 422.75766 219.88573 302.03283 458.40669 421.87696 252.70337 271.44691 431.41892 473.63441 379.07561 319.60722 421.08702 435.5549 276.76409 448.88338 442.82815 367.04214 421.83992 439.75169 427.23546 338.93216 314.06575 222.56449 385.87837 413.39841 212.73124 413.12984 238.13856 375.11202 380.2052 440.42821000000004 435.92746 225.56011 432.80021999999997 409.6474 419.04287 357.12539 424.46404 433.05674 228.73245 303.85319 417.00915999999995 434.93991000000005 399.24148 310.65873 338.93416 425.7341 313.8218 
431.03344000000004 408.08977 438.64639999999997 433.04275 445.6029 469.56021 340.62043 302.08207 408.7788 225.71495 229.50503 250.40667 410.62648 390.68323 454.31773999999996 419.71410000000003 421.93741 434.17229 229.60424 431.66205 253.83059 419.94550000000004 375.59752 410.05078000000003 208.22434 0 204.49411 410.47420999999997 316.17583 356.0759 454.50754 425.45398 256.95468 461.5082 419.80182 272.50021 359.25669 434.20727 440.39456 259.24758 205.22637 350.32126 425.21979 463.8383 428.72938999999997 416.84389 365.93085 404.43564000000003 340.60004 228.2412 360.95474 350.75204 256.27543 366.5714 387.41964 297.10544 244.15072 297.31851 415.07194000000004 434.8784 387.57415 432.96124999999995 455.29454 294.96207 393.40632 251.27084 414.96029 213.61558 427.16534 431.75625 393.5021 229.58577 427.26332 467.19479 423.02926 420.95558000000005 429.83414 293.74146 456.67737999999997 327.91145 420.19793000000004 287.10968 392.87503 283.22096 418.28946 210.81853 425.05016 433.26881000000003 310.19295 208.50217 374.20911 361.30613 226.71557 437.07882 368.00341 304.56681 217.50976 416.03966 
332.81249 275.73294 295.60405 453.24302 444.06082000000004 423.94672 372.39909 412.22920999999997 206.61986 209.50691 294.24771 374.38429 427.60303999999996 231.97154 432.41982 309.83953 270.28125 420.77204 434.09835 467.35997 458.3247 438.91415 294.98854 335.16995 412.71845 204.49411 0 205.9801 407.78624 418.42769999999996 444.35799 437.08268999999996 434.10355000000004 444.16005 256.58444 392.67128 390.87914 430.74319 430.77152 230.39401 409.72048 439.84245999999996 452.86494 427.78044 312.83541 424.82894999999996 420.98017 424.51023999999995 420.60695 364.40042 286.11766 416.07149000000004 413.79900999999995 238.93349 390.11637 354.20594 366.95521 436.94624999999996 362.35685 230.38429 216.39963 388.03113 437.22353 405.32388000000003 299.00965 295.29527 243.91829 418.10969 262.63456 227.26214 430.94032 310.07891 408.11037 262.70068 336.95485 377.7656 433.35289 434.2622 418.56822 433.77903000000003 255.08266 370.99493 422.61133 429.26079000000004 318.71643 415.31264 390.89286 439.50085 425.13865 412.99628 393.54964 379.30594 430.18469 278.12904 426.34287 284.4443 230.18121 211.54555 
447.368 294.87883 447.53703 451.28117 414.11491 311.7029 447.40907000000004 324.42966 228.58254 415.48701 364.70715 425.43384000000003 404.47651 202.02563 311.42167 433.46363 315.3394 214.79194 264.80747 409.80958 257.40484 271.71093 450.51252999999997 430.61319000000003 440.71586 410.47420999999997 205.9801 0 201.80614 411.85239 331.99371 423.53044 419.6041 435.86401 366.7584 447.36115 244.94465 374.04772 460.01550999999995 398.29348 394.2518 416.34023 438.68959 418.82304999999997 403.46175 450.01392 246.12696 441.85229000000004 294.91144 242.90099 210.58683 333.18091 283.28116 277.29091 414.38428999999996 285.23727 356.55284 262.77261 318.88119 370.07041 421.47275 219.8386 269.05455 425.83535 225.53925 246.91297 441.47661 414.21225 265.48734 342.54343 257.41926 222.53964 218.15137 447.10662 443.37637 427.77139 227.37279 319.95395 432.32604000000003 441.01775 325.26339 432.91133 434.68821 413.36611 315.57777 274.97654 430.44653 340.66662 295.15419 471.05537000000004 404.16087 256.85151 224.20459 460.40074000000004 342.91362 429.36034 253.32677 317.80708 
443.81071 388.13051 304.58962 449.85875 454.98656 363.83731 411.95916 211.2719 219.37205 421.50432 393.01956 223.6277 325.87079 403.83177 319.21156 434.34479 440.5174 416.59808 410.06125 208.00344 413.64750000000004 436.7615 439.01531 417.4422 300.73908 316.17583 407.78624 201.80614 0 210.04625 358.25479 422.09304 302.63541 420.46037 316.26002 448.73868 420.34983 352.55469 393.31025 377.68284 323.19372 424.79082000000005 353.75229 463.94007 454.50954 253.53699 354.52632 432.80228999999997 273.40348 427.51721 412.39297 430.66405 228.55758 339.0035 447.78855 335.1922 228.52763 438.86897999999997 423.61401 341.91689 396.31585 421.64474 431.41927 357.37202 295.61795 425.68169 259.42499 266.74988 365.41769 420.49986 412.73779 424.34578 406.36913 344.94162 326.91771 424.54875000000004 369.085 359.55642 230.5199 297.37516 466.84304 274.95877 280.27174 211.55997 247.25219 419.70969 443.20678999999996 437.08432 427.28022 358.42895 371.79635 228.96942 212.14831 276.81741 257.67209 461.48785999999996 280.66802 416.9284 
408.5558 456.62711 449.59729000000004 359.53708 434.39715 422.72145 271.83725 232.27236 429.4183 455.71031 469.12308 433.67395 449.17107 350.39814 452.53875 435.92349 484.10434 440.27718000000004 437.8292 276.03495 244.64947 299.34252 260.62235 453.93175 435.04428 356.0759 418.42769999999996 411.85239 210.04625 0 205.55327 392.1116 231.56012 437.50342 341.89512 412.72008000000005 210.30358 411.64572 220.89421 395.49868 440.85434 270.16282 380.96402 412.65964 344.55397 420.16555 406.22518 224.35198 408.79693 282.32302 281.54327 434.35327 245.68921 423.64984000000004 271.54813 419.11323000000004 233.86734 278.30178 416.8069 217.63824 423.93261 222.29846 342.10596 276.57868 229.70523 436.0722 361.93189 438.76911 417.89407 368.05168 271.10439 251.40141 217.58571 359.19052 249.28064 347.90882 269.28882 358.97661 432.97071 434.98616000000004 386.27136 280.50431 421.14648 228.79791 372.28473 394.71931 277.00663 275.45212 419.16868999999997 475.38176999999996 441.15411 298.8072 293.84206 318.88312 461.16843 431.8202 242.36343 206.88215 
236.66769 327.78537 435.13014999999996 340.79129 408.6266 456.00325 420.70036 416.29532 362.07949 297.19339 288.23331 429.52088000000003 421.58811000000003 362.95149 291.9467 435.14108999999996 427.54961000000003 388.92987 251.77268 269.46637 333.59294 268.61887 419.49766999999997 374.01758 246.2832 454.50754 444.35799 331.99371 358.25479 205.55327 0 200.31172 323.75587 291.76149 418.88256 425.86965999999995 238.44187 439.78400999999997 420.01587 258.94836 414.41612999999995 212.83835 413.74333 366.91172 418.33614 217.36359 200.67191 238.07445 245.0776 346.67352 368.81519 228.8 417.17723 218.09657 412.64919999999995 224.64968 215.01876 420.81791999999996 425.27025000000003 249.96285 364.71591 427.85173 424.54798 217.14397 417.44007 356.47085 440.09026 422.98231 212.3408 222.22424 343.62555 414.64165 423.13898 435.13847 404.25224000000003 439.89887 407.08736 398.23114 384.74843 431.92861 458.36322 434.28405 231.95185 410.84479 454.05268 414.94717 433.94108 397.35252 213.61542 357.01642 330.51294 428.41981 389.65151 441.10548 339.2644 375.86586 247.49761 397.41235 
436.97941000000003 281.82979 471.29629 451.6835 374.88961 338.48957 300.87146 423.07324 359.45548 312.68447 440.56336999999996 435.90371 430.90623000000005 421.33122000000003 386.66776 242.81395 343.90791 417.51751 436.55223 297.44897 411.71065 230.04098 219.18595 247.46363 434.13535 425.45398 437.08268999999996 423.53044 422.09304 392.1116 200.31172 0 203.75275 331.77632 424.13247 282.75453 419.98801000000003 459.96016 462.11984 420.0901 346.9519 230.18935 376.09625 411.75071 409.22323 417.67530999999997 343.01696 438.38617 303.53726 232.6335 212.94361 415.81554 453.88468 395.42883 462.44572 421.92891999999995 415.33047999999997 280.94812 309.86205 418.92332 420.17145 296.78379 384.35534 370.09399 248.61139 422.78551 402.70606 262.93063 412.65252 209.82055 419.45507 457.31406 443.16087 377.13849 268.68041 279.3953 282.89671 427.51046 240.49038 351.61508 455.30225 452.08028 414.96757 210.53307 366.4687 214.63545 428.86708 339.91525 413.92714 243.60649 252.27164 284.1747 258.72097 333.29791 424.85689 427.77696000000003 447.80933000000005 406.07455 
465.42131 441.2319 452.37828 357.81391 306.44508 270.12979 318.01925 251.72107 242.94427 419.07129 424.72995000000003 343.47506 420.02935 217.57847 418.02675 440.90351999999996 420.69569 213.76476 232.79948 391.07657 447.12723 430.87975 421.67224999999996 429.58601 447.85465 256.95468 434.10355000000004 419.6041 302.63541 231.56012 323.75587 203.75275 0 205.9433 423.70516999999995 453.10204999999996 306.15124 443.64344 415.79706999999996 387.77847 272.5817 412.55274 456.84569 265.99674 444.63981 350.60811 424.98147 296.53412 395.44218 314.60891 416.69636 453.8764 451.44042 467.12068 362.9385 346.40511 428.62541 281.93616 486.66416 442.86027 429.24199999999996 426.55398 218.00444 425.40845 344.15268 381.57054 339.60334 293.51564 243.72979 413.5733 433.58027 454.99304 277.78083 431.34474 459.02965 426.20988 452.84394 427.51599 245.65043 431.682 439.39002 346.88605 378.95873 414.28582 320.55121 336.73828 448.15520000000004 433.25922 342.38647 299.34301 387.26403 333.58545 462.47372 433.00883999999996 324.38682 343.136 437.23843999999997 428.99392 
332.54506 455.94768999999997 445.51725 429.61834999999996 351.56104 357.2564 444.10531000000003 298.3843 446.31524 342.3942 379.31438 319.45075 328.62619 255.7516 449.82583 454.4972 426.37406 332.96778 333.71436 468.49124 454.79013 450.30126 420.16304 259.10201 255.53327 461.5082 444.16005 435.86401 420.46037 437.50342 291.76149 331.77632 205.9433 0 217.76187 367.51188 422.42526 448.91179 450.98861 461.71136 359.21876 251.70386 442.68563 415.19388000000004 241.74858 289.93838 362.54325 236.07999 436.11951 354.22476 261.29771 247.9331 364.70694 449.70911 440.37019 244.00579 327.16546 427.41654 324.9547 281.80105 399.56637 432.47592 226.08784 394.90505 426.25141 219.88444 421.87746000000004 404.76950999999997 424.30363 424.90495999999996 440.25896 428.83659 478.09776 428.5616 327.28599 426.10128 458.28824 267.90563 251.09473 433.0093 455.1412 459.06654000000003 234.6832 415.39396 436.86036 364.39333 242.2119 403.80391 411.51033 429.06152 270.1027 472.84297 470.62292 433.98711000000003 434.52045 476.72368 271.30434 340.30929 
293.2522 333.12367 431.88359 453.11442999999997 301.76843 357.22092 434.12577 448.69773 350.32966 360.34183 233.72276 205.59407 383.59715 421.38724 397.16619 378.91103 245.39802 366.83574 443.88222 366.67397 459.88759 297.91405 413.33042 417.77513 431.49879999999996 419.80182 256.58444 366.7584 316.26002 341.89512 418.88256 424.13247 423.70516999999995 217.76187 0 206.27411 408.69061 446.65397 426.52222 420.58175 430.00193 431.69715 313.67661 432.8297 404.44111 436.25489000000005 347.91255 433.85444 399.40612 413.44924000000003 211.18886 211.61307 341.33442 427.98908 426.10289 242.32955 412.47055 465.02963 392.26542 214.1689 420.85850000000005 265.46651 343.39661 427.21646 419.97723 437.64630999999997 440.32802 291.18909 206.54176 412.00955 222.49709 380.05067 379.5194 405.08167000000003 221.94223 422.6094 357.91469 418.49699999999996 260.64844 365.46416 422.99541 420.30510000000004 431.03175 409.47378000000003 264.93714 369.88033 451.48609 340.34936 328.37555 211.29965 415.87946999999997 414.4262 252.86105 216.22524 436.45289 258.96181 368.4541 410.11267999999995 
423.4815 320.35456 324.18217 448.92371 308.22234 443.64634 429.00996999999995 304.29578 427.06521 415.28564 432.12009 300.25258 421.30167 359.93839 465.90553 271.33943 378.44375 305.05839 424.54501 358.60921 257.17579 429.76501 413.37879 446.04467 432.96831 272.50021 392.67128 447.36115 448.73868 412.72008000000005 425.86965999999995 282.75453 453.10204999999996 367.51188 206.27411 0 202.4165 403.75864 388.52757 386.33293 475.89352 428.46055 444.47955 265.50984 351.22162 229.98078 366.71253 227.58033 427.61985000000004 301.2135 397.51847 213.08258 389.26875 221.71497 423.13640999999996 411.22615 447.8828 428.09731 240.67115 420.44301 284.11677 255.43875 448.37492999999995 245.01943 325.09634 426.308 424.22219 409.47672 259.68464 305.27855 428.7712 263.78377 457.66872 391.34033 424.30204000000003 322.73228 410.85006999999996 429.21251 376.45193 258.42699 346.727 273.55636 309.99963 324.01462 471.21125 407.76906 452.96244 399.21884 416.89598 212.57169 283.97772 444.21441 426.41654000000005 209.87187 372.06237 457.6113 236.69445 328.46064 
