47
AO AA CH AW BM BV CE CY BB AM AC CI DU BI DN BD DT BQ AN BO CD DF CM DD BW AU CR CQ DV BT BJ AJ AP CP DQ DI DS CZ DG BE BF CS CV CC AS DH AF
0 5.00557 5.51526 5.27449 10.21829 10.12805 5.49526 10.251149999999999 10.07977 5.98695 10.14113 5.30363 5.71345 10.24826 5.1721 10.17502 5.22607 5.92391 5.19117 10.13316 10.456859999999999 10.397300000000001 10.12202 5.37828 5.81833 5.91656 10.11168 10.389289999999999 10.30263 10.036380000000001 10.35249 10.34952 10.30721 5.66342 10.167069999999999 5.3907 5.50908 10.35922 10.30016 5.13209 10.391919999999999 5.29308 5.76311 5.95877 5.81947 5.2341 5.11379 
5.00557 0 5.00054 10.01938 10.26581 10.059239999999999 5.22548 5.88394 5.92297 10.152740000000001 5.40393 5.0682 10.075800000000001 10.20785 5.13169 10.134609999999999 10.231639999999999 5.42604 5.37316 5.50103 5.7284 10.26441 5.43216 5.17046 5.00651 10.11186 5.67441 5.64462 5.72626 5.39629 10.11706 10.15758 5.51315 5.5098 5.20315 5.10802 5.73077 10.12379 5.60242 10.13766 5.72482 5.73402 5.57164 10.31721 10.315010000000001 10.13785 10.11936 
5.51526 5.00054 0 5.01884 5.3252 5.0587 5.09024 5.46125 5.78193 5.35952 5.25067 10.06874 10.2157 5.90556 5.9793 10.07958 10.125589999999999 5.30708 10.31921 5.54218 5.91261 10.27141 5.18432 10.171 10.00705 5.34894 5.21531 10.15435 10.471309999999999 10.13327 10.22057 5.15704 5.57561 10.232769999999999 5.82422 5.28834 5.23711 5.97528 10.341840000000001 10.19784 5.42195 10.33727 10.21867 10.42908 5.99106 5.84706 5.78645 
5.27449 10.01938 5.01884 0 5.02336 10.05963 5.39692 5.22066 5.95445 5.22796 5.73579 5.51076 5.48209 10.384720000000002 5.74768 5.06074 5.10675 5.30471 10.281839999999999 5.25603 10.193750000000001 10.09632 5.32845 5.56814 10.135860000000001 5.40208 10.16018 5.13551 10.19783 5.29646 5.47607 5.58774 5.41289 5.66186 10.079550000000001 5.08595 10.17005 10.25919 5.77921 5.179 10.11627 10.22755 5.64028 10.29996 5.03368 5.25445 5.52921 
10.21829 10.26581 5.3252 5.02336 0 5.03627 5.22526 5.41756 5.39351 5.42694 10.18671 10.24291 5.28659 5.46921 5.62959 5.93297 5.89328 10.246770000000001 5.95703 5.17376 10.10514 5.07296 10.16005 5.63356 10.32553 10.18054 10.07235 5.04768 10.10088 5.15292 5.31497 5.88192 5.16239 5.44422 5.26893 5.79853 10.30768 10.300550000000001 10.23985 5.91629 5.09291 10.24413 10.30235 5.48388 10.05704 5.91957 5.2014 
10.12805 10.059239999999999 5.0587 10.05963 5.03627 0 5.01621 10.170110000000001 5.48626 5.74811 5.90774 10.28226 10.10174 10.50548 10.26801 10.03005 5.57072 5.76639 5.66895 10.21003 5.17052 5.95813 5.19401 5.73104 10.35297 5.5621 5.85134 10.08395 10.138100000000001 5.77423 10.26793 10.21574 10.19866 5.34447 5.63512 5.93892 5.44522 5.28125 10.230979999999999 5.23631 5.87744 5.60259 10.31025 5.85888 5.67251 5.01402 5.95571 
5.49526 5.22548 5.09024 5.39692 5.22526 5.01621 0 5.1539 5.56407 5.95415 5.70585 10.131409999999999 5.2308 5.55143 10.35717 10.142949999999999 10.32122 5.46419 5.34943 5.46426 10.18673 5.61948 5.65519 10.21851 5.86223 10.289069999999999 5.48646 5.57683 5.38107 5.86494 5.37501 5.38573 10.24458 5.97194 10.08829 5.26225 5.63937 5.42687 10.27556 5.96502 10.31469 10.277149999999999 5.77933 10.11126 5.91339 10.03023 5.62854 
10.251149999999999 5.88394 5.46125 5.22066 5.41756 10.170110000000001 5.1539 0 5.01153 5.71622 10.1281 5.84049 5.45141 5.60924 5.45578 10.27826 5.38581 5.70253 5.14112 5.69698 10.13893 5.10675 5.2888 5.87341 5.94129 5.65003 10.284880000000001 5.60321 5.36131 5.97944 5.15012 5.86742 10.47027 10.337250000000001 5.50536 5.87284 10.16141 5.61303 5.64403 5.11906 5.28949 5.20257 5.83504 10.13734 5.20508 5.29819 5.68757 
10.07977 5.92297 5.78193 5.95445 5.39351 5.48626 5.56407 5.01153 0 5.08216 5.69151 10.35769 10.38654 5.79178 10.2564 10.06124 5.46768 5.80568 5.12617 10.15198 5.71004 10.118279999999999 5.60848 5.5137 10.22029 5.97314 10.35215 10.17131 5.86924 10.09157 5.65507 10.07758 10.16287 5.70342 10.222259999999999 10.11281 5.26612 5.72412 5.70383 5.79223 10.21407 5.83734 10.276060000000001 5.12581 5.63422 5.90206 5.84961 
5.98695 10.152740000000001 5.35952 5.22796 5.42694 5.74811 5.95415 5.71622 5.08216 0 5.20965 5.93078 5.83085 10.42332 10.43945 5.5664 5.79803 5.58143 10.20833 5.5972 5.23242 5.26501 5.83157 10.167159999999999 10.351220000000001 10.30471 10.40456 5.46129 5.32331 5.50161 5.42172 10.09664 5.48987 5.56562 5.96615 10.31391 5.51762 5.27113 5.41797 10.218689999999999 5.54806 5.93666 10.53651 5.98079 5.85361 5.11747 5.29417 
10.14113 5.40393 5.25067 5.73579 10.18671 5.90774 5.70585 10.1281 5.69151 5.20965 0 5.00454 10.01214 5.83845 10.30184 5.58746 10.251850000000001 5.96011 5.42344 5.29345 5.07108 10.10326 10.14354 10.13679 10.20041 5.09506 10.11271 10.22415 10.06625 10.24976 5.70053 10.320889999999999 10.28131 5.68872 5.58492 5.23452 5.47268 10.060130000000001 5.2935 5.00904 5.57178 10.304179999999999 10.35405 5.17841 10.01885 5.24837 10.04881 
5.30363 5.0682 10.06874 5.51076 10.24291 10.28226 10.131409999999999 5.84049 10.35769 5.93078 5.00454 0 5.0076 10.06618 10.19989 5.39174 5.24731 10.165949999999999 10.034510000000001 10.16064 5.98397 5.3255 10.16696 5.20573 10.07471 10.0996 10.318480000000001 10.380700000000001 5.85835 5.44371 5.04886 5.42035 5.62822 5.94858 5.7636 5.6613 10.10447 5.05559 10.208110000000001 5.63814 10.08338 10.223220000000001 5.34951 5.24901 10.162749999999999 10.16733 5.42696 
5.71345 10.075800000000001 10.2157 5.48209 5.28659 10.10174 5.2308 5.45141 10.38654 5.83085 10.01214 5.0076 0 5.05858 10.13474 5.68241 5.87037 5.62536 10.38129 10.29487 5.50582 10.222999999999999 5.15936 5.26683 10.28572 5.22607 5.49315 5.49756 10.11652 5.0965 10.056460000000001 10.1365 5.82518 10.20781 10.22396 10.20495 5.426 10.063189999999999 5.20051 10.364640000000001 5.66737 10.12912 10.0968 5.56955 10.088370000000001 5.51996 5.43803 
10.24826 10.20785 5.90556 10.384720000000002 5.46921 10.50548 5.55143 5.60924 5.79178 10.42332 5.83845 10.06618 5.05858 0 5.07616 10.07908 5.77004 5.59072 5.96358 5.45961 10.21757 5.45978 5.32486 10.32541 5.39282 10.167 5.14935 5.73089 5.85737 10.13092 5.1032 5.41551 5.2223 5.90518 5.44792 10.4054 5.2335 5.56768 10.25909 5.30606 10.25471 10.28508 5.43566 10.48386 10.327539999999999 10.3307 5.30811 
5.1721 5.13169 5.9793 5.74768 5.62959 10.26801 10.35717 5.45578 10.2564 10.43945 10.30184 10.19989 10.13474 5.07616 0 5.00292 10.00338 5.16238 10.0342 5.00839 10.062090000000001 10.175989999999999 5.0889 10.132639999999999 5.54856 10.01062 5.3316 10.35627 10.14001 5.80107 5.25662 10.16542 5.82267 5.22475 5.30106 10.23425 10.309660000000001 5.34923 5.2318 10.25985 5.84467 10.28468 5.0101 5.73286 10.249469999999999 10.2704 5.88128 
10.17502 10.134609999999999 10.07958 5.06074 5.93297 10.03005 10.142949999999999 10.27826 10.06124 5.5664 5.58746 5.39174 5.68241 10.07908 5.00292 0 5.00046 5.08986 5.27643 5.88643 5.73435 5.74858 10.091819999999998 10.18798 10.11305 5.0077 5.32166 5.9233 5.13709 5.89975 5.88764 5.1625 5.59188 5.5838 5.01881 5.26624 5.67795 5.60231 10.16893 5.57289 5.82675 5.67816 5.03202 5.7914 5.85131 5.74099 5.45218 
5.22607 10.231639999999999 10.125589999999999 5.10675 5.89328 5.57072 10.32122 5.38581 5.46768 5.79803 10.251850000000001 5.24731 5.87037 5.77004 10.00338 5.00046 0 5.05445 5.45692 5.42378 10.13339 10.21893 10.25478 5.48656 5.26218 10.00816 10.32212 10.24226 5.60007 5.88069 5.79247 5.2644 5.18278 5.20633 5.49102 5.95523 5.49057 5.93068 10.03627 10.28575 5.51646 5.42158 10.03248 10.20665 10.14043 10.24579 5.70542 
5.92391 5.42604 5.30708 5.30471 10.246770000000001 5.76639 5.46419 5.70253 5.80568 5.58143 5.96011 10.165949999999999 5.62536 5.59072 5.16238 5.08986 5.05445 0 5.01213 5.74978 5.07894 5.73723 5.49045 10.15752 5.82341 5.33136 10.336010000000002 10.018889999999999 10.14903 5.61394 10.19331 10.16296 5.10924 5.42284 5.31556 5.68965 5.64007 5.11036 10.09611 5.82095 5.31113 10.47603 5.21014 5.1522 5.21539 10.104659999999999 10.13589 
5.19117 5.37316 10.31921 10.281839999999999 5.95703 5.66895 5.34943 5.14112 5.12617 10.20833 5.42344 10.034510000000001 10.38129 5.96358 10.0342 5.27643 5.45692 5.01213 0 5.02581 10.079509999999999 10.247869999999999 5.61844 10.354389999999999 10.37967 10.284130000000001 5.73768 5.84416 10.388860000000001 10.54945 5.88952 5.59675 5.48966 10.388110000000001 10.29524 10.44007 5.94629 5.6544 5.63033 10.26018 10.323260000000001 5.87103 5.79688 5.17538 5.70393 5.34246 10.16941 
10.13316 5.50103 5.54218 5.25603 5.17376 10.21003 5.46426 5.69698 10.15198 5.5972 5.29345 10.16064 10.29487 5.45961 5.00839 5.88643 5.42378 5.74978 5.02581 0 5.0537 5.95577 5.33602 5.44685 5.78782 10.38851 10.33999 10.22144 10.66694 10.26963 5.51398 10.31589 10.33615 5.85068 5.67956 10.34198 5.78498 5.80473 10.24019 10.302489999999999 5.81235 5.54368 10.01849 10.20119 5.94124 5.94274 5.99632 
10.456859999999999 5.7284 5.91261 10.193750000000001 10.10514 5.17052 10.18673 10.13893 5.71004 5.23242 5.07108 5.98397 5.50582 10.21757 10.062090000000001 5.73435 10.13339 5.07894 10.079509999999999 5.0537 0 5.03218 5.10277 5.07858 5.40225 10.10988 5.36336 10.186530000000001 10.1736 5.96471 5.11437 5.52519 10.18818 10.057179999999999 5.04923 10.08823 5.86203 5.13493 5.57274 10.08012 5.91256 10.31458 5.39289 5.77 5.16056 10.15265 5.5698 
10.397300000000001 10.26441 10.27141 10.09632 5.07296 5.95813 5.61948 5.10675 10.118279999999999 5.26501 10.10326 5.3255 10.222999999999999 5.45978 10.175989999999999 5.74858 10.21893 5.73723 10.247869999999999 5.95577 5.03218 0 5.08709 5.78355 5.2579 5.60437 5.17813 5.15435 5.39167 10.22588 10.146550000000001 5.57468 10.23535 5.59934 5.50622 5.88132 5.39181 10.167110000000001 5.61765 5.59036 5.58119 10.30932 5.50487 5.67855 10.19274 10.382480000000001 10.27436 
10.12202 5.43216 5.18432 5.32845 10.16005 5.19401 5.65519 5.2888 5.60848 5.83157 10.14354 10.16696 5.15936 5.32486 5.0889 10.091819999999998 10.25478 5.49045 5.61844 5.33602 5.10277 5.08709 0 5.04374 5.87808 5.09857 10.116219999999998 5.4229 10.25432 5.68974 5.89367 5.27806 10.153310000000001 5.04845 10.0564 5.98605 10.231549999999999 5.21565 10.05885 10.34286 10.32229 5.96415 5.11624 10.31284 10.22542 5.34492 10.25631 
5.37828 5.17046 10.171 5.56814 5.63356 5.73104 10.21851 5.87341 5.5137 10.167159999999999 10.13679 5.20573 5.26683 10.32541 10.132639999999999 10.18798 5.48656 10.15752 10.354389999999999 5.44685 5.07858 5.78355 5.04374 0 5.06642 5.77815 10.431619999999999 10.207 5.83684 5.61728 10.19295 10.20432 5.96395 5.99546 5.86331 5.26413 5.79842 5.94125 10.220189999999999 5.70631 5.46757 10.22349 5.28118 5.66549 5.18168 5.7144 5.21257 
5.81833 5.00651 10.00705 10.135860000000001 10.32553 10.35297 5.86223 5.94129 10.22029 10.351220000000001 10.20041 10.07471 10.28572 5.39282 5.54856 10.11305 5.26218 5.82341 10.37967 5.78782 5.40225 5.2579 5.87808 5.06642 0 5.10535 10.123 5.55648 5.8324 5.65751 10.144120000000001 10.30674 5.71315 5.83485 5.5782 5.51355 5.36397 5.32922 10.30945 5.91588 10.27421 10.22584 10.22832 5.61965 5.41649 5.82704 10.05838 
5.91656 10.11186 5.34894 5.40208 10.18054 5.5621 10.289069999999999 5.65003 5.97314 10.30471 5.09506 10.0996 5.22607 10.167 10.01062 5.0077 10.00816 5.33136 10.284130000000001 10.38851 10.10988 5.60437 5.09857 5.77815 5.10535 0 5.01765 10.04232 10.072659999999999 10.322569999999999 10.165700000000001 5.8121 5.52137 10.14702 5.48938 10.27394 10.46932 10.314219999999999 10.03256 5.25262 10.31201 5.31637 5.32438 10.2524 5.71524 10.260860000000001 5.90842 
10.11168 5.67441 5.21531 10.16018 10.07235 5.85134 5.48646 10.284880000000001 10.35215 10.40456 10.11271 10.318480000000001 5.49315 5.14935 5.3316 5.32166 10.32212 10.336010000000002 5.73768 10.33999 5.36336 5.17813 10.116219999999998 10.431619999999999 10.123 5.01765 0 5.02467 10.1164 5.96216 5.26962 10.30978 5.25606 5.53502 5.35055 5.56554 10.22121 5.4346 5.86752 5.84637 5.29436 5.5801 5.15044 5.67672 5.96941 5.79236 5.72092 
10.389289999999999 5.64462 10.15435 5.13551 5.04768 10.08395 5.57683 5.60321 10.17131 5.46129 10.22415 10.380700000000001 5.49756 5.73089 10.35627 5.9233 10.24226 10.018889999999999 5.84416 10.22144 10.186530000000001 5.15435 5.4229 10.207 5.55648 10.04232 5.02467 0 5.09173 10.11175 10.25384 5.90263 5.49874 5.25069 5.94118 10.22146 5.52719 10.1304 5.67261 5.33895 10.14059 5.25957 5.56054 5.51214 5.1294 10.09805 10.18574 
10.30263 5.72626 10.471309999999999 10.19783 10.10088 10.138100000000001 5.38107 5.36131 5.86924 5.32331 10.06625 5.85835 10.11652 5.85737 10.14001 5.13709 5.60007 10.14903 10.388860000000001 10.66694 10.1736 5.39167 10.25432 5.83684 5.8324 10.072659999999999 10.1164 5.09173 0 5.02002 10.047740000000001 10.13763 10.22292 5.78198 5.53362 5.64239 10.08755 5.03867 5.99585 5.17054 10.30472 10.23723 5.2132 10.0896 5.54854 5.69096 5.4335 
10.036380000000001 5.39629 10.13327 5.29646 5.15292 5.77423 5.86494 5.97944 10.09157 5.50161 10.24976 5.44371 5.0965 10.13092 5.80107 5.89975 5.88069 5.61394 10.54945 10.26963 5.96471 10.22588 5.68974 5.61728 5.65751 10.322569999999999 5.96216 10.11175 5.02002 0 5.02772 5.34514 5.23526 5.31668 5.87296 5.73673 5.83026 10.058689999999999 5.08693 10.19056 5.2847 5.82911 10.23322 5.74862 10.16684 5.35028 5.41955 
10.35249 10.11706 10.22057 5.47607 5.31497 10.26793 5.37501 5.15012 5.65507 5.42172 5.70053 5.04886 10.056460000000001 5.1032 5.25662 5.88764 5.79247 10.19331 5.88952 5.51398 5.11437 10.146550000000001 5.89367 10.19295 10.144120000000001 10.165700000000001 5.26962 10.25384 10.047740000000001 5.02772 0 5.17883 5.56024 5.8162 5.80924 10.13626 5.26247 5.29257 10.114650000000001 10.26918 5.96544 10.23954 5.22091 10.29787 5.23565 5.83923 10.0913 
10.34952 10.15758 5.15704 5.58774 5.88192 10.21574 5.38573 5.86742 10.07758 10.09664 10.320889999999999 5.42035 10.1365 5.41551 10.16542 5.1625 5.2644 10.16296 5.59675 10.31589 5.52519 5.57468 5.27806 10.20432 10.30674 5.8121 10.30978 5.90263 10.13763 5.34514 5.17883 0 5.05372 5.46112 5.67035 10.188839999999999 10.21012 5.16124 5.50683 5.90957 5.71563 10.35572 5.54235 10.097069999999999 5.71099 10.34573 10.24714 
10.30721 5.51315 5.57561 5.41289 5.16239 10.19866 10.24458 10.47027 10.16287 5.48987 10.28131 5.62822 5.82518 5.2223 5.82267 5.59188 5.18278 5.10924 5.48966 10.33615 10.18818 10.23535 10.153310000000001 5.96395 5.71315 5.52137 5.25606 5.49874 10.22292 5.23526 5.56024 5.05372 0 5.10486 5.79904 10.27413 5.83356 10.214960000000001 10.11526 5.82784 5.67239 5.3828 5.57493 10.18236 10.25859 5.90389 5.19342 
5.66342 5.5098 10.232769999999999 5.66186 5.44422 5.34447 5.97194 10.337250000000001 5.70342 5.56562 5.68872 5.94858 10.20781 5.90518 5.22475 5.5838 5.20633 5.42284 10.388110000000001 5.85068 10.057179999999999 5.59934 5.04845 5.99546 5.83485 10.14702 5.53502 5.25069 5.78198 5.31668 5.8162 5.46112 5.10486 0 5.00795 10.046949999999999 10.11513 5.99075 5.0104 5.59337 5.39313 10.21847 5.85215 5.70287 10.119810000000001 5.04565 10.06824 
10.167069999999999 5.20315 5.82422 10.079550000000001 5.26893 5.63512 10.08829 5.50536 10.222259999999999 5.96615 5.58492 5.7636 10.22396 5.44792 5.30106 5.01881 5.49102 5.31556 10.29524 5.67956 5.04923 5.50622 10.0564 5.86331 5.5782 5.48938 5.35055 5.94118 5.53362 5.87296 5.80924 5.67035 5.79904 5.00795 0 5.039 10.210899999999999 10.184159999999999 10.01835 5.95387 5.86719 10.21162 10.050830000000001 5.2671 5.11186 5.10342 5.40814 
5.3907 5.10802 5.28834 5.08595 5.79853 5.93892 5.26225 5.87284 10.11281 10.31391 5.23452 5.6613 10.20495 10.4054 10.23425 5.26624 5.95523 5.68965 10.44007 10.34198 10.08823 5.88132 5.98605 5.26413 5.51355 10.27394 5.56554 10.22146 5.64239 5.73673 10.13626 10.188839999999999 10.27413 10.046949999999999 5.039 0 5.1719 5.95523 5.88343 5.53583 5.68894 10.340959999999999 10.298259999999999 10.14081 10.11963 5.86326 5.59211 
5.50908 5.73077 5.23711 10.17005 10.30768 5.44522 5.63937 10.16141 5.26612 5.51762 5.47268 10.10447 5.426 5.2335 10.309660000000001 5.67795 5.49057 5.64007 5.94629 5.78498 5.86203 5.39181 10.231549999999999 5.79842 5.36397 10.46932 10.22121 5.52719 10.08755 5.83026 5.26247 10.21012 5.83356 10.11513 10.210899999999999 5.1719 0 5.04888 5.10473 5.88492 10.21902 10.17632 10.23457 5.63478 5.38963 5.98317 5.31481 
10.35922 10.12379 5.97528 10.25919 10.300550000000001 5.28125 5.42687 5.61303 5.72412 5.27113 10.060130000000001 5.05559 10.063189999999999 5.56768 5.34923 5.60231 5.93068 5.11036 5.6544 5.80473 5.13493 10.167110000000001 5.21565 5.94125 5.32922 10.314219999999999 5.4346 10.1304 5.03867 10.058689999999999 5.29257 5.16124 10.214960000000001 5.99075 10.184159999999999 5.95523 5.04888 0 5.2425 5.55574 10.352509999999999 10.49235 5.70375 5.48869 5.76686 5.18449 5.9077 
10.30016 5.60242 10.341840000000001 5.77921 10.23985 10.230979999999999 10.27556 5.64403 5.70383 5.41797 5.2935 10.208110000000001 5.20051 10.25909 5.2318 10.16893 10.03627 10.09611 5.63033 10.24019 5.57274 5.61765 10.05885 10.220189999999999 10.30945 10.03256 5.86752 5.67261 5.99585 5.08693 10.114650000000001 5.50683 10.11526 5.0104 10.01835 5.88343 5.10473 5.2425 0 5.16807 10.23966 10.14688 10.063410000000001 5.38892 10.11708 5.69712 10.14912 
5.13209 10.13766 10.19784 5.179 5.91629 5.23631 5.96502 5.11906 5.79223 10.218689999999999 5.00904 5.63814 10.364640000000001 5.30606 10.25985 5.57289 10.28575 5.82095 10.26018 10.302489999999999 10.08012 5.59036 10.34286 5.70631 5.91588 5.25262 5.84637 5.33895 5.17054 10.19056 10.26918 5.90957 5.82784 5.59337 5.95387 5.53583 5.88492 5.55574 5.16807 0 5.25983 10.243970000000001 10.38374 10.18745 10.21268 10.25033 10.24588 
10.391919999999999 5.72482 5.42195 10.11627 5.09291 5.87744 10.31469 5.28949 10.21407 5.54806 5.57178 10.08338 5.66737 10.25471 5.84467 5.82675 5.51646 5.31113 10.323260000000001 5.81235 5.91256 5.58119 10.32229 5.46757 10.27421 10.31201 5.29436 10.14059 10.30472 5.2847 5.96544 5.71563 5.67239 5.39313 5.86719 5.68894 10.21902 10.352509999999999 10.23966 5.25983 0 5.28124 10.203309999999998 5.36373 5.90103 5.3977 5.75083 
5.29308 5.73402 10.33727 10.22755 10.24413 5.60259 10.277149999999999 5.20257 5.83734 5.93666 10.304179999999999 10.223220000000001 10.12912 10.28508 10.28468 5.67816 5.42158 10.47603 5.87103 5.54368 10.31458 10.30932 5.96415 10.22349 10.22584 5.31637 5.5801 5.25957 10.23723 5.82911 10.23954 10.35572 5.3828 10.21847 10.21162 10.340959999999999 10.17632 10.49235 10.14688 10.243970000000001 5.28124 0 5.89284 10.3091 5.66058 5.66532 5.73116 
5.76311 5.57164 10.21867 5.64028 10.30235 10.31025 5.77933 5.83504 10.276060000000001 10.53651 10.35405 5.34951 10.0968 5.43566 5.0101 5.03202 10.03248 5.21014 5.79688 10.01849 5.39289 5.50487 5.11624 5.28118 10.22832 5.32438 5.15044 5.56054 5.2132 10.23322 5.22091 5.54235 5.57493 5.85215 10.050830000000001 10.298259999999999 10.23457 5.70375 10.063410000000001 10.38374 10.203309999999998 5.89284 0 5.39446 5.79311 5.77784 10.231449999999999 
5.95877 10.31721 10.42908 10.29996 5.48388 5.85888 10.11126 10.13734 5.12581 5.98079 5.17841 5.24901 5.56955 10.48386 5.73286 5.7914 10.20665 5.1522 5.17538 10.20119 5.77 5.67855 10.31284 5.66549 5.61965 10.2524 5.67672 5.51214 10.0896 5.74862 10.29787 10.097069999999999 10.18236 5.70287 5.2671 10.14081 5.63478 5.48869 5.38892 10.18745 5.36373 10.3091 5.39446 0 5.26628 5.63172 10.196349999999999 
5.81947 10.315010000000001 5.99106 5.03368 10.05704 5.67251 5.91339 5.20508 5.63422 5.85361 10.01885 10.162749999999999 10.088370000000001 10.327539999999999 10.249469999999999 5.85131 10.14043 5.21539 5.70393 5.94124 5.16056 10.19274 10.22542 5.18168 5.41649 5.71524 5.96941 5.1294 5.54854 10.16684 5.23565 5.71099 10.25859 10.119810000000001 5.11186 10.11963 5.38963 5.76686 10.11708 10.21268 5.90103 5.66058 5.79311 5.26628 0 5.47677 10.03408 
5.2341 10.13785 5.84706 5.25445 5.91957 5.01402 10.03023 5.29819 5.90206 5.11747 5.24837 10.16733 5.51996 10.3307 10.2704 5.74099 10.24579 10.104659999999999 5.34246 5.94274 10.15265 10.382480000000001 5.34492 5.7144 5.82704 10.260860000000001 5.79236 10.09805 5.69096 5.35028 5.83923 10.34573 5.90389 5.04565 5.10342 5.86326 5.98317 5.18449 5.69712 10.25033 5.3977 5.66532 5.77784 5.63172 5.47677 0 5.02259 
5.11379 10.11936 5.78645 5.52921 5.2014 5.95571 5.62854 5.68757 5.84961 5.29417 10.04881 5.42696 5.43803 5.30811 5.88128 5.45218 5.70542 10.13589 10.16941 5.99632 5.5698 10.27436 10.25631 5.21257 10.05838 5.90842 5.72092 10.18574 5.4335 5.41955 10.0913 10.24714 5.19342 10.06824 5.40814 5.59211 5.31481 5.9077 10.14912 10.24588 5.75083 5.73116 10.231449999999999 10.196349999999999 10.03408 5.02259 0 
