20
Bloodseeker Lulu Xayah Axe Nocturne Lycan TreantProtector Sven ElderTitan Shen Slardar Renekton Braum EmberSpirit Blitzcrank Dazzle Syndra Kled Twitch Zeus
0 252.63359 497.79523 415.80403 470.00758 445.43007 454.64604 279.80405 550.7798700000001 331.08576 538.79033 397.10384 457.07048 487.40102 382.18918 279.67913 556.1505999999999 294.2833 512.87889 265.73288 
252.63359 0 255.62769 527.07156 419.07646 496.28414 497.09312 320.03238 591.0082 546.82796 393.09203 427.72602 284.33605 566.15945 387.86107 438.1239 449.02211 489.55969 260.2453 518.36647 
497.79523 255.62769 0 271.44387 495.63658 329.22041 584.30391 358.51858 487.85832 291.20027 384.65512 564.59086 488.68619 602.40614 443.65585 553.4342300000001 376.68151 521.34253 459.87809 396.94327 
415.80403 527.07156 271.44387 0 289.14385 427.84906 480.73863 375.95836 583.39077 426.22509 552.9423400000001 293.14699 494.61559 330.96227 544.98391 362.49087 565.50721 366.21032 334.97886 382.38127 
470.00758 419.07646 495.63658 289.14385 0 290.09377 491.88894 338.2628 443.87899 486.14075 413.21239 552.52001 405.3997 467.82081 508.17907 488.0734 307.53005 484.25105 374.34717 590.48773 
445.43007 496.28414 329.22041 427.84906 290.09377 0 255.0835 509.8637 485.05942 349.51039 419.71587 427.2362 402.12813 484.39515 495.82452 414.42158 536.34831 449.64227 495.39543 487.2501 
454.64604 497.09312 584.30391 480.73863 491.88894 255.0835 0 254.7802 424.43348 448.31785 326.45084 356.92723 400.60971 470.13619 336.06329 467.38379 304.44835 324.99649 494.00307 467.2381 
279.80405 320.03238 358.51858 375.95836 338.2628 509.8637 254.7802 0 270.97582 531.86148 402.28742 405.01854 344.69736 542.68752 414.9472 559.48318 276.34655 434.63543 271.07822 361.95872 
550.7798700000001 591.0082 487.85832 583.39077 443.87899 485.05942 424.43348 270.97582 0 285.73473 497.11182 589.1955399999999 446.68569 394.78128 342.65888 335.55133 318.37697 356.99353 542.05404 379.52 
331.08576 546.82796 291.20027 426.22509 486.14075 349.51039 448.31785 531.86148 285.73473 0 315.53901 463.40536 366.74824 524.76578 463.6081 555.8457699999999 353.9958 480.64341 448.04832 564.79083 
538.79033 393.09203 384.65512 552.9423400000001 413.21239 419.71587 326.45084 402.28742 497.11182 315.53901 0 259.79535 423.6358 441.26533 588.6427699999999 314.95556 402.34324 403.69616 480.41348 337.55089 
397.10384 427.72602 564.59086 293.14699 552.52001 427.2362 356.92723 405.01854 589.1955399999999 463.40536 259.79535 0 303.8833 306.93019 388.1075 324.81336 347.91083 259.68147 338.80288 460.24658 
457.07048 284.33605 488.68619 494.61559 405.3997 402.12813 400.60971 344.69736 446.68569 366.74824 423.6358 303.8833 0 281.8234 436.15281 312.59008 480.00421 303.88165 444.96533 334.74959 
487.40102 566.15945 602.40614 330.96227 467.82081 484.39515 470.13619 542.68752 394.78128 524.76578 441.26533 306.93019 281.8234 0 255.76297 329.93856 593.19959 352.40772 427.0276 390.47401 
382.18918 387.86107 443.65585 544.98391 508.17907 495.82452 336.06329 414.9472 342.65888 463.6081 588.6427699999999 388.1075 436.15281 255.76297 0 273.68721 394.06704 608.1706899999999 349.04469 267.55263 
279.67913 438.1239 553.4342300000001 362.49087 488.0734 414.42158 467.38379 559.48318 335.55133 555.8457699999999 314.95556 324.81336 312.59008 329.93856 273.68721 0 357.71947 368.31888 428.58019 541.23984 
556.1505999999999 449.02211 376.68151 565.50721 307.53005 536.34831 304.44835 276.34655 318.37697 353.9958 402.34324 347.91083 480.00421 593.19959 394.06704 357.71947 0 491.10475 348.99517 304.12354 
294.2833 489.55969 521.34253 366.21032 484.25105 449.64227 324.99649 434.63543 356.99353 480.64341 403.69616 259.68147 303.88165 352.40772 608.1706899999999 368.31888 491.10475 0 261.49025 479.895 
512.87889 260.2453 459.87809 334.97886 374.34717 495.39543 494.00307 271.07822 542.05404 448.04832 480.41348 338.80288 444.96533 427.0276 349.04469 428.58019 348.99517 261.49025 0 329.12777 
265.73288 518.36647 396.94327 382.38127 590.48773 487.2501 467.2381 361.95872 379.52 564.79083 337.55089 460.24658 334.74959 390.47401 267.55263 541.23984 304.12354 479.895 329.12777 0 
