48
Spectre Ezreal Nunu MasterYi SpiritBreaker Rumble NightStalker Talon Ziggs CentaurWarrunner Galio Phoenix Jax WraithKing BountyHunter Bard Skarner Jhin Kled Lich ChaosKnight Magnus Tailyah Bristleback Maokai LoneDruid Oracle Ashe Shyvana Jayce Anivia Disruptor KogMaw CrystalMaiden Heimerdinger Akali Lucian Tiny Malphite Xerath Ahri ArcWarden Lux Draven Jinx Morgana Slark Pantheon
0 2649.53112 4755.20819 5215.95122 5867.692230000001 5625.762280000001 2925.91265 3058.94297 4186.47961 2852.74925 4703.91989 5505.28547 3484.29025 3284.12532 4811.85443 2860.05727 3008.65721 3459.28699 5976.66941 5578.20686 3594.72342 3515.87269 4498.87573 3570.78734 3979.35893 2868.07486 3265.11429 3853.8134 2901.71675 3298.86967 2839.26419 3621.73035 3665.25609 3087.08937 2969.66075 4909.21417 4989.48953 2950.86226 3568.14672 3381.33006 4987.40415 2949.35267 2928.76684 4536.37235 3408.58826 4782.97382 4116.11997 2515.11297 
2649.53112 0 2552.07107 5132.81659 3269.16713 4824.94307 5360.40402 4246.25364 3077.95615 4476.67632 3969.64309 3766.85596 3982.99685 3857.61078 3795.63032 4832.57778 4631.11829 5306.37951 4385.69987 5426.11633 4223.9612 3004.4251 4454.84957 3791.73709 4034.44371 3271.77764 5631.45216 6107.63123 4383.00008 3049.40663 4125.1052 4481.91201 3338.90426 5357.943670000001 2750.56435 5330.22026 4870.40375 4465.59598 3144.13797 3311.42105 4858.25507 3363.9315 2792.10938 4565.04767 5484.10837 5433.89381 4230.46519 3808.781 
4755.20819 2552.07107 0 2580.74552 5179.45674 4381.55746 2808.33295 5202.93188 2605.90712 3966.81313 3786.7839 5473.1433099999995 4053.22285 2724.13914 4067.73207 5410.39539 3011.21004 2876.17882 5417.01631 4010.9554 5152.28011 3467.21106 4134.9646 2684.12888 2824.66272 4971.78197 4843.98943 4219.8812 4130.2659 3412.02529 4513.55555 3951.61811 4886.79458 3352.01396 4790.94351 3146.55724 3693.06534 5224.52642 4189.18057 4767.2022 4182.82315 3037.39592 3095.99982 3301.77814 3065.40009 4866.61993 5337.8142 3515.49868 
5215.95122 5132.81659 2580.74552 0 2598.71122 3902.45104 4442.11356 4683.5707 4205.03206 3817.77735 5569.56728 5510.87957 4161.55985 3115.50367 3902.04916 4949.26297 4618.86187 3559.8276 4887.32129 3737.2376 5131.44578 5967.421829999999 3814.72722 5264.874400000001 5405.40824 5342.01102 3134.57671 5799.59924 4516.26423 5209.50391 4335.1576 2852.4338 4427.52353 3304.98344 5912.36276 4334.57391 4326.44092 4669.47843 4903.87972 4267.9886 2982.28709 2714.83866 4649.99642 4319.75915 3593.47417 4904.48834 5644.95518 2700.83825 
5867.692230000001 3269.16713 5179.45674 2598.71122 0 2524.4508 3070.63867 5300.406080000001 3379.93826 5498.25292 2970.85606 3743.82852 4620.74862 4540.49277 4312.38812 4155.28807 4946.69891 3826.98591 3936.84945 3623.38959 2532.73456 3690.56381 2960.85718 3902.06481 4866.44324 3826.64613 5416.42699 5704.68239 3888.87918 2610.79269 5335.8607 3963.96747 5801.122289999999 3290.63355 3810.65348 5540.56481 3495.56888 3920.07826 3375.88735 3674.51833 3282.71139 3611.53511 3021.08156 2560.86101 4667.56977 3130.67726 4064.61629 5299.54947 
5625.762280000001 4824.94307 4381.55746 3902.45104 2524.4508 0 2699.84963 2775.95528 5372.98004 4592.5697 4886.81882 3428.44559 3610.89094 3400.78862 3541.1188 3643.80063 4925.50461 3366.69962 4740.16814 4083.88934 3414.06911 3856.72456 2877.77409 3252.42442 4037.70133 4231.12363 3890.42394 3446.2678 3907.76532 5135.243490000001 4964.4156 3866.76858 3503.61306 5516.0712 4759.86035 5614.38428 4615.92342 4482.56837 3533.52414 3911.91904 4440.73895 3857.06662 5392.3641800000005 5085.31181 4228.68412 3437.11605 4834.17214 5490.42814 
2925.91265 5360.40402 2808.33295 4442.11356 3070.63867 2699.84963 0 2547.42171 4049.4063 5657.62818 3130.23132 3430.29039 4510.08723 3039.34117 3482.21834 4937.91726 5318.8987799999995 2771.33104 3752.44113 2967.47903 5269.20331 2660.50591 3154.94678 3851.32248 4118.49497 4840.4102 4186.80042 4043.71174 4273.97967 4822.48256 3022.56857 3486.15042 4927.9601 3619.62737 5201.06143 4033.04775 3518.34357 2813.54084 5711.92172 4396.51223 3892.34896 3555.80411 4199.24336 4871.49498 3371.64838 4146.55122 4059.3488 3699.06424 
3058.94297 4246.25364 5202.93188 4683.5707 5300.406080000001 2775.95528 2547.42171 0 2597.02476 3464.52575 5618.47862 4080.01258 5319.98564 3701.93476 3856.50607 3542.19154 2797.52983 3071.54962 3500.70279 4634.73683 4521.05998 5207.92762 2759.21221 3607.3471 5799.55109 5434.476930000001 3080.15772 4610.42982 3984.56911 3633.75805 2632.07845 3420.18989 4864.56487 2740.11592 3313.47008 5145.87602 5443.982830000001 3194.84477 4923.17188 5521.44867 3501.40739 5465.279979999999 2616.4089 3606.44562 3108.45457 3388.49754 4859.1676 5574.05594 
4186.47961 3077.95615 2605.90712 4205.03206 3379.93826 5372.98004 4049.4063 2597.02476 0 2521.61317 4886.42555 4791.10655 5592.64242 4452.43378 3313.39367 2996.41911 4421.60702 5278.2410199999995 3761.86115 4903.97267 2546.37299 2904.37738 3294.33001 3962.88512 5320.29726 3620.43648 4405.52898 3029.67508 3752.52457 5520.60563 4477.37634 4815.23644 2883.75949 3832.33286 5128.50717 2548.85126 3759.34864 3928.82295 2660.26574 5234.092189999999 4492.16453 4482.71074 2926.83649 3165.23405 3357.55776 4787.43092 3759.50402 5195.19687 
2852.74925 4476.67632 3966.81313 3817.77735 5498.25292 4592.5697 5657.62818 3464.52575 2521.61317 0 2527.39686 3922.15737 4996.35929 2876.63734 4920.21071 2804.72165 4855.61222 4945.63206 3835.29713 5666.03139 3149.43223 4061.52064 2885.79152 3111.07606 3205.75714 4966.88163 3764.78488 4727.97516 4491.71029 3313.45935 5389.90467 2782.31363 3735.17294 3839.81612 2978.62533 4578.41119 5509.22219 4170.07578 4756.58314 3350.10451 4856.25707 3589.98866 3142.6632 3124.92877 4548.39204 2667.97776 5161.22229 5367.86222 
4703.91989 3969.64309 3786.7839 5569.56728 2970.85606 4886.81882 3130.23132 5618.47862 4886.42555 2527.39686 0 2511.98982 3226.65919 3287.22567 4257.53635 3937.29508 5501.9102 2954.34246 3629.00814 5196.15012 2679.55096 2748.30072 3707.62219 3553.19499 4307.8067 3185.27569 3984.77449 2899.87254 4278.38677 3191.75223 4929.55849 4723.28444 4533.9833 3530.07118 3270.38531 2893.30882 4842.00436 4025.37491 5278.28709 4712.95476 3481.43837 4518.64971 4249.78121 3461.77079 4671.28649 2688.29345 5374.19718 3544.38078 
5505.28547 3766.85596 5473.1433099999995 5510.87957 3743.82852 3428.44559 3430.29039 4080.01258 4791.10655 3922.15737 2511.98982 0 2517.06126 4368.30617 2706.7124 3254.07769 4964.281 2758.47516 5299.31265 2804.68051 4613.61384 5260.29054 3765.88989 5526.4473 4343.0774 4399.44303 2789.9492 3521.38796 5318.28673 3515.7269 2915.35895 5328.22676 5456.09829 3793.32264 2741.56005 4193.40411 3973.70866 2872.70791 5567.95215 3039.91825 4973.27144 2796.04091 4578.76173 4524.88495 4500.38753 3065.43772 5457.5494 5323.71437 
3484.29025 3982.99685 4053.22285 4161.55985 4620.74862 3610.89094 4510.08723 5319.98564 5592.64242 4996.35929 3226.65919 2517.06126 0 2568.16895 2944.45823 3965.85031 5752.59557 3213.90979 3909.33986 2583.34611 5099.94527 3827.33193 3118.78241 4127.13075 3955.87009 3682.7099 4168.78347 4841.05206 4362.66029 2963.57566 3824.274 3267.06775 5815.56897 3911.66176 5258.62131 4975.41708 2698.86508 4330.37183 3050.89089 4393.85319 5310.151830000001 2681.56782 2703.57674 4589.87624 2747.42635 3074.31922 3204.24551 3949.56172 
3284.12532 3857.61078 2724.13914 3115.50367 4540.49277 3400.78862 3039.34117 3701.93476 4452.43378 2876.63734 3287.22567 4368.30617 2568.16895 0 2819.29941 4174.53512 5580.49597 5600.31796 3229.10384 3361.88378 4058.17533 5222.3795 5602.67277 4942.82478 4593.88347 5503.1363 3168.11176 4774.98725 3372.51972 5468.76457 3539.98638 2948.25944 5441.54155 4799.74024 3313.74367 3807.18281 4546.42223 5414.23912 4864.21665 2856.57713 3633.58004 4406.26665 5234.96803 5402.28504 4645.20542 4321.59455 2983.08467 5150.78337 
4811.85443 3795.63032 4067.73207 3902.04916 4312.38812 3541.1188 3482.21834 3856.50607 3313.39367 4920.21071 4257.53635 2706.7124 2944.45823 2819.29941 0 2589.97899 2977.97789 4402.58554 3236.30791 3728.25652 4688.46798 4751.44682 3814.81428 4900.91621 3410.3203 3387.50127 4294.09183 5951.81429 4185.81553 3401.99614 4967.53552 4581.89177 5773.29068 4603.12358 3058.75244 4222.9657 3566.41606 5579.4203099999995 3375.13917 5254.62832 4772.12708 5502.75331 3453.69255 3099.87489 4264.13926 2633.28766 3897.14863 5862.3002400000005 
2860.05727 4832.57778 5410.39539 4949.26297 4155.28807 3643.80063 4937.91726 3542.19154 2996.41911 2804.72165 3937.29508 3254.07769 3965.85031 4174.53512 2589.97899 0 2562.99325 3978.06656 3852.56612 3768.5932 4709.98615 4767.24307 4263.64001 4120.60532 2585.73267 3891.14414 4221.94108 4335.97599 3510.00205 3293.62342 2741.03904 3270.91572 3424.73452 2564.3447 3109.46863 4666.3106 4706.43734 3188.70301 5412.621279999999 4416.45031 4624.40933 4406.38852 3889.59003 4754.37066 3860.73667 4416.59138 5157.16133 4046.08664 
3008.65721 4631.11829 3011.21004 4618.86187 4946.69891 4925.50461 5318.8987799999995 2797.52983 4421.60702 4855.61222 5501.9102 4964.281 5752.59557 5580.49597 2977.97789 2562.99325 0 2547.56774 3736.0759 3297.3281 2843.68408 2769.33704 4025.56102 3438.15301 5148.72592 3530.74309 5354.95985 5820.25339 4702.30297 4679.41517 2801.63299 2997.90486 3334.44271 4669.42156 3105.38953 3901.46452 4216.65492 4846.02357 5192.85665 2723.91884 3913.8233 4509.61764 3320.67596 3698.49531 3725.25923 4297.48796 5257.146339999999 2968.20743 
3459.28699 5306.37951 2876.17882 3559.8276 3826.98591 3366.69962 2771.33104 3071.54962 5278.2410199999995 4945.63206 2954.34246 2758.47516 3213.90979 5600.31796 4402.58554 3978.06656 2547.56774 0 2540.83749 4737.31884 2731.86803 3847.86048 3364.90028 3896.11803 3117.64447 3399.33531 3405.4253 3272.68565 2741.00982 4590.22899 3284.11069 3715.22019 3223.06907 5431.00534 3067.17494 4010.85843 3878.40568 2731.86251 4961.34416 3187.64675 3433.9844 2746.30223 2597.56156 3331.27577 3634.45333 5435.19051 4435.86897 2565.23921 
5976.66941 4385.69987 5417.01631 4887.32129 3936.84945 4740.16814 3752.44113 3500.70279 3761.86115 3835.29713 3629.00814 5299.31265 3909.33986 3229.10384 3236.30791 3852.56612 3736.0759 2540.83749 0 2648.67199 3398.8183 4808.80023 3944.55228 3675.94935 3370.99705 3108.59455 4966.38508 3047.2762 4404.4992 4744.6041 3789.77143 4360.18114 3360.92481 2890.16785 4062.889 2984.69468 5184.310030000001 4591.48284 3328.44386 3036.88923 3372.62598 3327.2718 3732.4783 3758.41696 3490.08072 3057.9264 2811.08819 3826.3837 
5578.20686 5426.11633 4010.9554 3737.2376 3623.38959 4083.88934 2967.47903 4634.73683 4903.97267 5666.03139 5196.15012 2804.68051 2583.34611 3361.88378 3728.25652 3768.5932 3297.3281 4737.31884 2648.67199 0 2516.59916 3011.58856 4714.61446 4722.80475 3730.10101 2794.62611 4881.32946 4218.44037 4619.7801 4286.05853 4706.183 3354.74132 5485.56536 4645.65872 4070.38896 3935.29425 4952.99093 3953.27188 4610.25551 4363.02829 4049.72394 5264.913930000001 3631.33243 3252.00139 5330.77246 4228.34603 4568.2942 4937.9414 
3594.72342 4223.9612 5152.28011 5131.44578 2532.73456 3414.06911 5269.20331 4521.05998 2546.37299 3149.43223 2679.55096 4613.61384 5099.94527 4058.17533 4688.46798 4709.98615 2843.68408 2731.86803 3398.8183 2516.59916 0 2608.6974 3736.26605 4836.15024 4239.38343 5222.10239 4998.35382 3171.94783 5472.877850000001 4161.86032 4343.09751 3724.33223 4789.39984 3479.49636 3814.01915 3007.83025 5190.52785 3547.42951 3418.19081 2687.7192 4421.98284 3654.02942 3535.7451 4409.12005 4863.88464 3078.3167 2694.64622 4468.31036 
3515.87269 3004.4251 3467.21106 5967.421829999999 3690.56381 3856.72456 2660.50591 5207.92762 2904.37738 4061.52064 2748.30072 5260.29054 3827.33193 5222.3795 4751.44682 4767.24307 2769.33704 3847.86048 4808.80023 3011.58856 2608.6974 0 2585.65796 4707.80284 3550.93634 5211.06564 4317.31301 3186.63217 4850.05907 4670.00935 4174.48753 3338.04312 3186.35528 3889.80087 5614.58836 3034.93245 4907.68237 3750.24704 4832.90029 3610.52188 4286.72317 6020.69693 3903.53102 5413.181619999999 4550.19999 3017.48443 3769.19209 5737.54447 
4498.87573 4454.84957 4134.9646 3814.72722 2960.85718 2877.77409 3154.94678 2759.21221 3294.33001 2885.79152 3707.62219 3765.88989 3118.78241 5602.67277 3814.81428 4263.64001 4025.56102 3364.90028 3944.55228 4714.61446 3736.26605 2585.65796 0 2511.21203 4447.65208 2675.26472 2782.81586 2975.91566 5426.2751100000005 3429.3509 3644.76534 2725.49038 5118.36271 3651.81855 3474.27097 3956.34824 2959.05947 4418.09699 2776.09511 3330.95544 4800.91714 3895.212 4642.41954 2827.52366 2842.85066 3787.03701 5541.3735799999995 4861.02891 
3570.78734 3791.73709 2684.12888 5264.874400000001 3902.06481 3252.42442 3851.32248 3607.3471 3962.88512 3111.07606 3553.19499 5526.4473 4127.13075 4942.82478 4900.91621 4120.60532 3438.15301 3896.11803 3675.94935 4722.80475 4836.15024 4707.80284 2511.21203 0 2511.21684 5186.47675 2736.4981 5401.52063 3804.34919 3582.39706 3157.5593 5155.651900000001 2607.15068 2906.04558 5321.6889200000005 4209.4044 2831.07198 3306.90174 3604.82526 4049.6458 2937.83177 5170.45863 4201.81665 2532.7552 2694.13168 2626.36369 3683.28063 5356.4568500000005 
3979.35893 4034.44371 2824.66272 5405.40824 4866.44324 4037.70133 4118.49497 5799.55109 5320.29726 3205.75714 4307.8067 4343.0774 3955.87009 4593.88347 3410.3203 2585.73267 5148.72592 3117.64447 3370.99705 3730.10101 4239.38343 3550.93634 4447.65208 2511.21684 0 2727.89621 4211.51432 3516.99485 3176.3896 3144.98092 5326.77171 4668.93704 2856.57242 4294.95029 5524.480240000001 4201.10595 2991.58864 5302.188410000001 5263.57547 3488.19474 5321.91049 3450.27 4848.67162 3230.75866 4901.72586 3303.59666 2811.33093 2845.24001 
2868.07486 3271.77764 4971.78197 5342.01102 3826.64613 4231.12363 4840.4102 5434.476930000001 3620.43648 4966.88163 3185.27569 4399.44303 3682.7099 5503.1363 3387.50127 3891.14414 3530.74309 3399.33531 3108.59455 2794.62611 5222.10239 5211.06564 2675.26472 5186.47675 2727.89621 0 2652.7721 4997.47713 2751.01039 4025.39316 5468.93046 4396.92256 3089.97394 3151.44233 3211.66863 4805.14787 4771.1812 4615.85318 5437.20801 4553.08723 4387.39861 5686.86024 3271.59501 5502.78838 3630.17387 4554.27771 4209.46863 2641.17277 
3265.11429 5631.45216 4843.98943 3134.57671 5416.42699 3890.42394 4186.80042 3080.15772 4405.52898 3764.78488 3984.77449 2789.9492 4168.78347 3168.11176 4294.09183 4221.94108 5354.95985 3405.4253 4966.38508 4881.32946 4998.35382 4317.31301 2782.81586 2736.4981 4211.51432 2652.7721 0 2665.02253 5283.57869 4522.32247 3520.73953 2764.54544 3417.20473 5409.7227 4407.97078 4249.22038 3755.44074 2893.88737 5558.910970000001 2980.60431 5674.32987 3565.70425 3605.38543 3446.87413 2971.20462 3139.80436 4068.79961 4525.63956 
3853.8134 6107.63123 4219.8812 5799.59924 5704.68239 3446.2678 4043.71174 4610.42982 3029.67508 4727.97516 2899.87254 3521.38796 4841.05206 4774.98725 5951.81429 4335.97599 5820.25339 3272.68565 3047.2762 4218.44037 3171.94783 3186.63217 2975.91566 5401.52063 3516.99485 4997.47713 2665.02253 0 2618.55616 4275.96814 4543.30366 3747.77213 3778.84685 2744.70017 3819.47775 4769.77309 3015.40136 5558.909900000001 4350.38978 3789.97131 5399.84662 5525.97299 4572.49748 3755.73456 4792.78441 4371.51484 2964.55792 4197.11582 
2901.71675 4383.00008 4130.2659 4516.26423 3888.87918 3907.76532 4273.97967 3984.56911 3752.52457 4491.71029 4278.38677 5318.28673 4362.66029 3372.51972 4185.81553 3510.00205 4702.30297 2741.00982 4404.4992 4619.7801 5472.877850000001 4850.05907 5426.2751100000005 3804.34919 3176.3896 2751.01039 5283.57869 2618.55616 0 2638.00287 2717.92007 4803.94517 4432.41722 4485.28918 3501.31772 3227.12672 5576.1411 4562.1892 4779.44473 3380.00561 4877.1674 4426.35369 5338.57138 3548.00931 2968.83489 2748.52712 2834.21337 2798.22286 
3298.86967 3049.40663 3412.02529 5209.50391 2610.79269 5135.243490000001 4822.48256 3633.75805 5520.60563 3313.45935 3191.75223 3515.7269 2963.57566 5468.76457 3401.99614 3293.62342 4679.41517 4590.22899 4744.6041 4286.05853 4161.86032 4670.00935 3429.3509 3582.39706 3144.98092 4025.39316 4522.32247 4275.96814 2638.00287 0 2725.06801 4828.76698 3441.90819 4308.27318 5247.833860000001 2971.75437 2938.13823 2775.40772 2938.3187 2840.46602 4416.35038 4734.42534 4237.37919 4775.33859 4505.23481 3187.13902 2740.61831 4888.47251 
2839.26419 4125.1052 4513.55555 4335.1576 5335.8607 4964.4156 3022.56857 2632.07845 4477.37634 5389.90467 4929.55849 2915.35895 3824.274 3539.98638 4967.53552 2741.03904 2801.63299 3284.11069 3789.77143 4706.183 4343.09751 4174.48753 3644.76534 3157.5593 5326.77171 5468.93046 3520.73953 4543.30366 2717.92007 2725.06801 0 2607.59104 3938.30634 5305.38374 5384.45364 4218.1413 3380.80681 2701.36904 3217.45611 3776.60917 4200.56778 5316.59094 3579.93308 4803.4194 3040.59391 3516.98422 3660.49394 4750.50227 
3621.73035 4481.91201 3951.61811 2852.4338 3963.96747 3866.76858 3486.15042 3420.18989 4815.23644 2782.31363 4723.28444 5328.22676 3267.06775 2948.25944 4581.89177 3270.91572 2997.90486 3715.22019 4360.18114 3354.74132 3724.33223 3338.04312 2725.49038 5155.651900000001 4668.93704 4396.92256 2764.54544 3747.77213 4803.94517 4828.76698 2607.59104 0 2548.50122 5092.65857 5263.03946 3410.96347 3115.37877 3093.61716 5129.96506 4043.56793 4147.10219 4116.02814 3624.52342 3957.79117 2980.25325 4238.30956 5122.35005 4888.92005 
3665.25609 3338.90426 4886.79458 4427.52353 5801.122289999999 3503.61306 4927.9601 4864.56487 2883.75949 3735.17294 4533.9833 5456.09829 5815.56897 5441.54155 5773.29068 3424.73452 3334.44271 3223.06907 3360.92481 5485.56536 4789.39984 3186.35528 5118.36271 2607.15068 2856.57242 3089.97394 3417.20473 3778.84685 4432.41722 3441.90819 3938.30634 2548.50122 0 2544.15735 2714.53824 3994.74316 4732.76919 5397.62284 4477.39039 3710.39953 5199.3038 5610.915059999999 3800.05711 4798.51578 4993.58609 5233.514370000001 3222.58337 3289.19107 
3087.08937 5357.943670000001 3352.01396 3304.98344 3290.63355 5516.0712 3619.62737 2740.11592 3832.33286 3839.81612 3530.07118 3793.32264 3911.66176 4799.74024 4603.12358 2564.3447 4669.42156 5431.00534 2890.16785 4645.65872 3479.49636 3889.80087 3651.81855 2906.04558 4294.95029 3151.44233 5409.7227 2744.70017 4485.28918 4308.27318 5305.38374 5092.65857 2544.15735 0 2607.37932 3800.04568 2772.14386 2986.48411 3359.90238 2970.1549 2655.14645 3515.12404 4787.42753 4833.41616 4947.87634 4520.10286 5317.81454 3944.19416 
2969.66075 2750.56435 4790.94351 5912.36276 3810.65348 4759.86035 5201.06143 3313.47008 5128.50717 2978.62533 3270.38531 2741.56005 5258.62131 3313.74367 3058.75244 3109.46863 3105.38953 3067.17494 4062.889 4070.38896 3814.01915 5614.58836 3474.27097 5321.6889200000005 5524.480240000001 3211.66863 4407.97078 3819.47775 3501.31772 5247.833860000001 5384.45364 5263.03946 2714.53824 2607.37932 0 2579.65591 3704.10332 2683.0846 4055.02406 4377.12192 3283.91467 3573.81616 2898.67671 5603.31612 4901.81621 2707.45021 3148.12621 4576.01387 
4909.21417 5330.22026 3146.55724 4334.57391 5540.56481 5614.38428 4033.04775 5145.87602 2548.85126 4578.41119 2893.30882 4193.40411 4975.41708 3807.18281 4222.9657 4666.3106 3901.46452 4010.85843 2984.69468 3935.29425 3007.83025 3034.93245 3956.34824 4209.4044 4201.10595 4805.14787 4249.22038 4769.77309 3227.12672 2971.75437 4218.1413 3410.96347 3994.74316 3800.04568 2579.65591 0 3061.84572 3185.42035 4765.43398 4737.09433 5437.26631 4115.97766 4901.30363 4982.18763 5735.00264 5287.10612 3222.77441 3092.14627 
4989.48953 4870.40375 3693.06534 4326.44092 3495.56888 4615.92342 3518.34357 5443.982830000001 3759.34864 5509.22219 4842.00436 3973.70866 2698.86508 4546.42223 3566.41606 4706.43734 4216.65492 3878.40568 5184.310030000001 4952.99093 5190.52785 4907.68237 2959.05947 2831.07198 2991.58864 4771.1812 3755.44074 3015.40136 5576.1411 2938.13823 3380.80681 3115.37877 4732.76919 2772.14386 3704.10332 3061.84572 0 2950.03446 5483.30305 4233.03198 3547.57127 3616.51828 3153.33152 5363.82718 4767.0986 4516.92376 3423.13425 5582.654329999999 
2950.86226 4465.59598 5224.52642 4669.47843 3920.07826 4482.56837 2813.54084 3194.84477 3928.82295 4170.07578 4025.37491 2872.70791 4330.37183 5414.23912 5579.4203099999995 3188.70301 4846.02357 2731.86251 4591.48284 3953.27188 3547.42951 3750.24704 4418.09699 3306.90174 5302.188410000001 4615.85318 2893.88737 5558.909900000001 4562.1892 2775.40772 2701.36904 3093.61716 5397.62284 2986.48411 2683.0846 3185.42035 2950.03446 0 2898.38088 3953.41226 5367.518480000001 3050.63095 2930.57126 5256.272779999999 5668.78043 5390.53481 3743.15629 3646.08603 
3568.14672 3144.13797 4189.18057 4903.87972 3375.88735 3533.52414 5711.92172 4923.17188 2660.26574 4756.58314 5278.28709 5567.95215 3050.89089 4864.21665 3375.13917 5412.621279999999 5192.85665 4961.34416 3328.44386 4610.25551 3418.19081 4832.90029 2776.09511 3604.82526 5263.57547 5437.20801 5558.910970000001 4350.38978 4779.44473 2938.3187 3217.45611 5129.96506 4477.39039 3359.90238 4055.02406 4765.43398 5483.30305 2898.38088 0 2704.70262 4406.56157 4798.53524 4826.81312 5603.61877 4343.46158 2736.31974 3216.68265 2796.03524 
3381.33006 3311.42105 4767.2022 4267.9886 3674.51833 3911.91904 4396.51223 5521.44867 5234.092189999999 3350.10451 4712.95476 3039.91825 4393.85319 2856.57713 5254.62832 4416.45031 2723.91884 3187.64675 3036.88923 4363.02829 2687.7192 3610.52188 3330.95544 4049.6458 3488.19474 4553.08723 2980.60431 3789.97131 3380.00561 2840.46602 3776.60917 4043.56793 3710.39953 2970.1549 4377.12192 4737.09433 4233.03198 3953.41226 2704.70262 0 2755.32332 3575.10563 4464.53976 4525.01261 2781.87921 4384.58817 3338.08891 4483.80406 
4987.40415 4858.25507 4182.82315 2982.28709 3282.71139 4440.73895 3892.34896 3501.40739 4492.16453 4856.25707 3481.43837 4973.27144 5310.151830000001 3633.58004 4772.12708 4624.40933 3913.8233 3433.9844 3372.62598 4049.72394 4421.98284 4286.72317 4800.91714 2937.83177 5321.91049 4387.39861 5674.32987 5399.84662 4877.1674 4416.35038 4200.56778 4147.10219 5199.3038 2655.14645 3283.91467 5437.26631 3547.57127 5367.518480000001 4406.56157 2755.32332 0 2628.58401 4395.08454 5266.28556 5537.2025300000005 4283.15382 2662.66809 2604.785 
2949.35267 3363.9315 3037.39592 2714.83866 3611.53511 3857.06662 3555.80411 5465.279979999999 4482.71074 3589.98866 4518.64971 2796.04091 2681.56782 4406.26665 5502.75331 4406.38852 4509.61764 2746.30223 3327.2718 5264.913930000001 3654.02942 6020.69693 3895.212 5170.45863 3450.27 5686.86024 3565.70425 5525.97299 4426.35369 4734.42534 5316.59094 4116.02814 5610.915059999999 3515.12404 3573.81616 4115.97766 3616.51828 3050.63095 4798.53524 3575.10563 2628.58401 0 4241.63237 5278.61505 4265.68066 4243.20143 4532.55584 4744.05197 
2928.76684 2792.10938 3095.99982 4649.99642 3021.08156 5392.3641800000005 4199.24336 2616.4089 2926.83649 3142.6632 4249.78121 4578.76173 2703.57674 5234.96803 3453.69255 3889.59003 3320.67596 2597.56156 3732.4783 3631.33243 3535.7451 3903.53102 4642.41954 4201.81665 4848.67162 3271.59501 3605.38543 4572.49748 5338.57138 4237.37919 3579.93308 3624.52342 3800.05711 4787.42753 2898.67671 4901.30363 3153.33152 2930.57126 4826.81312 4464.53976 4395.08454 4241.63237 0 2704.63941 4578.8051 4986.55086 4627.27635 3336.24803 
4536.37235 4565.04767 3301.77814 4319.75915 2560.86101 5085.31181 4871.49498 3606.44562 3165.23405 3124.92877 3461.77079 4524.88495 4589.87624 5402.28504 3099.87489 4754.37066 3698.49531 3331.27577 3758.41696 3252.00139 4409.12005 5413.181619999999 2827.52366 2532.7552 3230.75866 5502.78838 3446.87413 3755.73456 3548.00931 4775.33859 4803.4194 3957.79117 4798.51578 4833.41616 5603.31612 4982.18763 5363.82718 5256.272779999999 5603.61877 4525.01261 5266.28556 5278.61505 2704.63941 0 2529.88628 5159.11889 4595.00643 4779.07435 
3408.58826 5484.10837 3065.40009 3593.47417 4667.56977 4228.68412 3371.64838 3108.45457 3357.55776 4548.39204 4671.28649 4500.38753 2747.42635 4645.20542 4264.13926 3860.73667 3725.25923 3634.45333 3490.08072 5330.77246 4863.88464 4550.19999 2842.85066 2694.13168 4901.72586 3630.17387 2971.20462 4792.78441 2968.83489 4505.23481 3040.59391 2980.25325 4993.58609 4947.87634 4901.81621 5735.00264 4767.0986 5668.78043 4343.46158 2781.87921 5537.2025300000005 4265.68066 4578.8051 2529.88628 0 2665.72527 3843.52124 4785.92417 
4782.97382 5433.89381 4866.61993 4904.48834 3130.67726 3437.11605 4146.55122 3388.49754 4787.43092 2667.97776 2688.29345 3065.43772 3074.31922 4321.59455 2633.28766 4416.59138 4297.48796 5435.19051 3057.9264 4228.34603 3078.3167 3017.48443 3787.03701 2626.36369 3303.59666 4554.27771 3139.80436 4371.51484 2748.52712 3187.13902 3516.98422 4238.30956 5233.514370000001 4520.10286 2707.45021 5287.10612 4516.92376 5390.53481 2736.31974 4384.58817 4283.15382 4243.20143 4986.55086 5159.11889 2665.72527 0 3909.13974 3641.77175 
4116.11997 4230.46519 5337.8142 5644.95518 4064.61629 4834.17214 4059.3488 4859.1676 3759.50402 5161.22229 5374.19718 5457.5494 3204.24551 2983.08467 3897.14863 5157.16133 5257.146339999999 4435.86897 2811.08819 4568.2942 2694.64622 3769.19209 5541.3735799999995 3683.28063 2811.33093 4209.46863 4068.79961 2964.55792 2834.21337 2740.61831 3660.49394 5122.35005 3222.58337 5317.81454 3148.12621 3222.77441 3423.13425 3743.15629 3216.68265 3338.08891 2662.66809 4532.55584 4627.27635 4595.00643 3843.52124 3909.13974 0 3767.79174 
2515.11297 3808.781 3515.49868 2700.83825 5299.54947 5490.42814 3699.06424 5574.05594 5195.19687 5367.86222 3544.38078 5323.71437 3949.56172 5150.78337 5862.3002400000005 4046.08664 2968.20743 2565.23921 3826.3837 4937.9414 4468.31036 5737.54447 4861.02891 5356.4568500000005 2845.24001 2641.17277 4525.63956 4197.11582 2798.22286 4888.47251 4750.50227 4888.92005 3289.19107 3944.19416 4576.01387 3092.14627 5582.654329999999 3646.08603 2796.03524 4483.80406 2604.785 4744.05197 3336.24803 4779.07435 4785.92417 3641.77175 3767.79174 0 
