88
Bane Orianna Kled Xayah Slark Trundle ShadowDemon CentaurWarrunner Magnus Jinx Nunu Syndra Venomancer BountyHunter Fiddlesticks VelKoz Warlock Huskar TrollWarlord Kayn Irelia Ryze Jayce Thresh FacelessVoid Beastmaster NightStalker Quinn KhaZix Mirana Medusa LoneDruid Cassiopeia SpiritBreaker Puck Tristana Brewmaster Techies Zilean Sniper Oracle Undying Janna JarvanIV Pantheon DeathProphet Katarina Nidalee Kennen Vladimir Rubick Rumble Zed StormSpirit Amumu Gragas Terrorblade Talon Tiny Lucian Chen Visage Timbersaw LeBlanc ShadowFiend Annie Heimerdinger Azir Rengar Leona Sona Yorick Nasus Viktor Ziggs Morphling WinterWyvern Omniknight Vi ShadowShaman Kassadin Ekko Slardar Sven Weaver Shen Phoenix Fizz
0 25130.53326 29903.6117 37497.78548 36711.07212 32170.97648 33645.34726 28011.65349 32233.26952 35348.52531 34026.00613 52297.44491 49956.38402 31397.42726 51070.05911 25795.82716 38663.83444 25311.98218 37347.01721 38143.48166 39766.27661 43541.84004 40545.19937 44791.5358 30028.42061 50481.849839999995 34860.62865 30760.49229 42156.62604 48994.03704 45309.09354 49882.40084 46109.89663 28286.05127 45027.42671 28117.94985 37565.65429 28437.53459 46427.49047 49064.795 35240.70323 36748.10204 54380.88014 53746.15872 38567.75955 46324.127 49690.9456 48460.23632 46443.84713 34362.05216 39325.15829 25648.07479 51345.19559 34589.00624 48115.57464 39151.99116 30517.09753 45284.73579 37990.03267 28462.88446 44775.59286 25534.30819 49486.58523 25761.4107 37768.7293 47716.74631 33670.20468 44780.40782 27714.18129 52862.27995 48437.03938 47900.71896 32524.87007 39339.91744 44515.86547 52324.44365 35895.12928 47792.58913 35797.19056 43601.28511 47352.5821 36153.2578 34564.48735 41728.81759 42742.01075 40387.47594 30213.43898 25378.95425 
25130.53326 0 25158.1668 40825.23047 28063.55071 52216.36662 27633.37889 25372.48039 34871.64556 50621.90453 25198.69484 35067.14378 35110.92773 35935.53725 48148.18729 50926.36042 28063.83662 32662.24158 29048.96715 25924.77532 29483.7354 31406.37374 46085.74573 49615.63985 37064.23532 25351.31658 40653.92101 54279.20622 52028.1163 46548.37716 29336.59089 32769.71879 52470.23297 35757.31202 51544.01492 31427.46264 45187.1168 51276.714009999996 42468.34604 52560.52677 28962.32082 39429.71533 29250.34688 45932.27715 38534.65199 39960.62096 36011.63212 47206.07424 45856.19961 43433.57832 51658.68828 32483.2954 31988.65075 52706.21549 47155.84789 26240.99606 44680.59008 46012.46501 41302.84348 45172.08739 29636.83794 35293.27803 30943.54688 25319.84201 35781.47307 46002.14244 27946.47205 42574.55558 39707.50103 48656.20946 25389.91495 32876.914 54795.528170000005 39342.18228 36156.06918 29769.77698 46097.58231 32925.99033 34705.26833 29129.85297 31579.72412 29545.72895 35037.81325 39044.40805 33232.15597 53995.546619999994 50822.38657 50509.48751 
29903.6117 25158.1668 0 26280.71031 52331.53282 43224.75164 52123.69999 50530.64719 53969.30269 34887.28783 33629.254 47096.74669 30754.78133 32833.35424 29034.67346 35320.27227 48589.19337 39266.10587 54207.13395 40208.50919 37149.38633 48912.82982 46513.69179 30287.74228 37400.93645 40939.05565 33471.19247 52505.58823 28614.78352 36426.67084 41411.5632 36765.74592 40965.39395 26916.26688 52461.72642 37177.75529 55683.94597 42072.60632 55075.719840000005 49368.41326 43034.68098 38304.63082 52273.6795 55042.86206 42913.72431 32739.18682 28130.10034 38730.99367 44179.62861 45226.17564 26500.52148 38972.07271 41579.35537 38885.16856 43586.19601 44681.37875 48880.61995 42585.64596 54011.62818 31381.5074 27087.56432 26991.85078 46978.47725 31071.78003 36710.26064 31413.21813 47776.26744 52411.33956 53833.130489999996 28944.14325 42439.68349 48811.9691 47513.34544 48938.73079 49714.8119 48782.07623 35368.05887 45052.92076 35791.30323 29063.21122 36201.02277 47462.73131 46748.13893 52592.03939 37393.91866 52579.27738 45643.6801 42961.979 
37497.78548 40825.23047 26280.71031 0 26050.82251 32044.7039 27106.4727 48235.03812 52988.119049999994 52927.22047 49706.68349 30906.69876 47502.09287 30784.85682 45977.83837 50631.46626 49843.58516 27043.98418 45909.5216 31386.85893 27795.44133 37652.98331 27265.56618 32785.21334 29516.51772 32947.6966 38098.04819 31711.89172 38650.90943 52194.01249 35932.07809 39755.07331 32566.92235 48153.90542 33576.28619 34059.3267 45518.1851 35286.05716 33765.42224 39832.69956 42766.02332 36524.62261 51532.44051 48356.15024 33122.65976 53180.84615 46459.30109 35628.17454 33731.35719 32061.82137 31064.23002 27951.82442 45558.96357 37251.30564 40642.2544 42529.60629 29996.99143 36251.59654 34361.76898 37977.56984 46044.70181 36847.74403 40887.03797 36546.25031 46457.0762 34145.01809 31290.05261 26148.7559 44825.75186 36681.9731 43505.08408 43207.25951 39559.07927 54784.544299999994 51351.0948 26231.98536 39188.2833 48547.16808 46248.51389 36285.88598 43568.24545 40847.7912 32998.40734 37189.87491 30211.24303 30454.24495 32967.81471 40528.44436 
36711.07212 28063.55071 52331.53282 26050.82251 0 25241.90462 41451.18186 25992.27235 33836.25216 34910.79531 32958.24392 37030.14018 31138.05634 53230.265849999996 28637.46382 38768.79055 30033.02566 45042.93409 29078.2469 34806.31223 52906.2536 49990.21048 48685.62288 35393.11988 39359.29085 29922.36234 34824.00963 46235.51786 46018.50149 46622.9823 46723.53832 41975.67283 41395.97773 51693.54242 54519.22088 53014.29014 35104.1693 28498.25638 41935.99053 28683.77568 43211.1549 39842.64167 28167.93442 36831.95684 41740.21793 38265.80593 45571.58966 43341.21525 35036.02297 36875.76203 43395.43286 37637.10979 37279.54727 31743.47508 43407.10925 25349.46698 25744.74472 36825.69614 30437.64971 38144.66587 43189.60509 38131.41536 41454.44427 36025.78225 54388.09589 38483.98002 41632.18732 27441.86133 49728.95905 35238.54569 34187.92211 25269.69454 44762.03794 44414.9049 45207.094 38862.586 53071.181450000004 35238.52466 25660.33809 29117.12928 26727.77485 27941.78554 35227.4989 29774.06015 42264.67267 26274.84084 28566.9275 40448.92232 
32170.97648 52216.36662 43224.75164 32044.7039 25241.90462 0 25766.01708 40348.78799 48815.44293 46786.0261 43375.60907 52667.53623 45105.07275 27988.36123 48763.31477 35728.17686 40338.53054 36961.30695 45522.51717 46293.01906 27664.34898 32506.6834 47161.60791 35966.34142 41815.35027 41234.77288 35467.8177 44148.49178 48273.04349 42029.72102 49717.09271 27351.85871 40309.39443 42582.81075 31963.55108 36761.16626 41276.26034 45874.62436 41485.41048 31394.2911 32855.65736 44561.0314 30141.23896 26720.03071 30430.27846 52259.761490000004 43059.70944 36625.67016 26732.93478 39288.71635 44306.9794 27959.02971 32187.21385 47651.17728 34788.08545 25975.37056 41690.47949 49038.72976 55444.73274 29288.20615 32234.51064 40228.48052 52917.840639999995 28026.99007 42760.41486 37949.91255 54313.25907 32159.56118 30841.12301 25805.10836 34873.22076 50511.59916 53911.7245 44158.6224 36114.66558 43666.87723 48458.02954 27588.11014 26411.56244 35225.46409 41075.29923 27547.55736 31833.8138 35865.96797 29388.26922 32737.51711 40339.89205 43449.76798 
33645.34726 27633.37889 52123.69999 27106.4727 41451.18186 25766.01708 0 25355.14562 40035.60507 32268.44964 42524.91095 27405.9589 44878.12497 25961.97164 36982.12223 52634.578819999995 36229.4418 31612.15393 33011.31748 46814.5299 43337.25437 41781.34834 48425.67542 34523.16751 53009.080069999996 27744.1943 30768.35959 49289.54642 36153.89058 28592.27152 44135.94826 51291.05583 41147.66358 46185.22146 53922.965970000005 42465.15756 43508.33069 42664.17149 25957.56004 51489.107350000006 29157.00384 46547.40467 44413.09118 30192.24264 42191.90167 27940.11006 51598.45908 27653.90533 36178.06983 32245.10988 25623.17851 38317.94784 44358.0171 42545.4662 45010.81442 28600.54437 27041.65948 32629.40617 32727.32055 52660.728789999994 26913.14436 41799.06693 31122.67667 52953.2209 28186.48744 48463.80542 35832.36819 51533.99659 35799.23083 30209.39981 43407.11694 43469.00171 29150.51009 31666.0756 32825.40609 39508.43981 45669.42824 49311.08542 42753.1338 52326.77603 47040.96944 40835.69852 37378.79362 43796.89762 27244.17336 42637.8182 49786.29297 38495.63744 
28011.65349 25372.48039 50530.64719 48235.03812 25992.27235 40348.78799 25355.14562 0 25400.91037 47430.76571 50571.17523 39608.62259 55167.55301 41386.85688 37949.16961 35574.76772 37018.88835 39232.36541 33401.15959 45035.09167 30205.62066 42087.61724 25569.27416 35557.66346 55014.1605 44704.212 37303.45005 28906.72583 48975.92493 34515.77281 32436.03451 47596.83766 46012.15173 55208.8394 42225.4722 54777.43434 28623.24973 35680.16595 45239.65169 33908.7013 39003.30633 32761.5106 51816.541809999995 30902.84844 54997.81328 53295.25568 39473.14279 46321.07221 40039.6391 33828.99035 26648.76445 32722.33677 48672.95571 35236.23512 46614.58315 40230.45191 47494.77759 29799.26921 46824.85806 54171.01848 35327.32111 27858.02005 53907.39097 30851.63448 29439.34492 26313.20581 45752.02869 36465.74556 52775.421449999994 46981.40824 45574.47475 30503.21612 52605.09688 52901.31905 33897.78336 37497.7049 27674.70415 26790.01459 29049.86314 34662.49274 29989.48981 33793.08979 49463.84961 53239.561050000004 51773.22838 34075.32808 46285.51775 28588.59834 
32233.26952 34871.64556 53969.30269 52988.119049999994 33836.25216 48815.44293 40035.60507 25400.91037 0 26005.43679 49643.65351 34958.41276 46348.15144 43615.49156 47255.13728 36342.73663 27027.09866 37094.91944 41340.88685 38804.99611 43061.47144 31561.7374 29844.0663 43350.70514 43867.19411 53267.21128 46415.67569 28132.29138 29663.91185 46227.07421 45288.67748 44618.53769 51645.88978 32813.89778 33819.79482 39213.20905 33059.29544 49305.35445 55094.68592 43539.36224 38219.45587 35749.57803 36086.12589 43932.3966 37507.00842 40016.14086 49204.47584 27687.01255 42526.17405 38193.21863 42445.76393 31927.89456 35066.21905 30942.46681 46742.09603 52610.15139 51673.36457 26167.43078 38532.16807 28786.78887 26881.73837 38922.33665 44325.18075 41175.84992 48858.45076 51714.11618 45254.73529 53836.02292 30871.85539 54225.074980000005 32976.16232 43605.75532 27204.18651 52627.43277 26466.00443 52111.62163 52593.98457 31641.86343 53825.05093 45383.45615 26159.79665 41046.84878 48611.62105 40567.26858 46140.79429 40734.96807 53356.80086 41736.11596 
35348.52531 50621.90453 34887.28783 52927.22047 34910.79531 46786.0261 32268.44964 47430.76571 26005.43679 0 25423.20969 44606.35851 48220.93961 41912.25087 37302.85687 34017.91613 47540.3517 47528.64254 47372.60776 39468.12834 36983.85541 35590.44694 48489.49316 46522.55646 55397.542629999996 30381.21835 48999.54084 52197.63906 47132.15639 41416.99302 48324.081 50929.29785 25640.45299 43897.17849 44408.64522 46696.39506 29709.68263 37123.45136 55740.66665 54582.12621 54201.20824 33578.56515 27529.46308 51538.68811 28250.97334 39845.79367 49250.14397 30979.53887 31176.39603 48475.32712 32874.06743 54382.60063 37849.2715 43202.48425 30729.40538 30990.20765 32859.21083 47794.01655 54879.60365 51099.91644 52887.17516 27590.43277 28080.54881 34375.90002 27625.30602 31945.40203 53120.87388 29014.36194 26279.86672 52060.80762000001 48397.70957 33157.9099 28121.0439 53185.3794 27233.06315 49988.66459 53949.71404 34515.48805 44751.28808 54854.771259999994 52165.233439999996 43699.27189 28018.49046 42829.54392 43732.76767 51678.45595 45756.2375 49879.58206 
34026.00613 25198.69484 33629.254 49706.68349 32958.24392 43375.60907 42524.91095 50571.17523 49643.65351 25423.20969 0 25519.19828 26726.77047 52207.59632 49352.41583 53575.544850000006 27983.31573 48087.7034 37665.07746 33321.62695 37068.26537 43085.88214 28748.36041 39128.24856 41097.18936 28428.36283 48233.10588 52416.137610000005 53295.17482 53226.322159999996 35404.96078 27412.97211 36768.84881 27056.90833 44399.60948 56626.15748 36448.23607 30658.60269 50603.39035 43083.33675 36715.80566 38136.50583 48985.98378 26115.47842 41152.22786 33826.99411 45810.92167 54146.95761 30029.51701 48106.95952 32298.89333 47790.84677 54380.16967 36686.64152 55555.4399 41736.26303 41388.90551 36974.55628 30352.81114 57058.37703 31996.30034 43109.88563 27942.30845 45210.45987 28420.13351 32357.14256 43149.66927 33345.76706 35979.27262 34118.477 47071.02355 36265.74684 46987.42248 38180.56905 36869.96998 43743.95467 37255.62889 41343.1408 53053.400590000005 48859.5569 43614.58274 30431.09649 52607.9638 26962.07585 30776.19709 34668.56147 33072.78993 39362.36635 
52297.44491 35067.14378 47096.74669 30906.69876 37030.14018 52667.53623 27405.9589 39608.62259 34958.41276 44606.35851 25519.19828 0 25835.9312 51316.75705 47149.56588 53275.50973 45998.57463 33544.39913 40044.5885 54743.14804 32622.56189 36005.49529 46292.96725 31933.59027 43669.92788 32574.17423 37039.88686 27833.81847 52099.55165 53421.25356 45353.46363 36676.54774 47945.30567 38104.79277 53412.66537 34986.24289 33306.40789 34101.24633 38415.21312 41324.8387 48895.18388 28349.69319 26774.2559 29231.90568 32981.5022 48221.94017 42376.85875 39137.16143 40646.13044 53164.45587 33592.81749 46363.83539 53061.38511 43255.61461 43896.93139 43847.60766 49923.85257 35608.66475 26176.9769 48282.96093 53668.49738 39634.04984 42050.80062 44220.07312 53939.33179 32316.36754 32971.60635 54432.28933 46614.11554 26862.42787 53094.39219 46699.85561 31168.66814 31913.2453 33506.86589 52023.31779 43012.82561 26770.54471 43930.76489 44021.07648 41397.09302 38439.90453 48218.1867 35956.24377 35244.73136 52183.29892 35675.99055 55942.709539999996 
49956.38402 35110.92773 30754.78133 47502.09287 31138.05634 45105.07275 44878.12497 55167.55301 46348.15144 48220.93961 26726.77047 25835.9312 0 25480.82585 50720.6016 27439.57853 41510.14034 28928.18479 33986.37674 30045.75401 30702.40986 27103.40598 43230.87837 43015.68059 33624.18006 34934.25799 47120.24152 43121.05069 45005.71246 37730.45279 45256.68394 33960.21182 49172.46775 31780.41191 35933.59864 47894.79883 35822.82192 32757.64213 33591.64146 35949.91012 53787.83318 48027.75291 26652.68112 39940.97502 47697.44484 35312.28018 39802.84571 39168.69418 31394.31523 33329.25336 54007.83146 30198.32294 51475.93872 49439.10338 36814.80797 26899.25164 52770.529299999995 43491.78458 26445.48166 32056.00419 47632.27892 53135.49602 31031.92326 35899.33838 55146.90398 52156.017120000004 47984.11209 28596.35813 31540.95296 44000.23629 47787.82191 36610.01478 35850.15674 45149.59104 44780.58263 30304.93347 47719.39331 52606.475909999994 31853.40547 37524.67195 49290.14182 46529.65838 33724.73225 49949.34568 39205.37273 42865.98939 25367.82965 52556.399359999996 
31397.42726 35935.53725 32833.35424 30784.85682 53230.265849999996 27988.36123 25961.97164 41386.85688 43615.49156 41912.25087 52207.59632 51316.75705 25480.82585 0 25239.77575 26672.60718 51955.360969999994 26819.81197 28584.42845 33871.25823 37547.80527 44156.06688 46510.97251 39567.52487 47228.88313 45988.45893 52816.44718 27878.31042 27508.28107 42003.48681 25334.62627 39945.41502 34973.4725 27429.44086 27960.99433 48267.77754 37379.15981 29401.54425 48817.56928 40376.99859 31375.4986 33680.59793 35451.98656 47958.67154 46309.83565 41486.62404 27289.93095 47393.64627 46518.63088 46121.32126 38162.90573 55169.74592 39936.98731 51931.59012 26279.90916 36181.94181 46089.22032 48431.72383 47227.7975 44662.67853 43898.45641 43943.2374 44209.97069 52769.3016 47624.27649 52624.634099999996 30459.48882 42473.29173 40374.22862 36437.16745 49009.2944 47323.71812 55112.48173 48559.79921 41155.7269 54121.2613 33373.29032 30488.36238 46980.30169 40358.06584 43609.76484 54430.33928 31867.05575 37370.05003 49220.62199 52004.437340000004 31129.32366 52411.382 
51070.05911 48148.18729 29034.67346 45977.83837 28637.46382 48763.31477 36982.12223 37949.16961 47255.13728 37302.85687 49352.41583 47149.56588 50720.6016 25239.77575 0 25464.63035 45211.9901 40015.79767 53522.68587 28784.12951 45221.73672 45484.68888 35768.21352 30014.34122 39062.45249 45890.91556 34717.02208 47452.99728 34639.96321 38245.29667 34207.35087 37931.93109 37489.71757 33049.43902 27869.44435 49364.50848 47295.22325 52001.47718 30660.85319 46394.49958 54479.40229 29178.1229 34561.43052 48020.46534 53064.20917 41645.9915 30582.92884 32255.51797 28379.44418 29837.08353 53819.6533 50999.40524 43563.56272 40690.19586 40527.68258 53986.9308 53559.25558 48912.77363 35879.66885 40340.10818 28648.18554 25535.75092 34950.1128 40293.07853 34436.99169 42107.84488 49273.2352 46063.72083 28671.7382 53128.57967000001 26666.73158 33195.26139 40374.86616 53047.73979 25778.97897 32089.66409 25887.72229 28850.38916 43053.25407 38373.68331 55365.238670000006 39522.52373 42438.09843 54092.309089999995 54673.11367 26764.66159 25651.1556 35743.55442 
25795.82716 50926.36042 35320.27227 50631.46626 38768.79055 35728.17686 52634.578819999995 35574.76772 36342.73663 34017.91613 53575.544850000006 53275.50973 27439.57853 26672.60718 25464.63035 0 25756.58374 41432.27864 30611.511 36772.37549 38572.9419 47037.77435 39592.74641 36447.65508 41558.56025 40238.89474 26143.84 51544.5122 37170.69622 26154.01995 44428.76122 43498.81113 38740.77987 53250.61272 39598.50602 45278.89229 33622.21947 43352.05518 37961.83227 37795.1802 45577.53521 39836.79922 43395.1972 47791.70708 47947.00563 27903.64571 51329.65163 31045.82703 38912.24503 40385.45917 34982.80191 30731.03553 45110.27406 51291.76027 52952.51634 30633.86555 42551.11348 26622.22067 47443.52865 49980.35929 52562.579639999996 26237.04594 30283.31688 48019.28333 44325.85502 35673.04791 53971.0264 38674.86464 35110.72581 54594.288369999995 52131.36193 52000.84801 47621.68128 28995.26952 42821.64194 44469.71046 49847.89416 35527.26548 49226.50052 29313.63146 40326.44385 39815.53876 39530.22184 54672.56722 49062.16149 30584.60276 45162.07933 33614.09516 
38663.83444 28063.83662 48589.19337 49843.58516 30033.02566 40338.53054 36229.4418 37018.88835 27027.09866 47540.3517 27983.31573 45998.57463 41510.14034 51955.360969999994 45211.9901 25756.58374 0 25135.549 50948.92815 39553.68863 28770.63231 27766.88737 45265.79829 52019.79706 27262.09571 40541.31367 30588.047 42128.02581 27115.72594 32596.9984 45388.6804 36618.08383 49089.70161 33613.64879 43195.1032 46777.95504 40271.65092 43674.92 54353.58924 50635.56676 25384.79604 25197.97951 46974.16184 47418.44693 41644.13382 26608.51298 36855.33312 27717.23509 33849.4834 37659.34272 49071.50678 48260.31133 41246.77142 42239.8273 49038.2404 39949.12329 48291.77543 41213.83212 45922.70592 31725.46867 53523.27214 43500.12062 26608.65098 48919.79483 46546.34422 34406.3901 52209.258799999996 54399.92162 30814.68626 45989.79439 52241.00773 38361.11932 51276.35682 25600.33411 44643.48927 51595.7189 55273.466239999994 36407.95995 47500.17059 33570.59179 48608.16729 37607.01334 34996.85153 35920.99666 34695.86591 53486.972420000006 49869.61898 51986.35655 
25311.98218 32662.24158 39266.10587 27043.98418 45042.93409 36961.30695 31612.15393 39232.36541 37094.91944 47528.64254 48087.7034 33544.39913 28928.18479 26819.81197 40015.79767 41432.27864 25135.549 0 25813.37915 31964.39683 35671.31158 52902.436369999996 30912.3991 55548.30079 52397.64471 27574.95432 38421.06155 30389.85833 29315.72412 52250.67189 48266.34469 45576.93549 37191.27001 38000.55238 46965.09068 42367.76342 26655.96341 36304.78906 38987.60471 26124.93187 34384.92041 46064.36617 48815.23002 29519.3559 29878.98828 51744.06198 35369.45969 36822.22893 27777.64021 38268.93854 36554.24408 46238.51219 41573.46649 35884.02106 46719.41373 47228.48427 44782.71801 29924.03179 28036.77588 41990.50857 33895.9248 35028.44536 35548.03837 46465.67212 46791.68775 44551.9273 33289.74567 42045.75399 47972.54461 27550.29777 30567.99418 30907.15261 49863.52297 27740.56012 40426.46718 44917.02368 42256.26593 26314.02291 45804.32465 43635.30871 49455.24718 49898.03089 52284.97345 38104.28476 53179.86701 41111.90415 42486.44594 27285.97161 
37347.01721 29048.96715 54207.13395 45909.5216 29078.2469 45522.51717 33011.31748 33401.15959 41340.88685 47372.60776 37665.07746 40044.5885 33986.37674 28584.42845 53522.68587 30611.511 50948.92815 25813.37915 0 25647.40605 50975.07951 53508.69963 32153.87129 43769.22866 30350.43673 44736.02891 32172.96796 33160.65691 48091.019 55466.80268 36784.53837 34579.89758 40498.55687 28519.76895 41834.58361 38829.25819 32828.17611 43001.18476 31070.08804 31622.10988 25729.50972 51529.340249999994 46206.99521 37149.43836 34348.60537 53431.84039 35434.6996 33018.49205 30643.45718 36754.76977 33468.57996 43990.97338 38793.75184 39844.80984 44204.61948 44125.12796 43062.56872 42641.88869 52937.379499999995 33370.49238 47069.32842 32229.56212 34828.63405 38655.77787 49593.53782 52012.84673999999 48760.1661 43044.51075 29115.54406 37600.03548 52693.62611 40058.73709 35389.42781 38875.39262 55485.929829999994 48293.6561 52744.19899 52127.40206 37320.43749 38492.25815 34615.09914 47811.81033 40279.85445 26815.40349 27366.48786 28750.30471 43188.61764 47602.43858 
38143.48166 25924.77532 40208.50919 31386.85893 34806.31223 46293.01906 46814.5299 45035.09167 38804.99611 39468.12834 33321.62695 54743.14804 30045.75401 33871.25823 28784.12951 36772.37549 39553.68863 31964.39683 25647.40605 0 25327.67346 28282.12823 26940.39868 52110.28294 28619.14099 32648.39451 51777.08085 35272.72504 44364.84717 43255.32571 47662.23685 29844.51347 45064.28041 34472.03416 47330.2016 31334.36637 36680.75512 33575.76235 38321.82115 44263.93781 49931.34739 30965.22417 30584.08294 45277.38504 26753.50782 52244.11506 41515.96264 28253.21397 37730.99599 33900.56994 29288.89641 31707.02286 51545.26326000001 49066.93725 54151.51565 29409.81752 44371.14943 48956.58199 44353.79321 41052.35761 28504.96092 48122.61175 34588.19714 34206.4684 34980.34753 54336.84589 53486.71632000001 33196.16622 33040.54185 42761.50668 47347.06641 39181.28937 34576.79992 42158.49179 36525.8968 38736.0585 28307.9029 31311.42095 25562.68853 43248.53661 51261.4638 31929.70031 42514.72925 46464.49356 32591.52858 52810.87397 26280.84135 35490.58681 
39766.27661 29483.7354 37149.38633 27795.44133 52906.2536 27664.34898 43337.25437 30205.62066 43061.47144 36983.85541 37068.26537 32622.56189 30702.40986 37547.80527 45221.73672 38572.9419 28770.63231 35671.31158 50975.07951 25327.67346 0 25343.00778 42517.40481 40135.29712 48541.46951 48460.11839 26449.40739 40936.65994 52580.37146 52453.93441 46247.21062 27918.17455 37375.60206 38619.22569 42633.53706 53013.41054 26859.22593 35773.91683 28426.92849 36417.25909 43562.67909 40969.28129 29479.49441 27059.73295 31266.57113 47789.85995 40072.34258 30726.49918 49449.43389 26375.2058 32447.11569 52353.4352 52768.29617 41942.58356 41921.32727 28502.77748 49851.92256 37633.78668 48808.66319 54297.713279999996 39845.99408 30058.97121 41832.24021 45547.54885 34045.99055 53571.38011 28159.04286 39696.36254 52969.38368 38752.31694 29170.52449 46223.04773 39193.09679 42747.29234 46022.30443 29366.34287 34594.72946 32478.60169 50890.361990000005 32260.22255 37594.40941 48430.97695 32251.69178 47638.65934 51485.21955 27570.79445 48129.97199 42810.1981 
43541.84004 31406.37374 48912.82982 37652.98331 49990.21048 32506.6834 41781.34834 42087.61724 31561.7374 35590.44694 43085.88214 36005.49529 27103.40598 44156.06688 45484.68888 47037.77435 27766.88737 52902.436369999996 53508.69963 28282.12823 25343.00778 0 25874.89098 35812.4358 35001.13099 55074.67052 48334.53507 35333.31901 52528.69737 37557.17146 48507.36431 46497.73012 37620.28096 47176.45669 30615.03564 31831.57061 34233.85523 26168.6779 42715.94921 36591.371 53151.68341 29188.58337 38245.73109 52360.851630000005 41917.77388 38494.89204 52656.835139999996 36497.93359 55703.646779999995 44916.32405 38341.13648 30861.61144 40676.03431 55773.67783 46894.93585 38048.79131 55616.41008 38057.89927 35161.15924 44399.59962 52357.623739999995 26032.09004 42078.30108 28914.39527 54174.51666 41344.42767 38875.36118 44923.31983 27768.17327 32916.23232 29374.74541 55714.807629999996 43570.38269 27478.89144 39404.72814 33056.08615 30022.14999 43234.23051 53573.88772 55401.76399000001 49851.24752 27375.38116 54299.80038 34324.85281 26142.21177 26157.45089 42891.03589 53864.91388 
40545.19937 46085.74573 46513.69179 27265.56618 48685.62288 47161.60791 48425.67542 25569.27416 29844.0663 48489.49316 28748.36041 46292.96725 43230.87837 46510.97251 35768.21352 39592.74641 45265.79829 30912.3991 32153.87129 26940.39868 42517.40481 25874.89098 0 25169.88426 50391.077399999995 47185.09522 46671.65434 42357.38018 48489.70695 49590.60818 27375.32097 35282.85382 48790.05495 42032.41954 51507.1713 55534.15177 54165.62324 45693.57505 39462.7182 47773.83285 47990.71434 47227.34901 47634.62874 45799.49131 49796.6858 31468.78512 26781.94416 30346.66919 38497.24158 35599.36947 27362.84663 25670.02109 28937.22854 33817.35944 52689.81779 32830.70811 55595.16201 49961.38296 45476.48566 44334.25303 36420.40242 28961.42766 32093.66885 52104.996830000004 37278.53733 27735.61413 51465.99063 26319.06961 41990.85936 30455.85751 25353.07133 47556.3246 38181.25744 35333.80838 33813.4273 45616.90656 53243.978310000006 48086.74395 32672.63366 37636.5104 29887.88151 36921.46463 52921.55323 27670.28689 26203.95422 44130.12129 41629.95491 47766.94871 
44791.5358 49615.63985 30287.74228 32785.21334 35393.11988 35966.34142 34523.16751 35557.66346 43350.70514 46522.55646 39128.24856 31933.59027 43015.68059 39567.52487 30014.34122 36447.65508 52019.79706 55548.30079 43769.22866 52110.28294 40135.29712 35812.4358 25169.88426 0 25221.19314 39039.32975 46947.46311 47302.70157 54025.249330000006 48331.34244 38730.209 37615.16328 42682.58543 44130.06169 53616.000530000005 35558.7067 54083.598809999996 47019.44929 31063.31048 48485.09852 38443.4515 26821.81755 46791.16462 47796.2294 55035.28946 37883.10091 37915.31315 31649.0961 30613.70426 43339.02862 26856.5574 47967.5663 51469.36766 53557.47184 27905.79088 35871.54071 35410.09364 39471.6791 31532.70938 45131.80409 47348.3751 33778.66784 33211.54234 33465.47904 37980.14116 52905.49839 33147.29874 40505.14957 45324.30047 39008.01246 30973.78448 31773.96118 46127.88647 48376.8769 39499.43723 33896.17005 35939.5915 42318.88521 29075.99475 45123.41371 33282.452 26481.02011 29190.64118 31192.13893 25335.14905 38895.71775 43109.99128 28908.88008 
30028.42061 37064.23532 37400.93645 29516.51772 39359.29085 41815.35027 53009.080069999996 55014.1605 43867.19411 55397.542629999996 41097.18936 43669.92788 33624.18006 47228.88313 39062.45249 41558.56025 27262.09571 52397.64471 30350.43673 28619.14099 48541.46951 35001.13099 50391.077399999995 25221.19314 0 25264.88577 47065.30301 50801.94828 35043.39346 37705.7651 46578.72621 35013.50121 53987.85863 36064.86205 51818.88482 47985.55459 29243.19583 48084.9908 47191.04035 29933.33811 41995.14532 52043.010689999996 37969.25663 38125.07427 46823.27173 46129.06469 39424.59718 48496.42784 42890.91265 29699.50206 34139.56827 51691.20473 26248.17452 37458.3563 25649.39175 43112.96646 56108.99141 30603.05762 37336.0548 43716.05425 48485.61033 30613.01644 46147.22347 53250.00071 43913.48036 28700.95469 32287.32931 29878.70726 45121.96202 44146.64335 36781.25427 48302.95093 41359.9863 42440.86953 42853.63756 32322.73564 48286.57339 36642.32287 53500.006330000004 28726.32054 49494.80604 45765.72721 32966.69218 29072.70757 33531.29466 52246.51116 49783.39407 38622.45437 
50481.849839999995 25351.31658 40939.05565 32947.6966 29922.36234 41234.77288 27744.1943 44704.212 53267.21128 30381.21835 28428.36283 32574.17423 34934.25799 45988.45893 45890.91556 40238.89474 40541.31367 27574.95432 44736.02891 32648.39451 48460.11839 55074.67052 47185.09522 39039.32975 25264.88577 0 25950.90534 37212.74795 36881.62197 31439.1613 43054.1851 46272.38882 32385.12603 51657.187690000006 26553.99905 35659.89387 37990.75954 30645.56447 33883.62578 41301.80558 31592.45026 43686.05798 52014.00396 26807.45917 37998.92261 38920.41002 41159.87889 34678.77993 52812.327950000006 45072.11926 33131.01013 29327.86142 51513.06029 35747.29176 48321.96137 51592.312640000004 52450.09707 34677.18506 26284.74523 47350.10802 39922.74211 52346.40418 28622.50745 50671.15859 51615.47618 30122.75178 32001.92447 55143.59303 48687.85859 35050.94061 50741.23153 34859.63729 42853.57709 35602.07494 48250.59403 37842.77183 36682.22145 28538.51773 49133.40363 38787.37484 54425.97534 32945.08153 44779.23779 47704.33432 48693.96272 28917.21963 46123.39015 54860.92593 
34860.62865 40653.92101 33471.19247 38098.04819 34824.00963 35467.8177 30768.35959 37303.45005 46415.67569 48999.54084 48233.10588 37039.88686 47120.24152 52816.44718 34717.02208 26143.84 30588.047 38421.06155 32172.96796 51777.08085 26449.40739 48334.53507 46671.65434 46947.46311 47065.30301 25950.90534 0 25400.6722 52319.818100000004 52143.56255 45718.71383 43485.73876 49967.03639 45040.17717 52504.904389999996 46018.07335 40557.67302 32112.79239 31904.82321 43716.45136 45450.14765 32072.80863 49618.63781 52758.36451 33592.81292 39563.58081 53116.557759999996 45110.07484 51644.90401 46071.34163 51794.1522 25904.02781 35242.60565 26211.33563 51046.56874 48213.03232 38486.19171 52766.06067 43801.59805 31035.09628 28912.25835 42806.24693 26971.65871 39994.18069 25664.57084 46673.41714 31378.60434 43234.35995 32729.94749 28450.44837 31991.8117 35970.72377 36936.49265 46569.77344 40258.00048 30019.9487 52366.070779999995 29101.54613 38916.80273 25535.7192 37768.06085 38069.23934 37299.72449 40585.32938 49372.26735 34303.72925 46680.37153 39574.69143 
30760.49229 54279.20622 52505.58823 31711.89172 46235.51786 44148.49178 49289.54642 28906.72583 28132.29138 52197.63906 52416.137610000005 27833.81847 43121.05069 27878.31042 47452.99728 51544.5122 42128.02581 30389.85833 33160.65691 35272.72504 40936.65994 35333.31901 42357.38018 47302.70157 50801.94828 37212.74795 25400.6722 0 26919.1459 51393.7189 45042.55798 48945.77614 57120.35792 34288.42762 42960.56984 55453.693530000004 44265.04852 53173.45268 52346.77372 37226.31542 51846.34548 33048.06366 32096.13746 53749.56419 42577.96731 29746.64162 38488.1098 32000.92169 48832.59268 37029.21778 38161.67873 41167.58973 29224.8504 41722.98341 41874.36925 42263.0654 34977.84583 40697.01254 28054.55059 32563.59666 46217.82135 54281.29123 43938.51668 41695.11301 35023.5429 40999.68137 35080.88399 37718.75505 43750.87335 45191.94365 48928.66546 32761.01073 47200.78926 53490.58245 54598.295809999996 30319.92382 48778.2896 36584.8462 42039.34492 50936.3914 29626.63017 39574.7781 30743.40468 36389.58815 55303.04088 29142.68212 38635.66487 51165.423989999996 
42156.62604 52028.1163 28614.78352 38650.90943 46018.50149 48273.04349 36153.89058 48975.92493 29663.91185 47132.15639 53295.17482 52099.55165 45005.71246 27508.28107 34639.96321 37170.69622 27115.72594 29315.72412 48091.019 44364.84717 52580.37146 52528.69737 48489.70695 54025.249330000006 35043.39346 36881.62197 52319.818100000004 26919.1459 0 25362.77129 42095.98415 50823.39485 42472.29959 27690.94775 26283.97211 52036.423469999994 50957.479770000005 33649.02669 44527.2881 32538.72614 27143.66839 33935.4897 26928.57372 52135.11851 52670.79406 28919.03028 26715.8312 51880.063519999996 42808.73613 48061.61883 33827.1029 52155.49728 49290.02319 53146.12114 52198.18312 40022.01676 27835.36957 49818.67107 31391.20055 46300.39301 47463.93501 38126.59398 29426.29878 28931.87926 33598.88539 52431.909719999996 51114.9215 28388.33117 27992.43145 26014.91108 52438.07208 27802.66118 39006.51356 48145.96994 39330.1777 44648.19452 48284.72823 52926.09277 41941.46834 29347.55652 25454.24416 31447.70516 34874.20864 29081.29005 35908.77123 26371.24648 26807.24764 35835.8167 
48994.03704 46548.37716 36426.67084 52194.01249 46622.9823 42029.72102 28592.27152 34515.77281 46227.07421 41416.99302 53226.322159999996 53421.25356 37730.45279 42003.48681 38245.29667 26154.01995 32596.9984 52250.67189 55466.80268 43255.32571 52453.93441 37557.17146 49590.60818 48331.34244 37705.7651 31439.1613 52143.56255 51393.7189 25362.77129 0 25593.48101 38215.73522 27610.71205 50833.13694 51646.7434 40372.19273 25594.70848 34341.13068 29122.83021 54146.68155 34807.25455 51338.27999 48580.99371 53930.99273 31504.39708 30982.03105 40627.31734 38037.84174 40473.31516 41682.73816 44547.92232 39027.7269 33750.09937 52594.87826 43697.85102 36261.67271 33416.62968 28896.66515 51725.74875 53070.1755 53910.30424 46903.88075 32938.63541 52812.41458 47184.97976 49886.01258 52407.18944 34791.40793 53355.20274 40879.45454 31157.71288 45963.66714 44560.72733 32756.6134 36419.51053 36351.4256 43392.66133 32587.4853 48355.91255 35834.42562 26323.13415 37952.75158 52797.25978 36697.89549 47510.15037 51348.86015 47611.77561 46279.70699 
45309.09354 29336.59089 41411.5632 35932.07809 46723.53832 49717.09271 44135.94826 32436.03451 45288.67748 48324.081 35404.96078 45353.46363 45256.68394 25334.62627 34207.35087 44428.76122 45388.6804 48266.34469 36784.53837 47662.23685 46247.21062 48507.36431 27375.32097 38730.209 46578.72621 43054.1851 45718.71383 45042.55798 42095.98415 25593.48101 0 25189.56609 46482.93293 30527.96091 32066.85371 45018.58759 28146.30934 48596.43153 30836.24371 46915.09864 34112.73828 51446.71301 44192.29429 35327.28264 43160.31904 56575.51206 51104.59545 33384.75693 52213.00138 26656.73212 30500.21663 34161.96526 48357.94919 36264.38635 45615.22941 49632.28441 51762.2375 26256.30371 39809.46979 51856.28582 47382.42818 42902.48484 36151.62208 27434.67533 52025.662670000005 29783.72615 53747.86717 41326.7865 41052.5404 49479.19152 52646.114369999996 32852.07001 43506.48435 33317.89027 34062.64448 48079.06683 44847.64526 38854.60521 36502.47187 25548.54008 43259.58173 35758.46802 27392.41134 30192.18639 27724.01065 45860.56172 39551.31516 52314.56701 
49882.40084 32769.71879 36765.74592 39755.07331 41975.67283 27351.85871 51291.05583 47596.83766 44618.53769 50929.29785 27412.97211 36676.54774 33960.21182 39945.41502 37931.93109 43498.81113 36618.08383 45576.93549 34579.89758 29844.51347 27918.17455 46497.73012 35282.85382 37615.16328 35013.50121 46272.38882 43485.73876 48945.77614 50823.39485 38215.73522 25189.56609 0 25288.84486 50606.5594 45041.18192 43408.26189 48879.18084 36302.45589 25333.49579 34055.14633 25394.89424 44381.07065 47463.66443 40740.29381 53178.76928 43419.66428 51898.21782 26733.9855 49347.01509 43394.71685 38655.69882 33495.61647 32271.43771 49004.2722 37369.18153 35519.75803 35766.50204 44862.9622 37772.94407 50748.30831 41997.9235 52671.36401 26258.10777 26642.1266 51970.79646 26360.71262 30793.85094 26103.79769 40556.82724 40085.99139 46739.97166 40306.49052 47845.62158 50735.66218 55151.31435 53205.15955 49135.10822 35244.61035 46351.58057 40902.37904 25369.15069 47113.634 40592.91123 45743.90547 27351.43856 49115.16168 48418.06147 52123.6651 
46109.89663 52470.23297 40965.39395 32566.92235 41395.97773 40309.39443 41147.66358 46012.15173 51645.88978 25640.45299 36768.84881 47945.30567 49172.46775 34973.4725 37489.71757 38740.77987 49089.70161 37191.27001 40498.55687 45064.28041 37375.60206 37620.28096 48790.05495 42682.58543 53987.85863 32385.12603 49967.03639 57120.35792 42472.29959 27610.71205 46482.93293 25288.84486 0 25317.71454 45322.51607 53149.73521 26995.5506 44216.56206 49157.9201 52002.48779 38771.02978 42428.07912 35711.76513 48126.44449 44587.78359 32775.8584 38716.27616 29450.96222 44461.04171 45583.97164 40427.13741 36843.12746 33159.86431 33630.07788 28338.46688 53826.04731 42952.82975 48608.59199 51475.20594 25459.46345 36076.88764 53230.885760000005 27097.10968 37218.34422 28032.99715 45317.52769 27480.42089 28048.78401 51920.31971 29344.13193 52499.857860000004 47479.79294 34912.51738 48734.85453 40994.6302 48238.43542 34709.90822 48188.25776 44743.78364 44318.76108 37164.04846 27167.8151 49862.64293 30290.18059 49388.5391 48416.99479 53128.36442 42252.17119 
28286.05127 35757.31202 26916.26688 48153.90542 51693.54242 42582.81075 46185.22146 55208.8394 32813.89778 43897.17849 27056.90833 38104.79277 31780.41191 27429.44086 33049.43902 53250.61272 33613.64879 38000.55238 28519.76895 34472.03416 38619.22569 47176.45669 42032.41954 44130.06169 36064.86205 51657.187690000006 45040.17717 34288.42762 27690.94775 50833.13694 30527.96091 50606.5594 25317.71454 0 25545.45954 36799.08949 44770.8362 30871.27261 55900.21747 38896.14039 28790.26976 45966.35609 52129.11558 42076.56136 54412.93417 49281.07671 33512.52646 43258.01436 37832.58594 34059.90529 51842.07807 32852.30129 53670.61337 40269.58363 33159.92437 37987.68425 49434.94643 54653.55885 31897.75056 39423.79644 27685.53765 44784.99946 42584.47658 26668.78718 35163.55049 44026.22429 37191.21432 48179.96291 44936.64309 45851.28974 38574.40162 39461.61097 35857.90179 41842.28431 52337.437640000004 26691.82044 37339.34805 45090.18087 47893.59778 41216.0502 37170.66918 30855.23951 33137.53353 30980.94246 30467.13331 36070.82344 30668.39988 45471.48132 
45027.42671 51544.01492 52461.72642 33576.28619 54519.22088 31963.55108 53922.965970000005 42225.4722 33819.79482 44408.64522 44399.60948 53412.66537 35933.59864 27960.99433 27869.44435 39598.50602 43195.1032 46965.09068 41834.58361 47330.2016 42633.53706 30615.03564 51507.1713 53616.000530000005 51818.88482 26553.99905 52504.904389999996 42960.56984 26283.97211 51646.7434 32066.85371 45041.18192 45322.51607 25545.45954 0 25752.45136 33847.09057 54767.217560000005 41652.43137 40864.04372 35954.26575 52008.64381 33711.39294 26676.48591 36892.70706 32149.11335 39281.09778 34375.25684 33287.88167 38764.13832 42011.10857 40105.09161 43949.84966 26862.14903 47745.30662 37834.08525 41199.43174 44004.34789 50474.49512 36120.66625 46171.87623 27233.12848 42783.92059 52214.246719999996 55564.172210000004 28583.20042 39197.73714 47803.47832 47354.47519 52059.72029 26154.09997 32125.12838 46977.09132 27376.8939 53195.940879999995 32771.39569 41576.29748 26642.12066 36030.76412 43161.35871 51738.21627 53153.74632 53467.6236 27853.7653 54165.21176 34217.07316 51280.11833 35828.43471 
28117.94985 31427.46264 37177.75529 34059.3267 53014.29014 36761.16626 42465.15756 54777.43434 39213.20905 46696.39506 56626.15748 34986.24289 47894.79883 48267.77754 49364.50848 45278.89229 46777.95504 42367.76342 38829.25819 31334.36637 53013.41054 31831.57061 55534.15177 35558.7067 47985.55459 35659.89387 46018.07335 55453.693530000004 52036.423469999994 40372.19273 45018.58759 43408.26189 53149.73521 36799.08949 25752.45136 0 26154.18461 38967.88257 49947.47664 44553.75516 40628.18289 40962.64486 44111.94256 32710.48275 27048.8939 41772.28513 36623.56026 34712.746 47111.84706 33774.42145 44686.43656 50875.91661 51915.69674 46931.20952 41299.55075 27810.95818 52865.56953 54849.2884 30643.82075 54407.41515 29371.204 48417.55956 46830.53682 40035.41874 32948.86409 53168.02248 44177.56907 49937.12668 31116.47098 29286.11676 51906.55133 49362.8474 29993.53877 53116.17393 27443.48952 33293.71058 45768.46529 39177.33976 54760.1297 48044.59372 41934.5763 28789.62766 42004.41636 41832.04222 41478.75935 27680.49632 25527.66697 52716.23668 
37565.65429 45187.1168 55683.94597 45518.1851 35104.1693 41276.26034 43508.33069 28623.24973 33059.29544 29709.68263 36448.23607 33306.40789 35822.82192 37379.15981 47295.22325 33622.21947 40271.65092 26655.96341 32828.17611 36680.75512 26859.22593 34233.85523 54165.62324 54083.598809999996 29243.19583 37990.75954 40557.67302 44265.04852 50957.479770000005 25594.70848 28146.30934 48879.18084 26995.5506 44770.8362 33847.09057 26154.18461 0 25638.13079 45013.31688 37709.41002 46619.60124 36425.97475 49713.63703 44272.37443 52277.34083 47112.81215 49298.28245 45357.60094 36771.79724 31179.66599 43837.56497 47080.86721 46285.86469 29823.20318 39395.06696 52487.94549 53207.34579 45345.03269 54692.73929 52455.01405 36609.22284 33036.42902 26403.52095 44053.87836 25682.05853 28110.52177 33138.57877 42222.7559 55989.54935 33634.2595 33443.56346 39959.74815 56147.723379999996 33712.86653 53520.44727 43038.74403 45041.74932 49110.86681 39680.9643 33179.92563 51917.84263 31832.38583 51822.130229999995 32692.91814 55870.31999 32916.25876 37314.41465 41881.85544 
