13
1 4 0 40 48 30 38 20 26 15 14 10 6
0 5.0 10.0 17.0 22.0 25.0 30.0 27.0 33.0 20.0 26.0 24.0 5.0 
5.0 0 5.0 19.0 24.0 27.0 32.0 29.0 35.0 22.0 28.0 26.0 7.0 
10.0 5.0 0 22.0 27.0 30.0 35.0 32.0 38.0 25.0 31.0 29.0 10.0 
17.0 19.0 22.0 0 5.0 12.0 17.0 24.0 30.0 27.0 33.0 31.0 12.0 
22.0 24.0 27.0 5.0 0 17.0 22.0 29.0 35.0 32.0 38.0 36.0 17.0 
25.0 27.0 30.0 12.0 17.0 0 5.0 12.0 18.0 25.0 31.0 29.0 20.0 
30.0 32.0 35.0 17.0 22.0 5.0 0 17.0 23.0 30.0 36.0 34.0 25.0 
27.0 29.0 32.0 24.0 29.0 12.0 17.0 0 8.0 17.0 23.0 21.0 22.0 
33.0 35.0 38.0 30.0 35.0 18.0 23.0 8.0 0 23.0 29.0 27.0 28.0 
20.0 22.0 25.0 27.0 32.0 25.0 30.0 17.0 23.0 0 6.0 10.0 15.0 
26.0 28.0 31.0 33.0 38.0 31.0 36.0 23.0 29.0 6.0 0 9.0 21.0 
24.0 26.0 29.0 31.0 36.0 29.0 34.0 21.0 27.0 10.0 9.0 0 19.0 
5.0 7.0 10.0 12.0 17.0 20.0 25.0 22.0 28.0 15.0 21.0 19.0 0 
