82
L99 L129 L128 L22 L94 L85 L150 L87 L12 L28 L52 L79 L114 L84 L8 L2 L101 L93 L124 L62 L82 L153 L131 L141 L89 L11 L107 L126 L104 L9 L74 L134 L38 L76 L109 L21 L147 L143 L65 L40 L4 L149 L63 L27 L138 L103 L133 L68 L47 L146 L20 L92 L90 L119 L80 L75 L142 L95 L130 L5 L18 L110 L53 L1 L152 L106 L35 L77 L70 L3 L139 L125 L78 L91 L100 L144 L67 L145 L45 L7 L113 L16
0 0.48695 0.86364 0.8288899999999999 0.9578199999999999 0.95787 1.0191 1.1715 1.25752 1.0734 1.41533 1.0024 1.1312799999999998 1.2732099999999997 1.5198399999999996 1.6167399999999998 1.54536 1.28386 1.12026 1.23905 1.25867 0.9622299999999999 0.99051 1.06686 0.86505 0.85368 1.0316 1.22107 1.15399 0.8914 1.12154 1.22354 1.05326 0.98901 0.94357 1.08224 1.30168 1.2466 1.4760499999999999 1.48894 1.18209 1.17383 0.72303 0.8601599999999999 0.53154 0.87171 1.06102 1.33341 0.91992 1.08384 0.9702899999999999 1.5655 1.3325 1.23101 1.51376 1.6801 1.21471 1.2712299999999999 1.37417 1.28606 0.94002 1.44714 1.22101 1.95546 1.8873699999999998 1.6758099999999998 1.50871 1.05031 0.94845 1.3010199999999998 1.24064 1.3989500000000001 1.29387 1.34821 1.51927 1.31088 1.38317 1.24386 0.72953 1.2091699999999999 1.03872 0.42089 
0.48695 0 0.37669 0.85077 0.72184 0.8263 1.0346 1.13337 0.77757 0.69977 1.02984 0.51545 0.64433 0.78626 1.0328899999999999 1.2620799999999999 1.28153 1.41431 1.23525 1.11646 1.13634 0.98411 0.7555 0.93368 0.64885 0.87646 0.9628000000000001 0.91675 0.788 0.40445 0.88653 1.1771 1.0760399999999999 1.01179 0.96635 1.08765 1.19833 1.2738399999999999 1.5032899999999998 1.23015 0.96463 1.18994 0.9257599999999999 1.06289 1.01849 0.6367 0.8260099999999999 1.0983999999999998 0.6849099999999999 0.84883 0.48334 1.22392 1.2481900000000001 1.30904 1.52775 1.41051 1.28266 1.48099 1.74902 1.48323 1.33401 1.31557 1.1104 1.88677 1.63396 1.3211499999999998 1.43991 0.81748 0.91934 1.0036399999999999 1.02444 1.42173 0.80692 1.01051 1.03232 1.33637 1.4324299999999999 0.7943 0.49452 1.0735 0.58916 0.9078399999999999 
0.86364 0.37669 0 0.47408 0.60301 0.84695 0.8250200000000001 0.75668 0.5072 0.6913199999999999 0.7262 0.5361 0.66498 0.80691 1.05354 1.28273 1.48629 1.4264599999999998 0.89002 0.77123 0.88769 0.60742 0.7761499999999999 0.71205 0.8303699999999999 0.819 0.90534 1.0683799999999999 0.93963 0.78114 0.90718 1.11964 1.01858 0.86676 0.86675 0.73329 1.16055 1.0958 1.32525 0.85346 0.98528 1.02747 0.94641 1.08354 0.86494 0.65735 0.63383 0.90622 0.70556 0.86948 0.5039899999999999 1.24457 0.88446 0.93235 1.2151 1.31915 0.9845200000000001 1.28091 1.54894 1.4492 1.35466 1.08619 1.48671 1.82931 1.65461 1.2466 1.38245 0.83813 0.93999 1.01324 0.96698 1.3642699999999999 1.05423 0.63382 1.05297 0.95968 1.21021 0.81495 0.51517 0.85436 0.60981 0.88208 
0.8288899999999999 0.85077 0.47408 0 0.12893 0.3807 0.86118 1.01654 0.8810899999999999 0.69697 1.11119 0.7973600000000001 0.78495 0.92688 1.17351 1.4027 1.37892 1.15529 0.66503 0.54624 0.42977999999999994 0.13334 0.41615 0.59433 0.79243 0.88607 1.10638 0.9785999999999999 0.84985 1.21068 0.74056 0.87801 0.94188 1.09199 0.6505299999999999 0.5170699999999999 0.75273 1.16154 1.1861 1.22735 0.85233 1.0887699999999998 0.85663 0.99376 0.9867299999999999 0.56757 0.75688 1.02927 0.61578 0.7797 0.79318 1.0506199999999999 0.82696 0.71613 0.79879 1.10293 1.35841 1.1871 1.45513 1.22421 1.27368 0.86997 1.01263 1.47742 1.7415 1.1904899999999998 0.9204999999999999 0.74835 0.8502099999999999 0.79702 1.03405 1.28757 0.5801499999999999 0.78374 1.25799 1.28415 0.90564 1.0762099999999999 0.42539 0.38028 0.87107 0.6313799999999999 
0.9578199999999999 0.72184 0.60301 0.12893 0 0.25177 0.7322500000000001 0.88761 0.8523499999999999 0.66823 1.07135 0.88125 0.91388 0.88547 1.1320999999999999 1.32989 1.24999 1.28422 0.79396 0.6751699999999999 0.55871 0.26227 0.54508 0.72326 0.8391 0.82773 1.00565 1.10753 0.97878 1.12629 0.61163 1.00694 1.02731 0.96306 0.5216 0.38814 0.6238 1.125 1.05717 1.19861 0.98126 1.1583999999999999 0.98556 1.1089499999999999 1.1156599999999999 0.6965 0.88581 1.1582 0.74471 0.9086299999999999 0.92211 0.92169 0.7651 0.84506 0.86995 0.974 1.32638 1.31603 1.58406 1.33131 1.40261 0.9989 1.1415600000000001 1.34849 1.61257 1.3194199999999998 1.0494299999999999 0.87728 0.9791399999999999 0.66809 0.97571 1.373 0.45122 0.65481 1.17554 1.17362 1.03457 1.1601 0.5543199999999999 0.5092099999999999 0.95496 0.53693 
0.95787 0.8263 0.84695 0.3807 0.25177 0 0.48048 0.67427 0.96587 0.89365 1.21814 0.70375 0.77563 0.91756 0.88033 1.07812 1.28168 1.31399 0.89524 0.77645 0.65999 0.5140399999999999 0.79685 0.61867 1.04764 0.9393 1.00462 0.9347 0.8059499999999999 1.11063 0.53593 0.93124 1.1015199999999998 1.07463 0.73014 0.63991 0.87557 0.87323 0.8054 1.04001 1.08254 1.3189799999999998 0.99431 0.85718 1.11571 0.825 0.89875 1.10705 0.87321 1.0371299999999999 0.9536 1.17346 0.72476 0.83897 1.0043199999999999 0.7222299999999999 1.33006 1.5678 1.70891 1.45442 1.42558 1.25067 1.39333 1.09672 1.3608 1.13719 1.3012 1.00578 1.0244 0.73506 1.08728 1.25067 0.70299 0.9065799999999999 1.09984 1.28298 1.28634 0.9826 0.68282 0.76098 0.77746 0.7887 
1.0191 1.0346 0.8250200000000001 0.86118 0.7322500000000001 0.48048 0 0.19379 0.59729 0.41317 0.84956 0.85941 0.9007099999999999 0.75878 0.59121 0.59764 0.8011999999999999 1.24773 0.64012 0.73587 0.63779 0.77376 1.01091 0.87217 0.59727 0.67748 0.52414 0.45421999999999996 0.32547 0.70902 1.01641 0.84845 0.87706 0.81281 0.76737 0.90604 0.96341 0.83409 1.06354 0.9435499999999999 0.93474 0.90334 0.73152 0.78336 0.82958 1.0205799999999998 1.0573199999999998 0.7849299999999999 0.94032 1.1042399999999999 1.24024 1.1004399999999999 0.82504 0.92739 1.1229399999999998 0.96031 0.9222999999999999 1.21869 1.4867199999999998 0.97425 1.32029 0.91531 1.1648100000000001 1.44811 1.41163 0.65671 0.9267 0.9717 1.03996 0.8968 0.82546 1.22275 0.87017 1.07376 1.37628 1.0497699999999999 1.02995 0.71592 0.74993 0.7830999999999999 1.19561 0.8215899999999999 
1.1715 1.13337 0.75668 1.01654 0.88761 0.67427 0.19379 0 0.4035 0.58762 0.86999 0.66562 0.7945 0.93643 0.785 0.79143 0.99499 1.39393 0.7863199999999999 0.66753 0.78399 0.96755 0.85656 1.03474 0.72519 0.8053999999999999 0.65206 0.64801 0.5192599999999999 0.9028099999999999 0.84605 0.65466 0.82494 0.9407299999999998 0.8952899999999999 1.03396 0.76962 0.9921 1.22155 0.74976 1.1078 0.92377 0.76227 0.8994 0.9537599999999999 1.05133 0.86353 0.59114 1.13411 1.21863 1.04645 1.19354 0.95296 0.85905 1.1418 1.14177 0.8808199999999999 1.16004 1.42807 1.16804 1.4841799999999998 1.1091 0.97102 1.5760299999999998 1.51722 0.70414 0.9741299999999999 1.0996199999999998 1.1861599999999999 1.03043 0.9533799999999999 1.17063 0.97269 1.17628 1.18249 0.85598 1.10651 0.90971 0.9437199999999999 0.81637 1.11485 0.9739899999999999 
1.25752 0.77757 0.5072 0.8810899999999999 0.8523499999999999 0.96587 0.59729 0.4035 0 0.18412 0.62051 0.26212 0.391 0.53293 0.77956 1.00875 1.21231 1.3586699999999998 0.75106 0.63227 0.74873 0.7477499999999999 0.8213 0.64312 1.09859 1.2088999999999999 1.0555599999999998 0.83749 0.83213 1.18202 0.829 1.05816 1.19472 1.3442299999999998 1.29879 1.22722 1.1333 0.9568399999999999 1.1862899999999998 0.7144999999999999 0.8580000000000001 0.6742900000000001 1.0653299999999999 0.97959 0.7259800000000001 0.77627 0.89977 0.99464 0.82448 0.9884 0.90487 1.15828 1.00169 0.82379 1.06741 1.34214 0.84556 1.14195 1.40998 1.3102399999999998 1.08068 1.50242 1.37452 1.73274 1.75809 1.06782 1.33781 0.95705 1.05891 0.75031 1.3568799999999999 1.54041 0.93743 1.14102 0.77899 0.82072 0.70301 0.93387 0.63409 0.89404 0.72873 1.15411 
1.0734 0.69977 0.6913199999999999 0.69697 0.66823 0.89365 0.41317 0.58762 0.18412 0 0.43639 0.44624 0.57512 0.71705 0.96368 1.01081 1.21437 1.17455 0.56694 0.68573 0.80219 0.56363 0.6371800000000001 0.459 0.91447 1.02478 0.87144 0.77676 0.64801 1.03156 1.01312 1.13625 1.0106 1.16011 1.11467 1.05637 0.989 0.77272 1.00217 0.53038 0.67388 0.49017 0.9634199999999999 0.87048 0.54186 0.90496 0.71565 0.81052 1.0086 1.17252 0.82707 0.97416 0.8175699999999999 0.63967 0.92242 1.15802 0.66144 0.95783 1.22586 1.12612 1.2648 1.3183 1.23366 1.54862 1.57397 0.92352 1.19351 1.06864 0.96678 0.93443 1.17276 1.35629 0.7533099999999999 0.9569 0.9631099999999999 1.00484 0.88713 1.11799 0.81821 0.7099199999999999 0.9128499999999999 0.96999 
1.41533 1.02984 0.7262 1.11119 1.07135 1.21814 0.84956 0.86999 0.62051 0.43639 0 0.51439 0.64327 0.7852 1.03183 1.26102 1.46458 1.61094 1.00333 0.88454 1.001 1.00002 0.94678 0.89539 1.31759 1.4611699999999999 1.3078299999999998 1.08976 1.0844 1.43429 1.07781 1.33506 1.30776 1.39789 1.23914 1.37781 0.88103 1.20911 1.4385599999999998 0.9667699999999999 1.11027 0.92656 0.83268 0.96981 0.9782500000000001 0.54362 0.73293 0.6267 0.87619 1.04011 0.9114599999999999 1.334 1.25396 1.07606 1.31968 1.5944099999999999 1.09783 1.39422 1.6622499999999998 1.56251 1.3329499999999999 1.14887 1.66005 1.75632 2.01036 1.32009 1.59008 1.17814 1.07628 1.00258 1.57264 1.65345 1.15643 1.36002 0.5926 0.88158 0.95528 1.18614 0.88636 1.14631 0.981 1.26609 
1.0024 0.51545 0.5361 0.7973600000000001 0.88125 0.70375 0.85941 0.66562 0.26212 0.44624 0.51439 0 0.12888 0.27081 0.51744 0.74663 0.95019 1.32741 0.7198 0.60101 0.71747 0.78941 0.62776 0.75968 1.00923 0.9702500000000001 1.0056599999999998 0.5753699999999999 0.70412 0.9198999999999999 0.76398 0.9621899999999999 1.1324699999999999 1.10558 1.09481 0.9651 1.07578 1.21896 1.44841 0.97662 1.12012 0.93641 0.80321 0.9290499999999999 0.9881 0.51415 0.70346 0.97585 0.56236 0.72628 0.6427499999999999 1.24238 1.16941 1.08591 1.2719299999999998 1.32663 1.09265 1.35844 1.25271 1.1646 0.81856 1.39378 1.52152 1.6705699999999999 1.51141 0.8057 1.07569 0.69493 0.79679 0.48819 1.25881 1.47816 0.96633 1.1699199999999998 0.51687 0.92009 0.96513 0.67175 0.37197 0.95095 0.46661 0.95226 
1.1312799999999998 0.64433 0.66498 0.78495 0.91388 0.77563 0.9007099999999999 0.7945 0.391 0.57512 0.64327 0.12888 0 0.14193 0.38856 0.61775 0.82131 1.27636 0.8486799999999999 0.7298899999999999 0.8463499999999999 0.73543 0.49888 0.6308 0.94991 1.03012 0.87678 0.44649 0.57524 0.95879 0.89286 1.09107 1.2296999999999998 1.1654499999999999 1.12001 1.09398 1.14766 1.34784 1.5772899999999999 1.1055 1.04162 1.06529 0.93209 0.80017 1.1169799999999999 0.64303 0.83234 1.10473 0.69124 0.8551599999999999 0.77163 1.37126 1.17768 1.2147899999999998 1.14305 1.19775 0.96377 1.4684599999999999 1.38159 1.29348 0.94744 1.2649 1.39264 1.54169 1.4899 0.93458 0.94681 0.8238099999999999 0.92567 0.35931 1.1781 1.57539 1.09521 1.2988 0.64575 0.79121 1.09401 0.80063 0.50085 0.97779 0.59549 1.08114 
1.27321 0.78626 0.80691 0.92688 0.88547 0.91756 0.75878 0.93643 0.53293 0.71705 0.7852 0.27081 0.14193 0 0.24663 0.47582 0.67938 1.26818 0.99061 0.87182 0.98828 0.87736 0.64081 0.77273 0.8079799999999999 0.88819 0.73485 0.30456 0.43331 0.8168599999999999 0.83769 1.10317 1.08777 1.02352 0.97808 1.11675 1.00573 1.2088999999999999 1.4383499999999998 1.24743 0.89969 1.1361299999999999 0.7953699999999999 0.6582399999999999 0.98686 0.78496 0.97427 1.11787 0.83317 0.99709 0.9135599999999999 1.5131899999999998 1.03575 1.21365 1.00112 1.05582 0.82184 1.32653 1.52352 1.43541 1.08937 1.12297 1.25071 1.39976 1.34797 1.07487 0.80488 0.9273199999999999 0.82546 0.21738 1.03617 1.43346 1.23714 1.3379999999999999 0.78768 0.64928 1.2359399999999998 0.94256 0.64278 0.96876 0.73742 1.2230699999999999 
1.5198399999999999 1.0328899999999999 1.05354 1.17351 1.1320999999999999 0.88033 0.59121 0.785 0.77956 0.96368 1.03183 0.51744 0.38856 0.24663 0 0.22919 0.43274999999999997 1.02155 1.23133 1.11254 1.07561 1.12399 0.88744 1.01936 1.0546099999999998 1.1244299999999998 0.9814799999999999 0.55119 0.67994 1.0634899999999998 1.08432 0.85654 1.0268199999999998 1.25976 1.22471 1.3633799999999998 1.25236 0.96227 1.19172 1.20461 0.65306 0.8895 1.042 0.90487 1.05891 0.89051 1.07982 1.35221 1.0797999999999999 1.0269 1.16019 1.3537 1.2151399999999999 1.03724 0.75449 1.3024499999999999 1.06847 1.57215 1.44945 1.5654599999999999 1.3359999999999999 1.3696 1.36844 1.6463899999999998 1.10134 0.8282400000000001 0.55825 1.17395 1.07209 0.46401 1.22532 1.37251 1.4613800000000001 1.09137 1.03431 0.89591 1.48257 1.18919 0.88941 1.21539 0.98405 1.4128 
1.6167399999999998 1.2620799999999999 1.28273 1.4027 1.32989 1.07812 0.59764 0.79143 1.00875 1.01081 1.26102 0.74663 0.61775 0.47582 0.22919 0 0.43918 1.02798 1.23776 1.11897 1.23543 1.35318 1.11663 1.2485499999999998 1.19491 1.13086 1.04179 0.78038 0.90913 1.22779 1.31351 1.0857299999999999 1.2560099999999998 1.26619 1.3650099999999998 1.5036799999999997 1.45015 1.19146 1.42091 1.4338 0.88225 1.11869 1.218 1.1340599999999998 1.2881 1.1197 1.30901 1.3825699999999999 1.3089899999999999 1.25609 1.3893799999999998 1.36013 1.2215699999999998 1.0436699999999999 0.7609199999999999 1.53164 1.29766 1.66 1.39785 1.5718899999999998 1.5194699999999999 1.51295 1.37487 1.8755799999999998 1.10777 0.83467 0.56468 1.40314 1.30128 0.6931999999999999 1.23175 1.6017 1.46781 1.32056 1.2635 1.1251 1.5184799999999998 1.3135599999999998 1.1185999999999998 1.38074 1.2132399999999999 1.41923 
1.54536 1.28153 1.48629 1.37892 1.24999 1.28168 0.8011999999999999 0.9949899999999999 1.21231 1.21437 1.46458 0.95019 0.82131 0.67938 0.43274999999999997 0.43918 0 0.5888 1.19641 1.19552 1.31198 1.51226 1.32019 1.45211 0.9192899999999999 0.69168 1.08584 0.9839399999999999 1.11269 1.43135 1.09505 0.745 0.89126 0.82701 0.99781 1.13648 1.59274 1.39502 1.6244699999999999 1.63736 1.08581 1.32225 1.42156 1.3376199999999998 1.49166 1.3232599999999999 1.51257 1.52956 1.5125499999999998 1.39341 1.5929399999999998 1.42759 1.271 1.0931 0.81035 1.44147 1.50122 1.68318 1.65944 1.42633 1.08029 1.6424400000000001 1.57843 2.00981 1.31133 1.03823 0.76824 1.5333999999999999 1.50484 0.89676 0.79257 1.23695 1.33507 1.42955 1.46706 1.32866 1.0793 1.5171199999999998 1.3221599999999998 1.5842999999999998 1.4167999999999998 1.62279 
1.28386 1.41431 1.4264599999999998 1.15529 1.28422 1.31399 1.24773 1.39393 1.35867 1.17455 1.6109399999999998 1.32741 1.27636 1.2681799999999999 1.02155 1.02798 0.5888 0 0.60761 0.7263999999999999 0.72551 1.02195 0.77748 0.95566 0.83507 0.8237 1.00162 1.19109 1.31984 1.6297899999999998 1.12707 1.17692 1.02328 0.95903 0.91359 1.05226 1.2717 1.4572699999999998 1.6867199999999998 1.6996099999999998 1.14806 1.33482 1.00484 1.14197 1.19633 1.18064 1.36995 1.54276 1.22885 1.39277 1.5484799999999999 1.67863 1.2948 1.4727 1.39915 1.78217 1.62177 1.09438 1.60481 1.40437 1.6350099999999999 1.8032599999999999 1.7303199999999999 1.92559 1.7105199999999998 1.62703 1.35704 1.15044 1.2523 1.35062 0.97168 1.36897 1.33968 1.54327 1.69098 1.56561 1.6681 1.68928 1.03846 1.43111 1.4841399999999998 1.12522 
1.12026 1.23525 0.89002 0.66503 0.79396 0.89524 0.64012 0.7863199999999999 0.75106 0.56694 1.00333 0.7198 0.8486799999999999 0.9906099999999999 1.23133 1.23776 1.19641 0.60761 0 0.11879 0.23525000000000001 0.53169 0.8145 0.63632 0.9993 0.77637 1.10774 1.0943399999999999 0.96559 1.16637 0.8077399999999999 0.56931 0.73959 0.87862 1.04739 1.1821 1.1579 0.9670099999999999 1.1964599999999999 1.0973199999999999 0.6577999999999999 0.87048 0.39723 0.53436 0.8263 0.68629 0.8755999999999999 1.14799 1.0188599999999999 1.18278 1.05413 1.19958 0.68719 0.8650899999999999 0.96675 1.3834399999999998 1.01416 1.3105499999999999 1.5769499999999999 0.79676 1.1428 1.38451 1.32867 1.90134 1.64236 1.29683 1.5668199999999999 0.66018 0.76204 0.97522 1.0871499999999998 1.08528 1.24518 1.32579 1.23667 1.2035399999999998 1.45407 1.35604 0.82847 0.8481 1.18641 1.16745 
1.23905 1.11646 0.77123 0.54624 0.6751699999999999 0.77645 0.73587 0.66753 0.63227 0.68573 0.88454 0.60101 0.7298899999999999 0.8718199999999999 1.11254 1.11897 1.19552 0.7263999999999999 0.11879 0 0.11646 0.4129 0.6957099999999999 0.5175299999999999 0.9787699999999999 0.82038 0.98895 0.97555 0.8468 1.04758 0.6987 0.45052 0.6208 0.75983 1.12651 1.06331 1.14848 0.84822 1.07767 0.97853 0.53901 0.77545 0.51602 0.6531499999999999 0.70751 0.80508 0.99439 1.23508 0.94425 1.09893 1.17292 1.08079 0.5684 0.7463 0.84796 1.26465 0.89537 1.19176 1.45816 0.9155500000000001 1.02401 1.26572 1.20988 1.87317 1.52357 1.37167 1.44803 0.7451099999999999 0.64325 1.0838700000000001 0.9683599999999999 0.96649 1.12639 1.32998 1.11788 1.0847499999999999 1.33528 1.23725 0.75386 0.7293099999999999 1.06762 1.17081 
1.25867 1.13634 0.88769 0.42977999999999994 0.5587099999999999 0.65999 0.63779 0.78399 0.74873 0.80219 1.001 0.71747 0.8463499999999999 0.9882799999999999 1.07561 1.23543 1.31198 0.72551 0.23525000000000001 0.11646 0 0.29644 0.57925 0.40107 0.95553 0.93684 0.87249 1.09201 0.96326 1.16404 0.58224 0.5669799999999999 0.7372599999999999 0.87629 1.0803099999999999 0.94685 1.03202 0.73176 0.9612099999999999 0.9741 0.65547 0.65899 0.63248 0.7696099999999999 0.82397 0.89007 1.07938 1.35154 0.93828 1.1022 1.2229599999999998 1.19725 0.68486 0.86276 0.96442 1.38111 1.01183 1.11179 1.37982 1.03201 1.14047 1.14926 1.17573 1.75671 1.40711 1.2945 1.3496 0.6286499999999999 0.52679 1.12231 1.08482 1.0829499999999999 1.00993 1.21352 1.14615 1.2012099999999999 1.33542 1.33528 0.74789 0.81006 1.18408 1.05435 
0.9622299999999999 0.98411 0.60742 0.13334 0.26227 0.5140399999999999 0.77376 0.96755 0.7477499999999999 0.56363 1.00002 0.78941 0.73543 0.87736 1.12399 1.35318 1.51226 1.02195 0.53169 0.4129 0.29644 0 0.28281 0.46099 0.65909 0.8866999999999999 0.9730399999999999 1.097 0.96825 1.07734 0.8739 0.86342 0.80854 1.02203 0.78387 0.6504099999999999 0.88607 1.0282 1.25765 1.09401 0.71899 0.95543 0.92892 1.06605 1.10549 0.68597 0.87528 1.1036 0.73418 0.8981 0.9265199999999999 1.18396 0.69362 0.84947 0.9321299999999999 1.23627 1.22507 1.32044 1.57449 1.09087 1.14034 1.00331 0.87929 1.61076 1.70355 1.19655 1.0538399999999999 0.72137 0.8232299999999999 0.93036 1.0346799999999998 1.37939 0.71349 0.91708 1.17995 1.40255 1.03898 1.19461 0.54379 0.51362 0.98947 0.76472 
0.99051 0.7555 0.7761499999999999 0.41615 0.54508 0.79685 1.01091 0.85656 0.8213 0.6371800000000001 0.94678 0.62776 0.49888 0.64081 0.88744 1.11663 1.32019 0.77748 0.8145 0.69571 0.57925 0.28281 0 0.17818 0.61526 0.84287 0.69023 0.81419 0.68544 1.0689899999999999 0.65299 0.90453 0.8034699999999999 0.73922 0.69378 0.8324499999999999 1.05189 1.31101 1.40705 1.16756 1.0018 1.02933 0.6922200000000001 0.82935 0.88371 0.40316 0.59247 0.86486 0.45137 0.61529 0.771 1.27605 0.76717 0.9450700000000001 1.21494 1.30795 1.28227 1.53783 1.64804 1.20357 0.85753 1.09092 0.95284 1.6141999999999999 1.57772 1.1757 1.16734 0.58394 0.6858 0.85819 0.75187 1.14916 0.9963 1.19989 1.14463 1.11974 1.32179 0.9117999999999999 0.26098 0.79643 0.70666 0.61149 
1.06686 0.93368 0.71205 0.59433 0.72326 0.61867 0.87217 1.03474 0.64312 0.459 0.89539 0.75968 0.6308 0.77273 1.01936 1.2485499999999998 1.4521099999999998 0.95566 0.63632 0.5175299999999999 0.40107 0.46099 0.17818 0 0.55446 0.7820699999999999 0.8684099999999999 0.99237 0.86362 0.97271 0.72067 0.9680499999999999 0.91317 0.9174 0.87196 1.01063 1.23007 1.13283 1.22887 0.9893799999999999 1.05654 0.94917 0.8704 1.00753 1.00086 0.58134 0.77065 1.04304 0.62955 0.79347 0.9491799999999999 1.09787 0.94535 1.09867 1.3654899999999999 1.3409 1.1204399999999999 1.41683 1.46986 1.1955 1.03571 0.91274 0.77466 1.71539 1.7559 1.09192 1.15847 0.76212 0.86398 0.99011 0.9300499999999999 1.25886 0.81812 1.02171 1.27655 1.07898 1.14361 1.08998 0.43916 0.90575 0.88484 0.78967 
0.86505 0.64885 0.8303699999999999 0.79243 0.8391 1.04764 0.59727 0.72519 1.09859 0.91447 1.31759 1.00923 0.9499099999999999 0.8079799999999999 1.0546099999999998 1.19491 0.9192899999999999 0.83507 0.9993000000000001 0.9787699999999999 0.95553 0.65909 0.61526 0.55446 0 0.22761 0.31395 0.50342 0.63217 0.94212 0.63098 0.52825 0.42718999999999996 0.36294 0.3175 0.45616999999999996 0.6756099999999999 1.17681 1.4062599999999998 1.17267 0.97517 0.73873 1.02622 0.88909 1.21771 0.77944 0.96875 0.85509 0.82765 0.9915700000000001 1.09538 1.21882 0.70643 0.79275 1.0755 1.25468 1.19776 1.48858 1.54955 1.3778000000000001 1.20689 1.2854700000000001 1.0892 1.23792 1.29302 1.06105 0.79106 0.76151 0.86337 1.0253599999999998 0.37559 0.77288 1.02162 1.26144 1.14235 0.9695199999999999 1.10863 1.23349 0.63726 1.17271 1.02835 0.98777 
0.85368 0.87646 0.819 0.88607 0.82773 0.9393 0.67748 0.8053999999999999 1.2088999999999999 1.02478 1.46117 0.9702500000000001 1.03012 0.88819 1.12443 1.13086 0.69168 0.8237 0.77637 0.82038 0.93684 0.8866999999999999 0.84287 0.7820699999999999 0.22761 0 0.39416 0.58363 0.71238 0.94808 0.40337 0.70044 0.53016 0.59055 0.54511 0.4448 0.9032199999999999 1.27301 1.50246 1.25288 0.9638 0.72736 1.10643 0.9693 1.29792 0.93756 1.12687 0.9353 0.95226 1.11618 1.3054 1.12103 0.69506 0.87296 1.15571 1.33489 1.1863899999999998 1.4772100000000001 1.59595 1.57313 1.4344999999999999 1.2673 1.16941 1.31813 1.28165 1.14126 0.87127 0.84172 0.94358 1.10557 0.6032 0.54527 1.2492299999999998 1.28537 0.91474 0.95815 1.25836 1.22212 0.79538 1.03966 1.24106 1.10601 
1.0316 0.9628000000000001 0.90534 1.10638 1.00565 1.00462 0.52414 0.65206 1.05556 0.87144 1.30783 1.00566 0.87678 0.73485 0.9814799999999999 1.04179 1.08584 1.00162 1.10774 0.98895 0.87249 0.9730399999999999 0.69023 0.8684099999999999 0.31395 0.39416 0 0.43029 0.55904 0.86899 0.7975300000000001 0.7640199999999999 0.5937399999999999 0.52949 0.48405 0.6227199999999999 0.84216 1.34188 1.4702799999999998 1.09954 1.14172 0.90528 0.95309 0.81596 1.14458 0.9127 1.05435 0.78196 0.9609099999999999 1.12483 1.28054 1.05411 0.54172 0.7196199999999999 1.00237 1.1815499999999999 1.15587 1.35086 1.4764199999999998 1.21309 1.37344 1.15415 1.01607 0.92397 1.45957 0.7471 0.47711 0.44756 0.54942 0.95223 0.54214 0.93943 1.33557 1.1320299999999999 1.3089 1.13607 1.08088 1.01676 0.77052 1.1069 1.1949 1.07698 
1.22107 0.91675 1.0683799999999999 0.9785999999999999 1.10753 0.9347 0.45421999999999996 0.64801 0.83749 0.77676 1.08976 0.5753699999999999 0.44649 0.30456 0.55119 0.78038 0.98394 1.19109 1.0943399999999999 0.97555 1.09201 1.097 0.81419 0.99237 0.50342 0.58363 0.43029 0 0.12875 0.5123 0.94522 0.95349 0.78321 0.71896 0.67352 0.81219 1.0316299999999998 1.0472299999999999 1.2766799999999998 1.28901 0.73802 0.97446 0.98445 0.9627999999999999 1.1044 1.01501 0.8847 0.97143 0.7436 0.90752 1.06323 1.2435800000000001 0.73119 0.90909 1.19184 1.33341 0.72558 1.02197 1.2899999999999998 1.14317 1.39393 1.08423 0.94615 1.35426 1.5266799999999998 1.0969499999999999 0.9074 0.87617 0.97803 0.52194 0.73161 1.1289 1.32439 1.3215 1.0922399999999999 0.95384 1.29449 1.17014 0.55321 1.13219 0.9988900000000001 1.1335 
1.15399 0.788 0.93963 0.84985 0.97878 0.8059499999999999 0.32547 0.5192599999999999 0.83213 0.64801 1.0844 0.70412 0.57524 0.43331 0.67994 0.90913 1.11269 1.31984 0.96559 0.8468 0.96326 0.96825 0.68544 0.86362 0.63217 0.71238 0.55904 0.12875 0 0.38355 0.81647 1.08224 0.91196 0.84771 0.80227 0.94094 1.16038 0.91848 1.14793 1.16082 0.86677 1.10321 0.8557 0.99283 0.97565 0.8862599999999999 0.75595 1.02834 0.61485 0.77877 0.93448 1.1406100000000001 0.8599399999999999 1.0378399999999999 1.32059 1.20466 0.59683 0.89322 1.16125 1.27192 1.36046 0.95548 1.0749 1.48301 1.39793 0.9682 1.03615 0.9511400000000001 0.84928 0.65069 0.86036 1.25765 1.19564 1.39923 1.22099 1.08259 1.27429 1.04139 0.42446 1.0034399999999999 0.8701399999999999 1.00475 
0.8914 0.40445 0.78114 1.21068 1.12629 1.11063 0.70902 0.90281 1.18202 1.03156 1.4342899999999998 0.9198999999999999 0.9587899999999999 0.8168599999999999 1.0634899999999998 1.22779 1.43135 1.6297899999999998 1.16637 1.04758 1.16404 1.07734 1.0689899999999999 0.97271 0.94212 0.94808 0.86899 0.5123 0.38355 0 0.78021 1.17552 1.2219099999999998 1.15766 1.04814 1.18681 1.47033 1.30203 1.20575 1.40156 1.2503199999999999 1.4867599999999999 1.23925 1.37638 1.3592 1.04115 1.1395 1.41013 0.9984 1.16232 0.88779 1.35613 0.84374 1.02164 1.1233 1.00606 0.98038 1.25047 1.5185 1.65547 1.73846 1.26016 1.12208 1.7929599999999999 1.75648 1.35175 1.3461 1.13097 1.2328299999999999 1.0342399999999998 0.81392 1.49335 1.21137 1.41496 1.34412 1.4661399999999998 1.02798 1.19875 0.80801 1.38699 0.99361 1.31229 
1.12154 0.88653 0.90718 0.74056 0.61163 0.53593 1.01641 0.84605 0.829 1.01312 1.07781 0.76398 0.89286 0.83769 1.08432 1.31351 1.09505 1.12707 0.8077399999999999 0.6987 0.58224 0.8739 0.65299 0.72067 0.63098 0.40337 0.79753 0.94522 0.81647 0.78021 0 0.39531 0.56559 0.5387 0.52793 0.6666 0.8860399999999999 1.314 1.34133 1.20483 1.2377099999999999 1.13073 0.82325 0.96038 1.01474 0.53419 0.7235 0.9958899999999999 0.5824 0.74632 0.9020300000000001 1.14648 0.9198200000000001 1.09772 0.92657 1.25816 1.37683 1.33416 1.60219 1.5238 1.41732 1.0252 1.49533 1.63265 1.28305 1.37258 1.27464 0.91869 0.81683 0.71875 0.55135 0.91128 1.00992 1.09461 0.56391 1.1799499999999998 1.16072 1.04283 0.39201 0.63629 0.83769 0.8907 
1.22354 1.1771 1.11964 0.87801 1.00694 0.93124 0.84845 0.65466 1.05816 1.13625 1.33506 0.9621899999999999 1.0910699999999998 1.10317 0.85654 1.0857299999999999 0.745 1.17692 0.56931 0.45052 0.5669799999999999 0.8634199999999999 0.90453 0.9680499999999999 0.52825 0.70044 0.76402 0.95349 1.0822399999999999 1.17552 0.39531 0 0.17028 0.50519 0.67599 0.8146599999999999 0.96304 1.29874 1.21357 1.40442 0.98953 1.09722 0.95569 1.0928200000000001 1.15803 0.9295 1.05695 0.78456 0.81233 0.64841 1.10223 0.75117 1.01892 1.19682 1.29848 1.50629 1.3458899999999998 1.3534599999999999 1.62149 1.12849 1.4745300000000001 0.89744 1.40862 1.50489 1.65151 1.3588 1.24113 1.11028 1.09377 1.1140599999999998 0.51784 0.51597 1.40523 1.10773 0.88544 1.32801 1.21625 0.8961 0.78732 1.0316 0.69096 1.28601 
1.05326 1.0760399999999999 1.01858 0.94188 1.02731 1.1015199999999998 0.87706 0.82494 1.1947199999999998 1.0106 1.30776 1.1324699999999999 1.2296999999999998 1.08777 1.0268199999999998 1.2560099999999998 0.89126 1.02328 0.73959 0.6208 0.73726 0.80854 0.8034699999999999 0.91317 0.42718999999999996 0.53016 0.5937399999999999 0.78321 0.91196 1.2219099999999998 0.56559 0.17028 0 0.33491 0.50571 0.64438 0.8638199999999999 1.35297 1.38385 1.4524599999999999 1.10171 0.92694 1.12597 0.98884 1.31746 1.09978 1.22723 0.9548399999999999 0.98261 0.81869 1.27251 0.92145 0.89464 1.07254 1.3552899999999999 1.5344699999999998 1.30049 1.5237399999999999 1.7917699999999999 1.29877 1.3950999999999998 1.06772 1.26022 1.51771 1.48123 1.31508 1.0708499999999999 1.0413 1.14316 1.2843399999999998 0.5638 0.6762699999999999 1.30395 0.93745 1.05572 1.15773 1.0806 1.06638 0.9576 1.20188 0.86124 1.30559 
0.98901 1.01179 0.86676 1.09199 0.9630599999999999 1.07463 0.81281 0.94073 1.34423 1.16011 1.39789 1.10558 1.1654499999999999 1.02352 1.25976 1.26619 0.82701 0.95903 0.87862 0.75983 0.87629 1.02203 0.73922 0.9174 0.36294 0.59055 0.52949 0.71896 0.84771 1.15766 0.5387 0.50519 0.33491 0 0.44145999999999996 0.5801299999999999 0.7995699999999999 1.30077 1.24751 1.2604 1.09913 0.86269 1.03827 1.10463 1.43325 1.0728900000000001 1.2622 1.07063 1.08759 1.1536 1.2985 1.25636 0.83039 1.00829 1.29104 1.4702199999999999 1.32172 1.6125399999999999 1.73128 1.50176 1.3308499999999999 1.37816 1.26455 1.45346 1.41698 1.27659 1.0066 0.97705 1.07891 1.2409 0.49955 0.8968400000000001 1.07679 1.27236 1.05007 1.09348 1.01635 1.35745 0.9307099999999999 1.17499 1.15231 1.24134 
0.94357 0.96635 0.86675 0.6505299999999999 0.5216 0.73014 0.76737 0.8952899999999999 1.29879 1.1146699999999998 1.23914 1.09481 1.1200099999999997 0.9780799999999998 1.2247099999999997 1.3650099999999998 0.99781 0.9135899999999999 1.04739 1.12651 1.0803099999999999 0.78387 0.69378 0.87196 0.3175 0.54511 0.48405 0.6735199999999999 0.8022699999999999 1.04814 0.52793 0.67599 0.50571 0.44145999999999996 0 0.13867 0.63545 1.13665 1.3660999999999999 1.3427699999999998 1.05369 0.81725 1.1963199999999998 1.0591899999999999 1.38781 1.06212 1.16217 1.02519 1.04215 1.20607 1.19418 1.29734 0.78495 0.96285 1.2456 1.42478 1.2762799999999999 1.34903 1.60088 1.23543 0.88939 1.2678500000000001 1.2593 1.40802 1.37154 1.23115 0.96116 0.9316099999999999 1.0334699999999999 0.9583999999999999 0.45411 0.8514 0.97282 1.17641 1.09184 0.92936 1.18715 0.91599 0.91994 1.03081 0.71085 1.05853 
1.08224 1.08765 0.73329 0.5170699999999999 0.38814 0.63991 0.90604 1.03396 1.22722 1.05637 1.37781 0.9651 1.09398 1.11675 1.3633799999999998 1.50368 1.13648 1.05226 1.1821 1.06331 0.94685 0.6504099999999999 0.8324499999999999 1.01063 0.45616999999999996 0.4448 0.6227199999999999 0.81219 0.94094 1.18681 0.6666 0.8146599999999999 0.64438 0.58013 0.13867 0 0.49678 0.99798 1.22743 1.24032 1.1923599999999999 0.95592 1.33499 1.19786 1.5037999999999998 1.0846399999999998 1.0234999999999999 1.1638600000000001 1.13285 1.29677 1.21495 1.30983 0.9236200000000001 0.97534 1.17053 1.36214 1.32947 1.2103599999999999 1.46221 1.3740999999999999 1.02806 1.12918 1.39797 1.52753 1.5102099999999998 1.3698199999999998 1.0998299999999999 1.07028 1.17214 1.05623 0.59278 0.99007 0.83936 1.04295 1.23051 0.79069 1.32582 1.05466 0.9424599999999999 0.8973499999999999 0.8495199999999999 0.9250700000000001 
1.30168 1.19833 1.16055 0.75273 0.6238 0.87557 0.96341 0.76962 1.1333 0.989 0.88103 1.07578 1.14766 1.00573 1.25236 1.45015 1.59274 1.2716999999999998 1.1579 1.14848 1.03202 0.88607 1.05189 1.23007 0.6756099999999999 0.9032199999999999 0.8421599999999999 1.0316299999999998 1.1603799999999997 1.47033 0.8860399999999999 0.96304 0.8638199999999999 0.7995699999999999 0.63545 0.49678 0 0.5012 0.73065 0.74354 0.81041 1.04685 1.00509 1.14222 1.19658 0.7160299999999999 0.52672 0.79911 1.0486 1.21252 1.08387 1.54549 1.09679 1.211 1.37635 1.09426 1.43311 1.46842 1.68165 1.45157 1.52484 0.8613 1.37248 1.46875 1.72965 1.47376 1.31927 1.1811699999999998 1.24869 1.22311 0.80017 1.2095099999999999 1.0750199999999999 1.27861 1.4499499999999999 1.01013 1.53321 1.2741 0.8582099999999999 1.13301 1.14949 1.16073 
1.2466 1.2738399999999999 1.0958 1.16154 1.125 0.87323 0.83409 0.9921 0.9568399999999999 0.77272 1.20911 1.21896 1.34784 1.2088999999999999 0.96227 1.19146 1.39502 1.4572699999999998 0.9670099999999999 0.84822 0.73176 1.0282 1.31101 1.13283 1.17681 1.27301 1.34188 1.0472299999999999 0.91848 1.30203 1.314 1.29874 1.35297 1.3007699999999998 1.13665 0.99798 0.5012 0 0.22945 0.24234 0.30921 0.54565 1.0189 1.04368 0.71506 1.1956099999999998 1.02792 1.30031 1.5281799999999999 1.6921 1.33727 1.3125499999999999 0.80016 0.9780599999999999 1.26081 1.31405 0.93191 1.2283 1.49633 1.13585 1.48189 1.1640000000000001 1.05676 1.15303 1.84444 1.25053 1.5205199999999999 1.15669 1.25855 1.28955 1.30137 1.69866 1.52603 1.6493 1.73583 1.40932 1.51365 1.5500099999999999 1.33779 1.4448699999999999 1.50696 1.29379 
1.4760499999999999 1.5032899999999998 1.32525 1.1861 1.05717 0.8054 1.06354 1.22155 1.18629 1.00217 1.4385599999999998 1.44841 1.5772899999999999 1.4383499999999998 1.19172 1.42091 1.6244699999999999 1.6867199999999998 1.1964599999999999 1.07767 0.9612099999999999 1.25765 1.40705 1.22887 1.4062599999999998 1.50246 1.4702799999999998 1.2766799999999998 1.14793 1.20575 1.34133 1.21357 1.38385 1.24751 1.3661 1.22743 0.73065 0.22945 0 0.47179 0.5386599999999999 0.7750999999999999 1.136 1.2731299999999999 0.94451 1.4250599999999998 1.2573699999999999 1.52976 1.67861 1.84253 1.56672 1.15052 1.02961 1.2075099999999999 1.49026 1.0846 1.16136 1.4577499999999999 1.68659 0.9064 1.25244 1.33849 0.82731 0.92358 1.86002 1.4799799999999999 1.7499699999999998 1.38614 1.488 1.519 1.5308199999999998 1.72954 1.50839 1.71198 1.88101 1.6387699999999998 1.2842000000000002 1.7794599999999998 1.48822 1.5663799999999999 1.58286 1.52324 
1.48894 1.23015 0.85346 1.22735 1.19861 1.04001 0.9435499999999999 0.74976 0.7144999999999999 0.53038 0.9667699999999999 0.9766199999999999 1.1055 1.24743 1.20461 1.4338 1.63736 1.6996099999999998 1.0973199999999999 0.97853 0.9741 1.09401 1.16756 0.9893799999999999 1.17267 1.25288 1.09954 1.28901 1.16082 1.40156 1.20483 1.40442 1.4524599999999999 1.2604 1.34277 1.24032 0.74354 0.24234 0.47179 0 0.55155 0.78799 1.18872 1.28602 0.9574 1.43534 1.24603 1.3409 1.50528 1.52963 1.35745 1.0702099999999999 0.55782 0.7357199999999999 1.01847 1.25407 1.17425 1.47064 1.73867 1.21628 1.56232 1.4063400000000001 1.2991 1.39537 1.98703 1.4539 1.5766499999999999 1.39903 1.49716 1.45633 1.40086 1.79815 1.28369 1.48728 1.49349 1.16698 1.41751 1.64837 1.3485899999999997 1.2403 1.4432299999999998 1.50037 
1.18209 0.96463 0.98528 0.85233 0.98126 1.08254 0.93474 1.1078 0.8580000000000001 0.67388 1.11027 1.12012 1.04162 0.89969 0.65306 0.88225 1.08581 1.14806 0.6577999999999999 0.53901 0.65547 0.71899 1.0018 1.05654 0.97517 0.9638 1.1417199999999998 0.73802 0.86677 1.2503199999999999 1.2377099999999999 0.98953 1.10171 1.09913 1.05369 1.1923599999999999 0.81041 0.30921 0.5386599999999999 0.55155 0 0.23644 0.70969 0.73447 0.87873 0.8864 1.07571 1.3481 1.2189699999999999 1.38289 1.09193 1.43083 1.10741 1.21767 1.38208 1.59742 1.24112 0.91909 1.18712 1.4450599999999998 1.50371 0.85479 1.36597 1.46224 1.5352299999999999 0.94132 1.21131 1.0512 0.94934 1.11707 1.11178 1.4474 1.41551 1.6191 1.46476 1.2967199999999999 1.56101 1.40289 1.02858 1.1695799999999998 1.19775 0.98458 
1.17383 1.18994 1.02747 1.08877 1.1583999999999999 1.3189799999999998 0.90334 0.92377 0.6742900000000001 0.49017 0.92656 0.93641 1.06529 1.1361299999999999 0.8895 1.11869 1.32225 1.33482 0.87048 0.77545 0.65899 0.95543 1.02933 0.94917 0.73873 0.72736 0.90528 0.97446 1.10321 1.4867599999999999 1.13073 1.09722 0.92694 0.86269 0.81725 0.95592 1.04685 0.54565 0.7750999999999999 0.78799 0.23644 0 0.47325 0.61038 0.64229 0.76231 0.95162 1.22401 1.09488 1.2588 1.13015 1.19439 1.15913 0.98123 1.26398 1.46697 1.15161 1.15553 1.42356 1.45342 1.70664 1.09123 1.60241 1.69868 1.7716699999999999 1.1777600000000001 1.3823899999999998 1.22745 1.1857799999999998 1.05124 0.87534 1.27263 1.24348 1.44707 1.22832 1.06028 1.3773 1.55531 0.90449 1.20009 1.3501699999999999 1.22102 
0.72303 0.9257599999999999 0.94641 0.85663 0.98556 0.99431 0.73152 0.76227 1.0653299999999999 0.9634199999999999 0.83268 0.80321 0.93209 0.79537 1.042 1.218 1.42156 1.00484 0.39723 0.51602 0.63248 0.92892 0.6922200000000001 0.8704 1.02622 1.10643 0.95309 0.98445 0.8557 1.23925 0.82325 0.95569 1.12597 1.03827 1.1963199999999998 1.33499 1.00509 1.0189 1.136 1.18872 0.70969 0.47325 0 0.13713 0.46575 0.28906 0.47836999999999996 0.75076 0.6216299999999999 0.78555 0.6569 1.19827 0.68588 0.50798 0.7907299999999999 1.02633 1.10556 1.40195 1.66998 1.19399 1.28935 1.48358 1.50875 1.76037 1.80175 1.27707 1.4302 0.7542 0.8560599999999999 0.57799 1.25441 1.47166 1.37664 1.5802299999999998 1.32008 1.00564 1.50644 1.08206 0.43124 0.9395 0.8769199999999999 0.7702199999999999 
0.8601599999999999 1.06289 1.08354 0.99376 1.1089499999999999 0.85718 0.78336 0.8994 0.97959 0.87048 0.96981 0.9290499999999999 0.8001699999999999 0.6582399999999999 0.90487 1.1340599999999998 1.3376199999999998 1.14197 0.53436 0.6531499999999999 0.7696099999999999 1.06605 0.82935 1.00753 0.88909 0.9693 0.81596 0.9627999999999999 0.99283 1.37638 0.96038 1.0928200000000001 0.98884 1.10463 1.0591899999999999 1.19786 1.14222 1.04368 1.2731299999999999 1.28602 0.73447 0.61038 0.13713 0 0.32862 0.42618999999999996 0.6154999999999999 0.75504 0.7587599999999999 0.92268 0.79403 1.3354 0.82301 0.64511 0.9278599999999999 1.16346 1.24269 1.32394 1.5919699999999999 1.3311199999999999 1.42648 1.34645 1.56059 1.62324 1.93888 1.4142 1.29307 0.89133 0.9931899999999999 0.44086 1.11728 1.33453 1.51377 1.60389 1.44592 1.14277 1.64357 1.21919 0.56837 1.07663 1.01405 0.9073499999999999 
0.53154 1.01849 0.86494 0.98673 1.11566 1.11571 0.82958 0.9537599999999999 0.7259800000000001 0.54186 0.9782500000000001 0.9881 1.1169799999999999 0.98686 1.05891 1.2881 1.49166 1.19633 0.8263 0.70751 0.82397 1.10549 0.88371 1.00086 1.21771 1.29792 1.14458 1.1044 0.97565 1.3592 1.01474 1.15803 1.31746 1.43325 1.38781 1.5038 1.19658 0.71506 0.94451 0.9574 0.87873 0.64229 0.46575 0.32862 0 0.48055 0.66986 0.94225 0.81312 0.9770399999999999 0.84839 1.03396 0.87737 0.69947 0.98222 1.21782 0.98908 1.28547 1.5534999999999999 1.38548 1.09786 1.26064 1.6068099999999998 1.86809 1.88012 1.34717 1.61716 1.14941 1.04755 0.7694799999999999 1.4459 1.66315 1.2951700000000002 1.49876 1.50497 1.17846 1.42899 1.27355 0.8525100000000001 1.03756 1.0684099999999999 0.57873 
0.87171 0.6367 0.65735 0.56757 0.6965 0.825 1.0205799999999998 1.0513299999999999 0.77627 0.90496 0.54362 0.51415 0.64303 0.78496 0.89051 1.1197 1.3232599999999999 1.18064 0.68629 0.80508 0.89007 0.68597 0.40316 0.58134 0.77944 0.93756 0.9127 1.01501 0.8862599999999999 1.04115 0.53419 0.9295 1.09978 1.0728900000000001 1.06212 1.08464 0.7160299999999999 1.1956099999999998 1.4250599999999998 1.43534 0.8864 0.76231 0.28906 0.42618999999999996 0.48055 0 0.18931 0.4617 0.33257 0.49649 0.36784 1.10842 0.9749399999999999 0.79704 1.07979 1.3153899999999998 1.16347 1.41903 1.68706 1.48305 1.26069 1.31427 1.29774 1.63547 1.81724 1.17877 1.38981 0.66886 0.567 0.8670499999999999 1.02902 1.44547 1.08758 1.29117 1.03102 0.71658 1.21738 0.793 0.47688 0.71146 0.58786 0.72247 
1.06102 0.8260099999999999 0.63383 0.75688 0.88581 0.89875 1.05732 0.86353 0.89977 0.71565 0.73293 0.70346 0.83234 0.97427 1.07982 1.30901 1.51257 1.36995 0.8755999999999999 0.9943899999999999 1.07938 0.87528 0.59247 0.77065 0.96875 1.12687 1.05435 0.8847 0.75595 1.1395 0.7235 1.05695 1.22723 1.2622 1.16217 1.0234999999999999 0.52672 1.02792 1.2573699999999999 1.24603 1.07571 0.9516199999999999 0.47836999999999996 0.6154999999999999 0.66986 0.18931 0 0.27239 0.52188 0.6858 0.55715 1.29773 1.16425 0.98635 1.2691 1.37846 1.35278 1.56233 1.83036 1.6723599999999998 1.45 1.38802 1.48705 1.44616 1.82197 1.36808 1.5314599999999998 0.65445 0.7563099999999999 0.93973 1.21833 1.57292 1.06406 1.2676500000000002 0.94691 0.52727 1.30959 0.95719 0.33149 0.90077 0.7771699999999999 0.9117799999999999 
1.33341 1.0984 0.90622 1.02927 1.1582 1.10705 0.78493 0.59114 0.99464 0.81052 0.6267 0.97585 1.10473 1.11787 1.35221 1.3825699999999999 1.52956 1.54276 1.14799 1.23508 1.35154 1.1036 0.86486 1.04304 0.85509 0.9353 0.78196 0.97143 1.02834 1.41013 0.9958899999999999 0.78456 0.9548399999999999 1.07063 1.02519 1.1638600000000001 0.79911 1.30031 1.52976 1.3409 1.3481 1.22401 0.75076 0.75504 0.94225 0.4617 0.27239 0 0.79427 0.95819 0.8295399999999999 1.53573 1.08286 1.25874 1.54149 1.65085 1.47196 1.28994 1.55797 1.75918 1.7223899999999999 1.66041 1.54392 1.17377 1.6694499999999999 1.1595 1.25907 0.92684 0.99436 0.99231 1.08328 1.30053 1.3364500000000001 1.54004 1.2193 0.79966 1.58198 1.22958 0.60388 1.17316 1.04956 1.18417 
0.91992 0.6849099999999999 0.70556 0.61578 0.74471 0.87321 0.94032 1.13411 0.82448 1.0086 0.87619 0.56236 0.69124 0.83317 1.0797999999999999 1.3089899999999999 1.5125499999999998 1.22885 1.0188599999999999 0.94425 0.93828 0.73418 0.45137 0.62955 0.82765 0.95226 0.9609099999999999 0.7436 0.61485 0.9984 0.5824 0.81233 0.98261 1.08759 1.04215 1.13285 1.0486 1.5281799999999999 1.67861 1.50528 1.2189699999999999 1.0948799999999999 0.6216299999999999 0.7587599999999999 0.81312 0.33257 0.52188 0.79427 0 0.16392 0.61774 1.32376 1.20473 1.12961 1.41236 1.23736 1.2116799999999999 1.4672399999999999 1.7352699999999999 1.62222 1.3089 1.36248 1.40421 1.8848799999999999 1.8484 1.3680599999999998 1.4380199999999999 0.51335 0.61521 1.0505499999999999 1.07723 1.3283 1.13579 1.3393799999999998 1.07923 1.04915 1.26559 0.84121 0.19039 0.76937 0.63607 0.77068 
