29
L30 L4 L63 L64 L72 L17 L51 L25 L75 L80 L43 L79 L21 L47 L18 L56 L5 L0 L3 L54 L55 L77 L42 L26 L27 L53 L52 L24 L31
0 0.26652 0.96921 1.2931099999999998 1.1512099999999998 0.99783 1.16635 1.57249 1.50558 1.19387 1.5253999999999999 1.05685 1.7512699999999999 1.6061999999999999 1.14575 1.32777 1.4682 1.9896399999999999 1.52909 0.8654999999999999 0.6791 1.18898 1.7925499999999999 1.99566 1.54786 1.74918 1.4622399999999998 0.64243 0.38574 
0.26652 0 0.70269 1.02659 0.88469 0.73131 0.89983 1.53512 1.2621399999999998 1.30917 1.39756 1.32337 1.72062 1.84249 1.41227 1.4796 1.50096 1.72906 1.38645 1.1320199999999998 0.9456199999999999 1.4554999999999998 2.00623 1.77921 1.8143799999999999 2.0157 1.19572 0.37591 0.65226 
0.96921 0.70269 0 0.39087 0.53277 0.6861499999999999 0.8546699999999999 1.10023 0.62642 0.60648 0.69487 0.7435 1.01793 1.22763 1.73551 1.3657599999999999 1.50619 1.57533 1.8198699999999999 1.4889999999999999 1.4529 1.65848 1.65431 1.14349 1.19451 2.64944 0.56 1.0786 1.35495 
1.29311 1.02659 0.39087 0 0.1419 0.29528 0.4638 0.70936 0.23555 0.7294999999999999 0.79211 0.86652 1.23727 1.3748799999999999 1.62167 1.15377 1.2942 1.8121999999999998 1.73597 1.0981299999999998 1.06203 1.27331 1.26344 0.75262 1.3175299999999999 2.2585699999999997 0.16913 1.4024999999999999 1.3553899999999999 
1.1512099999999998 0.88469 0.53277 0.1419 0 0.15338 0.32189999999999996 0.8512599999999999 0.37745 0.8714 0.93401 1.0084199999999999 1.25024 1.5167799999999998 1.47977 1.01187 1.1523 1.69989 1.59407 0.9562299999999999 1.14263 1.4152099999999999 1.12154 0.89452 1.45943 2.33917 0.31103 1.2606 1.4359899999999999 
0.99783 0.73131 0.6861499999999999 0.29528 0.15338 0 0.16852 0.80381 0.53083 0.8654099999999999 0.9538 1.00243 1.09686 1.4000199999999998 1.32639 0.85849 0.99892 1.54651 1.44069 0.80285 0.98925 1.36776 1.27492 1.0478999999999998 1.45344 2.18579 0.46441 1.10722 1.28261 
1.16635 0.89983 0.8546699999999999 0.4638 0.32189999999999996 0.16852 0 0.63529 0.6993499999999999 1.03393 1.12232 1.14303 1.10524 1.3008099999999998 1.49491 1.02701 1.16744 1.71503 1.60921 0.78297 0.96937 1.19924 1.4434399999999998 1.2164199999999998 1.62196 2.16591 0.63293 1.27574 1.26273 
1.57249 1.53512 1.10023 0.70936 0.8512599999999999 0.80381 0.63529 0 0.47380999999999995 0.9677599999999998 1.03037 1.00781 1.27761 0.66552 1.3235 1.47325 1.61368 1.8654499999999998 1.92736 1.07979 0.8933899999999999 0.56395 1.16752 0.99088 1.55579 2.08993 0.87849 1.91103 1.18675 
1.50558 1.2621399999999998 0.62642 0.23555 0.37745 0.53083 0.69935 0.47380999999999995 0 0.49395 0.5565599999999999 0.63097 1.47282 1.13933 1.55169 1.34566 1.48609 2.03368 1.92786 1.01288 0.82648 1.03776 1.21519 0.51707 1.08198 2.02302 0.40468000000000004 1.6380499999999998 1.11984 
1.19387 1.30917 0.60648 0.7294999999999999 0.8714 0.8654099999999999 1.0339299999999998 0.96776 0.49395 0 0.33153 0.80008 1.02657 0.68637 1.33026 1.12063 1.2610599999999998 1.8086499999999999 1.70283 1.28789 1.10149 1.052 1.65557 0.80179 0.58803 2.17157 0.89068 1.68508 0.80813 
1.5253999999999999 1.39756 0.69487 0.79211 0.93401 0.9538 1.12232 1.03037 0.5565599999999999 0.33153 0 0.46855 1.3580999999999999 1.0179 1.25408 0.7891 0.92953 1.47712 1.3713 1.09337 0.90697 1.38353 1.77175 1.07363 0.91956 2.10351 0.96124 1.7734699999999999 1.13966 
1.05685 1.32337 0.7435 0.86652 1.0084199999999999 1.00243 1.14303 1.00781 0.63097 0.80008 0.46855 0 0.88955 1.19868 1.20733 1.25765 1.39808 1.9456699999999998 1.7909199999999998 1.1508699999999998 0.9644699999999999 1.57176 1.51855 0.93881 1.3881100000000002 2.03455 0.75366 1.69928 0.67111 
1.7512699999999999 1.72062 1.01793 1.23727 1.25024 1.09686 1.10524 1.27761 1.47282 1.02657 1.3580999999999999 0.88955 0 0.81915 1.2276 0.9572799999999999 1.09771 1.6452999999999998 1.41139 0.88577 1.0721699999999998 1.20227 1.80584 1.82836 1.6146 2.2687099999999996 1.06814 1.4320899999999999 1.36553 
1.6061999999999999 1.84249 1.22763 1.3748799999999999 1.5167799999999998 1.40002 1.3008099999999998 0.66552 1.13933 0.68637 1.0179 1.19868 0.81915 0 0.86504 1.0147899999999999 1.15522 1.70281 1.4688999999999999 1.7002199999999998 1.51382 0.99165 1.5952199999999999 1.48816 1.2744 2.5839 1.30301 1.7412199999999998 1.2204599999999999 
1.14575 1.41227 1.73551 1.62167 1.47977 1.32639 1.49491 1.3235 1.55169 1.33026 1.25408 1.20733 1.2276 0.86504 0 0.4679 0.60833 1.15592 1.0501 0.91161 0.72521 1.65773 2.16682 2.06876 1.59397 1.79529 1.7908 1.57159 0.76001 
1.32777 1.4796 1.3657599999999999 1.15377 1.01187 0.85849 1.02701 1.47325 1.34566 1.12063 0.7891 1.25765 0.9572799999999999 1.0147899999999999 0.4679 0 0.14043 0.68802 0.5822 1.31069 1.12429 1.7505499999999998 2.13341 1.77622 1.70866 2.09839 1.3229 1.10369 1.15909 
1.4682 1.50096 1.50619 1.2942 1.1523 0.99892 1.16744 1.61368 1.48609 1.2610599999999998 0.92953 1.39808 1.09771 1.15522 0.60833 0.14043 0 0.54759 0.7226300000000001 1.29362 1.26472 1.6101199999999998 2.2136899999999997 1.91665 1.84909 2.23882 1.46333 1.24412 1.29952 
1.9896399999999999 1.7290599999999998 1.57533 1.8121999999999998 1.69989 1.54651 1.71503 1.86545 2.03368 1.8086499999999999 1.47712 1.9456699999999998 1.6452999999999998 1.7028099999999997 1.15592 0.68802 0.54759 0 0.98936 1.56652 1.4369999999999998 1.88302 2.4865899999999996 1.74865 2.0937 2.29502 1.9813299999999998 1.6054 1.6038999999999999 
1.52909 1.38645 1.8198699999999999 1.73597 1.59407 1.44069 1.60921 1.92736 1.92786 1.7028299999999998 1.3713 1.7909199999999998 1.41139 1.4688999999999999 1.0501 0.5822 0.7226300000000001 0.98936 0 1.73539 1.70649 2.0518899999999998 2.6554599999999997 2.3584199999999997 2.29086 1.87336 1.9051 1.68589 1.50567 
0.8654999999999999 1.1320199999999998 1.4889999999999999 1.0981299999999998 0.9562299999999999 0.80285 0.78297 1.07979 1.01288 1.28789 1.09337 1.15087 0.88577 1.7002199999999998 0.91161 1.31069 1.29362 1.56652 1.73539 0 0.1864 0.7461199999999999 1.3496899999999998 1.52995 1.1816200000000001 1.38294 1.2672599999999998 1.5079299999999998 0.47976 
0.6791 0.9456199999999999 1.4529 1.06203 1.14263 0.98925 0.96937 0.8933899999999999 0.82648 1.10149 0.9069699999999999 0.9644699999999999 1.0721699999999998 1.51382 0.72521 1.12429 1.26472 1.4369999999999998 1.70649 0.1864 0 0.93252 1.53609 1.34355 0.99522 1.19654 1.23116 1.3215299999999999 0.29336 
1.18898 1.4554999999999998 1.65848 1.2733099999999997 1.4152099999999996 1.36776 1.19924 0.56395 1.0377599999999998 1.052 1.38353 1.5717599999999998 1.20227 0.99165 1.65773 1.7505499999999998 1.6101199999999998 1.88302 2.0518899999999998 0.7461199999999999 0.9325199999999999 0 0.60357 1.55483 1.64003 2.12906 1.4424399999999997 1.8314099999999998 1.2258799999999999 
1.7925499999999999 2.00623 1.65431 1.26344 1.12154 1.27492 1.44344 1.16752 1.21519 1.65557 1.77175 1.51855 1.80584 1.5952199999999999 2.16682 2.13341 2.2136899999999997 2.4865899999999996 2.6554599999999997 1.3496899999999998 1.5360899999999997 0.60357 0 1.7322600000000001 2.2436 2.52033 1.14877 2.3821399999999997 1.73497 
1.99566 1.77921 1.14349 0.75262 0.89452 1.0478999999999998 1.2164199999999998 0.99088 0.51707 0.80179 1.07363 0.93881 1.82836 1.48816 2.06876 1.77622 1.91665 1.74865 2.3584199999999997 1.52995 1.34355 1.55483 1.7322600000000001 0 1.38982 2.39276 0.92175 2.15512 1.60992 
1.54786 1.8143799999999999 1.19451 1.3175299999999999 1.4594299999999998 1.45344 1.62196 1.5557899999999998 1.08198 0.58803 0.91956 1.3881100000000002 1.6146 1.2744 1.59397 1.70866 1.84909 2.0937 2.29086 1.1816200000000001 0.99522 1.64003 2.2436 1.38982 0 1.85324 1.47871 2.19029 1.16212 
1.74918 2.0157 2.64944 2.2585699999999997 2.3391699999999997 2.18579 2.16591 2.08993 2.02302 2.17157 2.10351 2.03455 2.26871 2.5839 1.79529 2.09839 2.23882 2.29502 1.87336 1.38294 1.19654 2.12906 2.52033 2.39276 1.85324 0 2.4276999999999997 2.39161 1.36344 
1.46224 1.19572 0.56 0.16913 0.31103 0.46441 0.63293 0.87849 0.40468000000000004 0.89068 0.96124 0.75366 1.06814 1.30301 1.7908 1.3229 1.46333 1.9813299999999998 1.9051 1.2672599999999998 1.23116 1.44244 1.14877 0.92175 1.47871 2.4276999999999997 0 1.5716299999999999 1.42477 
0.64243 0.37591 1.0786 1.4024999999999999 1.2606 1.10722 1.27574 1.91103 1.6380499999999998 1.68508 1.7734699999999999 1.69928 1.4320899999999999 1.7412199999999998 1.57159 1.10369 1.24412 1.6054 1.68589 1.50793 1.32153 1.83141 2.3821399999999997 2.1551199999999997 2.19029 2.39161 1.5716299999999999 0 1.02817 
0.38574 0.65226 1.35495 1.3553899999999999 1.43599 1.28261 1.26273 1.18675 1.11984 0.80813 1.13966 0.67111 1.36553 1.2204599999999999 0.76001 1.15909 1.29952 1.6038999999999999 1.50567 0.47976 0.29336 1.22588 1.73497 1.60992 1.16212 1.36344 1.42477 1.02817 0 
