48
100 77 63 28 64 29 91 53 49 85 90 12 67 99 76 68 5 19 61 71 9 39 14 82 17 7 6 26 35 62 94 72 45 16 87 8 3 58 83 21 2 55 40 81 50 41 93 1
0 406.57 557.812 591.032 954.0740000000001 1201.0610000000001 834.783 985.783 1219.518 1220.344 1176.531 1145.75 1395.546 1271.29 1383.597 1058.7 1289.4409999999998 1066.5 1217.027 874.733 611.172 1077.039 1073.724 1264.664 1013.5 817.541 1083.14 1033.82 1173.19 1033.507 1112.454 1211.536 877.162 1383.282 1063.64 910.871 872.346 1354.1439999999998 1465.3020000000001 1137.32 1056.63 1364.406 1468.3899999999999 889.91 905.324 1220.866 1138.7620000000002 330.024 
406.57 0 657.693 720.685 1053.955 1373.075 1241.353 1376.247 1286.482 1287.308 769.961 1221.088 1153.35 1463.549 1189.13 1111.13 1374.415 1451.315 1083.01 1142.71 1017.742 1166.769 1163.454 1221.696 812.971 1152.601 1335.095 1422.708 1210.94 902.989 803.33 807.191 883.176 976.712 1176.013 701.659 878.095 1421.108 1562.0810000000001 1444.034 1434.565 1291.943 1061.82 775.242 972.288 1495.105 1082.25 396.988 
557.812 657.693 0 261.793 396.262 825.74 615.356 945.722 918.714 1100.3020000000001 832.24 872.282 837.734 805.856 825.785 1133.157 926.047 1178.9470000000001 669.717 724.196 1167.252 935.793 1116.478 901.27 895.277 607.352 980.388 836.1110000000001 996.6210000000001 475.695 718.579 1114.049 808.076 1062.659 805.68 700.169 728.663 1002.929 1116.004 1050.659 928.1300000000001 888.554 1154.6109999999999 983.45 936.848 890.5240000000001 639.9069999999999 887.836 
591.032 720.685 261.793 0 561.344 823.566 877.149 750.109 1180.507 838.509 1094.033 999.051 998.837 1053.647 1078.621 1254.101 1005.41 1029.06 756.117 786.231 1037.267 746.298 1139.705 1066.701 1060.708 806.0989999999999 1075.86 935.17 1114.193 624.936 845.242 1263.29 565.501 800.866 1028.149 827.624 887.118 766.839 981.342 1117.058 1007.03 1124.663 1177.838 1148.29 1078.82 910.75 547.73 921.056 
954.0740000000001 1053.955 396.262 561.344 0 620.979 635.789 966.155 958.393 872.695 804.457 1128.943 1166.279 1202.118 962.953 1118.5339999999999 1309.431 1025.57 905.47 1120.458 791.449 768.17 817.632 752.038 785.948 768.572 1108.13 941.227 738.476 871.957 916.539 1152.002 630.133 1212.5810000000001 932.434 1096.431 1002.171 1172.974 719.742 654.397 913.5070000000001 1262.277 1019.71 1188.341 949.664 781.99 1036.169 825.466 
1201.0610000000001 1373.075 825.74 823.566 620.979 0 366.278 696.644 1299.1799999999998 1300.51 1273.5720000000001 1365.007 933.572 1125.841 815.387 1118.365 1039.92 888.458 842.462 806.523 918.106 919.474 978.951 846.953 1159.395 741.983 1079.62 1201.616 1295.437 1189.1770000000001 1373.8020000000001 1306.648 1143.317 1254.75 1053.45 1213.028 587.112 895.657 1340.721 776.904 534.481 641.298 964.355 1228.478 1081.5 890.427 804.933 1304.464 
834.783 1241.353 615.356 877.149 635.789 366.278 0 330.366 1065.541 1067.1009999999999 907.294 1358.421 1262.083 1187.4769999999999 1181.665 1257.515 673.642 1189.151 920.698 853.44 1167.241 1103.1689999999999 875.484 838.585 1192.0929999999998 566.468 879.716 1065.845 1364.245 1091.051 1333.935 995.051 1265.922 1617.506 936.031 997.857 953.39 1213.984 1220.15 1143.182 722.624 1007.576 1036.69 862.2 854.856 999.5249999999999 991.701 944.0 
985.783 1376.247 945.722 750.109 966.155 696.644 330.366 0 735.175 1293.484 1237.6599999999999 1122.47 1027.19 857.111 1195.146 1215.275 1004.008 985.3679999999999 886.14 909.434 836.875 1035.19 1205.85 1075.31 1378.99 736.525 1053.0 1235.902 1095.58 1375.045 1333.55 1170.34 1315.6100000000001 1287.14 975.196 1251.496 1133.512 1063.51 1275.98 1473.548 1052.99 1304.871 984.766 1184.5430000000001 1185.222 935.049 661.335 979.259 
1219.518 1286.482 918.714 1180.507 958.393 1299.1799999999998 1065.541 735.175 0 558.309 986.714 1061.59 1089.92 1217.887 1369.6419999999998 1259.77 1167.79 1284.4 1588.431 1450.64 1110.33 1423.78 1549.127 1561.141 1517.123 957.531 1190.187 1185.34 1463.25 1394.409 1637.2930000000001 1736.7530000000002 1580.713 1336.68 765.941 1018.9879999999999 909.721 1161.66 1579.28 1612.79 1551.643 1173.76 912.632 1007.55 1087.56 1233.62 1396.51 889.494 
1220.344 1287.308 1100.3020000000001 838.509 872.695 1300.51 1067.1009999999999 1293.484 558.309 0 603.186 1054.313 972.849 1199.573 861.538 1363.538 1416.9479999999999 1045.29 1263.28 1624.74 1590.6770000000001 1309.98 1377.62 1399.451 973.056 1028.821 631.878 1306.781 1290.71 1113.81 1348.63 1355.49 1404.01 1639.375 1240.5990000000002 1145.001 1468.03 1292.23 1592.437 1527.092 1441.387 1491.2359999999999 932.985 1419.2939999999999 889.751 852.969 1386.239 890.32 
1176.531 769.961 832.24 1094.033 804.457 1273.5720000000001 907.294 1237.6599999999999 986.714 603.186 0 451.127 980.2850000000001 878.715 819.922 1206.037 849.341 1191.54 1416.15 1556.4360000000001 1523.4789999999998 1481.54 1371.62 956.804 530.409 970.775 573.832 753.926 1368.6480000000001 1016.95 1051.37 1513.0430000000001 921.354 1475.501 1028.079 1327.054 1560.903 1335.87 1410.71 1458.854 1244.444 1482.0169999999998 1213.904 1347.535 1315.54 738.157 1454.531 911.071 
1145.75 1221.088 872.282 999.051 1128.943 1365.007 1358.421 1122.47 1061.59 1054.313 451.127 0 529.158 650.748 988.7830000000001 754.91 1285.703 1098.16 1336.87 1529.9 1756.922 1384.6 1689.987 1012.259 585.864 1228.3290000000002 1024.959 1170.8490000000002 1172.479 1217.661 979.907 1227.2 1005.45 1413.126 576.952 1051.306 1509.183 1688.233 1562.007 1309.891 890.215 1396.326 762.777 896.408 1348.0 1090.89 1209.15 1007.76 
1395.546 1153.35 837.734 998.837 1166.279 933.572 1262.083 1027.19 1089.92 972.849 980.2850000000001 529.158 0 479.575 654.496 586.66 1170.533 972.931 1295.91 1413.9 1389.95 1490.634 1727.3229999999999 1256.362 1115.022 1172.483 1375.374 1025.079 1071.176 688.503 990.984 1326.857 1416.598 1185.5 864.86 735.223 1361.1390000000001 1509.632 1159.67 799.803 876.406 956.203 615.784 1013.71 1485.642 1320.98 1216.23 1243.337 
1271.29 1463.549 805.856 1053.647 1202.118 1125.841 1187.4769999999999 857.111 1217.887 1199.573 878.715 650.748 479.575 0 338.035 840.0350000000001 966.9950000000001 1095.465 1475.5729999999999 1257.86 1317.55 1316.99 1702.204 1276.711 850.316 1044.881 983.341 545.504 684.345 760.739 1255.573 1200.52 965.264 1547.712 1048.079 1214.798 1213.441 1317.87 1427.997 1127.7060000000001 702.158 1291.755 864.651 1493.285 1226.12 1152.02 983.368 1229.68 
1383.597 1189.13 825.785 1078.621 962.953 815.387 1181.665 1195.146 1369.6419999999998 861.538 819.922 988.7830000000001 654.496 338.035 0 502.0 628.96 1144.469 1495.502 1234.33 1586.6080000000002 1508.1999999999998 1457.06 1133.222 706.827 1021.3789999999999 768.965 883.539 788.392 1098.7740000000001 1039.29 1350.932 1303.299 1719.8020000000001 1246.105 1378.489 1402.4989999999998 1611.679 1544.847 1325.732 1040.193 1456.685 1202.686 1217.0459999999998 1172.408 1071.32 963.503 1147.2 
1058.7 1111.13 1133.157 1254.101 1118.5339999999999 1118.365 1257.515 1215.275 1259.77 1363.538 1206.037 754.91 586.66 840.0350000000001 502.0 0 583.873 1087.989 1596.319 1212.21 1316.25 1151.29 1304.79 1356.518 984.744 819.684 995.135 1139.6770000000001 760.997 1275.163 911.229 949.162 1109.05 1657.071 1331.862 953.714 1021.89 1311.5 1217.22 845.527 628.952 1002.55 1079.54 1161.196 1171.1950000000002 1435.215 1465.5030000000002 999.382 
1289.4409999999998 1374.415 926.047 1005.41 1309.431 1039.92 673.642 1004.008 1167.79 1416.9479999999999 849.341 1285.703 1170.533 966.9950000000001 628.96 583.873 0 515.509 1283.709 1112.92 1172.39 1407.5639999999999 1104.97 1126.234 699.839 1058.567 1350.798 675.895 1344.87 1401.742 1042.31 1465.626 1092.17 1664.674 1339.542 1288.55 976.108 1566.621 1672.6329999999998 1259.981 726.732 1316.329 1238.33 599.173 612.755 1308.423 1332.98 1188.0549999999998 
1066.5 1451.315 1178.9470000000001 1029.06 1025.57 888.458 1189.151 985.3679999999999 1284.4 1045.29 1191.54 1098.16 972.931 1095.465 1144.469 1087.989 515.509 0 768.2 1419.518 1606.6909999999998 1022.67 1423.081 943.741 1019.08 1303.007 1001.02 1191.404 940.179 1378.658 1415.949 950.117 1441.12 1829.926 1325.66 1128.19 1248.539 1600.633 1705.007 1428.729 1242.241 1035.36 1329.11 976.732 1074.82 1192.48 1576.79 1071.85 
1217.027 1083.01 669.717 756.117 905.47 842.462 920.698 886.14 1588.431 1263.28 1416.15 1336.87 1295.91 1475.5729999999999 1495.502 1596.319 1283.709 768.2 0 651.318 1204.056 1284.251 883.84 1509.676 1504.371 1249.762 1411.04 1415.641 956.159 1145.412 1278.6860000000001 775.677 1311.774 1556.983 1475.397 1175.22 880.609 1410.035 968.516 1289.6770000000001 967.367 995.233 1657.588 1455.856 1244.12 1380.77 826.264 899.02 
874.733 1142.71 724.196 786.231 1120.458 806.523 853.44 909.434 1450.64 1624.74 1556.4360000000001 1529.9 1413.9 1257.86 1234.33 1212.21 1112.92 1419.518 651.318 0 552.738 1125.187 724.776 1052.62 1314.35 1244.518 1609.904 1151.2 1470.696 1199.891 1205.592 702.583 855.772 1303.91 1483.32 1322.38 1020.61 1553.0700000000002 965.25 1438.2939999999999 1063.21 1447.821 1483.66 1435.39 1378.77 1494.374 1155.134 1204.757 
611.172 1017.742 1167.252 1037.267 791.449 918.106 1167.241 836.875 1110.33 1590.6770000000001 1523.4789999999998 1756.922 1389.95 1317.55 1586.6080000000002 1316.25 1172.39 1606.6909999999998 1204.056 552.738 0 584.021 984.432 1182.98 1453.931 1299.74 1643.891 1496.152 1208.63 928.072 1081.98 1150.69 1241.259 1089.77 1443.609 1437.626 1483.518 1381.128 1471.137 1445.846 1204.49 1166.71 1679.482 1330.43 1358.235 1564.938 623.105 941.196 
1077.039 1166.769 935.793 746.298 768.17 919.474 1103.1689999999999 1035.19 1423.78 1309.98 1481.54 1384.6 1490.634 1316.99 1508.1999999999998 1151.29 1407.5639999999999 1022.67 1284.251 1125.187 584.021 0 400.411 1231.48 1080.7 967.74 1299.57 1317.6280000000002 1033.63 1285.725 790.891 1293.9 763.445 1152.84 1340.6 1352.1680000000001 936.961 797.107 1413.284 1349.7289999999998 991.932 1433.518 1391.06 1385.0700000000002 1082.13 1372.0410000000002 944.436 857.438 
1073.724 1163.454 1116.478 1139.705 817.632 978.951 875.484 1205.85 1549.127 1377.62 1371.62 1689.987 1727.3229999999999 1702.204 1457.06 1304.79 1104.97 1423.081 883.84 724.776 984.432 400.411 0 1019.52 1445.915 1277.43 1432.5 1392.95 1434.0410000000002 1064.85 1191.302 1163.962 1163.856 1300.34 1411.05 1337.837 1294.422 1197.518 1521.916 1096.04 1040.72 1410.132 1406.35 1149.92 1446.79 1339.505 1164.13 871.49 
1264.664 1221.696 901.27 1066.701 752.038 846.953 838.585 1075.31 1561.141 1399.451 956.804 1012.259 1256.362 1276.711 1133.222 1356.518 1126.234 943.741 1509.676 1052.62 1182.98 1231.48 1019.52 0 426.395 688.074 894.468 1187.451 844.51 1279.38 1237.008 733.999 1135.115 1077.12 1045.89 1224.194 1309.013 1312.8400000000001 1064.1 1374.5500000000002 1141.5839999999998 1111.16 1418.3 1045.34 907.392 626.318 1162.58 1305.529 
1013.5 812.971 895.277 1060.708 785.948 1159.395 1192.0929999999998 1378.99 1517.123 973.056 530.409 585.864 1115.022 850.316 706.827 984.744 699.839 1019.08 1504.371 1314.35 1453.931 1080.7 1445.915 426.395 0 642.465 1039.408 1030.373 1265.426 1265.412 1292.402 1160.394 830.465 1412.913 1162.816 1002.518 1095.3 1305.29 1418.687 1240.574 919.9079999999999 1132.84 991.905 867.972 1061.891 788.272 1242.26 988.469 
817.541 1152.601 607.352 806.0989999999999 768.572 741.983 566.468 736.525 957.531 1028.821 970.775 1228.3290000000002 1172.483 1044.881 1021.3789999999999 819.684 1058.567 1303.007 1249.762 1244.518 1299.74 967.74 1277.43 688.074 642.465 0 396.943 499.377 1199.949 1083.047 1295.846 950.952 1056.513 1315.127 1054.163 1003.171 993.449 1236.92 1387.254 1091.38 848.778 1361.585 1080.03 1141.951 702.72 615.531 711.45 755.613 
1083.14 1335.095 980.388 1075.86 1108.13 1079.62 879.716 1053.0 1190.187 631.878 573.832 1024.959 1375.374 983.341 768.965 995.135 1350.798 1001.02 1411.04 1609.904 1643.891 1299.57 1432.5 894.468 1039.408 396.943 0 674.903 1363.53 1456.083 1248.91 1347.895 1131.73 1595.913 846.653 1321.007 1390.3919999999998 1633.863 1694.12 1488.323 1245.721 1638.633 1298.59 846.022 1025.821 808.575 1025.58 938.107 
1033.82 1422.708 836.1110000000001 935.17 941.227 1201.616 1065.845 1235.902 1185.34 1306.781 753.926 1170.8490000000002 1025.079 545.504 883.539 1139.6770000000001 675.895 1191.404 1415.641 1151.2 1496.152 1317.6280000000002 1392.95 1187.451 1030.373 499.377 674.903 0 869.177 1293.979 917.684 996.234 1261.773 1421.404 1249.606 1198.614 1337.266 1397.39 1540.587 1008.29 1225.855 1624.193 1139.24 1070.61 1202.097 1114.908 1144.84 1240.37 
1173.19 1210.94 996.6210000000001 1114.193 738.476 1295.437 1364.245 1095.58 1463.25 1290.71 1368.6480000000001 1172.479 1071.176 684.345 788.392 760.997 1344.87 940.179 956.159 1470.696 1208.63 1033.63 1434.0410000000002 844.51 1265.426 1199.949 1363.53 869.177 0 520.926 1015.76 852.597 1123.9450000000002 1038.65 1179.58 1429.932 1431.087 1462.725 863.356 1144.6370000000002 1214.674 1046.07 935.026 1585.4479999999999 1358.61 1229.5 1323.863 1277.39 
1033.507 902.989 475.695 624.936 871.957 1189.1770000000001 1091.051 1375.045 1394.409 1113.81 1016.95 1217.661 688.503 760.739 1098.7740000000001 1275.163 1401.742 1378.658 1145.412 1199.891 928.072 1285.725 1064.85 1279.38 1265.412 1083.047 1456.083 1293.979 520.926 0 494.834 638.354 1174.57 1004.93 1047.02 1175.864 971.407 941.799 1077.153 623.711 773.133 1362.73 1304.287 1405.846 1351.895 1178.18 1115.602 1177.966 
1112.454 803.33 718.579 845.242 916.539 1373.8020000000001 1333.935 1333.55 1637.2930000000001 1348.63 1051.37 979.907 990.984 1255.573 1039.29 911.229 1042.31 1415.949 1278.6860000000001 1205.592 1081.98 790.891 1191.302 1237.008 1292.402 1295.846 1248.91 917.684 1015.76 494.834 0 503.009 1166.858 1499.764 1419.3919999999998 1418.748 1170.65 1436.633 1130.3980000000001 1118.545 1254.063 1270.05 1452.941 1176.79 1352.892 1609.103 1216.15 1200.318 
1211.536 807.191 1114.049 1263.29 1152.002 1306.648 995.051 1170.34 1736.7530000000002 1355.49 1513.0430000000001 1227.2 1326.857 1200.52 1350.932 949.162 1465.626 950.117 775.677 702.583 1150.69 1293.9 1163.962 733.999 1160.394 950.952 1347.895 996.234 852.597 638.354 503.009 0 726.307 1152.4 1325.57 1154.12 1504.2910000000002 956.462 754.89 1262.065 893.033 1383.451 1349.62 1387.775 1034.21 1360.317 1519.87 881.512 
877.162 883.176 808.076 565.501 630.133 1143.317 1265.922 1315.6100000000001 1580.713 1404.01 921.354 1005.45 1416.598 965.264 1303.299 1109.05 1092.17 1441.12 1311.774 855.772 1241.259 763.445 1163.856 1135.115 830.465 1056.513 1131.73 1261.773 1123.9450000000002 1174.57 1166.858 726.307 0 582.448 945.781 1358.152 1126.54 1332.3400000000001 1040.303 1146.4070000000002 979.457 1566.4 1270.029 1465.137 1224.7 786.671 868.92 1047.16 
1383.282 976.712 1062.659 800.866 1212.5810000000001 1254.75 1617.506 1287.14 1336.68 1639.375 1475.501 1413.126 1185.5 1547.712 1719.8020000000001 1657.071 1664.674 1829.926 1556.983 1303.91 1089.77 1152.84 1300.34 1077.12 1412.913 1315.127 1595.913 1421.404 1038.65 1004.93 1499.764 1152.4 582.448 0 836.174 1310.528 1380.155 1349.984 1612.317 1048.85 1236.91 1495.865 933.672 1540.12 1405.22 1369.1190000000001 1243.18 1228.36 
1063.64 1176.013 805.68 1028.149 932.434 1053.45 936.031 975.196 765.941 1240.5990000000002 1028.079 576.952 864.86 1048.079 1246.105 1331.862 1339.542 1325.66 1475.397 1483.32 1443.609 1340.6 1411.05 1045.89 1162.816 1054.163 846.653 1249.606 1179.58 1047.02 1419.3919999999998 1325.57 945.781 836.174 0 474.354 1100.27 1398.507 1463.725 1350.2600000000002 1196.0590000000002 1155.398 647.665 1012.75 949.418 1304.019 1328.576 941.233 
910.871 701.659 700.169 827.624 1096.431 1213.028 997.857 1251.496 1018.9879999999999 1145.001 1327.054 1051.306 735.223 1214.798 1378.489 953.714 1288.55 1128.19 1175.22 1322.38 1437.626 1352.1680000000001 1337.837 1224.194 1002.518 1003.171 1321.007 1198.614 1429.932 1175.864 1418.748 1154.12 1358.152 1310.528 474.354 0 625.916 938.783 1151.56 1006.8 1267.8380000000002 681.044 1122.019 720.673 1166.675 1253.027 1124.91 793.988 
872.346 878.095 728.663 887.118 1002.171 587.112 953.39 1133.512 909.721 1468.03 1560.903 1509.183 1361.1390000000001 1213.441 1402.4989999999998 1021.89 976.108 1248.539 880.609 1020.61 1483.518 936.961 1294.422 1309.013 1095.3 993.449 1390.3919999999998 1337.266 1431.087 971.407 1170.65 1504.2910000000002 1126.54 1380.155 1100.27 625.916 0 597.005 1214.4569999999999 896.889 641.922 800.4200000000001 1380.408 869.14 1245.419 1078.83 1116.58 1202.37 
1354.1439999999998 1421.108 1002.929 766.839 1172.974 895.657 1213.984 1063.51 1161.66 1292.23 1335.87 1688.233 1509.632 1317.87 1611.679 1311.5 1566.621 1600.633 1410.035 1553.0700000000002 1381.128 797.107 1197.518 1312.8400000000001 1305.29 1236.92 1633.863 1397.39 1462.725 941.799 1436.633 956.462 1332.3400000000001 1349.984 1398.507 938.783 597.005 0 617.452 884.97 1238.9270000000001 1056.277 975.915 1308.61 1532.115 1348.579 1314.569 1024.12 
1465.3020000000001 1562.0810000000001 1116.004 981.342 719.742 1340.721 1220.15 1275.98 1579.28 1592.437 1410.71 1562.007 1159.67 1427.997 1544.847 1217.22 1672.6329999999998 1705.007 968.516 965.25 1471.137 1413.284 1521.916 1064.1 1418.687 1387.254 1694.12 1540.587 863.356 1077.153 1130.3980000000001 754.89 1040.303 1612.317 1463.725 1151.56 1214.4569999999999 617.452 0 575.397 1108.6460000000002 1673.729 1319.297 1750.578 1640.9859999999999 1330.2 1457.472 1522.4589999999998 
1137.32 1444.034 1050.659 1117.058 654.397 776.904 1143.182 1473.548 1612.79 1527.092 1458.854 1309.891 799.803 1127.7060000000001 1325.732 845.527 1259.981 1428.729 1289.6770000000001 1438.2939999999999 1445.846 1349.7289999999998 1096.04 1374.5500000000002 1240.574 1091.38 1488.323 1008.29 1144.6370000000002 623.711 1118.545 1262.065 1146.4070000000002 1048.85 1350.2600000000002 1006.8 896.889 884.97 575.397 0 533.249 1122.846 931.208 1411.807 1503.495 1436.3870000000002 1211.41 1266.89 
1056.63 1434.565 928.1300000000001 1007.03 913.5070000000001 534.481 722.624 1052.99 1551.643 1441.387 1244.444 890.215 876.406 702.158 1040.193 628.952 726.732 1242.241 967.367 1063.21 1204.49 991.932 1040.72 1141.5839999999998 919.9079999999999 848.778 1245.721 1225.855 1214.674 773.133 1254.063 893.033 979.457 1236.91 1196.0590000000002 1267.8380000000002 641.922 1238.9270000000001 1108.6460000000002 533.249 0 589.597 834.452 878.558 970.246 1424.908 1301.204 1078.92 
1364.406 1291.943 888.554 1124.663 1262.277 641.298 1007.576 1304.871 1173.76 1491.2359999999999 1482.0169999999998 1396.326 956.203 1291.755 1456.685 1002.55 1316.329 1035.36 995.233 1447.821 1166.71 1433.518 1410.132 1111.16 1132.84 1361.585 1638.633 1624.193 1046.07 1362.73 1270.05 1383.451 1566.4 1495.865 1155.398 681.044 800.4200000000001 1056.277 1673.729 1122.846 589.597 0 808.848 885.884 1451.033 1210.31 1446.231 1368.135 
1468.3899999999999 1061.82 1154.6109999999999 1177.838 1019.71 964.355 1036.69 984.766 912.632 932.985 1213.904 762.777 615.784 864.651 1202.686 1079.54 1238.33 1329.11 1657.588 1483.66 1679.482 1391.06 1406.35 1418.3 991.905 1080.03 1298.59 1139.24 935.026 1304.287 1452.941 1349.62 1270.029 933.672 647.665 1122.019 1380.408 975.915 1319.297 931.208 834.452 808.848 0 1118.16 1197.31 1205.47 1319.85 1156.31 
889.91 775.242 983.45 1148.29 1188.341 1228.478 862.2 1184.5430000000001 1007.55 1419.2939999999999 1347.535 896.408 1013.71 1493.285 1217.0459999999998 1161.196 599.173 976.732 1455.856 1435.39 1330.43 1385.0700000000002 1149.92 1045.34 867.972 1141.951 846.022 1070.61 1585.4479999999999 1405.846 1176.79 1387.775 1465.137 1540.12 1012.75 720.673 869.14 1308.61 1750.578 1411.807 878.558 885.884 1118.16 0 927.703 1363.7259999999999 1286.19 668.708 
905.324 972.288 936.848 1078.82 949.664 1081.5 854.856 1185.222 1087.56 889.751 1315.54 1348.0 1485.642 1226.12 1172.408 1171.1950000000002 612.755 1074.82 1244.12 1378.77 1358.235 1082.13 1446.79 907.392 1061.891 702.72 1025.821 1202.097 1358.61 1351.895 1352.892 1034.21 1224.7 1405.22 949.418 1166.675 1245.419 1532.115 1640.9859999999999 1503.495 970.246 1451.033 1197.31 927.703 0 949.458 1244.61 575.3 
1220.866 1495.105 890.5240000000001 910.75 781.99 890.427 999.5249999999999 935.049 1233.62 852.969 738.157 1090.89 1320.98 1152.02 1071.32 1435.215 1308.423 1192.48 1380.77 1494.374 1564.938 1372.0410000000002 1339.505 626.318 788.272 615.531 808.575 1114.908 1229.5 1178.18 1609.103 1360.317 786.671 1369.1190000000001 1304.019 1253.027 1078.83 1348.579 1330.2 1436.3870000000002 1424.908 1210.31 1205.47 1363.7259999999999 949.458 0 1001.49 1224.5949999999998 
1138.7620000000002 1082.25 639.9069999999999 547.73 1036.1689999999999 804.933 991.701 661.335 1396.51 1386.239 1454.531 1209.15 1216.23 983.368 963.503 1465.5030000000002 1332.98 1576.79 826.264 1155.134 623.105 944.436 1164.13 1162.58 1242.26 711.45 1025.58 1144.84 1323.863 1115.6019999999999 1216.15 1519.87 868.92 1243.18 1328.576 1124.91 1116.58 1314.569 1457.472 1211.41 1301.204 1446.231 1319.85 1286.19 1244.61 1001.49 0 1147.045 
330.024 396.988 887.836 921.056 825.466 1304.464 944.0 979.259 889.494 890.32 911.071 1007.76 1243.337 1229.68 1147.2 999.382 1188.0549999999998 1071.85 899.02 1204.757 941.196 857.438 871.49 1305.529 988.469 755.613 938.107 1240.37 1277.39 1177.966 1200.318 881.512 1047.16 1228.36 941.233 793.988 1202.37 1024.12 1522.4589999999998 1266.89 1078.92 1368.135 1156.31 668.708 575.3 1224.5949999999998 1147.045 0 
