100
170 190 140 11 3 60 180 161 97 112 21 25 192 108 121 149 184 160 27 155 29 6 165 159 34 67 188 9 131 87 127 70 197 119 20 132 42 78 36 147 68 181 191 143 53 100 65 176 116 64 94 114 118 76 126 35 172 163 92 28 59 91 139 182 45 14 183 148 137 178 52 122 32 151 120 57 167 123 142 12 17 2 74 186 79 44 93 13 117 164 129 89 16 81 82 40 99 107 195 1
0 676.047 1073.18 1237.35 1298.34 1423.164 1532.444 1219.82 1345.862 1186.47 1548.96 1379.12 1580.535 1425.097 1066.72 1406.877 1172.6 1697.0459999999998 1449.12 1380.61 1524.73 1227.93 1230.0 1171.19 1493.4360000000001 1480.5059999999999 1114.75 987.5 1245.97 1298.93 1423.1190000000001 1395.92 1086.3 790.09 734.057 1180.57 1129.66 1250.77 1279.22 1109.47 1441.4540000000002 1286.26 1173.53 1222.99 1087.06 1523.711 1094.23 937.036 1289.687 1526.638 1512.098 1687.111 1118.93 702.019 856.52 1302.815 1204.842 710.63 1131.374 715.464 897.606 1431.841 1276.55 902.12 1152.604 1054.453 1027.45 991.308 1128.55 1348.894 991.698 1503.79 1415.469 1350.8000000000002 1097.814 1093.1 1547.874 1287.81 1330.61 1481.74 1237.175 731.551 1219.97 1360.29 1449.73 1271.3 1521.525 1396.982 1353.32 1571.89 1213.2 1123.1 1389.09 1688.742 1471.766 1572.66 1605.8519999999999 1470.66 1524.063 844.848 
676.047 0 574.08 1199.063 1071.73 881.307 1187.39 1116.69 767.157 941.618 1285.12 1230.61 1311.23 1399.184 1219.0 1164.23 1400.13 1360.03 1486.549 1424.26 1345.97 1326.915 1207.22 1323.6680000000001 1006.06 1321.297 1126.992 754.391 1148.244 1090.91 1191.01 1185.44 897.804 1218.906 1211.578 823.847 1065.22 1169.223 1008.47 789.354 1129.6599999999999 956.755 815.704 799.513 667.728 1174.984 818.775 749.517 1221.769 982.05 1195.466 1232.5720000000001 920.573 1184.633 1018.684 626.768 916.239 689.363 1110.107 681.132 1264.563 1433.44 1462.1 1361.548 886.969 1273.2820000000002 1346.499 1426.254 1379.438 1444.166 1371.237 1528.9560000000001 927.212 970.65 871.769 1148.2179999999998 1228.26 1333.633 1108.27 1300.15 1017.98 739.731 1040.31 1114.824 1345.812 978.011 1588.362 1057.6 1346.215 1348.087 933.323 756.901 1341.4 1497.11 1410.517 1457.8 1738.124 1296.65 1290.954 1520.895 
1073.18 574.08 0 624.983 999.5070000000001 635.986 847.098 1235.786 696.069 1031.136 1334.838 1551.653 1379.01 1327.327 1523.261 1308.1 1188.21 1402.3020000000001 1203.65 1244.219 1456.3739999999998 1020.57 1247.5729999999999 768.773 729.052 754.358 982.664 759.133 1111.56 1136.711 1355.6399999999999 1331.263 860.875 923.072 929.729 1334.802 1467.731 965.58 741.296 1089.163 1132.761 1002.06 1121.876 1103.06 860.175 1226.1329999999998 1346.3159999999998 1299.546 1306.4360000000001 1256.01 1073.94 846.22 1032.74 1045.17 842.481 1110.87 1058.1109999999999 691.684 956.349 1255.212 1522.8490000000002 1591.404 1350.6 1290.46 1332.924 1233.88 1158.33 1100.92 1145.819 1357.304 1229.025 1460.149 1216.2640000000001 1191.357 1137.2259999999999 1143.09 1339.9 1294.0259999999998 1095.31 1377.16 1320.248 906.971 1296.9389999999999 1042.5720000000001 900.681 1187.8 1694.136 1236.19 1201.43 1466.416 1112.405 775.037 1647.134 1321.45 1106.89 1284.893 1604.93 1094.14 1016.99 1613.5010000000002 
1237.35 1199.063 624.983 0 405.139 670.598 847.083 926.954 493.703 922.0989999999999 1231.597 1297.48 1347.769 1192.641 1300.083 1138.15 1299.7730000000001 1088.6599999999999 931.7620000000001 959.394 833.706 750.72 1088.875 622.275 624.0070000000001 994.5649999999999 1012.374 926.486 1012.62 1037.8319999999999 1186.984 1171.483 1137.501 1034.65 1019.41 1132.436 1064.104 648.078 629.8 800.123 1236.679 1030.98 1202.013 662.938 951.662 1116.445 846.934 1080.86 1103.19 1152.82 993.816 1255.636 1294.93 1302.949 950.984 1347.039 749.834 1221.888 1230.524 1060.513 1025.69 1154.95 1044.71 1088.094 1333.38 1214.51 974.005 1053.0059999999999 876.836 1049.182 1332.638 1312.21 943.326 996.2959999999999 847.138 999.622 1011.048 1340.594 1152.829 1235.26 1361.308 957.732 1475.4180000000001 917.063 745.515 1339.216 1527.993 1227.5 1084.06 934.552 782.505 1133.882 1231.46 1082.69 1137.063 976.652 1464.67 969.393 1101.353 1565.13 
1298.34 1071.73 999.5070000000001 405.139 0 363.521 669.604 559.769 412.647 841.043 846.962 1277.906 1082.55 880.094 894.944 920.9 1165.049 683.521 526.623 822.32 1238.845 852.845 975.108 534.19 856.436 720.431 931.318 845.4300000000001 850.136 719.007 976.8029999999999 832.543 921.991 965.793 955.27 867.101 658.965 513.354 926.7639999999999 905.559 1156.7939999999999 1019.77 1027.68 1016.6410000000001 1304.249 981.721 831.856 1134.03 1297.192 1192.051 1016.0709999999999 1174.58 1493.781 1165.99 935.1220000000001 1250.367 1024.69 1076.055 1159.23 1043.045 821.315 1221.039 841.406 824.151 1398.652 1072.34 991.989 707.111 505.754 826.564 1251.5819999999999 1262.27 1048.887 918.892 896.809 1204.31 934.422 935.455 1071.773 1283.833 1278.568 1057.471 1301.852 1061.67 1150.654 1444.652 1446.937 1338.475 955.26 939.999 983.1790000000001 1096.159 993.584 879.299 1056.007 720.521 1330.316 1068.331 1030.119 1657.67 
1423.164 881.307 635.986 670.598 363.521 0 306.083 824.614 776.168 891.978 1159.733 1290.883 1219.466 1120.777 960.802 1008.17 1219.7710000000002 804.488 741.765 608.233 947.6859999999999 489.324 611.587 737.46 552.143 607.046 843.506 902.1880000000001 1131.602 681.783 774.274 1003.552 779.623 796.763 790.623 861.133 836.754 666.601 858.279 729.454 1107.766 874.696 905.051 711.447 994.474 1045.223 1150.679 1097.41 982.061 1079.73 743.898 904.653 1130.26 1234.316 752.594 886.846 661.169 712.534 1066.313 988.6490000000001 920.355 1163.877 1137.469 742.677 1305.809 1207.658 722.303 755.09 509.833 730.55 1177.134 1302.987 1078.777 555.371 809.091 981.404 1048.356 997.409 761.241 1031.37 1181.0900000000001 1141.955 938.331 779.666 1175.0330000000001 1145.64 1197.96 1121.03 1274.2689999999998 917.95 717.148 1137.4630000000002 1265.33 1054.054 773.165 696.17 1081.93 1023.636 945.9670000000001 1648.9869999999999 
1532.444 1187.39 847.098 847.083 669.604 306.083 0 518.531 1058.248 759.208 1193.674 1257.62 1339.78 1196.508 1240.66 1208.49 977.589 1110.5710000000001 1047.848 914.316 1124.1709999999998 795.407 755.992 913.9449999999999 728.6279999999999 815.416 986.38 1078.673 1087.64 815.073 877.62 937.085 1085.7060000000001 1102.846 992.569 1167.2160000000001 1142.837 802.269 1019.326 1035.537 980.374 943.126 1011.93 1017.53 1300.557 1221.708 1456.7620000000002 1403.4930000000002 1216.623 1223.03 900.862 1142.01 1383.95 1289.45 1058.6770000000001 1192.929 967.252 889.502 864.574 1150.836 1032.36 1026.92 920.191 1048.76 1315.08 1380.692 875.729 869.219 815.916 964.7 1226.36 1242.69 901.228 557.217 1103.246 1057.972 840.739 821.797 786.927 1057.1 1029.36 835.872 1009.85 1085.749 887.901 1191.26 1504.0430000000001 1427.113 1535.4769999999999 1120.87 1023.231 865.398 1441.815 1045.86 1079.248 705.882 1277.85 929.719 960.516 1639.5 
1219.82 1116.69 1235.786 926.954 559.769 824.614 518.531 0 539.717 968.113 1384.874 1398.865 1293.058 1067.396 1187.606 1283.862 925.327 1229.45 898.405 1103.353 1127.71 579.532 693.284 707.221 808.499 1179.0569999999998 921.8 972.5 912.912 617.287 875.0830000000001 969.2570000000001 828.798 771.906 654.66 1137.304 838.545 1032.67 851.648 1158.596 1263.983 1156.14 1211.84 1143.711 1508.8 1069.06 1156.8 1548.94 1215.2 1356.923 1143.141 1077.68 1270.37 1158.75 917.996 1325.184 938.132 909.543 1235.278 1030.23 992.343 1117.75 1342.44 737.021 1233.315 1203.6889999999999 1013.88 578.847 897.727 931.628 1129.3 1304.44 1175.9569999999999 898.859 1026.84 1272.82 1101.64 855.003 1082.211 1162.7 1140.612 806.672 1369.5520000000001 1273.108 1406.4319999999998 1404.85 1574.007 1200.77 1374.556 1169.36 794.237 1075.115 1282.39 958.764 1183.077 671.084 1144.871 750.3 1058.754 1679.9099999999999 
1345.862 767.157 696.069 493.703 412.647 776.168 1058.248 539.717 0 428.396 862.8620000000001 865.259 854.066 885.962 944.2729999999999 744.145 1007.259 980.886 939.27 1024.26 1060.462 1119.249 1233.001 946.837 1117.71 884.427 518.671 432.783 646.299 544.129 693.281 677.78 643.798 642.551 654.886 638.733 995.104 492.953 514.117 618.879 967.2919999999999 772.474 757.412 603.994 1112.344 956.0649999999999 656.856 1117.933 1174.606 817.206 603.424 761.933 1098.6260000000002 809.246 522.475 933.177 1132.7330000000002 728.185 1066.414 630.398 1064.167 895.335 802.723 594.391 1233.541 788.825 579.342 706.431 612.281 684.181 838.935 1237.984 636.24 615.368 823.651 939.18 783.592 895.294 659.126 871.186 1071.0819999999999 644.824 1277.614 822.956 1150.2930000000001 1157.972 1034.29 925.828 1024.607 1174.6460000000002 570.532 847.597 1174.507 845.167 643.36 735.701 970.967 655.684 617.472 1405.339 
1186.47 941.618 1031.136 922.0989999999999 841.043 891.978 759.208 968.113 428.396 0 434.466 520.517 580.572 457.566 951.3499999999999 966.259 578.863 552.49 582.509 598.447 1065.325 734.779 951.541 709.434 857.846 964.884 599.128 650.532 1007.239 595.13 717.136 946.414 821.907 1070.9470000000001 1083.282 1067.129 1250.742 921.3489999999999 574.55 1012.721 816.656 735.619 502.7 571.291 799.353 733.27 1085.252 1180.908 1011.941 579.002 1028.612 1090.409 802.492 1158.942 950.8710000000001 769.265 795.802 1156.581 1022.521 791.479 1117.005 814.434 1122.025 632.183 1106.34 1177.496 720.566 1061.23 1040.677 984.458 1267.331 849.737 562.102 684.914 1174.715 1148.971 699.697 635.341 871.509 498.372 1154.691 1053.211 1232.051 761.178 1117.5900000000001 1174.967 1462.686 1043.86 1045.759 1228.917 998.9280000000001 801.608 1220.488 857.776 652.247 1153.56 799.944 1084.08 1036.597 1178.46 
1548.96 1285.12 1334.838 1231.597 846.962 1159.733 1193.674 1384.874 862.8620000000001 434.466 0 574.787 750.575 789.719 970.17 937.756 775.639 986.956 1003.62 1032.913 1372.089 1001.38 1339.5349999999999 1035.48 1113.142 715.997 929.047 967.168 1058.6399999999999 767.587 1025.383 1119.557 1106.61 1174.37 1296.8539999999998 1065.63 1319.008 1166.155 1009.016 1182.173 931.754 650.351 883.27 793.792 1233.819 910.074 1178.535 1088.5 837.903 638.729 664.24 1073.77 1236.958 1112.85 1169.237 1112.79 1184.53 1405.91 1383.004 1225.9450000000002 1240.449 1108.1009999999999 687.559 1066.649 1464.89 1077.88 1008.69 1495.696 1258.07 1347.1 1406.7 1238.595 922.585 936.626 1463.234 1087.28 666.338 749.578 592.825 932.838 1230.37 1286.397 1164.88 1195.644 1340.091 1348.895 1801.968 1381.8 1412.417 1299.042 1380.374 1011.41 1219.661 1044.54 951.927 867.149 1071.461 1102.397 1054.918 1612.926 
1379.12 1230.61 1551.653 1297.48 1277.906 1290.883 1257.62 1398.865 865.259 520.517 574.787 0 491.873 767.856 801.231 944.7070000000001 999.885 767.53 816.39 924.435 1196.57 1255.296 1325.19 1078.06 1124.79 1004.423 1119.645 1079.702 685.849 781.578 875.431 1032.91 1207.818 1197.404 1074.92 1323.2069999999999 1053.6 921.849 1095.067 904.467 536.213 750.827 850.169 1091.808 945.037 953.684 1086.7359999999999 1148.8359999999998 979.8689999999999 546.93 546.985 956.515 1194.316 830.789 1160.5169999999998 893.776 1177.42 1592.605 1234.58 1311.996 1325.478 1304.162 914.698 865.881 1377.442 876.764 1130.336 1369.52 1402.79 1504.975 1229.11 1156.387 1013.495 1167.53 1598.639 1297.07 1026.99 970.241 734.073 521.268 815.346 1040.57 1111.94 1114.32 1550.305 1309.37 1408.52 1125.39 899.752 1225.3400000000001 981.519 1083.61 966.036 1017.5 810.229 1014.95 860.41 817.712 665.502 1122.74 
1580.535 1311.23 1379.01 1347.769 1082.55 1219.466 1339.78 1293.058 854.066 580.572 750.575 491.873 0 428.374 654.853 995.01 629.208 710.217 838.401 1070.746 1025.13 1242.0259999999998 1200.228 1206.1970000000001 1243.9270000000001 922.595 911.188 982.568 932.561 938.404 1046.6170000000002 1199.2130000000002 1363.896 994.161 1116.645 1041.21 1257.1280000000002 1266.19 1141.24 967.063 839.4359999999999 1097.432 864.513 1151.863 1379.925 1204.47 1163.547 1189.699 981.125 774.478 475.568 812.4 873.154 990.441 996.951 1247.807 1356.549 1248.19 971.015 996.671 847.734 812.289 724.751 995.112 1168.702 668.024 716.013 1290.94 1263.44 1172.32 1111.87 664.514 599.243 1125.851 1421.5230000000001 1207.69 958.978 933.823 985.397 673.839 876.427 1233.181 1384.383 1341.75 1478.888 1368.11 1349.55 1172.888 1075.48 1076.56 1334.635 1270.05 1097.87 986.187 792.848 1124.368 543.116 797.691 830.506 1265.797 
1425.097 1399.184 1327.327 1192.641 880.094 1120.777 1196.508 1067.396 885.962 457.566 789.719 767.856 428.374 0 515.596 611.134 836.761 700.738 813.6400000000001 1056.013 1075.22 1192.345 1039.48 777.823 1074.186 732.729 807.267 1087.1309999999999 889.361 857.8000000000001 618.243 770.839 1135.206 724.515 846.999 757.776 828.754 837.816 1032.116 864.035 598.948 819.124 912.904 992.38 1256.9189999999999 1026.71 931.233 1093.25 1008.63 743.311 903.942 1240.774 1075.7820000000002 841.043 568.577 1100.522 1077.01 1445.565 1320.5819999999999 1006.96 775.138 970.1320000000001 1048.952 955.63 1304.409 967.55 535.697 1166.019 1316.6309999999999 1377.671 1348.001 1092.888 1019.6679999999999 998.92 1449.004 1209.64 1054.531 793.191 557.023 822.328 1061.091 804.807 956.009 1218.744 1538.679 1294.34 1292.69 1235.8739999999998 1029.4279999999999 1199.643 1289.943 981.52 1050.382 982.412 628.718 695.994 881.481 636.827 952.773 1090.96 
1066.72 1219.0 1523.261 1300.083 894.944 960.802 1240.66 1187.606 944.2729999999999 951.3499999999999 970.17 801.231 654.853 515.596 0 340.157 648.101 969.5999999999999 902.3779999999999 1131.054 982.189 1163.057 947.503 921.46 961.379 979.237 893.702 1028.8890000000001 700.791 806.519 935.639 1158.489 1113.841 893.759 891.038 631.228 727.813 1134.407 1111.17 1286.219 931.704 1172.5 1245.6599999999999 1358.937 1121.83 1123.77 861.7 1301.014 828.762 1143.3490000000002 1125.189 1315.028 1037.33 1087.86 765.492 1279.146 1371.341 1245.7 1299.648 863.632 970.057 693.852 857.538 713.903 939.921 573.424 364.931 792.075 933.731 960.751 1318.787 1167.71 844.464 1091.44 1208.38 1502.996 1136.987 1189.867 967.914 974.121 963.566 923.355 1461.851 1552.12 1455.33 1676.6370000000002 1064.93 1015.54 729.608 1311.027 892.879 1010.0 722.609 905.4859999999999 964.7760000000001 985.863 1062.256 809.472 1031.298 1193.852 
1406.877 1164.23 1308.1 1138.15 920.9 1008.17 1208.49 1283.862 744.145 966.259 937.756 944.7070000000001 995.01 611.134 340.157 0 387.396 827.178 1067.974 1086.2179999999998 1012.7 862.144 1084.22 1261.617 995.044 1092.112 1233.859 1064.567 890.3910000000001 771.267 958.273 1046.32 860.986 1074.131 1071.41 971.385 713.012 1039.0910000000001 1258.262 1301.817 1210.0819999999999 1430.258 1419.837 1018.78 1298.984 918.974 968.751 1194.0949999999998 1058.938 1100.755 899.157 1308.687 1131.938 747.703 1105.649 938.989 1488.393 1200.01 1104.15 904.021 629.9 992.5809999999999 993.141 757.89 1280.078 790.897 705.088 883.689 1273.888 980.36 978.63 1415.545 968.055 1197.61 1504.536 1381.28 1155.008 1134.19 1015.67 1010.13 920.273 1057.87 1391.76 1490.929 1539.6149999999998 1567.03 1103.3 720.286 474.661 970.87 719.688 1220.203 1029.021 1021.712 922.7429999999999 1222.769 1118.041 1069.1370000000002 753.191 961.259 
1172.6 1400.13 1188.21 1299.7730000000001 1165.049 1219.7710000000002 977.589 925.327 1007.259 578.863 775.639 999.885 629.208 836.761 648.101 387.396 0 524.446 855.491 798.874 1036.62 939.0409999999999 1277.196 1082.734 1213.4769999999999 1051.85 1049.772 677.171 645.64 1095.459 1244.6680000000001 1035.34 969.461 906.941 1029.425 774.744 1000.6089999999999 651.695 923.755 1260.785 1091.24 1295.814 1081.563 776.133 1146.086 885.789 581.355 830.559 1105.517 1121.161 727.372 1136.902 1285.29 901.453 726.415 1177.565 1336.673 1034.18 875.574 900.904 538.142 847.39 1022.5719999999999 953.748 1298.22 1117.127 796.528 1242.1509999999998 904.015 1109.091 864.095 1293.722 729.87 1168.299 1381.478 1169.16 767.612 1187.315 951.147 1065.888 989.04 996.606 1334.28 1216.08 1271.3229999999999 1703.365 1104.22 715.311 862.057 1055.586 1107.084 897.027 641.625 634.316 815.954 835.373 730.645 1028.875 712.929 1214.94 
1697.0459999999998 1360.03 1402.3020000000001 1088.6599999999999 683.521 804.488 1110.5710000000001 1229.45 980.886 552.49 986.956 767.53 710.217 700.738 969.5999999999999 827.178 524.446 0 331.045 626.742 602.828 664.807 916.574 1048.031 725.785 703.751 809.351 914.309 843.358 1147.62 1239.6970000000001 1026.29 1374.397 1194.18 1225.72 1146.64 1002.11 1023.7919999999999 1107.965 936.143 818.0 1099.403 1055.19 1123.781 1042.46 1175.5259999999998 824.972 1092.7 1290.395 878.832 1181.868 902.674 1354.982 1425.899 1236.701 1321.755 1299.824 1269.55 1303.2759999999998 1024.2 954.163 781.748 763.979 910.136 1511.32 1374.758 841.017 1307.015 1070.96 1079.81 1124.3 907.851 842.857 1237.404 1439.06 1447.611 782.276 1061.05 901.445 1050.862 1158.15 1198.76 1521.846 1302.3600000000001 1409.5529999999999 1475.2359999999999 1511.45 1168.18 763.59 1051.304 1069.982 1162.569 1166.071 555.569 597.644 636.824 692.995 604.158 920.104 1408.71 
1449.12 1486.549 1203.65 931.7620000000001 526.623 741.765 1047.848 898.405 939.27 582.509 1003.62 816.39 838.401 813.6400000000001 902.3779999999999 1067.974 855.491 331.045 0 295.697 762.575 995.8520000000001 927.259 768.714 665.201 673.862 1039.618 749.884 650.872 1100.691 1193.268 963.99 1201.838 1364.777 1412.229 1187.909 732.596 886.23 776.92 1060.8429999999998 1149.045 1026.9 1085.209 932.141 969.525 1145.637 667.774 1035.5 959.35 808.817 1051.5230000000001 1233.719 1385.001 1119.71 1169.513 1250.278 1299.477 1378.099 1215.3600000000001 1038.388 1163.3220000000001 721.269 798.6 1208.025 1586.791 1392.07 1050.422 975.97 1032.377 1077.529 1095.85 1238.896 1090.7649999999999 1074.954 1221.95 1235.84 1079.1689999999999 1048.59 886.89 1071.13 1441.7469999999998 1138.55 1388.01 1302.013 1339.34 1592.266 1352.92 1092.37 635.041 720.259 738.937 831.524 1186.402 886.614 835.528 752.121 803.693 640.808 956.754 1523.9319999999998 
1380.61 1424.26 1244.219 959.394 822.32 608.233 914.316 1103.353 1024.26 598.447 1032.913 924.435 1070.746 1056.013 1131.054 1086.2179999999998 798.874 626.742 295.697 0 466.878 920.347 693.249 651.291 911.263 969.559 1197.575 1045.5810000000001 788.515 1193.577 1210.2359999999999 980.958 1256.734 1069.08 1191.5639999999999 1304.101 1028.2930000000001 606.746 808.339 904.935 1119.694 1004.25 993.308 636.444 1106.8139999999999 1075.113 963.471 1054.819 1180.6480000000001 1104.5140000000001 755.826 1165.356 1134.88 1152.92 873.816 1367.712 1223.906 1187.572 919.663 931.0989999999999 1133.927 1016.966 811.833 1126.232 1383.5 1332.954 1077.076 960.439 820.863 781.832 1047.138 996.497 795.068 960.918 1216.06 1315.328 783.472 1205.841 969.673 996.138 1146.05 1340.451 1445.9279999999999 1193.719 1182.743 1430.29 1315.93 1280.164 666.036 970.722 710.815 1127.221 1213.056 859.995 539.831 700.278 861.737 936.505 1183.7820000000002 1432.677 
1524.73 1345.97 1456.3739999999998 833.706 1238.845 947.6859999999999 1124.1709999999998 1127.71 1060.462 1065.325 1372.089 1196.57 1025.13 1075.22 982.189 1012.7 1036.62 602.828 762.575 466.878 0 626.146 820.557 997.672 901.095 1060.1 1313.219 1251.1399999999999 1170.7 1508.771 1384.02 1447.836 1613.565 1377.95 1500.009 1228.74 1038.46 1073.624 1104.96 1371.8129999999999 1336.558 1433.403 1324.778 761.465 1105.68 1366.5880000000002 1277.422 1017.81 1347.29 1047.6 1030.57 1244.83 1459.12 1467.653 1138.25 1410.46 1198.57 1086.24 901.755 809.266 829.916 719.279 1139.821 1009.38 1531.36 1198.79 1281.669 1330.094 959.845 873.027 1319.0079999999998 1141.43 1261.946 1144.291 1088.94 1391.76 1162.414 1461.3200000000002 1436.551 1182.85 1612.9279999999999 1267.89 1616.02 1377.092 1268.253 1457.87 1308.26 1109.17 1032.31 1061.23 1177.693 1331.108 1021.01 807.282 834.892 962.477 1295.8229999999999 1206.9859999999999 1119.84 1555.272 
1227.93 1326.915 1020.57 750.72 852.845 489.324 795.407 579.532 1119.249 734.779 1001.38 1255.296 1242.0259999999998 1192.345 1163.057 862.144 939.0409999999999 664.807 995.8520000000001 920.347 626.146 0 338.155 454.949 632.265 852.465 1044.389 982.31 959.885 1041.109 963.159 1191.1879999999999 1208.365 918.794 885.535 1180.459 1073.955 822.482 1234.552 1145.799 1172.912 1304.8690000000001 1125.31 1112.4560000000001 1400.461 1125.345 937.009 1372.706 1320.671 1313.781 809.044 1019.89 1518.449 1193.32 899.734 1107.26 951.384 806.021 686.078 765.791 742.264 805.223 828.457 1033.354 1430.32 1258.987 1011.4780000000001 724.294 885.094 1215.751 883.226 1009.52 1146.4969999999998 655.581 976.882 1340.104 1083.405 1051.9 1230.3799999999999 1233.151 1369.566 1244.344 1427.655 1268.99 1255.155 1473.3919999999998 1388.65 922.219 1121.568 1235.828 1015.943 1208.941 1105.58 564.73 918.424 572.678 811.281 680.528 996.474 1347.04 
1230.0 1207.22 1247.5729999999999 1088.875 975.108 611.587 755.992 693.284 1233.001 951.541 1339.5349999999999 1325.19 1200.228 1039.48 947.503 1084.22 1277.196 916.574 927.259 693.249 820.557 338.155 0 542.587 566.834 1176.742 944.321 952.225 1185.62 1076.18 1184.945 1051.05 1134.35 1003.77 952.635 1128.21 1412.1100000000001 1160.637 1164.04 1160.76 1150.99 1432.393 1454.241 1323.034 1420.809 1235.94 1116.8 1237.22 1447.75 1358.45 1147.199 1057.28 1312.42 1320.3 1022.5 1406.875 931.025 974.72 652.464 888.078 1080.4189999999999 1087.91 1166.612 776.731 1195.85 1442.917 1099.116 856.332 1121.42 1126.792 781.906 1304.182 1112.883 736.167 1282.196 1243.06 1130.72 1249.13 1203.26 1449.913 1189.97 1034.33 1549.9180000000001 1338.577 1002.54 1631.088 1364.867 1260.374 1070.87 1529.537 1253.1109999999999 1150.87 1443.735 902.885 619.053 910.833 1149.436 827.416 1143.362 1278.29 
1171.19 1323.6680000000001 768.773 622.275 534.19 737.46 913.9449999999999 707.221 946.837 709.434 1035.48 1078.06 1206.1970000000001 777.823 921.46 1261.617 1082.734 1048.031 768.714 651.291 997.672 454.949 542.587 0 322.246 932.154 941.878 569.277 963.1300000000001 586.16 642.358 871.636 883.9060000000001 765.999 643.515 1126.159 893.739 933.6400000000001 779.603 971.859 1109.692 1040.07 1081.89 1073.316 1282.338 1105.488 986.925 1431.31 1375.0369999999998 1173.2 745.824 846.317 1063.5 1056.29 1060.417 1069.671 1028.367 1260.97 848.998 904.604 949.929 1260.172 1072.26 1182.353 1222.17 1112.623 556.529 1081.9140000000002 943.6980000000001 761.05 883.531 1275.5819999999999 1212.3339999999998 1092.027 1053.0 1244.29 1239.415 1241.1039999999998 1140.94 1102.11 1116.579 819.9 1267.195 935.951 1193.003 1461.28 1294.43 1027.9 878.755 1311.14 1008.523 753.992 1212.48 750.942 1104.636 600.685 1014.29 1047.58 1027.627 1563.042 
1493.4360000000001 1006.06 729.052 624.0070000000001 856.436 552.143 728.6279999999999 808.499 1117.71 857.846 1113.142 1124.79 1243.9270000000001 1074.186 961.379 995.044 1213.4769999999999 725.785 665.201 911.263 901.095 632.265 566.834 322.246 0 609.908 906.588 855.597 881.083 694.633 802.989 1032.267 1101.6109999999999 880.037 874.375 1053.746 871.184 748.3230000000001 660.968 1019.086 947.889 966.598 1000.86 1026.984 1036.18 833.404 904.211 1245.993 1063.87 1320.2890000000002 997.864 967.735 1181.85 1156.89 1014.085 943.893 982.035 1216.549 1171.2440000000001 942.058 1142.8310000000001 1032.57 964.967 997.0360000000001 1258.64 1228.266 878.775 934.5509999999999 758.3810000000001 977.2860000000001 946.975 1242.8319999999999 1032.186 959.5740000000001 941.723 1100.44 917.169 932.894 1103.667 1076.36 1242.853 1099.779 1060.35 966.496 870.757 1284.14 1299.4 1141.86 1201.001 1301.2620000000002 686.277 727.988 1189.94 797.963 1076.836 922.9309999999999 1054.46 1037.8220000000001 721.876 1467.47 
1480.5059999999999 1321.297 754.358 994.5649999999999 720.431 607.046 815.416 1179.0569999999998 884.427 964.884 715.997 1004.423 922.595 732.729 979.237 1092.112 1051.85 703.751 673.862 969.559 1060.1 852.465 1176.742 932.154 609.908 0 365.756 738.357 813.399 780.3879999999999 870.561 641.283 984.3710000000001 1028.807 906.323 909.33 942.634 871.855 420.081 1010.909 720.076 1001.479 1034.0320000000002 1061.519 979.031 471.775 721.502 1152.2930000000001 864.378 1249.867 578.925 987.4929999999999 945.711 1103.7939999999999 909.856 1046.58 837.903 1089.21 1322.8319999999999 1223.2640000000001 1506.259 1192.5 1374.355 1256.431 1446.442 1417.251 1268.426 1093.28 1027.04 997.336 965.272 1438.585 862.413 925.286 1206.76 1229.83 1382.335 868.421 1065.549 848.285 1154.129 948.945 1442.4160000000002 760.004 1021.24 1416.232 1676.9189999999999 1166.69 1064.7350000000001 1003.7049999999999 843.05 1114.269 1446.511 924.079 753.456 1084.542 1396.746 654.867 338.921 1379.0 
1114.75 1126.992 982.664 1012.374 931.318 843.506 986.38 921.8 518.671 599.128 929.047 1119.645 911.188 807.267 893.702 1233.859 1049.772 809.351 1039.618 1197.575 1313.219 1044.389 944.321 941.878 906.588 365.756 0 372.601 766.454 707.911 965.7069999999999 1007.039 672.881 781.519 831.91 1157.404 1105.1680000000001 937.7740000000001 785.837 895.812 795.659 884.423 813.53 1080.4850000000001 982.6179999999999 475.362 992.7760000000001 786.537 759.215 1178.13 944.6809999999999 1041.937 579.955 738.038 544.1 872.995 1056.237 1246.856 1002.24 1149.069 1360.987 1234.32 1124.52 1113.062 1214.1399999999999 1124.526 1098.013 1049.08 1130.952 1202.852 1178.528 1345.653 796.198 1134.0390000000002 1342.3220000000001 1256.11 1147.17 1078.97 1147.864 1043.27 1091.554 1163.495 1088.66 1040.6979999999999 1321.2959999999998 1434.905 1457.1909999999998 884.883 964.425 1007.2919999999999 1089.203 787.415 1400.501 1141.6680000000001 1102.908 1016.41 1399.0720000000001 637.774 704.6769999999999 1439.1309999999999 
987.5 754.391 759.133 926.486 845.4300000000001 902.1880000000001 1078.673 972.5 432.783 650.532 967.168 1079.702 982.568 1087.1309999999999 1028.8890000000001 1064.567 677.171 914.309 749.884 1045.5810000000001 1251.1399999999999 982.31 952.225 569.277 855.597 738.357 372.601 0 393.853 501.266 674.346 853.2360000000001 868.344 811.452 804.124 1031.211 732.567 925.736 887.653 895.838 884.483 993.32 933.011 809.503 724.802 536.211 643.299 923.739 1131.816 1183.105 1036.2069999999999 810.817 731.279 970.327 897.867 500.394 1124.9879999999998 922.579 1006.64 1063.181 1207.239 1328.118 1235.5059999999999 796.355 995.641 889.482 1012.125 1066.352 850.707 1116.964 805.927 1461.551 1069.0230000000001 1048.151 1256.434 1261.35 1107.08 1052.917 816.749 1040.85 718.953 826.816 1033.68 1039.52 1355.8020000000001 1340.54 1084.59 1257.484 591.824 741.863 862.715 414.814 1090.292 989.702 1076.143 1168.484 1364.6390000000001 852.509 536.563 1153.87 
1245.97 1148.244 1111.56 1012.62 850.136 1131.602 1087.64 912.912 646.299 1007.239 1058.6399999999999 685.849 932.561 889.361 700.791 890.3910000000001 645.64 843.358 650.872 788.515 1170.7 959.885 1185.62 963.1300000000001 881.083 813.399 766.454 393.853 0 449.819 707.615 751.318 550.966 736.017 804.901 637.358 987.037 741.177 691.342 991.567 1222.062 1294.568 1212.567 949.303 862.85 771.7529999999999 984.0129999999999 1041.73 908.675 1075.48 1225.644 1123.05 1125.132 995.31 1007.652 736.521 1131.65 1261.15 1253.72 1052.13 929.121 1094.57 1139.87 907.271 1205.78 986.331 788.282 936.225 1244.56 1310.9950000000001 1199.78 1597.075 1282.539 1261.667 1469.9499999999998 1416.21 1323.452 1031.1509999999998 794.983 916.345 1009.3800000000001 1026.28 1351.535 1252.0 1428.68 1461.74 1478.443 1044.1 868.6389999999999 1083.847 468.862 808.667 696.439 1014.46 1118.429 1027.7 1098.26 790.424 474.478 1263.71 
1298.93 1090.91 1136.711 1037.8319999999999 719.007 681.783 815.073 617.287 544.129 595.13 767.587 781.578 938.404 857.8000000000001 806.519 771.267 1095.459 1147.62 1100.691 1193.577 1508.771 1041.109 1076.18 586.16 694.633 780.3879999999999 707.911 501.266 449.819 0 257.796 351.97 426.24 827.138 704.654 1043.183 1115.013 612.862 594.307 900.053 854.703 1136.106 1097.83 1004.86 1226.068 1037.477 1144.565 1249.69 1008.39 1174.132 1147.5529999999999 1090.039 944.482 887.946 690.812 1001.6600000000001 1210.284 1272.3139999999999 1185.58 1121.35 1308.5300000000002 1207.4920000000002 1286.312 1138.52 1180.54 958.385 1123.471 874.735 1156.4099999999999 1228.31 1307.193 1444.867 1157.232 1079.29 1367.78 1332.68 1291.891 856.5419999999999 981.1 792.445 559.561 851.151 901.716 1071.48 1369.34 1439.146 1578.4189999999999 1225.43 1093.09 871.652 612.787 613.22 1003.51 1261.307 1085.4180000000001 1015.0619999999999 996.213 757.413 441.467 1600.722 
1423.1190000000001 1191.01 1355.6399999999999 1186.984 976.8029999999999 774.274 877.62 875.0830000000001 693.281 717.136 1025.383 875.431 1046.6170000000002 618.243 935.639 958.273 1244.6680000000001 1239.6970000000001 1193.268 1210.2359999999999 1384.02 963.159 1184.945 642.358 802.989 870.561 965.7069999999999 674.346 707.615 257.796 0 229.278 684.0360000000001 633.029 755.513 830.326 1300.865 857.998 752.495 1007.56 1112.499 1291.508 1219.836 1166.35 1399.1480000000001 1210.557 1171.53 1416.05 1120.72 1118.77 1189.549 894.019 995.524 1145.742 948.608 947.803 1253.162 1421.466 1254.09 1264.12 1156.17 1217.64 1429.62 1287.672 1334.1680000000001 993.936 1153.94 988.884 999.955 1377.462 1324.07 1368.791 1279.2379999999998 1247.229 1299.25 1483.194 1203.19 598.746 834.914 1050.241 474.221 854.549 759.997 1255.6979999999999 1477.01 1367.8 1514.76 1483.226 1266.17 1039.3 792.476 810.131 1236.3 1081.06 1124.971 757.266 1254.009 659.837 699.2629999999999 1686.479 
1395.92 1185.44 1331.263 1171.483 832.543 1003.552 937.085 969.2570000000001 677.78 946.414 1119.557 1032.91 1199.2130000000002 770.839 1158.489 1046.32 1035.34 1026.29 963.99 980.958 1447.836 1191.1879999999999 1051.05 871.636 1032.267 641.283 1007.039 853.2360000000001 751.318 351.97 229.278 0 470.388 669.314 791.798 908.554 1305.759 877.158 946.277 1074.87 1206.673 1062.23 1143.54 1245.893 1283.77 1113.058 1209.75 1469.79 1222.19 1247.14 1163.808 902.745 1066.71 1094.82 849.323 1171.04 1256.921 1224.72 1247.22 1308.1779999999999 1228.7 1446.9180000000001 1289.91 1272.1709999999998 1370.453 1212.02 1116.098 1218.162 1229.233 1361.961 1516.715 1403.163 1101.94 1293.1480000000001 1501.431 1586.338 1432.468 735.809 968.676 1009.03 703.499 913.805 801.133 1035.63 1431.79 1438.63 1712.07 1577.4 1255.634 1223.622 964.7570000000001 789.358 1330.05 1300.28 1164.545 737.851 1348.183 889.115 585.115 1576.92 
1086.3 897.804 860.875 1137.501 921.991 779.623 1085.7060000000001 828.798 643.798 821.907 1106.61 1207.818 1363.896 1135.206 1113.841 860.986 969.461 1374.397 1201.838 1256.734 1613.565 1208.365 1134.35 883.9060000000001 1101.6109999999999 984.3710000000001 672.881 868.344 550.966 426.24 684.0360000000001 470.388 0 410.691 533.175 616.943 1087.482 771.812 712.028 1262.6770000000001 1256.555 1312.159 1079.24 1103.11 1038.44 931.906 1144.166 1459.4180000000001 1239.795 1235.6329999999998 892.687 1236.96 1023.198 728.003 983.7 1177.781 932.87 1099.56 1489.964 1274.196 1100.22 1474.497 1325.28 882.663 1111.83 969.564 991.087 908.9200000000001 1042.251 1327.979 1092.59 1385.89 1086.89 1259.1660000000002 1467.449 1574.774 1427.3899999999999 989.053 752.885 1093.81 985.801 984.636 873.666 1235.721 1516.319 1394.56 1522.0729999999999 1144.96 1177.385 1160.904 545.919 553.814 1160.13 1193.62 1274.4669999999999 1052.86 1299.99 961.3960000000001 645.45 1464.141 
790.09 1218.906 923.072 1034.65 965.793 796.763 1102.846 771.906 642.551 1070.9470000000001 1174.37 1197.404 994.161 724.515 893.759 1074.131 906.941 1194.18 1364.777 1069.08 1377.95 918.794 1003.77 765.999 880.037 1028.807 781.519 811.452 736.017 827.138 633.029 669.314 410.691 0 122.484 605.128 853.065 1111.796 1011.4480000000001 1156.474 1242.554 1160.464 1057.5 1246.545 1090.03 1142.3719999999998 1178.994 1284.674 907.515 1061.47 1021.283 952.481 1045.309 621.173 573.009 767.09 1183.267 958.994 1182.826 933.878 1106.366 1214.66 1440.488 1199.456 701.139 923.95 603.767 722.705 861.515 959.82 993.661 1424.504 893.481 1106.7 1093.37 1271.2 1362.644 822.931 803.439 1093.28 625.602 573.945 798.518 1127.54 1573.694 1324.18 1111.382 1357.304 1140.384 1199.39 918.1120000000001 964.5049999999999 1290.266 1237.55 883.856 1036.33 1176.64 1292.866 1035.443 1053.45 
734.057 1211.578 929.729 1019.41 955.27 790.623 992.569 654.66 654.886 1083.282 1296.8539999999998 1074.92 1116.645 846.999 891.038 1071.41 1029.425 1225.72 1412.229 1191.5639999999999 1500.009 885.535 952.635 643.515 874.375 906.323 831.91 804.124 804.901 704.654 755.513 791.798 533.175 122.484 0 482.644 953.183 1127.72 1082.987 1033.99 1262.667 1129.97 1179.984 1258.88 1212.514 1057.6 1056.51 1162.19 943.799 1183.954 898.799 1021.93 922.825 674.255 695.493 831.151 1184.833 836.51 1132.416 898.097 1073.436 1205.36 1438.958 1244.913 578.655 891.02 575.382 844.7 978.031 903.826 1116.145 1302.02 1015.965 1229.184 1056.06 1347.681 1240.16 882.018 877.841 1164.88 503.118 572.923 921.0020000000001 1250.024 1451.21 1446.664 988.898 1349.976 1017.9 1259.85 795.628 1086.989 1412.75 1161.78 894.755 1158.8139999999999 1272.7069999999999 1228.905 912.959 1041.73 
1180.57 823.847 1334.802 1132.436 867.101 861.133 1167.2160000000001 1137.304 638.733 1067.129 1065.63 1323.2069999999999 1041.21 757.776 631.228 971.385 774.744 1146.64 1187.909 1304.101 1228.74 1180.459 1128.21 1126.159 1053.746 909.33 1157.404 1031.211 637.358 1043.183 830.326 908.554 616.943 605.128 482.644 0 470.539 697.355 1149.129 877.726 1352.81 1105.64 1338.5590000000002 1061.31 994.961 1165.722 814.543 1291.038 821.094 838.795 1242.157 1175.22 1154.4630000000002 527.09 657.388 894.228 1267.6460000000002 1319.154 968.639 800.733 619.953 1047.978 1029.34 1168.179 736.763 974.5630000000001 657.302 602.407 850.53 959.639 1406.223 1581.785 980.041 1093.31 991.334 1132.95 1295.5430000000001 878.579 1114.7469999999998 1283.674 653.939 1055.567 1345.653 1361.935 1442.75 1367.3609999999999 1305.809 1343.955 936.557 1413.173 798.188 880.825 1114.74 1251.2 1282.0929999999998 1171.46 1354.627 1038.82 1111.836 1401.091 
1129.66 1065.22 1467.731 1064.104 658.965 836.754 1142.837 838.545 995.104 1250.742 1319.008 1053.6 1257.1280000000002 828.754 727.813 713.012 1000.6089999999999 1002.11 732.596 1028.2930000000001 1038.46 1073.955 1412.11 893.739 871.184 942.634 1105.1680000000001 732.567 987.037 1115.013 1300.865 1305.759 1087.482 853.065 953.183 470.539 0 502.151 953.925 839.258 1339.505 1156.18 1099.64 1039.49 1113.83 970.518 815.213 1109.74 992.755 1251.223 1091.51 1501.04 1463.846 997.629 900.54 1143.62 1142.75 1497.954 1353.042 1081.214 1090.492 888.233 912.077 1338.179 1139.03 930.241 1045.833 630.652 801.072 1082.99 1529.574 1717.714 1115.97 1049.73 996.889 1350.726 1296.115 901.605 845.369 1311.7930000000001 915.956 871.447 1498.315 1543.105 1570.132 1248.51 992.566 1213.0929999999998 1187.673 1373.495 889.824 1147.381 644.201 1235.45 1452.536 1324.7820000000002 1102.31 1373.404 1199.797 1402.58 
1250.77 1169.223 965.58 648.078 513.354 666.601 802.269 1032.67 492.953 921.3489999999999 1166.155 921.849 1266.19 837.816 1134.407 1039.0910000000001 651.695 1023.7919999999999 886.23 606.746 1073.624 822.482 1160.637 933.6400000000001 748.3230000000001 871.855 937.7740000000001 925.736 741.177 612.862 857.998 877.158 771.812 1111.796 1127.72 697.355 502.151 0 451.774 1042.6019999999999 1177.9969999999998 990.514 919.818 699.146 790.895 468.367 981.656 1169.191 1182.011 749.072 1096.377 1254.886 1227.0430000000001 1224.4450000000002 1005.2950000000001 865.27 1184.586 1098.46 1300.994 864.978 1189.837 954.262 959.378 1087.344 1308.13 1281.778 875.835 1132.803 1001.152 957.004 1331.888 1603.243 1129.193 1108.321 1316.6039999999998 1137.73 1222.828 1239.272 1152.079 946.913 1155.335 986.964 1406.608 1187.1219999999998 1245.445 1447.925 1151.2 1307.885 733.208 1000.297 577.192 998.768 681.554 1281.176 1136.313 1018.85 1382.3400000000001 1013.592 697.646 1628.731 
1279.22 1008.47 741.296 629.8 926.7639999999999 858.279 1019.326 851.648 514.117 574.55 1009.016 1095.067 1141.24 1032.116 1111.17 1258.262 923.755 1107.965 776.92 808.339 1104.96 1234.552 1164.04 779.603 660.968 420.081 785.837 887.653 691.342 594.307 752.495 946.277 712.028 1011.4480000000001 1082.987 1149.129 953.925 451.774 0 590.828 786.468 1042.631 1077.25 641.438 1149.788 891.856 742.81 1219.3049999999998 1096.589 829.786 999.006 856.057 1151.279 993.415 709.027 741.665 1071.01 1087.58 1131.29 1144.5149999999999 1362.968 1179.54 1316.84 1108.5079999999998 1554.4160000000002 1289.453 1037.64 1220.548 1126.398 1198.298 1182.96 1315.92 993.29 1020.365 1330.924 1102.296 1193.501 787.498 1023.666 1072.922 893.83 873.779 1309.838 1055.471 1187.737 996.151 1270.36 1336.23 1184.982 1263.35 689.615 915.387 1133.328 1217.58 1157.4769999999999 1249.818 1374.494 1011.051 695.105 1547.33 
1109.47 789.354 1089.163 800.123 905.559 729.454 1035.537 1158.596 618.879 1012.721 1182.173 904.467 967.063 864.035 1286.219 1301.817 1260.785 936.143 1060.8429999999998 904.935 1371.8129999999999 1145.799 1160.76 971.859 1019.086 1010.909 895.812 895.838 991.567 900.053 1007.56 1074.87 1262.6770000000001 1156.474 1033.99 877.726 839.258 1042.6019999999999 590.828 0 500.247 781.6500000000001 814.203 975.657 1110.438 1166.923 795.809 824.582 1078.47 1129.881 730.378 930.332 1275.704 900.648 629.516 953.68 986.6850000000001 963.111 841.249 1100.944 876.174 922.508 1156.35 1213.27 1299.665 1201.5140000000001 1012.82 1146.97 1055.03 1245.357 1457.8139999999999 1162.0 1021.2160000000001 1052.6860000000001 863.216 511.468 602.673 1141.3609999999999 1157.413 690.989 1178.123 638.777 1208.7069999999999 789.028 1253.495 539.093 1420.126 1469.185 1216.23 1334.0949999999998 1079.62 1069.008 1483.459 1283.28 1262.239 1079.01 1142.39 1274.563 1014.35 1351.98 
1441.4540000000002 1129.6599999999999 1132.761 1236.679 1156.7939999999999 1107.766 980.374 1263.983 967.2919999999999 816.656 931.754 536.213 839.4359999999999 598.948 931.704 1210.0819999999999 1091.24 818.0 1149.045 1119.694 1336.558 1172.912 1150.99 1109.692 947.889 720.076 795.659 884.483 1222.062 854.703 1112.499 1206.673 1256.555 1242.554 1262.667 1352.81 1339.505 1177.9969999999998 786.468 500.247 0 281.403 313.956 884.381 1058.412 1151.461 1254.0149999999999 825.496 913.379 914.448 363.868 773.3979999999999 775.457 1224.521 868.8580000000001 1136.107 1024.5700000000002 1092.88 981.388 859.568 1270.421 943.905 656.103 1183.8400000000001 1244.9180000000001 744.24 915.706 1294.68 1227.59 1308.783 1145.24 1122.7130000000002 520.969 1025.054 1212.833 833.407 1102.92 1085.064 939.361 472.937 1079.196 709.903 819.627 842.0160000000001 1189.171 979.947 1198.01 1343.269 1435.9649999999997 968.903 1063.59 1042.8 1177.42 1173.913 1135.371 1294.942 1382.552 1012.7840000000001 838.237 1317.7069999999999 
1286.26 956.755 1002.06 1030.98 1019.77 874.696 943.126 1156.14 772.474 735.619 650.351 750.827 1097.432 819.124 1172.5 1430.258 1295.814 1099.403 1026.9 1004.25 1433.403 1304.8690000000001 1432.393 1040.07 966.598 1001.479 884.423 993.32 1294.568 1136.106 1291.508 1062.23 1312.159 1160.464 1129.97 1105.64 1156.18 990.514 1042.631 781.6500000000001 281.403 0 232.919 803.3439999999999 977.375 950.143 972.612 942.763 631.976 833.411 645.271 933.188 1056.8600000000001 982.917 587.455 1119.4 760.276 1135.78 1254.5929999999998 1083.33 1123.92 1118.53 937.506 902.437 1209.13 1025.643 1107.61 1410.85 1384.529 1394.3590000000002 1261.94 893.898 802.3720000000001 743.651 1147.801 794.038 1230.509 1294.638 1130.225 754.34 887.127 773.09 1021.405 560.613 1108.134 698.544 1401.1190000000001 1334.88 1547.502 1003.32 1334.8790000000001 1077.51 1458.823 1447.7510000000002 1254.412 1394.439 1431.3390000000002 1294.187 1119.6399999999999 1461.752 
