22
31 23 32 15 24 41 19 26 34 3 11 37 22 17 20 45 39 28 47 12 36 1
0 789.696 937.161 1691.1689999999999 1082.8809999999999 912.801 1113.25 1764.909 1343.804 1318.681 1511.944 1185.59 1589.271 1603.824 1312.492 1033.92 860.378 1369.135 1483.431 1624.659 1664.4279999999999 858.663 
789.696 0 686.534 1246.319 1148.058 1204.17 718.026 1374.994 715.904 1027.289 868.036 1468.511 1147.598 1477.9009999999998 1321.933 1319.23 1421.876 1216.929 1221.37 1034.79 931.536 1112.35 
937.161 686.534 0 754.008 1060.375 1407.9360000000001 799.647 828.232 1402.438 1240.297 943.326 1026.73 817.979 1241.6100000000001 1414.5729999999999 894.219 1282.603 1346.629 595.35 894.115 1618.07 1728.5230000000001 
1691.1689999999999 1246.319 754.008 0 859.746 903.115 1331.308 1582.24 1516.95 1291.266 886.127 1593.396 1292.96 1685.51 1234.39 1179.45 1721.4650000000001 1522.453 933.534 1306.04 1123.48 2138.327 
1082.8809999999999 1148.058 1060.375 859.746 0 583.62 809.064 1466.032 1358.2640000000001 1219.6860000000001 1067.45 1342.1219999999998 1282.363 1031.71 1433.658 1664.19 1401.97 773.067 769.577 815.218 1061.87 1694.17 
912.801 1204.17 1407.9360000000001 903.115 583.62 0 663.814 1320.782 1005.5409999999999 1246.596 1465.771 758.502 698.743 893.371 954.611 1080.57 818.35 785.399 1167.158 711.858 1443.063 1706.502 
1113.25 718.026 799.647 1331.308 809.064 663.814 0 656.968 1344.73 1148.291 1112.4759999999999 750.485 773.016 1255.32 1084.4 1334.38 1220.79 724.878 503.344 1270.149 1383.501 1460.14 
1764.909 1374.994 828.232 1582.24 1466.032 1320.782 656.968 0 687.762 999.1469999999999 1404.286 777.0 1284.983 1370.364 1562.137 1403.5990000000002 951.286 1381.846 842.565 1609.37 1017.02 2117.108 
1343.804 715.904 1402.438 1516.95 1358.2640000000001 1005.5409999999999 1344.73 687.762 0 311.385 716.524 1423.7930000000001 1351.375 1361.575 874.375 1453.03 1020.85 1135.482 956.332 1076.36 969.15 1828.254 
1318.681 1027.289 1240.297 1291.266 1219.6860000000001 1246.596 1148.291 999.1469999999999 311.385 0 405.139 1112.408 1039.99 1050.19 1185.76 1311.01 1332.2350000000001 824.097 644.947 1387.745 657.765 1745.1999999999998 
1511.944 868.036 943.326 886.127 1067.45 1465.771 1112.4759999999999 1404.286 716.524 405.139 0 707.269 792.559 1176.88 1342.29 1333.38 1550.623 1229.2359999999999 609.132 1375.937 1062.904 1565.13 
1185.59 1468.511 1026.73 1593.396 1342.1219999999998 758.502 750.485 777.0 1423.793 1112.408 707.269 0 507.983 793.003 815.18 1393.835 921.126 1096.2 693.434 988.989 1546.8400000000001 1824.327 
1589.271 1147.598 817.979 1292.96 1282.363 698.743 773.016 1284.983 1351.375 1039.99 792.559 507.983 0 830.008 1323.163 1294.46 1307.615 1484.142 608.032 1374.837 1350.259 1844.169 
1603.824 1477.9009999999998 1241.6100000000001 1685.51 1031.71 893.371 1255.32 1370.364 1361.575 1050.19 1176.88 793.003 830.008 0 503.118 790.706 1236.032 1401.215 751.976 813.905 893.83 1191.07 
1312.492 1321.933 1414.5729999999999 1234.39 1433.658 954.611 1084.4 1562.137 874.375 1185.76 1342.29 815.18 1323.163 503.118 0 578.655 1357.578 898.097 819.223 1317.023 969.558 1694.1879999999999 
1033.92 1319.23 894.219 1179.45 1664.19 1080.57 1334.38 1403.5990000000002 1453.03 1311.01 1333.38 1393.835 1294.46 790.706 578.655 0 778.923 1476.752 1225.908 1604.6109999999999 1309.09 1892.583 
860.378 1421.876 1282.603 1721.4650000000001 1401.97 818.35 1220.79 951.286 1020.85 1332.2350000000001 1550.623 921.126 1307.615 1236.032 1357.578 778.923 0 1017.89 1134.1 1273.18 1573.98 1563.76 
1369.135 1216.929 1346.629 1522.453 773.067 785.399 724.878 1381.846 1135.482 824.097 1229.2359999999999 1096.2 1484.142 1401.215 898.097 1476.752 1017.89 0 1228.222 1497.257 964.616 921.103 
1483.431 1221.37 595.35 933.534 769.577 1167.158 503.344 842.565 956.332 644.947 609.132 693.434 608.032 751.976 819.223 1225.908 1134.1 1228.222 0 766.805 1096.7559999999999 1280.08 
1624.659 1034.79 894.115 1306.04 815.218 711.858 1270.149 1609.37 1076.36 1387.745 1375.937 988.989 1374.837 813.905 1317.023 1604.6109999999999 1273.18 1497.257 766.805 0 863.879 1644.008 
1664.4279999999999 931.536 1618.07 1123.48 1061.87 1443.063 1383.501 1017.02 969.15 657.765 1062.904 1546.8400000000001 1350.259 893.83 969.558 1309.09 1573.98 964.616 1096.7559999999999 863.879 0 1885.719 
858.663 1112.35 1728.5230000000001 2138.327 1694.17 1706.502 1460.14 2117.108 1828.254 1745.1999999999998 1565.13 1824.327 1844.169 1191.07 1694.1879999999999 1892.583 1563.76 921.103 1280.08 1644.008 1885.719 0 
