24
32 37 43 4 27 31 17 48 2 13 40 33 21 28 14 7 12 19 38 5 41 46 20 1
0 164.34719 381.37812999999994 489.47456999999997 439.81473 553.50582 482.26549 612.43845 708.52175 461.72497 688.1096 564.9206 361.88534 630.57513 582.40364 559.48012 668.2275300000001 768.6649199999999 440.43692999999996 187.75782 710.3303000000001 780.0 412.93457 236.86494 
164.34719 0 219.84644 418.05088 401.85196 421.17264 575.33165 616.85113 665.8395800000001 447.96921 662.36965 612.32919 526.23253 794.9223199999999 746.75083 717.11924 825.8666499999999 910.34169 604.78412 352.10501 874.67749 838.43306 471.08052 401.21213 
381.37812999999994 219.84644 0 198.20444 349.40298 388.67836 403.2679 419.43057 515.51387 228.12277 454.50739999999996 418.39933 483.19768 783.04097 785.63019 741.21859 839.34081 924.4831 640.87724 496.63905 751.6889900000001 830.51763 260.50912 612.62702 
489.47456999999997 418.05088 198.20444 0 151.19854 263.48624 320.14244 221.22613 317.30943 336.80527000000006 504.68325000000004 325.01271 519.7088 789.46938 808.04021 771.29761 867.28917 948.96091 682.13888 301.71675 634.9055 660.66179 382.51838000000004 588.0591999999999 
439.81473 401.85196 349.40298 151.19854 0 308.30501 462.46402 372.42467 439.28924 435.54413999999997 549.50202 476.21125000000006 564.52757 763.80851 779.07061 743.54892 813.0246 916.2172499999999 674.30928 321.60224 507.42684 611.52775 481.25725 607.94469 
553.50582 421.17264 388.67836 263.48624 308.30501 0 154.15901 284.33196999999996 276.52486 329.50629000000004 241.19701 387.80105000000003 256.22256 556.06585 645.78162 606.75596 641.91895 694.94145 509.76956 379.96385 545.94018 441.83927000000006 187.60864 485.70773 
482.26549 575.33165 403.2679 320.14244 462.46402 154.15901 0 130.17296 226.25626 328.66729 395.35602 319.28401 410.38157 710.22486 735.69151 721.33903 782.5139 849.1004599999999 663.92857 339.45397 436.55126 481.05256 341.76765 625.09599 
612.43845 616.85113 419.43057 221.22613 372.42467 284.33196999999996 130.17296 0 96.0833 198.49433 424.87896 415.43577 540.5545299999999 840.3978199999999 865.86447 847.56888 911.46311 979.27342 784.10777 436.32327 548.44143 611.22552 403.71401 721.17266 
708.52175 665.8395800000001 515.51387 317.30943 439.28924 276.52486 226.25626 96.0833 0 294.57763 517.72187 319.35247 526.89524 762.31358 847.53584 834.57594 888.5612 921.3519799999999 785.34067 532.40657 477.5144 581.61531 435.75931 751.5442800000001 
461.72497 447.96921 228.12277 336.80527000000006 435.54413999999997 329.50629000000004 328.66729 198.49433 294.57763 0 226.38463 272.85527 480.39804000000004 737.31194 800.27189 778.9406 821.59455 878.10762 654.38928 273.96715 606.14493 611.06839 317.74253 560.3096 
688.1096 662.3696500000001 454.50739999999996 504.68325000000004 549.50202 241.19701 395.35602 424.87896 517.72187 226.38463 0 288.4441 495.98686999999995 752.90077 819.11477 847.9529699999999 863.14831 900.38492 750.96657 500.35177999999996 570.41089 466.30998 394.01142 726.9047400000001 
564.9206 612.32919 418.39933 325.01271 476.21125000000006 387.80105000000003 319.28401 415.43577 319.35247 272.85527 288.4441 0 207.54277 464.45667 531.11675 592.13098 595.11083 632.84943 465.9882 546.82242 333.28966 437.39057 200.19241 639.29512 
361.88534 526.23253 483.19768 519.7088 564.52757 256.22256 410.38157 540.55453 526.89524 480.39804000000004 495.98686999999995 207.54277 0 299.84329 389.55906 397.17035999999996 387.56806 500.0136 523.31314 549.64316 540.83243 644.93334 407.73518 598.75028 
630.57513 794.9223199999999 783.04097 789.46938 763.80851 556.06585 710.2248599999999 840.3978199999999 762.31358 737.31194 752.90077 464.45667 299.84329 0 167.3264 174.9377 178.99416 284.68179 264.88677 499.60785 677.12008 573.01917 522.90056 505.73646 
582.40364 746.75083 785.63019 808.04021 779.07061 645.78162 735.69151 865.86447 847.53584 800.2718900000001 819.11477 531.11675 389.55906 167.3264 0 207.06054 211.117 316.80463 333.20332 666.93425 555.30982 659.41073 605.98246 394.36151 
559.48012 717.11924 741.21859 771.29761 743.54892 606.75596 721.33903 847.56888 834.57594 778.9406 847.9529699999999 592.13098 397.17035999999996 174.9377 207.06054 0 108.74741 218.05045 126.14278 506.56491 603.10249 670.82949 536.3912399999999 371.29783 
668.2275300000001 825.8666499999999 839.34081 867.28917 813.0246 641.91895 782.5139 911.46311 888.5612 821.59455 863.14831 595.11083 387.56806 178.99416 211.117 108.74741 0 112.44554 234.88295 567.88115 557.6976 655.51506 617.65022 480.038 
768.6649199999999 910.34169 924.4831 948.96091 916.21725 694.94145 849.10046 979.27342 921.3519799999999 878.10762 900.38492 632.84943 500.0136 284.68179000000003 316.80463000000003 218.05045 112.44554 0 344.19323 647.24416 536.13151 633.07504 723.33785 587.5517 
440.43692999999996 604.78412 640.87724 682.13888 674.30928 509.76956 663.92857 784.10777 785.34067 654.38928 750.96657 465.9882 523.31314 264.88677 333.20332 126.14278 234.88295 344.19323 0 380.42213 589.89599 693.9969 480.24954 245.15505 
187.75782 352.10501 496.63905 301.71675 321.60224 379.96385 339.45397 436.32327 532.40657 273.96715 500.35177999999996 546.82242 549.64316 499.60785 666.9342499999999 506.56491 567.88115 647.24416 380.42213 0 522.57248 626.67339 567.57249 286.34245 
710.3303000000001 874.67749 751.6889900000001 634.9055 507.42684 545.94018 436.55126 548.44143 477.5144 606.14493 570.41089 333.28966 540.83243 677.12008 555.30982 603.10249 557.6976 536.13151 589.89599 522.57248 0 104.10091 533.48207 808.91493 
780.0 838.43306 830.51763 660.66179 611.52775 441.83927000000006 481.05256 611.22552 581.61531 611.06839 466.30998 437.39057 644.93334 573.01917 659.41073 670.82949 655.51506 633.07504 693.9969 626.67339 104.10091 0 629.4479100000001 796.30208 
412.93457 471.08052 260.50912 382.51838 481.25725 187.60864 341.76765 403.71401 435.75931 317.74253 394.01142 200.19241 407.73518 522.90056 605.98246 536.3912399999999 617.65022 723.33785 480.24954 567.57249 533.48207 629.4479100000001 0 649.79951 
236.86494 401.21213 612.62702 588.0591999999999 607.94469 485.70773 625.09599 721.17266 751.5442800000001 560.3096 726.9047400000001 639.29512 598.75028 505.73646 394.36151 371.29783 480.038 587.5517 245.15505 286.34245 808.91493 796.30208 649.79951 0 
