48
location38 location90 location17 location10 location49 location46 location56 location94 location45 location99 location2 location19 location36 location21 location75 location89 location6 location54 location53 location31 location35 location57 location30 location58 location48 location79 location80 location29 location71 location51 location42 location59 location23 location44 location47 location32 location91 location77 location3 location78 location43 location83 location52 location40 location72 location68 location61 location1
0 9351599.0 11858146.0 32970750.0 52597616.0 57532667.0 77507511.0 94823841.0 79093170.0 109320330.0 100059284.0 79899528.0 72100300.0 76645202.0 83701787.0 84309403.0 60332031.0 98715249.0 102164021.0 37113626.0 52575374.0 65984795.0 95198741.0 113502261.0 119823397.0 94318128.0 97522480.0 124116219.0 99043321.0 61743445.0 69389635.0 77415228.0 117271929.0 126265549.0 148675655.0 82474935.0 138285007.0 101359249.0 110775100.0 90939482.0 72154133.0 90126526.0 118748181.0 110266619.0 125145081.0 64426946.0 120442233.0 4366608.0 
9351599.0 0 21209745.0 42322349.0 61949215.0 66884266.0 86859110.0 104175440.0 88444769.0 118671929.0 109410883.0 89251127.0 81451899.0 85996801.0 93053386.0 93661002.0 69683630.0 108066848.0 111515620.0 46465225.0 61926973.0 75336394.0 104550340.0 122853860.0 129174996.0 103669727.0 106874079.0 133467818.0 108394920.0 71095044.0 78741234.0 86766827.0 126623528.0 135617148.0 158027254.0 73123336.0 137080168.0 110710848.0 120126699.0 100291081.0 81505732.0 99478125.0 128099780.0 119618218.0 134496680.0 73778545.0 129793832.0 13718207.0 
11858146.0 21209745.0 0 21112604.0 40739470.0 45674521.0 65649365.0 93629083.0 67235024.0 98377481.0 88201138.0 68041382.0 60242154.0 72942774.0 79999359.0 72451257.0 48473885.0 107392786.0 113493584.0 48971772.0 64433520.0 77842941.0 107056887.0 104042403.0 107965251.0 106176274.0 109380626.0 112258073.0 87185175.0 58041017.0 81247781.0 89273374.0 129130075.0 138123695.0 136817509.0 94333081.0 144746329.0 107163012.0 98916954.0 94037943.0 84012279.0 101984672.0 122931802.0 122124765.0 134028842.0 52568800.0 108584087.0 16224754.0 
32970750.0 42322349.0 21112604.0 0 19626866.0 24561917.0 44536761.0 72516479.0 46122420.0 77264877.0 67088534.0 46928778.0 39129550.0 56444635.0 63501220.0 51338653.0 27361281.0 86280182.0 92380980.0 70084376.0 85546124.0 98955545.0 87439594.0 82929799.0 86852647.0 88366242.0 91570594.0 91145469.0 66072571.0 57677621.0 65323811.0 73349404.0 115738110.0 122199725.0 115704905.0 108257126.0 123633725.0 86050408.0 77804350.0 103106819.0 105124883.0 123097276.0 101819198.0 106200795.0 112916238.0 31456196.0 115247448.0 37337358.0 
52597616.0 61949215.0 40739470.0 19626866.0 0 44188783.0 64163627.0 92143345.0 65749286.0 96891743.0 86715400.0 66555644.0 58756416.0 76071501.0 83128086.0 70965519.0 46988147.0 105907048.0 112007846.0 89711242.0 105172990.0 118582411.0 98333451.0 102556665.0 97040569.0 106996459.0 110200811.0 110772335.0 85699437.0 77304487.0 84950677.0 92976270.0 134368327.0 141826591.0 96078039.0 127883992.0 141419717.0 105677274.0 96434567.0 115601875.0 124751749.0 142724142.0 120449415.0 125827661.0 131546455.0 50086413.0 134874314.0 56964224.0 
57532667.0 66884266.0 45674521.0 24561917.0 44188783.0 0 19974844.0 47954562.0 21560503.0 52702960.0 86117754.0 71490695.0 63691467.0 81006552.0 88063137.0 75900570.0 51923198.0 110842099.0 116942897.0 94646293.0 64889196.0 92091623.0 62877677.0 58367882.0 83016661.0 104386767.0 107591119.0 115707386.0 90634488.0 82239538.0 89885728.0 97911321.0 119227960.0 141186630.0 140266822.0 116512166.0 105963943.0 61488491.0 81790613.0 78544902.0 98568273.0 116540666.0 103488565.0 96089680.0 100866951.0 56018113.0 90685531.0 61899275.0 
77507511.0 86859110.0 65649365.0 44536761.0 64163627.0 19974844.0 0 27979718.0 41535347.0 72677804.0 106092598.0 91465539.0 83666311.0 100981396.0 108037981.0 95875414.0 71898042.0 130816943.0 136917741.0 108577956.0 77812752.0 105322491.0 82852521.0 78342726.0 102991505.0 92727660.0 95932012.0 135682230.0 110609332.0 102214382.0 87377484.0 95403077.0 109922614.0 143258610.0 160241666.0 136487010.0 101964059.0 41513647.0 61815769.0 69239556.0 111491829.0 129464222.0 83513721.0 76114836.0 80892107.0 75992957.0 110660375.0 75830938.0 
94823841.0 104175440.0 93629083.0 72516479.0 92143345.0 47954562.0 27979718.0 0 44986710.0 76129167.0 84339944.0 64180188.0 71979416.0 89294501.0 83706872.0 103358408.0 99877760.0 119367276.0 125468074.0 123189204.0 78681783.0 106191522.0 86303884.0 81794089.0 106442868.0 64747942.0 67952294.0 123995335.0 83323981.0 100967416.0 59397766.0 67423359.0 124738871.0 116273680.0 185449914.0 139938373.0 129390150.0 69493365.0 89795487.0 97219274.0 112360860.0 130333253.0 111493439.0 100274750.0 108871825.0 95982968.0 114111738.0 99190449.0 
79093170.0 88444769.0 67235024.0 46122420.0 65749286.0 21560503.0 41535347.0 44986710.0 0 31142457.0 64557251.0 84717007.0 85251970.0 102567055.0 108076028.0 97461073.0 73483701.0 109805571.0 115906369.0 110539272.0 43328693.0 70531120.0 41317174.0 36807379.0 61456158.0 82826264.0 86030616.0 137267889.0 103860800.0 103800041.0 94222420.0 102248013.0 97667457.0 119626127.0 140463204.0 94951663.0 84403440.0 67404166.0 87706288.0 56984399.0 77007770.0 94980163.0 125049068.0 102005355.0 106782626.0 77578616.0 69125028.0 77792254.0 
109320330.0 118671929.0 98377481.0 77264877.0 96891743.0 52702960.0 72677804.0 76129167.0 31142457.0 0 33414794.0 53574550.0 61373778.0 78688863.0 85745448.0 105396984.0 104626158.0 78663114.0 84763912.0 135062600.0 70845274.0 84254695.0 72459631.0 67949836.0 92598615.0 112588028.0 115792380.0 113389697.0 72718343.0 93590620.0 107638683.0 115664276.0 125397448.0 150768584.0 171605661.0 126094120.0 115545897.0 95134157.0 112295695.0 84714390.0 90424033.0 108396426.0 156145554.0 129735346.0 134512617.0 100989871.0 100267485.0 104953722.0 
100059284.0 109410883.0 88201138.0 67088534.0 86715400.0 86117754.0 106092598.0 84339944.0 64557251.0 33414794.0 0 20159756.0 27958984.0 45274069.0 52330654.0 71982190.0 86407946.0 45248320.0 51349118.0 116399513.0 84421506.0 111931245.0 105874425.0 101364630.0 122971528.0 124485123.0 127689475.0 79974903.0 39303549.0 60175826.0 76639760.0 84665353.0 141980865.0 125823708.0 182793439.0 159508914.0 112463159.0 111667793.0 78880901.0 103422283.0 99414361.0 117386754.0 122730760.0 140515889.0 105814831.0 67575077.0 122064468.0 104425892.0 
79899528.0 89251127.0 68041382.0 46928778.0 66555644.0 71490695.0 91465539.0 64180188.0 84717007.0 53574550.0 20159756.0 0 7799228.0 25114313.0 32170898.0 51822434.0 66248190.0 55187088.0 61287886.0 117013154.0 64261750.0 91771489.0 111569014.0 120437538.0 131889395.0 106004504.0 109208856.0 59815147.0 19143793.0 40016070.0 56480004.0 64505597.0 121821109.0 105663952.0 162633683.0 146935539.0 92303403.0 113045625.0 88819669.0 83262527.0 97940827.0 115059963.0 102571004.0 131320548.0 125974587.0 76492944.0 132003236.0 84266136.0 
72100300.0 81451899.0 60242154.0 39129550.0 58756416.0 63691467.0 83666311.0 71979416.0 85251970.0 61373778.0 27958984.0 7799228.0 0 17315085.0 24371670.0 44023206.0 66490831.0 62986316.0 69087114.0 109213926.0 72060978.0 99570717.0 103769786.0 112638310.0 125982197.0 113803732.0 117008084.0 52015919.0 26943021.0 32216842.0 48680776.0 56706369.0 114021881.0 97864724.0 154834455.0 139136311.0 84504175.0 115673978.0 96618897.0 75463299.0 105740055.0 122859191.0 99275094.0 123521320.0 133773815.0 70585746.0 139802464.0 76466908.0 
76645202.0 85996801.0 72942774.0 56444635.0 76071501.0 81006552.0 100981396.0 89294501.0 102567055.0 78688863.0 45274069.0 25114313.0 17315085.0 0 7056585.0 26708121.0 50685493.0 80301401.0 86402199.0 108395601.0 82259418.0 95668839.0 86454701.0 102378823.0 127796648.0 107263603.0 110467955.0 69331004.0 44258106.0 14901757.0 31365691.0 39391284.0 96706796.0 88241605.0 159340384.0 137853125.0 101819260.0 98358893.0 113933982.0 58148214.0 101838177.0 119810570.0 81960009.0 106206235.0 121166529.0 72400197.0 139600536.0 81011810.0 
83701787.0 93053386.0 79999359.0 63501220.0 83128086.0 88063137.0 108037981.0 83706872.0 108076028.0 85745448.0 52330654.0 32170898.0 24371670.0 7056585.0 0 19651536.0 43628908.0 87357986.0 93458784.0 115452186.0 75202833.0 88612254.0 79398116.0 95322238.0 124875081.0 114320188.0 117524540.0 76387589.0 51314691.0 21958342.0 24309106.0 32334699.0 89650211.0 81185020.0 152283799.0 144909710.0 108875845.0 91302308.0 111604430.0 51091629.0 94781592.0 112753985.0 74903424.0 99149650.0 128223114.0 79456782.0 132543951.0 88068395.0 
84309403.0 93661002.0 72451257.0 51338653.0 70965519.0 75900570.0 95875414.0 103358408.0 97461073.0 105396984.0 71982190.0 51822434.0 44023206.0 26708121.0 19651536.0 0 23977372.0 82896273.0 88997071.0 121423029.0 94854369.0 108263790.0 99049652.0 114973774.0 138191300.0 133971724.0 137176076.0 96039125.0 70966227.0 41609878.0 43960642.0 51986235.0 109301747.0 100836556.0 167043558.0 159595779.0 128527381.0 110953844.0 129143003.0 70743165.0 114433128.0 132405521.0 94554960.0 118801186.0 147874650.0 82794849.0 152195487.0 88676011.0 
60332031.0 69683630.0 48473885.0 27361281.0 46988147.0 51923198.0 71898042.0 99877760.0 73483701.0 104626158.0 86407946.0 66248190.0 66490831.0 50685493.0 43628908.0 23977372.0 0 58918901.0 65019699.0 97445657.0 112907405.0 126316826.0 114800875.0 110291080.0 114213928.0 115727523.0 118931875.0 118506750.0 85391983.0 65587250.0 67938014.0 75963607.0 133279119.0 124813928.0 143066186.0 135618407.0 150995006.0 113411689.0 105165631.0 94720537.0 127114434.0 109142041.0 118532332.0 133562076.0 140277519.0 58817477.0 142608729.0 64698639.0 
98715249.0 108066848.0 107392786.0 86280182.0 105907048.0 110842099.0 130816943.0 119367276.0 109805571.0 78663114.0 45248320.0 55187088.0 62986316.0 80301401.0 87357986.0 82896273.0 58918901.0 0 6100798.0 71151193.0 119448838.0 146958577.0 128287161.0 144211283.0 168219848.0 155267475.0 148331626.0 115002235.0 74330881.0 95203158.0 111667092.0 119692685.0 177008197.0 149185259.0 201985087.0 159923172.0 147490491.0 116232709.0 113908233.0 135265043.0 122969798.0 140942191.0 157758092.0 163318668.0 151063151.0 112823397.0 121761268.0 103081857.0 
102164021.0 111515620.0 113493584.0 92380980.0 112007846.0 116942897.0 136917741.0 125468074.0 115906369.0 84763912.0 51349118.0 61287886.0 69087114.0 86402199.0 93458784.0 88997071.0 65019699.0 6100798.0 0 65050395.0 125549636.0 151400309.0 122186363.0 138110485.0 167663328.0 149166677.0 142230828.0 121103033.0 80431679.0 101303956.0 117767890.0 125793483.0 176420457.0 143084461.0 208085885.0 166023970.0 153591289.0 110131911.0 120009031.0 141365841.0 116869000.0 134841393.0 163858890.0 157217870.0 153081850.0 118924195.0 127862066.0 97797413.0 
37113626.0 46465225.0 48971772.0 70084376.0 89711242.0 94646293.0 108577956.0 123189204.0 110539272.0 135062600.0 116399513.0 117013154.0 109213926.0 108395601.0 115452186.0 121423029.0 97445657.0 71151193.0 65050395.0 0 78317644.0 91727065.0 120941011.0 143307683.0 139972025.0 84116282.0 87320634.0 157841623.0 136156947.0 93493844.0 106503261.0 114528854.0 143014199.0 163379175.0 185789281.0 119588561.0 164027277.0 127101519.0 130923728.0 116681752.0 97896403.0 115868796.0 154938576.0 147380245.0 88031455.0 84575574.0 157555859.0 32747018.0 
52575374.0 61926973.0 64433520.0 85546124.0 105172990.0 64889196.0 77812752.0 78681783.0 43328693.0 70845274.0 84421506.0 64261750.0 72060978.0 82259418.0 75202833.0 94854369.0 112907405.0 119448838.0 125549636.0 78317644.0 0 27509739.0 56723685.0 79090357.0 104784851.0 41742754.0 44947106.0 115468095.0 83405543.0 97161175.0 50893727.0 58919320.0 64696555.0 98032551.0 127330143.0 135050309.0 99809951.0 48783875.0 69085997.0 38364108.0 33679077.0 51651470.0 113082034.0 83385064.0 88162335.0 72977780.0 112453721.0 48208766.0 
65984795.0 75336394.0 77842941.0 98955545.0 118582411.0 92091623.0 105322491.0 106191522.0 70531120.0 84254695.0 111931245.0 91771489.0 99570717.0 95668839.0 88612254.0 108263790.0 126316826.0 146958577.0 151400309.0 91727065.0 27509739.0 0 29213946.0 51580618.0 81133461.0 69252493.0 72456845.0 142977834.0 102701057.0 110570596.0 64303148.0 72328741.0 92206294.0 121179062.0 154839882.0 136257044.0 72300212.0 76293614.0 96595736.0 65873847.0 47088498.0 57145750.0 126491455.0 110894803.0 115672074.0 91678571.0 88802331.0 61618187.0 
95198741.0 104550340.0 107056887.0 87439594.0 98333451.0 62877677.0 82852521.0 86303884.0 41317174.0 72459631.0 105874425.0 111569014.0 103769786.0 86454701.0 79398116.0 99049652.0 114800875.0 128287161.0 122186363.0 120941011.0 56723685.0 29213946.0 0 22366672.0 51919515.0 98466439.0 101670791.0 142942763.0 124732659.0 101356458.0 55089010.0 63114603.0 120430115.0 105185420.0 165703465.0 107043098.0 43086266.0 82172066.0 78320230.0 95087793.0 76302444.0 86359696.0 154301540.0 114845509.0 134035296.0 107315966.0 59588385.0 90832133.0 
113502261.0 122853860.0 104042403.0 82929799.0 102556665.0 58367882.0 78342726.0 81794089.0 36807379.0 67949836.0 101364630.0 120437538.0 112638310.0 102378823.0 95322238.0 114973774.0 110291080.0 144211283.0 138110485.0 143307683.0 79090357.0 51580618.0 22366672.0 0 29552843.0 105809611.0 122837995.0 120576091.0 139581331.0 117280580.0 71013132.0 79038725.0 116154744.0 82818748.0 143336793.0 129409770.0 65452938.0 98096188.0 100686902.0 93791778.0 98669116.0 108726368.0 155312296.0 137212181.0 143590005.0 84949294.0 37221713.0 113198805.0 
119823397.0 129174996.0 107965251.0 86852647.0 97040569.0 83016661.0 102991505.0 106442868.0 61456158.0 92598615.0 122971528.0 131889395.0 125982197.0 127796648.0 124875081.0 138191300.0 114213928.0 168219848.0 167663328.0 139972025.0 104784851.0 81133461.0 51919515.0 29552843.0 0 76256768.0 105136140.0 91023248.0 130720500.0 112894891.0 100565975.0 108591568.0 139678365.0 112371591.0 113783950.0 141940697.0 95005781.0 108615455.0 101744605.0 118440557.0 128221959.0 138279211.0 125759453.0 143216644.0 136856493.0 55396451.0 61870492.0 124190005.0 
94318128.0 103669727.0 106176274.0 88366242.0 106996459.0 104386767.0 92727660.0 64747942.0 82826264.0 112588028.0 124485123.0 106004504.0 113803732.0 107263603.0 114320188.0 133971724.0 115727523.0 155267475.0 149166677.0 84116282.0 41742754.0 69252493.0 98466439.0 105809611.0 76256768.0 0 28879372.0 99400361.0 110187455.0 92361846.0 92636481.0 100662074.0 106439309.0 119808775.0 127640989.0 166503148.0 141552705.0 90526629.0 103258200.0 80106862.0 75421831.0 93394224.0 105226408.0 125127818.0 129905089.0 56910046.0 138127260.0 89951520.0 
97522480.0 106874079.0 109380626.0 91570594.0 110200811.0 107591119.0 95932012.0 67952294.0 86030616.0 115792380.0 127689475.0 109208856.0 117008084.0 110467955.0 117524540.0 137176076.0 118931875.0 148331626.0 142230828.0 87320634.0 44947106.0 72456845.0 101670791.0 122837995.0 105136140.0 28879372.0 0 70520989.0 113391807.0 95566198.0 95840833.0 103866426.0 109643661.0 123013127.0 156520361.0 169707500.0 144757057.0 93730981.0 87370243.0 83311214.0 78626183.0 96598576.0 108430760.0 128332170.0 112915474.0 60114398.0 155155644.0 93155872.0 
124116219.0 133467818.0 112258073.0 91145469.0 110772335.0 115707386.0 135682230.0 123995335.0 137267889.0 113389697.0 79974903.0 59815147.0 52015919.0 69331004.0 76387589.0 96039125.0 118506750.0 115002235.0 121103033.0 157841623.0 115468095.0 142977834.0 142942763.0 120576091.0 91023248.0 99400361.0 70520989.0 0 78958940.0 84232761.0 95059691.0 103085284.0 140605786.0 107269790.0 203239374.0 114144568.0 110652714.0 164251970.0 143865136.0 127479218.0 149147172.0 167119565.0 145833344.0 160392127.0 178977024.0 97516982.0 132826845.0 128482827.0 
99043321.0 108394920.0 87185175.0 66072571.0 85699437.0 90634488.0 110609332.0 83323981.0 103860800.0 72718343.0 39303549.0 19143793.0 26943021.0 44258106.0 51314691.0 70966227.0 85391983.0 74330881.0 80431679.0 136156947.0 83405543.0 102701057.0 124732659.0 139581331.0 130720500.0 110187455.0 113391807.0 78958940.0 0 59159863.0 75623797.0 83649390.0 137559323.0 124807745.0 181777476.0 166079332.0 111447196.0 132189418.0 107963462.0 102406320.0 113888563.0 95916170.0 101402109.0 150464341.0 145118380.0 75324049.0 151147029.0 103409929.0 
61743445.0 71095044.0 58041017.0 57677621.0 77304487.0 82239538.0 102214382.0 100967416.0 103800041.0 93590620.0 60175826.0 40016070.0 32216842.0 14901757.0 21958342.0 41609878.0 65587250.0 95203158.0 101303956.0 93493844.0 97161175.0 110570596.0 101356458.0 117280580.0 112894891.0 92361846.0 95566198.0 84232761.0 59159863.0 0 46267448.0 54293041.0 111608553.0 103143362.0 173382526.0 122951368.0 116721017.0 113260650.0 103846594.0 73049971.0 116739934.0 134712327.0 96861766.0 116410194.0 106264772.0 57498440.0 128495879.0 66110053.0 
69389635.0 78741234.0 81247781.0 65323811.0 84950677.0 89885728.0 87377484.0 59397766.0 94222420.0 107638683.0 76639760.0 56480004.0 48680776.0 31365691.0 24309106.0 43960642.0 67938014.0 111667092.0 117767890.0 106503261.0 50893727.0 64303148.0 55089010.0 71013132.0 100565975.0 92636481.0 95840833.0 95059691.0 75623797.0 46267448.0 0 8025593.0 65341105.0 56875914.0 127974693.0 130597558.0 98175276.0 83809217.0 104111339.0 73389450.0 70472486.0 88444879.0 99212530.0 74840544.0 123187677.0 84221584.0 108234845.0 73756243.0 
77415228.0 86766827.0 89273374.0 73349404.0 92976270.0 97911321.0 95403077.0 67423359.0 102248013.0 115664276.0 84665353.0 64505597.0 56706369.0 39391284.0 32334699.0 51986235.0 75963607.0 119692685.0 125793483.0 114528854.0 58919320.0 72328741.0 63114603.0 79038725.0 108591568.0 100662074.0 103866426.0 103085284.0 83649390.0 54293041.0 8025593.0 0 57315512.0 64901507.0 119949100.0 138623151.0 106200869.0 91834810.0 112136932.0 81415043.0 78498079.0 96470472.0 107238123.0 82866137.0 131213270.0 92247177.0 116260438.0 81781836.0 
117271929.0 126623528.0 129130075.0 115738110.0 134368327.0 119227960.0 109922614.0 124738871.0 97667457.0 125397448.0 141980865.0 121821109.0 114021881.0 96706796.0 89650211.0 109301747.0 133279119.0 177008197.0 176420457.0 143014199.0 64696555.0 92206294.0 120430115.0 116154744.0 139678365.0 106439309.0 109643661.0 140605786.0 137559323.0 111608553.0 65341105.0 57315512.0 0 33335996.0 62633588.0 176647721.0 141344149.0 80893737.0 101195859.0 70473970.0 98375632.0 116348025.0 132598276.0 115494926.0 120272197.0 84281914.0 153376457.0 112905321.0 
126265549.0 135617148.0 138123695.0 122199725.0 141826591.0 141186630.0 143258610.0 116273680.0 119626127.0 150768584.0 125823708.0 105663952.0 97864724.0 88241605.0 81185020.0 100836556.0 124813928.0 149185259.0 143084461.0 163379175.0 98032551.0 121179062.0 105185420.0 82818748.0 112371591.0 119808775.0 123013127.0 107269790.0 124807745.0 103143362.0 56875914.0 64901507.0 33335996.0 0 95969584.0 187473472.0 148271686.0 114229733.0 134531855.0 103809966.0 127348400.0 145320793.0 156088444.0 131716458.0 153608193.0 117617910.0 120040461.0 130632157.0 
148675655.0 158027254.0 136817509.0 115704905.0 96078039.0 140266822.0 160241666.0 185449914.0 140463204.0 171605661.0 182793439.0 162633683.0 154834455.0 159340384.0 152283799.0 167043558.0 143066186.0 201985087.0 208085885.0 185789281.0 127330143.0 154839882.0 165703465.0 143336793.0 113783950.0 127640989.0 156520361.0 203239374.0 181777476.0 173382526.0 127974693.0 119949100.0 62633588.0 95969584.0 0 114014133.0 177970965.0 143527325.0 163829447.0 133107558.0 161009220.0 178981613.0 195231864.0 178128514.0 159228379.0 146164452.0 175654442.0 153042263.0 
82474935.0 73123336.0 94333081.0 108257126.0 127883992.0 116512166.0 136487010.0 139938373.0 94951663.0 126094120.0 159508914.0 146935539.0 139136311.0 137853125.0 144909710.0 159595779.0 135618407.0 159923172.0 166023970.0 119588561.0 135050309.0 136257044.0 107043098.0 129409770.0 141940697.0 166503148.0 169707500.0 114144568.0 166079332.0 122951368.0 130597558.0 138623151.0 176647721.0 187473472.0 114014133.0 0 63956832.0 136892014.0 157194136.0 151936062.0 154629068.0 172601461.0 179956104.0 171474542.0 176270474.0 131639742.0 164076691.0 86841543.0 
138285007.0 137080168.0 144746329.0 123633725.0 141419717.0 105963943.0 101964059.0 129390150.0 84403440.0 115545897.0 112463159.0 92303403.0 84504175.0 101819260.0 108875845.0 128527381.0 150995006.0 147490491.0 153591289.0 164027277.0 99809951.0 72300212.0 43086266.0 65452938.0 95005781.0 141552705.0 144757057.0 110652714.0 111447196.0 116721017.0 98175276.0 106200869.0 141344149.0 148271686.0 177970965.0 63956832.0 0 72935182.0 93237304.0 100661091.0 119388710.0 129445962.0 183779269.0 107536371.0 112313642.0 139585458.0 102674651.0 133918399.0 
101359249.0 110710848.0 107163012.0 86050408.0 105677274.0 61488491.0 41513647.0 69493365.0 67404166.0 95134157.0 111667793.0 113045625.0 115673978.0 98358893.0 91302308.0 110953844.0 113411689.0 116232709.0 110131911.0 127101519.0 48783875.0 76293614.0 82172066.0 98096188.0 108615455.0 90526629.0 93730981.0 164251970.0 132189418.0 113260650.0 83809217.0 91834810.0 80893737.0 114229733.0 143527325.0 136892014.0 72935182.0 0 32786892.0 40210679.0 76854703.0 94827096.0 125027368.0 47085959.0 51863230.0 79135046.0 121906442.0 96992641.0 
110775100.0 120126699.0 98916954.0 77804350.0 96434567.0 81790613.0 61815769.0 89795487.0 87706288.0 112295695.0 78880901.0 88819669.0 96618897.0 113933982.0 111604430.0 129143003.0 105165631.0 113908233.0 120009031.0 130923728.0 69085997.0 96595736.0 78320230.0 100686902.0 101744605.0 103258200.0 87370243.0 143865136.0 107963462.0 103846594.0 104111339.0 112136932.0 101195859.0 134531855.0 163829447.0 157194136.0 93237304.0 32786892.0 0 60512801.0 102765074.0 86505630.0 116711156.0 67388081.0 72165352.0 46348154.0 137908615.0 115141708.0 
90939482.0 100291081.0 94037943.0 103106819.0 115601875.0 78544902.0 69239556.0 97219274.0 56984399.0 84714390.0 103422283.0 83262527.0 75463299.0 58148214.0 51091629.0 70743165.0 94720537.0 135265043.0 141365841.0 116681752.0 38364108.0 65873847.0 95087793.0 93791778.0 118440557.0 80106862.0 83311214.0 127479218.0 102406320.0 73049971.0 73389450.0 81415043.0 70473970.0 103809966.0 133107558.0 151936062.0 100661091.0 40210679.0 60512801.0 0 72043185.0 90015578.0 125995053.0 74811868.0 79589139.0 106860955.0 116716749.0 86572874.0 
72154133.0 81505732.0 84012279.0 105124883.0 124751749.0 98568273.0 111491829.0 112360860.0 77007770.0 90424033.0 99414361.0 97940827.0 105740055.0 101838177.0 94781592.0 114433128.0 127114434.0 122969798.0 116869000.0 97896403.0 33679077.0 47088498.0 76302444.0 98669116.0 128221959.0 75421831.0 78626183.0 149147172.0 113888563.0 116739934.0 70472486.0 78498079.0 98375632.0 127348400.0 161009220.0 154629068.0 119388710.0 76854703.0 102765074.0 72043185.0 0 17972393.0 132660793.0 117064141.0 121841412.0 97847909.0 122294416.0 67787525.0 
90126526.0 99478125.0 101984672.0 123097276.0 142724142.0 116540666.0 129464222.0 130333253.0 94980163.0 108396426.0 117386754.0 115059963.0 122859191.0 119810570.0 112753985.0 132405521.0 109142041.0 140942191.0 134841393.0 115868796.0 51651470.0 57145750.0 86359696.0 108726368.0 138279211.0 93394224.0 96598576.0 167119565.0 95916170.0 134712327.0 88444879.0 96470472.0 116348025.0 145320793.0 178981613.0 172601461.0 129445962.0 94827096.0 86505630.0 90015578.0 17972393.0 0 150633186.0 135036534.0 139813805.0 115820302.0 140266809.0 85759918.0 
118748181.0 128099780.0 122931802.0 101819198.0 120449415.0 103488565.0 83513721.0 111493439.0 125049068.0 156145554.0 122730760.0 102571004.0 99275094.0 81960009.0 74903424.0 94554960.0 118532332.0 157758092.0 163858890.0 154938576.0 113082034.0 126491455.0 154301540.0 155312296.0 125759453.0 105226408.0 108430760.0 145833344.0 101402109.0 96861766.0 99212530.0 107238123.0 132598276.0 156088444.0 195231864.0 179956104.0 183779269.0 125027368.0 116711156.0 125995053.0 132660793.0 150633186.0 0 90604569.0 151823044.0 70363002.0 187629945.0 123114789.0 
110266619.0 119618218.0 122124765.0 106200795.0 125827661.0 96089680.0 76114836.0 100274750.0 102005355.0 129735346.0 140515889.0 131320548.0 123521320.0 106206235.0 99149650.0 118801186.0 133562076.0 163318668.0 157217870.0 147380245.0 83385064.0 110894803.0 114845509.0 137212181.0 143216644.0 125127818.0 128332170.0 160392127.0 150464341.0 116410194.0 74840544.0 82866137.0 115494926.0 131716458.0 178128514.0 171474542.0 107536371.0 47085959.0 67388081.0 74811868.0 117064141.0 135036534.0 90604569.0 0 86464419.0 113736235.0 168992401.0 114633227.0 
125145081.0 134496680.0 134028842.0 112916238.0 131546455.0 100866951.0 80892107.0 108871825.0 106782626.0 134512617.0 105814831.0 125974587.0 133773815.0 121166529.0 128223114.0 147874650.0 140277519.0 151063151.0 153081850.0 88031455.0 88162335.0 115672074.0 134035296.0 143590005.0 136856493.0 129905089.0 112915474.0 178977024.0 145118380.0 106264772.0 123187677.0 131213270.0 120272197.0 153608193.0 159228379.0 176270474.0 112313642.0 51863230.0 72165352.0 79589139.0 121841412.0 139813805.0 151823044.0 86464419.0 0 81460042.0 173769672.0 120778473.0 
64426946.0 73778545.0 52568800.0 31456196.0 50086413.0 56018113.0 75992957.0 95982968.0 77578616.0 100989871.0 67575077.0 76492944.0 70585746.0 72400197.0 79456782.0 82794849.0 58817477.0 112823397.0 118924195.0 84575574.0 72977780.0 91678571.0 107315966.0 84949294.0 55396451.0 56910046.0 60114398.0 97516982.0 75324049.0 57498440.0 84221584.0 92247177.0 84281914.0 117617910.0 146164452.0 131639742.0 139585458.0 79135046.0 46348154.0 106860955.0 97847909.0 115820302.0 70363002.0 113736235.0 81460042.0 0 117266943.0 68793554.0 
120442233.0 129793832.0 108584087.0 115247448.0 134874314.0 90685531.0 110660375.0 114111738.0 69125028.0 100267485.0 122064468.0 132003236.0 139802464.0 139600536.0 132543951.0 152195487.0 142608729.0 121761268.0 127862066.0 157555859.0 112453721.0 88802331.0 59588385.0 37221713.0 61870492.0 138127260.0 155155644.0 132826845.0 151147029.0 128495879.0 108234845.0 116260438.0 153376457.0 120040461.0 175654442.0 164076691.0 102674651.0 121906442.0 137908615.0 116716749.0 122294416.0 140266809.0 187629945.0 168992401.0 173769672.0 117266943.0 0 124808841.0 
4366608.0 13718207.0 16224754.0 37337358.0 56964224.0 61899275.0 75830938.0 99190449.0 77792254.0 104953722.0 104425892.0 84266136.0 76466908.0 81011810.0 88068395.0 88676011.0 64698639.0 103081857.0 97797413.0 32747018.0 48208766.0 61618187.0 90832133.0 113198805.0 124190005.0 89951520.0 93155872.0 128482827.0 103409929.0 66110053.0 73756243.0 81781836.0 112905321.0 130632157.0 153042263.0 86841543.0 133918399.0 96992641.0 115141708.0 86572874.0 67787525.0 85759918.0 123114789.0 114633227.0 120778473.0 68793554.0 124808841.0 0 
