23
location26 location14 location38 location27 location32 location12 location6 location10 location49 location34 location42 location37 location11 location23 location16 location39 location17 location44 location15 location46 location45 location29 location1
0 37049079.0 50650880.0 64041094.0 65728302.0 69105502.0 99152175.0 152976446.0 130738431.0 91609604.0 132300243.0 134461478.0 160383540.0 146932290.0 194227597.0 194060539.0 185272941.0 163471658.0 245933028.0 134326469.0 121700903.0 208380552.0 117804731.0 
37049079.0 0 87699959.0 101090173.0 102777381.0 106154581.0 136201254.0 190025525.0 167787510.0 128658683.0 169349322.0 171510557.0 123334461.0 109883211.0 157178518.0 157011460.0 148223862.0 126422579.0 258995059.0 171375548.0 124241128.0 245429631.0 120344956.0 
50650880.0 87699959.0 0 13390214.0 15077422.0 18454622.0 48501295.0 102325566.0 80087551.0 40958724.0 81649363.0 83810598.0 163739475.0 140326963.0 178621798.0 160153471.0 166449227.0 196954135.0 195282148.0 83675589.0 78779171.0 216331059.0 168455611.0 
64041094.0 101090173.0 13390214.0 0 28467636.0 31844836.0 35111081.0 105637931.0 66697337.0 27568510.0 68259149.0 70420384.0 150349261.0 153717177.0 192012012.0 173543685.0 179839441.0 210344349.0 189398255.0 70285375.0 92169385.0 202940845.0 177940878.0 
65728302.0 102777381.0 15077422.0 28467636.0 0 3377200.0 63578717.0 117402988.0 95164973.0 56036146.0 96726785.0 98888020.0 178816897.0 125249541.0 172544848.0 160159403.0 151371805.0 181876713.0 180204726.0 98753011.0 93856593.0 231408481.0 171241297.0 
69105502.0 106154581.0 18454622.0 31844836.0 3377200.0 0 66955917.0 120780188.0 98542173.0 59413346.0 100103985.0 102265220.0 182194097.0 128626741.0 175250530.0 156782203.0 147994605.0 178499513.0 176827526.0 102130211.0 97233793.0 234785681.0 174618497.0 
99152175.0 136201254.0 48501295.0 35111081.0 63578717.0 66955917.0 0 70526850.0 101808418.0 62679591.0 103370230.0 105531465.0 185460342.0 188828258.0 170055731.0 188524058.0 197311656.0 245455430.0 224509336.0 105396456.0 127280466.0 238051926.0 213051959.0 
152976446.0 190025525.0 102325566.0 105637931.0 117402988.0 120780188.0 70526850.0 0 61516999.0 133206441.0 173897080.0 176058315.0 229757507.0 213456915.0 166161608.0 147693281.0 156480879.0 240848557.0 249676880.0 154191675.0 181104737.0 182718489.0 270781177.0 
130738431.0 167787510.0 80087551.0 66697337.0 95164973.0 98542173.0 101808418.0 61516999.0 0 94265847.0 134956486.0 137117721.0 217046598.0 220414514.0 195160543.0 176692216.0 167904618.0 263313659.0 256095592.0 136982712.0 158866722.0 244235488.0 244638215.0 
91609604.0 128658683.0 40958724.0 27568510.0 56036146.0 59413346.0 62679591.0 133206441.0 94265847.0 0 40690639.0 42851874.0 122780751.0 181285687.0 193224627.0 174756300.0 165968702.0 218684467.0 161829745.0 42716865.0 119737895.0 230509355.0 150372368.0 
132300243.0 169349322.0 81649363.0 68259149.0 96726785.0 100103985.0 103370230.0 173897080.0 134956486.0 40690639.0 0 2161235.0 82090112.0 161454460.0 152533988.0 134065661.0 125278063.0 177993828.0 202520384.0 83407504.0 160428534.0 189892604.0 191063007.0 
134461478.0 171510557.0 83810598.0 70420384.0 98888020.0 102265220.0 105531465.0 176058315.0 137117721.0 42851874.0 2161235.0 0 79928877.0 159293225.0 154695223.0 136226896.0 127439298.0 175832593.0 204681619.0 85568739.0 162589769.0 192053839.0 193224242.0 
160383540.0 123334461.0 163739475.0 150349261.0 178816897.0 182194097.0 185460342.0 229757507.0 217046598.0 122780751.0 82090112.0 79928877.0 0 79364348.0 126659655.0 145127982.0 153915580.0 95903716.0 138302412.0 165497616.0 118323707.0 271982716.0 243679417.0 
146932290.0 109883211.0 140326963.0 153717177.0 125249541.0 128626741.0 188828258.0 213456915.0 220414514.0 181285687.0 161454460.0 159293225.0 79364348.0 0 47295307.0 65763634.0 74551232.0 82452466.0 167747233.0 224002552.0 147137934.0 295170529.0 230228167.0 
194227597.0 157178518.0 178621798.0 192012012.0 172544848.0 175250530.0 170055731.0 166161608.0 195160543.0 193224627.0 152533988.0 154695223.0 126659655.0 47295307.0 0 18468327.0 27255925.0 129747773.0 120451926.0 235941492.0 99842627.0 342426592.0 277523474.0 
194060539.0 157011460.0 160153471.0 173543685.0 160159403.0 156782203.0 188524058.0 147693281.0 176692216.0 174756300.0 134065661.0 136226896.0 145127982.0 65763634.0 18468327.0 0 8787598.0 112900819.0 101983599.0 217473165.0 81374300.0 323958265.0 277356416.0 
185272941.0 148223862.0 166449227.0 179839441.0 151371805.0 147994605.0 197311656.0 156480879.0 167904618.0 165968702.0 125278063.0 127439298.0 153915580.0 74551232.0 27255925.0 8787598.0 0 104113221.0 110771197.0 208685567.0 90161898.0 315170667.0 268568818.0 
163471658.0 126422579.0 196954135.0 210344349.0 181876713.0 178499513.0 245455430.0 240848557.0 263313659.0 218684467.0 177993828.0 175832593.0 95903716.0 82452466.0 129747773.0 112900819.0 104113221.0 0 214884418.0 233465060.0 194275119.0 358802045.0 246767535.0 
245933028.0 258995059.0 195282148.0 189398255.0 180204726.0 176827526.0 224509336.0 249676880.0 256095592.0 161829745.0 202520384.0 204681619.0 138302412.0 167747233.0 120451926.0 101983599.0 110771197.0 214884418.0 0 119112880.0 183357899.0 368215235.0 312202113.0 
134326469.0 171375548.0 83675589.0 70285375.0 98753011.0 102130211.0 105396456.0 154191675.0 136982712.0 42716865.0 83407504.0 85568739.0 165497616.0 224002552.0 235941492.0 217473165.0 208685567.0 233465060.0 119112880.0 0 162454760.0 249102355.0 193089233.0 
121700903.0 124241128.0 78779171.0 92169385.0 93856593.0 97233793.0 127280466.0 181104737.0 158866722.0 119737895.0 160428534.0 162589769.0 118323707.0 147137934.0 99842627.0 81374300.0 90161898.0 194275119.0 183357899.0 162454760.0 0 295110230.0 204996780.0 
208380552.0 245429631.0 216331059.0 202940845.0 231408481.0 234785681.0 238051926.0 182718489.0 244235488.0 230509355.0 189892604.0 192053839.0 271982716.0 295170529.0 342426592.0 323958265.0 315170667.0 358802045.0 368215235.0 249102355.0 295110230.0 0 326185283.0 
117804731.0 120344956.0 168455611.0 177940878.0 171241297.0 174618497.0 213051959.0 270781177.0 244638215.0 150372368.0 191063007.0 193224242.0 243679417.0 230228167.0 277523474.0 277356416.0 268568818.0 246767535.0 312202113.0 193089233.0 204996780.0 326185283.0 0 
