45
1 39 12 19 45 27 21 23 42 11 13 41 8 17 31 36 28 20 10 4 29 7 38 47 43 9 34 33 24 48 14 16 26 15 70 49 5 44 18 6 50 37 3 40 0
0 854.21836 1467.53847 1391.01366 1943.17395 2633.3661 3404.92496 4390.73388 4521.50252 4764.62727 5495.2141 5476.03588 6003.70319 7068.8977700000005 6268.74732 8015.5414 8199.86793 7684.22494 6346.68685 6624.062529999999 5598.30135 5074.50899 7139.50699 8688.98297 9221.60404 8632.86656 9399.17018 10555.00531 10762.9987 6475.19274 6150.16138 4778.6563 6079.84013 6254.14039 6116.96412 4376.11986 3766.25982 2050.0061 1903.33182 2624.16482 3695.68248 3663.4900900000002 2959.68123 5122.69812 749.60523 
854.21836 0 1667.77846 2233.25995 2723.67583 3487.34426 4249.01789 5119.4173 5224.455 5405.79874 6149.14864 6155.31461 6604.73747 7639.92212 6834.34269 8535.5523 8813.47678 8383.90565 7120.0158 7415.11517 6389.35404 5833.77014 7980.60104 9532.07742 10067.91508 9445.35706 10208.1705 11372.90816 11588.2632 7307.70621 7004.379739999999 5585.28289 6809.39388 6986.92386 6804.63585 5029.01252 4399.14241 2693.62989 2100.46304 3022.82418 3834.46711 3649.77109 2558.51598 5477.81754 1279.65191 
1467.53847 1667.77846 0 686.4787 1057.34053 1998.10836 2627.95928 3490.96319 3622.10284 3877.16662 4602.8602 4578.70167 5127.07207 6194.40691 5406.11922 7169.59134 7315.51844 6784.51922 5460.86165 5748.84475 4723.16102 4182.06181 6338.86867 7893.12644 8437.2214 7778.15434 8540.49788 9706.89079 9925.53198 5935.0893 5590.6158 4353.43772 5825.5616 5990.44906 5944.63943 4311.13407 3765.25125 2158.84437 1537.59553 2018.2170099999998 3207.23697 3328.72601 3086.0196 4401.69831 1357.27521 
1391.01366 2233.25995 686.4787 0 745.07718 1315.11977 2220.96753 3188.00016 3350.33623 3685.42128 4373.07729 4309.90302 4963.09994 6045.05749 5283.84879 7075.79402 7105.04757 6458.94481 5021.75915 5272.25236 4252.9652 3779.20468 5750.41085 7300.38369 7834.76815 7258.24993 8027.250389999999 9181.62344 9383.81252 5248.99267 4905.38398 3676.09426 5183.42792 5344.8406 5329.69615 3757.84672 3256.07279 1804.42345 2105.63204 2248.05071 3617.75676 3833.84572 3752.71768 4593.44739 1526.56248 
1943.17395 2723.67583 1057.34053 745.07718 0 1366.87966 1685.94691 2478.63934 2619.19835 2946.42685 3642.25713 3590.64841 4221.30016 5302.34099 4539.06092 6330.71694 6372.86097 5767.09598 4405.12259 4691.72559 3665.99632 3131.43034 5325.83411 6880.40304 7432.92594 6726.54734 7486.93028 8657.44131 8881.74823 5208.73804 4847.337 3814.6372 5446.56084 5595.62803 5660.80604 4221.39787 3785.95853 2490.2024 1931.71763 1738.67306 3150.01206 3474.13313 3731.41287 3873.27316 2234.52478 
2633.3661 3487.34426 1998.10836 1315.11977 1366.87966 0 975.37941 3002.20402 2985.21691 3502.97731 4056.10564 3915.08518 4745.22002 5809.43007 5132.87853 6917.48834 6732.66943 5852.05776 4216.77661 4375.50694 3409.6623 3124.54157 4599.43486 6127.95382 6681.011839999999 6232.66139 7006.9726 8118.739890000001 8282.3225 3940.80398 3593.50358 2452.06464 4085.24234 4231.90371 4320.6547 3006.13772 2682.5842 1938.23115 3263.0 3080.06493 4491.91478 4838.97561 5011.05358 4951.28115 2515.31807 
3404.92496 4249.01789 2627.95928 2220.96753 1685.94691 975.37941 0 2026.82461 2186.11916 2764.6535 3223.60419 3051.69478 3940.2642 4975.42611 4351.15444 6103.56044 5813.72514 4897.25076 3241.95743 3403.66303 2434.42396 2294.38927 3735.16291 5284.08374 5819.23077 5296.18363 6069.65584 7193.5266 7382.34549 3622.99724 3252.17789 2539.74684 4289.78158 4408.50564 4631.12341 3621.45012 3428.62203 2909.13819 3572.1369 3118.43936 4438.83329 4900.08265 5394.61852 4506.41165 3411.71071 
4390.73388 5119.4173 3490.96319 3188.00016 2478.63934 3002.20402 2026.82461 0 162.33607 760.03224 1236.22409 1128.32309 1925.74661 2986.34509 2327.12032 4097.59051 3943.89883 3293.79796 2147.11574 2547.00609 1624.48576 892.43767 3709.90027 5155.812 5739.90775 4637.80476 5348.79127 6558.17787 6839.13598 4974.33664 4630.97398 4566.5714499999995 6143.73502 6238.40621 6544.94568 5647.48661 5442.75528 4674.02835 3570.64028 2870.2178999999996 3524.0847 4148.8167 5262.84571 2892.4688499999997 4707.97833 
4521.50252 5224.455 3622.10284 3350.33623 2619.19835 2985.21691 2186.11916 162.33607 0 621.07165 1075.21951 976.46096 1763.57846 2824.21316 2166.24883 3935.31155 3788.35809 3163.77559 2087.89966 2504.2422 1620.20794 880.53166 3723.52642 5147.15708 5731.84682 4587.58717 5288.78294 6500.25 6787.91411 5079.58581 4720.37668 4544.33681 6283.13656 6375.68451 6689.24398 5805.88667 5604.09154 4833.44887 3649.63464 2707.88183 3524.13053 4158.60325 5317.44318 2730.13278 4851.3999 
4764.62727 5405.79874 3877.16662 3685.42128 2946.42685 3502.97731 2764.6535 760.03224 621.07165 0 748.35887 825.11211 1280.57995 2364.01565 1636.17725 3432.89222 3439.01279 3034.91713 2331.73004 2790.66247 2081.97356 1342.29728 4189.69416 5507.36089 6092.11554 4813.4015 5471.57975 6683.55145 6995.46589 5684.01777 5327.6293 5161.43711 6902.5709 6996.75616 7304.97317 6386.10362 6156.85926 5287.35718 3652.99562 2649.5694 3223.50275 3883.12722 5198.68599 2173.71686 5169.52967 
5495.2141 6149.14864 4602.8602 4373.07729 3642.25713 4056.10564 3223.60419 1236.22409 1075.21951 748.35887 0 275.8351 733.86784 1755.384 1169.49434 2880.0059 2732.0 2293.50845 1860.73749 2337.91461 1839.84021 1306.28519 3842.78154 5072.11208 5646.96317 4247.69361 4880.13932 6068.10127 6396.869 5739.85653 5401.74055 5453.04851 7157.80483 7235.15653 7596.76563 6824.2867 6651.89635 5907.60671 4395.47153 3385.57307 3845.63714 4514.20713 5904.42419 2922.07573 5875.7356199999995 
5476.03588 6155.31461 4578.70167 4309.90302 3590.64841 3915.08518 3051.69478 1128.32309 976.46096 825.11211 275.8351 0 971.21831 1930.31396 1411.93272 3067.90173 2817.58425 2237.03017 1613.36698 2088.89947 1564.04891 1051.24878 3575.27076 4825.66493 5402.9407 4039.28112 4674.91187 5883.98861 6204.641 5472.9038 5136.96331 5223.38406 6917.83991 6992.06872 7363.73743 6631.31148 6478.38946 5793.22432 4464.52517 3469.13534 4016.72752 4681.94287 6023.60108 2742.52603 5824.55912 
6003.70319 6604.73747 5127.07207 4963.09994 4221.30016 4745.22002 3940.2642 1925.74661 1763.57846 1280.57995 733.86784 971.21831 0 1083.43574 1730.79541 2172.40236 2209.62486 2149.0335 2316.10924 2780.55894 2478.12389 2022.37608 4356.66707 5458.21775 6017.21239 4488.87079 5026.79262 6201.85883 6556.00069 6444.12211 6097.00426 6186.9163499999995 7887.07018 7962.44711 8329.04328 7549.93146 7365.10129 6561.67273 4730.42578 3704.84021 3902.39478 4569.20343 6091.38055 2257.31168 6436.97444 
7068.8977700000005 7639.92212 6194.40691 6045.05749 5302.34099 5809.43007 4975.42611 2986.34509 2824.21316 2364.01565 1755.384 1930.31396 1083.43574 0 809.4949 1141.59756 1252.13617 1814.62944 2804.023 3200.49074 3216.32352 2930.23207 4801.05314 5647.42933 6165.50209 4489.29928 4886.26903 5980.68976 6363.95993 7176.81517 6867.89691 7117.82699 8781.88207 8842.45718 9245.34029 8561.42068 8403.98346 7641.4161 5708.03022 4686.33119 4726.6768 5324.25441 6942.34384 2823.41371 7512.81738 
6268.74732 6834.34269 5406.11922 5283.84879 4539.06092 5132.87853 4351.15444 2327.12032 2166.24883 1636.17725 1169.49434 1411.93272 1730.79541 809.4949 0 1890.73373 2040.90299 2262.2701 2696.63958 3150.0954 2907.94171 2463.14961 4740.57157 5784.58123 6340.7251400000005 4754.38429 5248.84835 6400.64622 6766.34761 6865.10379 6548.89603 6622.30964 8326.29407 8402.3464 8766.25194 7967.31084 7769.6404 6920.47643 4899.0147 3876.93926 3917.1819 4573.2331 6160.5042 2136.55166 6734.05235 
8015.5414 8535.5523 7169.59134 7075.79402 6330.71694 6917.48834 6103.56044 4097.59051 3935.31155 3432.89222 2880.0059 3067.90173 2172.40236 1141.59756 1890.73373 0 2393.73373 2490.2751399999997 3850.60229 4204.83912 4330.92253 4071.44016 5764.82367 6447.62134 6925.21949 5184.49043 5447.95668 6430.14813 6831.07495 8269.52653 7969.63243 8257.69484 9912.64324 9972.67828 10382.37901 9699.21321 9531.56383 8719.28581 6526.48083 5527.49536 5272.77166 5874.21484 7572.16409 3332.04382 8509.30432 
8199.86793 8813.47678 7315.51844 7105.04757 6372.86097 6732.66943 5813.72514 3943.89883 3788.35809 3439.01279 2732.0 2817.58425 2209.62486 1252.13617 2040.90299 2393.73373 0 1390.18164 3056.40442 3316.67936 3697.06099 3646.30292 4782.26745 5298.66408 5749.08906 3992.40041 4210.38739 5178.01168 5579.28714 7475.91392 7223.9271100000005 7707.12618 9275.47228 9315.95846 9777.43443 9293.28795 9206.99457 8609.00372 6925.88781 5900.90713 5929.93938 6574.42393 8193.44915 4069.71835 8604.08101 
7684.22494 8383.90565 6784.51922 6458.94481 5767.09598 5852.05776 4897.25076 3293.79796 3163.77559 3034.91713 2293.50845 2237.03017 2149.0335 1814.62944 2262.2701 2490.2751399999997 1390.18164 0 1814.05871 1985.42414 2562.2414 2731.83089 3395.89296 3957.81278 4438.77551 2713.26224 3072.10042 4174.18375 4553.36118 6144.52114 5892.67189 6524.05434 8019.89358 8048.28385 8538.90233 8202.09851 8182.75174 7786.66809 6687.60592 5679.07211 6038.06625 6707.24422 8176.71731 4381.84813 7985.03757 
6346.68685 7120.0158 5460.86165 5021.75915 4405.12259 4216.77661 3241.95743 2147.11574 2087.89966 2331.73004 1860.73749 1613.36698 2316.10924 2804.023 2696.63958 3850.60229 3056.40442 1814.05871 0 477.17712 809.20949 1299.23401 2043.93199 3212.61965 3789.57372 2502.70753 3202.13835 4412.73441 4701.17528 4438.56339 4253.13293 4710.0990600000005 6227.42403 6263.45991 6738.32798 6400.52287 6432.65656 6149.90057 5713.50768 4793.58957 5547.50331 6200.46079 7405.04348 4353.69383 6531.9977 
6624.062529999999 7415.11517 5748.84475 5272.25236 4691.72559 4375.50694 3403.66303 2547.00609 2504.2422 2790.66247 2337.91461 2088.89947 2780.55894 3200.49074 3150.0954 4204.83912 3316.67936 1985.42414 477.17712 0 1025.76118 1666.64003 1600.5624 2736.81658 3314.97949 2094.0117 2868.32494 4024.14475 4294.593 4163.93528 3907.24775 4610.78432 6047.44574 6070.63292 6574.24444 6363.8684 6419.07509 6288.87152 6090.55203 5194.85255 5995.47171 6643.93137 7809.02331 4830.265 6763.0706 
5598.30135 6389.35404 4723.16102 4252.9652 3665.99632 3409.6623 2434.42396 1624.48576 1620.20794 2081.97356 1839.84021 1564.04891 2478.12389 3216.32352 2907.94171 4330.92253 3697.06099 2562.2414 809.20949 1025.76118 0 739.67628 2113.01349 3531.32624 4115.60506 3092.91206 3867.2253 5029.18254 5283.51067 3971.84655 3654.77838 4010.2182 5601.40857 5653.03193 6090.67385 5642.76147 5623.44707 5341.33214 5100.87149 4238.21342 5143.09333 5772.55801 6848.01117 4207.00107 5751.95845 
5074.50899 5833.77014 4182.06181 3779.20468 3131.43034 3124.54157 2294.38927 892.43767 880.53166 1342.29728 1306.28519 1051.24878 2022.37608 2930.23207 2463.14961 4071.44016 3646.30292 2731.83089 1299.23401 1666.64003 739.67628 0 2847.39688 4268.25983 4852.82474 3760.64516 4484.04516 5688.80392 5961.08866 4442.02206 4099.86 4189.61872 5871.31272 5943.30321 6323.87326 5665.13901 5560.90155 5056.0004 4427.68269 3531.07916 4404.05086 5035.63551 6145.03914 3515.33967 5302.29431 
7139.50699 7980.60104 6338.86867 5750.41085 5325.83411 4599.43486 3735.16291 3709.90027 3723.52642 4189.69416 3842.78154 3575.27076 4356.66707 4801.05314 4740.57157 5764.82367 4782.26745 3395.89296 2043.93199 1600.5624 2113.01349 2847.39688 0 1554.84565 2111.60342 1868.22509 2593.11087 3566.66245 3700.12284 2949.82322 2792.84174 3951.26967 5050.37424 5032.8028 5610.19875 5816.74144 6029.78151 6335.08998 7006.37881 6233.26504 7232.57499 7849.11155 8807.17804 6294.469 7114.752930000001 
8688.98297 9532.07742 7893.12644 7300.38369 6880.40304 6127.95382 5284.08374 5155.812 5147.15708 5507.36089 5072.11208 4825.66493 5458.21775 5647.42933 5784.58123 6447.62134 5298.66408 3957.81278 3212.61965 2736.81658 3531.32624 4268.25983 1554.84565 0 584.75465 1381.10463 1705.83733 2268.52992 2295.94599 3769.0065 3752.79229 5177.55782 5940.51151 5880.86261 6506.57398 7033.90603 7330.25211 7803.60494 8541.20044 7739.6456 8671.08771 9303.66578 10331.15426 7566.04765 8643.21451 
9221.60404 10067.91508 8437.2214 7834.76815 7432.92594 6681.011839999999 5819.23077 5739.90775 5731.84682 6092.11554 5646.96317 5402.9407 6017.21239 6165.50209 6340.7251400000005 6925.21949 5749.08906 4438.77551 3789.57372 3314.97949 4115.60506 4852.82474 2111.60342 584.75465 0 1762.54589 1856.26857 2078.38062 2005.30546 4021.87668 4054.96831 5548.20124 6169.57187 6094.68793 6730.63452 7383.31118 7714.75068 8271.91586 9112.9414 8319.10115 9255.81439 9888.08743 10907.463609999999 8141.28473 9153.76715 
8632.86656 9445.35706 7778.15434 7258.24993 6726.54734 6232.66139 5296.18363 4637.80476 4587.58717 4813.4015 4247.69361 4039.28112 4488.87079 4489.29928 4754.38429 5184.49043 3992.40041 2713.26224 2502.70753 2094.0117 3092.91206 3760.64516 1868.22509 1381.10463 1762.54589 0 774.31324 1936.53763 2201.34005 4719.31563 4611.39892 5818.66694 6868.51636 6836.87831 7433.20691 7682.39051 7878.87213 8066.02982 8183.51178 7286.83772 8036.80359 8694.45553 9900.6417 6706.19567 8706.51578 
9399.17018 10208.1705 8540.49788 8027.250389999999 7486.93028 7006.9726 6069.65584 5348.79127 5288.78294 5471.57975 4880.13932 4674.91187 5026.79262 4886.26903 5248.84835 5447.95668 4210.38739 3072.10042 3202.13835 2868.32494 3867.2253 4484.04516 2593.11087 1705.83733 1856.26857 774.31324 0 1213.2374 1534.56606 5342.87722 5266.69355 6538.37075 7510.31557 7467.68291 8077.09416 8406.24916 8622.89238 8837.50038 8909.63344 7995.62937 8690.21409 9353.2698 10606.16128 7273.33899 9479.36475 
10555.00531 11372.90816 9706.89079 9181.62344 8657.44131 8118.739890000001 7193.5266 6558.17787 6500.25 6683.55145 6068.10127 5883.98861 6201.85883 5980.68976 6400.64622 6430.14813 5178.01168 4174.18375 4412.73441 4024.14475 5029.18254 5688.80392 3566.66245 2268.52992 2078.38062 1936.53763 1213.2374 0 407.96568 6033.25667 6020.99477 7418.39073 8201.217700000001 8136.07086 8766.0069 9282.79451 9552.33835 9895.18721 10114.32692 9206.18108 9900.36373 10565.93148 11817.66762 8455.83379 10604.43327 
10762.9987 11588.2632 9925.53198 9383.81252 8881.74823 8282.3225 7382.34549 6839.13598 6787.91411 6995.46589 6396.869 6204.641 6556.00069 6363.95993 6766.34761 6831.07495 5579.28714 4553.36118 4701.17528 4294.593 5283.51067 5961.08866 3700.12284 2295.94599 2005.30546 2201.34005 1534.56606 407.96568 0 6018.14938 6031.17717 7473.44077 8173.06901 8099.63586 8734.93566 9329.21186 9623.86449 10034.13982 10381.19362 9488.17777 10217.13512 10878.47384 12101.9605 8805.69458 10787.32001 
6475.19274 7307.70621 5935.0893 5248.99267 5208.73804 3940.80398 3622.99724 4974.33664 5079.58581 5684.01777 5739.85653 5472.9038 6444.12211 7176.81517 6865.10379 8269.52653 7475.91392 6144.52114 4438.56339 4163.93528 3971.84655 4442.02206 2949.82322 3769.0065 4021.87668 4719.31563 5342.87722 6033.25667 6018.14938 0 373.55053 1830.00683 2173.71318 2124.85882 2740.65704 3470.66564 3912.62291 4940.60693 7140.45567 6725.77036 8039.74975 8521.01901 8931.63692 7786.64812 6141.60443 
6150.16138 7004.379739999999 5590.6158 4905.38398 4847.337 3593.50358 3252.17789 4630.97398 4720.37668 5327.6293 5401.74055 5136.96331 6097.00426 6867.89691 6548.89603 7969.63243 7223.9271100000005 5892.67189 4253.13293 3907.24775 3654.77838 4099.86 2792.84174 3752.79229 4054.96831 4611.39892 5266.69355 6020.99477 6031.17717 373.55053 0 1601.24483 2259.78251 2240.22432 2822.70526 3348.18219 3742.99693 4660.18025 6777.28301 6352.95238 7666.40802 8149.01571 8573.62852 7449.5099900000005 5838.77701 
4778.6563 5585.28289 4353.43772 3676.09426 3814.6372 2452.06464 2539.74684 4566.5714499999995 4544.33681 5161.43711 5453.04851 5223.38406 6186.9163499999995 7117.82699 6622.30964 8257.69484 7707.12618 6524.05434 4710.0990600000005 4610.78432 4010.2182 4189.61872 3951.26967 5177.55782 5548.20124 5818.66694 6538.37075 7418.39073 7473.44077 1830.00683 1601.24483 0 1754.97122 1868.95158 2322.09202 1869.08668 2169.92004 3110.6001 5711.02968 5491.6188 6884.20228 7273.86142 7427.33283 7038.79137 4374.40282 
6079.84013 6809.39388 5825.5616 5183.42792 5446.56084 4085.24234 4289.78158 6143.73502 6283.13656 6902.5709 7157.80483 6917.83991 7887.07018 8781.88207 8326.29407 9912.64324 9275.47228 8019.89358 6227.42403 6047.44574 5601.40857 5871.31272 5050.37424 5940.51151 6169.57187 6868.51636 7510.31557 8201.217700000001 8173.06901 2173.71318 2259.78251 1754.97122 0 182.36228 567.1208 1946.88392 2576.33946 4151.05293 7277.63533 7163.87025 8569.77298 8920.49595 8906.04317 8792.82094 5535.5278 
6254.14039 6986.92386 5990.44906 5344.8406 5595.62803 4231.90371 4408.50564 6238.40621 6375.68451 6996.75616 7235.15653 6992.06872 7962.44711 8842.45718 8402.3464 9972.67828 9315.95846 8048.28385 6263.45991 6070.63292 5653.03193 5943.30321 5032.8028 5880.86261 6094.68793 6836.87831 7467.68291 8136.07086 8099.63586 2124.85882 2240.22432 1868.95158 182.36228 0 642.49669 2128.07918 2758.50412 4314.45257 7435.93975 7308.0247 8711.93463 9069.73032 9072.69006 8906.44014 5713.86279 
6116.96412 6804.63585 5944.63943 5329.69615 5660.80604 4320.6547 4631.12341 6544.94568 6689.24398 7304.97317 7596.76563 7363.73743 8329.04328 9245.34029 8766.25194 10382.37901 9777.43443 8538.90233 6738.32798 6574.24444 6090.67385 6323.87326 5610.19875 6506.57398 6730.63452 7433.20691 8077.09416 8766.0069 8734.93566 2740.65704 2822.70526 2322.09202 567.1208 642.49669 0 1802.11681 2450.86373 4111.18778 7433.88203 7394.61162 8805.95418 9124.65431 9001.89052 9135.09201 5524.98851 
4376.11986 5029.01252 4311.13407 3757.84672 4221.39787 3006.13772 3621.45012 5647.48661 5805.88667 6386.10362 6824.2867 6631.31148 7549.93146 8561.42068 7967.31084 9699.21321 9293.28795 8202.09851 6400.52287 6363.8684 5642.76147 5665.13901 5816.74144 7033.90603 7383.31118 7682.39051 8406.24916 9282.79451 9329.21186 3470.66564 3348.18219 1869.08668 1946.88392 2128.07918 1802.11681 0 648.77885 2338.40373 5838.9589 5948.57025 7350.32462 7591.69244 7305.93964 7957.41773 3749.36061 
3766.25982 4399.14241 3765.25125 3256.07279 3785.95853 2682.5842 3428.62203 5442.75528 5604.09154 6156.85926 6651.89635 6478.38946 7365.10129 8403.98346 7769.6404 9531.56383 9206.99457 8182.75174 6432.65656 6419.07509 5623.44707 5560.90155 6029.78151 7330.25211 7714.75068 7878.87213 8622.89238 9552.33835 9623.86449 3912.62291 3742.99693 2169.92004 2576.33946 2758.50412 2450.86373 648.77885 0 1717.70836 5301.77565 5485.33408 6871.85346 7076.69845 6712.05632 7600.05296 3119.4905 
2050.0061 2693.62989 2158.84437 1804.42345 2490.2024 1938.23115 2909.13819 4674.02835 4833.44887 5287.35718 5907.60671 5793.22432 6561.67273 7641.4161 6920.47643 8719.28581 8609.00372 7786.66809 6149.90057 6288.87152 5341.33214 5056.0004 6335.08998 7803.60494 8271.91586 8066.02982 8837.50038 9895.18721 10034.13982 4940.60693 4660.18025 3110.6001 4151.05293 4314.45257 4111.18778 2338.40373 1717.70836 0 3683.55548 4029.79156 5355.58662 5483.76376 5003.13522 6363.475560000001 1414.03147 
1903.33182 2100.46304 1537.59553 2105.63204 1931.71763 3263.0 3572.1369 3570.64028 3649.63464 3652.99562 4395.47153 4464.52517 4730.42578 5708.03022 4899.0147 6526.48083 6925.88781 6687.60592 5713.50768 6090.55203 5100.87149 4427.68269 7006.37881 8541.20044 9112.9414 8183.51178 8909.63344 10114.32692 10381.19362 7140.45567 6777.28301 5711.02968 7277.63533 7435.93975 7433.88203 5838.9589 5301.77565 3683.55548 0 1025.6437 1794.31463 1803.77604 1828.43786 3384.28663 2630.10038 
2624.16482 3022.82418 2018.2170099999998 2248.05071 1738.67306 3080.06493 3118.43936 2870.2178999999996 2707.88183 2649.5694 3385.57307 3469.13534 3704.84021 4686.33119 3876.93926 5527.49536 5900.90713 5679.07211 4793.58957 5194.85255 4238.21342 3531.07916 6233.26504 7739.6456 8319.10115 7286.83772 7995.62937 9206.18108 9488.17777 6725.77036 6352.95238 5491.6188 7163.87025 7308.0247 7394.61162 5948.57025 5485.33408 4029.79156 1025.6437 0 1411.84985 1799.45686 2614.19395 2498.69906 3263.52953 
3695.68248 3834.46711 3207.23697 3617.75676 3150.01206 4491.91478 4438.83329 3524.0847 3524.13053 3223.50275 3845.63714 4016.72752 3902.39478 4726.6768 3917.1819 5272.77166 5929.93938 6038.06625 5547.50331 5995.47171 5143.09333 4404.05086 7232.57499 8671.08771 9255.81439 8036.80359 8690.21409 9900.36373 10217.13512 8039.74975 7666.40802 6884.20228 8569.77298 8711.93463 8805.95418 7350.32462 6871.85346 5355.58662 1794.31463 1411.84985 0 1383.89128 2299.65432 1942.71691 4412.84817 
3663.4900900000002 3649.77109 3328.72601 3833.84572 3474.13313 4838.97561 4900.08265 4148.8167 4158.60325 3883.12722 4514.20713 4681.94287 4569.20343 5324.25441 4573.2331 5874.21484 6574.42393 6707.24422 6200.46079 6643.93137 5772.55801 5035.63551 7849.11155 9303.66578 9888.08743 8694.45553 9353.2698 10565.93148 10878.47384 8521.01901 8149.01571 7273.86142 8920.49595 9069.73032 9124.65431 7591.69244 7076.69845 5483.76376 1803.77604 1799.45686 1383.89128 0 1742.45258 2546.16339 4406.23422 
2959.68123 2558.51598 3086.0196 3752.71768 3731.41287 5011.05358 5394.61852 5262.84571 5317.44318 5198.68599 5904.42419 6023.60108 6091.38055 6942.34384 6160.5042 7572.16409 8193.44915 8176.71731 7405.04348 7809.02331 6848.01117 6145.03914 8807.17804 10331.15426 10907.463609999999 9900.6417 10606.16128 11817.66762 12101.9605 8931.63692 8573.62852 7427.33283 8906.04317 9072.69006 9001.89052 7305.93964 6712.05632 5003.13522 1828.43786 2614.19395 2299.65432 1742.45258 0 4242.20285 3673.29566 
5122.69812 5477.81754 4401.69831 4593.44739 3873.27316 4951.28115 4506.41165 2892.4688499999997 2730.13278 2173.71686 2922.07573 2742.52603 2257.31168 2823.41371 2136.55166 3332.04382 4069.71835 4381.84813 4353.69383 4830.265 4207.00107 3515.33967 6294.469 7566.04765 8141.28473 6706.19567 7273.33899 8455.83379 8805.69458 7786.64812 7449.5099900000005 7038.79137 8792.82094 8906.44014 9135.09201 7957.41773 7600.05296 6363.475560000001 3384.28663 2498.69906 1942.71691 2546.16339 4242.20285 0 5746.33518 
749.60523 1279.65191 1357.27521 1526.56248 2234.52478 2515.31807 3411.71071 4707.97833 4851.3999 5169.52967 5875.7356199999995 5824.55912 6436.97444 7512.81738 6734.05235 8509.30432 8604.08101 7985.03757 6531.9977 6763.0706 5751.95845 5302.29431 7114.752930000001 8643.21451 9153.76715 8706.51578 9479.36475 10604.43327 10787.32001 6141.60443 5838.77701 4374.40282 5535.5278 5713.86279 5524.98851 3749.36061 3119.4905 1414.03147 2630.10038 3263.52953 4412.84817 4406.23422 3673.29566 5746.33518 0 
