95
t9 t1 t0 n2 n4 i4 r9 s8 i5 n0 t8 l8 t6 l3 j5 s1 h6 d5 o6 l4 o5 b5 h0 o0 a0 j7 m4 r1 m7 g1 h5 a6 a4 j2 c3 s3 l6 h1 c4 g9 l0 f3 f5 t7 f2 j6 r2 s4 h4 r7 h3 q3 s2 n6 g3 e1 e4 o4 p9 o8 j3 k6 o2 q5 g5 e0 g0 p0 m0 b1 d4 i1 n5 b3 a1 l1 b7 m9 g6 t2 k1 f6 o7 n3 h2 d2 g4 t5 r4 s9 g7 e2 g8 c8 c5
0 68.96375 100.17983 99.20181 255.431 264.48629 327.53625 333.16962 318.94356 246.96963 273.87953 339.53644 381.24139 408.62329 511.62486 542.66472 559.93303 616.26049 558.34218 564.80881 465.9839 490.63428 390.94756 575.4181 631.88923 677.39058 637.70604 640.28118 672.68566 682.98462 683.68706 656.52798 545.35309 532.22645 549.6044 466.78153 476.28772 347.6665 376.50232 387.47516 365.69933 346.94379 378.22744 336.52488 310.97588 262.23081 246.85623 144.49913 166.97904 175.30829 205.27298 269.98148 293.43653 285.11225 191.36614 115.52056 121.08261 140.52046 425.83682 450.38872 444.51884 543.42708 545.04678 539.8935 606.1056 607.17872 473.63488 380.91075 378.02116 376.58597 376.19808 429.12002 444.77522 603.89154 649.65837 698.40461 818.65865 800.4355 861.64725 799.79059 804.36123 820.52909 719.61239 736.31582 747.13117 790.14239 834.84429 855.64127 848.75555 805.56563 753.37706 794.4004 873.10938 496.40709 25.94224 
68.96375 0 42.80186 99.18165 276.76163 285.53983 362.39757 388.10565 378.30807 301.2806 339.94411 406.34098 448.44732 476.30347 579.64471 610.17784 628.10588 684.32813 623.0971 628.28735 527.75467 548.18427 459.37784 644.05124 700.54264 745.33884 704.77585 704.82054 734.06402 742.89164 740.94534 707.87357 596.13589 580.03879 593.22255 513.48709 528.30483 391.4537 411.20554 418.40291 389.48684 362.01933 385.6475 334.64159 306.14049 248.17131 209.30838 146.49232 181.68654 194.55847 217.03686 286.62519 320.33888 325.1169 253.23704 175.26266 167.50223 209.4803 448.00111 471.17937 458.26302 552.47171 548.33566 541.30305 604.64865 604.64369 469.92978 375.41044 363.32905 358.83283 356.82068 395.7019 420.00119 625.07999 674.01186 735.60111 860.61954 848.82565 915.26608 859.04889 866.21302 883.45231 782.31067 801.35946 813.71063 858.07983 903.80804 924.60261 917.69384 874.32945 822.13441 861.5544 941.34584 531.93232 54.08326 
100.17983 42.80186 0 83.24061 258.52079 266.89511 350.75347 391.74736 386.5346 305.73517 357.40453 424.64691 467.36388 496.23079 600.17664 629.22889 649.00616 704.77017 636.74327 639.98515 537.60301 553.07323 489.21569 672.92941 729.28458 776.25382 737.39066 740.435 771.98575 781.61371 780.82008 749.42711 637.75387 622.15191 635.79635 555.71305 569.61917 433.90782 453.99779 461.0694 431.61556 403.00124 424.9847 371.84539 342.70978 282.39157 233.01931 187.20042 223.66492 236.88182 258.31182 328.16154 362.86223 367.7839 290.51161 213.24399 208.97128 237.30571 489.83772 512.7904 498.70331 591.646 586.00341 578.4436 640.70586 640.34521 505.73708 411.17514 395.81814 390.08332 387.37707 418.47819 447.37121 666.55007 715.89105 778.39899 903.34157 890.94388 956.34721 898.11413 903.87222 920.39122 819.39611 836.4956500000001 847.03777 888.9775 929.46059 950.50828 942.44044 897.46531 845.2816 879.2383 962.0 574.7208 92.65527 
99.20181 99.18165 83.24061 0 178.08424 186.76188 267.74801 312.9297 311.54132 228.4316 294.09012 361.29212 404.29939 434.33627 538.20535 564.85219 587.24611 641.97351 565.4706 566.63392 462.94924 474.32162 446.32387 625.71958 681.3582 733.00272 698.72025 710.55823 750.17131 763.08125 767.77145 747.09704 636.84927 625.89455 645.48431 561.40003 567.15165 444.30282 475.35355 486.63744 464.5826 444.0912 472.96617 426.78566 399.46088 344.50253 308.22881 234.33522 262.61188 272.41512 300.443 367.20157 392.50222 383.27535 275.48502 206.4558 219.31712 199.06029 524.60461 548.99271 541.57732 639.20106 638.52094 632.48715 697.38153 697.88036 563.41547 469.35913 460.41828 456.66836 454.9901 494.6524 519.02408 702.69338 748.77833 796.30396 914.74859 892.91096 949.43614 880.43625 880.24201 893.97595 794.06611 804.45882 809.61348 845.07159 874.32831 895.77061 885.62125 838.04832 786.08523 811.8873 898.50598 594.93949 112.72976 
255.431 276.76163 258.52079 178.08424 0 9.05538 102.59142 207.76188 230.13908 157.43252 267.44158 320.9517 358.71994 389.1966 483.50077 500.14397 530.06037 578.41853 474.80206 467.14879 364.02197 352.84699 455.44813 609.49897 660.32794 722.03116 700.76529 732.86356 788.61714 807.96348 823.65587 824.16503 720.54493 718.09887 746.82528 659.6969 651.35627 556.43957 601.23622 617.62933 605.75325 595.20164 630.43239 591.70938 566.40356 516.248 486.06686 399.90623 420.30108 426.48798 458.52371 519.131 533.01407 506.78003 367.11033 324.42256 354.84362 269.20066 665.90389 691.35012 692.0 793.12294 797.88031 793.50488 860.44465 861.80334 728.7503 636.31753 632.41837 630.02857 629.00715 672.46189 695.03956 841.52242 882.3565 906.62119 1011.92143 973.90348 1012.46876 923.45546 910.56246 917.77175 823.328 818.19802 810.35547 828.39604 826.08716 848.09964 832.1352 778.02891 728.33234 726.65053 824.08069 714.34515 277.40583 
264.48629 285.53983 266.89511 186.76188 9.05538 0 97.45255 207.78113 231.62469 160.96272 271.69284 324.03086 361.26721 391.60183 484.99175 501.00898 531.27205 579.14592 474.14449 465.92917 363.2327 350.43544 460.21408 612.67038 663.16287 725.2565 704.63749 737.59406 793.96032 813.5484 829.66077 830.95727 727.65445 725.49017 754.48127 667.3305 658.55371 564.56443 609.66302 626.16291 614.50223 604.12002 639.42552 600.76118 575.45894 525.27516 494.83431 408.96087 429.33087 435.48823 467.54892 528.08048 541.78408 515.2281 375.04666 333.03453 363.67567 277.02887 674.63323 700.09213 700.88658 802.04862 806.87855 802.52102 869.47627 870.84154 737.8001 645.37276 641.44914 639.03834 638.00313 681.24077 703.97301 850.14939 890.84959 914.46377 1019.30025 980.73951 1018.61327 928.86166 915.44633 922.36706 828.24935 822.44635 814.01842 831.20274 827.26658 849.28499 833.0216 778.61736 729.1159 725.82711 823.78698 722.54065 286.4472 
327.53625 362.39757 350.75347 267.74801 102.59142 97.45255 0 137.87675 173.51945 135.09256 240.52026 276.63152 306.9609 335.00597 418.24394 428.93938 461.6373 505.28506 391.56353 380.04341 281.06404 259.27977 427.65406 559.9232 606.62014 672.0372 658.29856 700.7025 764.20023 786.80366 808.55673 821.73779 724.60333 727.48951 761.28378 674.54058 657.76135 583.54091 635.64927 655.01221 650.59357 647.71135 687.3718 656.03734 633.13347 588.96264 569.75959 469.38257 483.00931 486.37125 520.16247 574.24907 579.5248 543.10312 393.96065 369.89863 407.17195 297.98322 709.41736 735.12583 742.01684 844.5407 854.1124 851.3548 919.66298 921.89478 791.60722 702.00071 703.92329 703.39249 703.33846 754.93046 772.31146 880.11646 916.43221 923.95725 1019.08292 971.30479 998.3927 899.03559 879.17518 882.64375 792.96532 779.35421 764.65743 773.2561 755.46343 777.44324 758.99538 702.64073 654.76178 641.0117 741.82477 741.40677 352.14911 
333.16962 388.10565 391.74736 312.9297 207.76188 207.78113 137.87675 0 42.43819 86.83317 129.69194 145.09651 170.6722 197.72961 281.30055 294.3824 325.88494 372.0336 267.76108 262.29182 157.8005 161.44348 301.34697 422.58726 468.78779 534.46421 522.26908 568.24818 635.18186 659.4619 684.808 707.16122 616.96677 624.79836 662.96681 578.46434 553.65332 504.03372 563.15184 585.61847 591.19032 599.20614 644.0885 625.41586 607.31869 575.28167 578.13493 456.63333 458.24011 456.93872 491.37867 532.61993 525.24375 476.88258 326.07514 329.73474 372.78009 245.96747 646.36599 671.7172 687.00291 789.12419 805.52219 805.25834 874.37406 877.91799 754.65488 672.09002 683.93713 686.76706 688.48892 754.75161 761.16818 806.88846 837.08183 826.09018 910.6591 855.20114 874.04004 769.25223 746.23923 748.25797 660.82372 644.0194 627.62488 635.38728 621.2254 643.24489 626.115 571.14796 522.02394 519.7634 616.36515 657.10425 359.02228 
318.94356 378.30807 386.5346 311.54132 230.13908 231.62469 173.51945 42.43819 0 84.69356 89.26925 104.20172 133.70115 162.56075 253.38705 270.73972 300.0 349.2907 255.92381 255.26456 151.43315 172.2353 259.50915 387.05684 435.04597 499.4607 484.78036 528.41744 594.21965 618.12377 642.90045 664.7255 574.71123 582.86362 621.38554 537.2262 511.66883 465.44709 525.57872 548.53441 556.07283 566.40356 612.21319 596.64729 579.86981 551.23497 560.11516 434.25913 432.58409 430.06976 464.24993 501.88146 491.62994 441.02834 291.49614 302.3144 345.97398 217.88299 610.26551 635.45338 652.37106 754.06631 771.82187 772.08937 841.17358 844.98816 723.70228 643.20447 657.43821 661.10513 663.27219 733.00272 736.49168 768.50243 797.67725 784.42462 868.29775 812.80009 832.26738 728.55061 706.68804 709.49066 620.89693 605.90758 591.4051 602.5446 596.01342 618.02022 602.4392 549.10199 498.90279 506.28549 599.27038 617.27222 344.36318 
246.96963 301.2806 305.73517 228.4316 157.43252 160.96272 135.09256 86.83317 84.69356 0 111.8928 163.77118 202.71408 233.54871 331.54486 352.01278 379.43774 430.63325 340.61708 339.53055 235.17015 247.49141 301.53275 452.12387 503.29514 564.62376 543.72143 578.32343 637.38528 658.42995 677.70937 687.54708 589.60664 592.42299 626.52773 539.94166 522.67006 452.24993 506.95167 527.59548 527.53198 530.24145 573.07067 549.47702 529.7018 494.08602 492.83262 374.45694 379.2888 379.45882 413.97705 460.27817 458.57714 416.35681 265.11318 254.56826 296.076 174.28711 584.93161 610.58005 621.52795 724.19955 737.42389 736.05502 805.01552 808.0099 681.5541 596.12498 604.91487 606.82534 608.08634 671.30469 680.08014 751.92619 786.15138 789.37506 884.03619 837.2843 867.45259 772.45906 756.59566 762.58114 669.60585 661.92824 653.05819 671.36353 674.62359 696.56299 682.30198 630.22694 579.43506 590.73005 682.74299 609.27662 272.88275 
273.87953 339.94411 357.40453 294.09012 267.44158 271.69284 240.52026 129.69194 89.26925 111.8928 0 67.41661 110.38568 140.24621 244.16797 271.93565 293.2047 348.24273 285.04736 293.55238 201.18896 242.23129 189.67867 345.63564 398.72045 457.4101 433.63233 466.46972 525.8631 547.40295 568.11442 583.00343 489.50995 496.0252 533.5663 448.82624 425.0647 376.47045 437.17273 460.47909 469.89573 483.01138 529.91508 518.94604 504.34908 481.66066 501.39405 369.22892 361.53561 356.89914 390.2166 421.70131 407.44202 354.31765 207.32824 230.70543 274.38841 148.8086 523.00382 548.01459 566.55891 667.67432 686.89009 687.78266 756.73641 760.86792 642.34881 565.10618 583.00771 588.01445 590.90185 666.10059 664.63899 679.53292 708.41936 696.76179 783.86223 732.11542 757.95645 660.92737 644.70846 650.88401 557.71318 550.7749 543.692 566.21992 581.94931 603.59589 592.30397 544.01654 492.11075 522.05938 605.23879 528.00946 297.23559 
339.53644 406.34098 424.64691 361.29212 320.9517 324.03086 276.63152 145.09651 104.20172 163.77118 67.41661 0 43.01162 73.34848 176.92088 204.59227 225.96017 280.84515 222.82953 234.61031 153.16004 206.40978 156.97452 288.64684 339.52466 401.25428 382.89685 424.35009 490.15609 514.37048 540.2268 566.35854 481.27435 492.80016 533.99063 452.86863 421.57442 397.18131 461.04338 485.81889 501.51071 520.60061 568.98945 564.43423 552.32689 535.00841 561.0606 426.62044 414.95662 408.6392 440.75616 465.0043 444.36246 385.96372 248.96586 286.11186 328.80389 208.65521 550.84843 575.03478 598.28588 697.23023 719.9618 722.17726 790.54474 795.30434 682.16493 609.78848 631.52276 637.75387 641.26437 720.32006 715.07342 697.68904 721.90373 695.72983 772.5885 713.15776 729.20847 624.3877 602.71552 606.03382 516.77945 503.12026 491.00101 507.59235 516.38164 538.13474 526.07699 477.09223 425.29284 455.24169 537.82246 540.56729 362.27061 
381.24139 448.44732 467.36388 404.29939 358.71994 361.26721 306.9609 170.6722 133.70115 202.71408 110.38568 43.01162 0 31.01612 133.92908 161.91355 182.96447 237.85709 186.4001 201.44478 134.01492 195.02051 146.41379 253.40284 302.20026 365.89206 351.64755 399.02506 468.81232 494.69283 523.86734 557.31499 478.46107 493.10647 536.2574 458.21392 422.52218 413.41141 478.44853 503.88292 523.18734 545.67847 594.69067 593.94275 583.34295 569.217 598.91986 463.49217 449.66765 442.45225 473.72988 493.73373 469.57001 408.70771 279.21676 322.6918 364.55177 248.01814 569.94385 593.48546 619.45137 716.63937 741.43711 744.45281 812.2518 817.38424 707.8651 638.6517 662.59867 669.54312 673.41666 754.63434 747.10106 710.07041 731.26534 696.03591 765.96932 701.78059 711.31497 601.7059 576.41998 577.77244 491.63502 473.35399 457.73791 470.10637 474.23622 496.04536 483.54213 434.20386 382.46045 413.17429 494.89493 550.40076 403.58642 
408.62329 476.30347 496.23079 434.33627 389.1966 391.60183 335.00597 197.72961 162.56075 233.54871 140.24621 73.34848 31.01612 0 104.06248 134.11189 153.05554 208.54256 168.71573 187.38729 136.12494 200.86064 137.87313 224.92887 272.52339 337.08307 325.16149 376.03324 448.13502 475.01684 506.28549 544.56771 470.36687 487.155 531.52046 456.05482 417.41226 419.49612 485.06185 510.88159 532.86489 557.9292 607.29976 609.63103 600.30408 588.93293 621.93327 485.79522 470.09041 462.12768 492.60328 509.055 482.18875 419.71895 296.89728 345.17242 386.14505 273.3002 577.48593 600.46398 628.44092 724.0511 750.40322 754.03977 821.28253 826.70006 720.23398 653.71706 679.46228 687.00072 691.1787 774.18666 764.65547 712.18115 731.09848 689.42004 754.38518 687.08805 692.31856 579.85515 552.39297 552.57669 468.47945 447.44832 429.89533 440.20222 443.28997 465.08601 452.76152 403.82298 351.98011 386.16706 465.76925 551.09073 430.46486 
511.62486 579.64471 600.17664 538.20535 483.50077 484.99175 418.24394 281.30055 253.38705 331.54486 244.16797 176.92088 133.92908 104.06248 0 38.01315 49.04079 104.69479 114.2716 143.39107 160.41508 222.03152 183.84776 164.34719 197.47404 266.67208 271.22868 338.99852 419.40195 449.92888 489.2484 545.47318 489.63864 513.01559 560.20085 494.55939 448.07365 481.7053 547.24948 573.61398 602.00332 632.95023 682.6888 692.02384 685.50856 679.79776 718.67238 581.81784 562.94404 553.67589 582.41651 591.48119 558.9499 493.79449 386.81907 442.30419 481.58592 374.55306 640.65669 661.87763 694.74383 785.34642 815.58077 820.79778 886.14445 892.27462 794.18511 734.42562 764.00261 772.78263 777.58922 864.00925 850.30876 758.83924 770.81255 709.21435 756.04894 678.02728 665.83181 542.52834 505.08315 499.23541 427.40379 392.44999 363.60005 358.33643 343.14574 365.11094 350.95583 300.4663 248.91966 285.60112 361.88395 595.86911 532.96247 
542.66472 610.17784 629.22889 564.85219 500.14397 501.00898 428.93938 294.3824 270.73972 352.01278 271.93565 204.59227 161.91355 134.11189 38.01315 0 36.05551 78.63841 86.00581 116.3615 157.58172 213.08449 221.77691 181.96977 205.779 275.17449 287.38823 360.03472 442.03732 473.36772 514.66591 575.01304 523.06118 547.40295 594.86132 530.69011 483.38907 519.6162 585.12648 611.49816 640.01328 670.90461 720.64207 729.60811 722.82017 716.2681 753.62391 616.94489 598.9232 589.93219 619.0218 629.01907 596.82493 531.73865 423.19026 476.94234 516.81524 407.1523 678.53076 699.67206 732.69911 823.0893 853.48052 858.74443 924.02002 930.17471 832.18086 772.14765 801.41437 810.06172 814.79445 900.74025 887.62604 795.44704 806.60337 742.0256 784.98471 704.57362 687.45108 561.27177 520.4498 512.22748 445.83965 405.88668 372.26334 358.21781 326.88224 348.89683 332.01355 278.41156 228.21919 252.121 333.65401 632.47529 564.57594 
559.93303 628.10588 649.00616 587.24611 530.06037 531.27205 461.6373 325.88494 300.0 379.43774 293.2047 225.96017 182.96447 153.05554 49.04079 36.05551 0 56.60388 117.88553 148.18906 193.2149 249.12848 218.04815 150.37619 170.4846 239.71024 254.1889 328.97568 411.70013 443.4828 486.12858 550.14543 503.48088 529.46199 577.33872 516.73203 467.55213 513.84919 578.82035 605.21896 636.09511 669.33773 719.03059 731.292 725.9814 722.67558 764.02159 627.04146 606.90114 597.12645 625.08239 631.09824 596.4059 530.57139 430.31383 488.25608 526.78078 422.22387 672.02976 692.38789 727.1781 815.23984 847.05902 852.949 917.26386 923.69096 829.54505 772.85962 804.00559 813.30191 818.37033 906.14182 890.62899 782.42954 791.25785 721.05616 759.17125 676.6417 656.10136 528.56976 486.42368 477.46937 413.17429 371.3812 336.68976 322.27317 296.02702 318.0393 302.87456 251.62074 200.25983 240.26027 313.2491 619.6975 581.02151 
616.26049 684.32813 704.77017 641.97351 578.41853 579.14592 505.28506 372.0336 349.2907 430.63325 348.24273 280.84515 237.85709 208.54256 104.69479 78.63841 56.60388 0 131.54847 158.40454 228.47319 276.17566 270.22398 167.58579 168.75129 233.42022 260.5993 341.27554 424.95293 457.66472 503.43321 575.00608 537.57697 565.72961 613.93484 558.03225 506.90926 562.87565 627.236 653.58855 686.18146 720.93619 770.53293 784.65278 780.05192 778.00257 820.31274 683.31617 662.74052 652.76335 680.35578 684.75762 648.80197 582.6577 486.07201 544.73663 583.06946 478.77447 720.06944 739.73035 775.90205 861.87005 894.87485 901.27132 964.7098 971.36038 880.24598 825.67063 857.75346 867.34537 872.56059 961.03329 944.5168 823.92718 829.9765 752.01196 781.17155 694.26219 664.47046 532.97842 485.47296 472.6066 418.77082 369.1287 327.20024 298.91804 250.31979 272.25906 254.09643 199.81241 150.0 184.58873 257.23335 661.89802 637.47156 
558.34218 623.0971 636.74327 565.4706 474.80206 474.14449 391.56353 267.76108 255.92381 340.61708 285.04736 222.82953 186.4001 168.71573 114.2716 86.00581 117.88553 131.54847 0 30.41381 111.01801 146.75149 287.92012 267.52943 287.21072 355.78083 372.06047 445.87217 528.01515 559.37286 600.54142 659.36712 603.46333 626.13496 673.00297 605.06941 560.17497 582.84303 648.64474 674.78959 699.32109 725.98071 775.47017 778.32191 768.72101 755.61167 783.88774 649.1918 636.0503 628.83463 659.97348 677.76397 650.45906 587.3338 464.87525 508.485 550.70591 431.33745 741.75804 764.00261 794.08123 887.76404 915.79582 920.02663 986.63569 992.3326 888.22519 822.43115 847.9257 855.24324 859.27934 941.02603 932.86708 867.6203 881.70403 823.24297 869.73329 790.25628 773.25416 646.37837 604.13988 594.55697 530.96139 488.81182 452.13382 429.81507 374.44492 395.90402 373.80743 315.15393 270.93357 252.00396 350.37408 704.89857 582.08676 
564.80881 628.28735 639.98515 566.63392 467.14879 465.92917 380.04341 262.29182 255.26456 339.53055 293.55238 234.61031 201.44478 187.38729 143.39107 116.3615 148.18906 158.40454 30.41381 0 104.78549 127.14165 312.44359 297.94126 317.05677 385.3946 402.37793 476.28247 558.39502 589.71942 630.73687 688.8396 631.48792 653.55795 700.18283 631.02773 587.0 605.14213 670.89566 696.91462 720.05902 745.2362 794.54704 795.30874 784.76811 769.44915 794.53445 660.92737 649.48979 642.89968 674.62582 694.99424 669.40271 607.1062400000001 480.63499 520.6323 563.41281 441.57558 763.74864 786.33644 815.36494 910.06812 937.25183 941.11954 1008.12747 1013.65921 907.54448 839.87141 864.02604 870.87312 874.66222 954.81987 948.39021 892.55812 907.66789 851.45639 899.34253 820.32432 803.66721 676.7348 634.25546 624.3949 561.32432 518.80246 481.50597 457.30077 395.94949 417.1055 393.71182 334.22896 292.21909 260.96934 363.02203 730.07191 589.06196 
465.9839 527.75467 537.60301 462.94924 364.02197 363.2327 281.06404 157.8005 151.43315 235.17015 201.18896 153.16004 134.01492 136.12494 160.41508 157.58172 193.2149 228.47319 111.01801 104.78549 0 66.18912 273.99452 323.32182 357.694 427.01873 429.95813 492.88639 570.19733 599.07678 634.08595 678.17401 606.36045 623.25757 667.46385 591.05329 553.39045 546.77326 611.49407 636.6993 654.08332 673.76034 722.1281 716.46353 703.38965 682.6888 701.23106 570.2324 562.49888 557.41187 590.33888 617.51841 597.52154 538.76339 401.34025 431.83561 475.43874 349.73847 702.35318 726.199 750.73297 848.96407 872.55773 875.00514 943.23114 948.09756 835.28977 762.09448 782.40207 787.99492 791.14221 867.27446 864.94855 844.0853 864.97225 825.53861 888.61746 818.41309 816.57638 697.68904 663.34003 658.78145 583.44237 552.00724 524.00381 515.30185 478.16733 499.98499 479.89269 422.53638 375.89892 362.63066 461.29925 684.26383 490.80546 
490.63428 548.18427 553.07323 474.32162 352.84699 350.43544 259.27977 161.44348 172.2353 247.49141 242.23129 206.40978 195.02051 200.86064 222.03152 213.08449 249.12848 276.17566 146.75149 127.14165 66.18912 0 338.37553 386.20719 417.52844 487.05235 493.07707 557.82613 635.74837 664.84434 700.17854 744.15388 671.14826 687.2474 730.92612 653.22966 617.00243 603.51801 667.45187 692.18855 706.84227 723.46388 771.03177 761.16818 746.25732 721.0416 732.30594 605.35774 601.50477 597.85031 631.56076 663.77405 647.44497 591.04737 448.46961 470.51142 514.37437 386.51778 757.02906 781.32451 803.70952 903.24138 925.07837 926.8058 995.45065 999.9699899999999 883.81898 807.33698 824.68054 829.23157 831.8275 903.97013 905.39328 903.17938 925.72674 889.86796 954.48624 884.59764 882.25279 762.45196 726.83491 721.26139 647.87653 614.47945 584.23368 570.61107 521.1612 542.57534 520.03461 460.89695 417.57993 385.29209 489.17277 744.61399 516.20247 
390.94756 459.37784 489.21569 446.32387 455.44813 460.21408 427.65406 301.34697 259.50915 301.53275 189.67867 156.97452 146.41379 137.87313 183.84776 221.77691 218.04815 270.22398 287.92012 312.44359 273.99452 338.37553 0 185.06755 241.56986 287.39171 253.03161 277.41665 336.65709 359.27148 383.46316 411.34049 332.8453 349.29214 393.85911 320.01406 279.73201 297.85902 363.43087 389.78583 418.62632 451.29369 500.98303 514.58429 510.72693 512.43048 562.85877 426.98009 401.33028 389.79096 414.95662 414.98192 378.6357 312.62277 226.82372 296.46753 328.73241 252.05158 456.83804 478.20706 510.92954 601.78816 631.73728 636.9686 702.31901 708.43065 611.62897 555.44666 587.96258 597.90718 603.34484 693.33397 674.83701 580.11809 596.21472 551.58408 619.58857 556.93895 572.75823 471.63227 455.29001 462.46729 368.17658 364.74237 364.17715 399.98124 450.5208 470.3892 467.34355 431.648 380.81622 453.61657 510.09802 417.73197 406.97542 
575.4181 644.05124 672.92941 625.71958 609.49897 612.67038 559.9232 422.58726 387.05684 452.12387 345.63564 288.64684 253.40284 224.92887 164.34719 181.96977 150.37619 167.58579 267.52943 297.94126 323.32182 386.20719 185.06755 0 56.51548 112.64102 106.88779 178.60011 261.4804 293.49275 337.36923 407.4911 375.51564 406.04063 454.25213 407.01965 352.95325 434.7528 495.07171 520.71201 559.64453 601.04242 649.27806 674.22622 674.99925 685.14013 742.38803 608.12663 579.67232 566.96119 589.10185 578.50842 534.98878 468.89764 409.09289 480.98752 511.59065 435.66041 584.86323 601.87041 642.40252 720.4672 756.91082 764.97385 825.0006 832.31724 753.63917 710.9803 748.9526 760.67141 766.99478 860.61954 835.64406 670.54679 671.91814 586.40003 613.7752 528.2471 505.80035 379.43774 340.73596 335.46683 264.03787 228.7116 205.30221 220.81893 269.15608 288.02777 288.4441 261.6295 215.37177 318.09746 347.87641 511.32963 591.90624 
631.88923 700.54264 729.28458 681.3582 660.32794 663.16287 606.62014 468.78779 435.04597 503.29514 398.72045 339.52466 302.20026 272.52339 197.47404 205.779 170.4846 168.75129 287.21072 317.05677 357.694 417.52844 241.56986 56.51548 0 69.52697 93.55746 176.91806 259.9423 293.02559 341.15099 421.45581 403.68552 436.61539 484.29433 444.70327 389.35074 482.29866 540.76427 565.95494 606.71245 649.73994 697.38081 724.80411 726.62645 738.65891 797.42711 663.64146 634.60381 621.66309 643.12129 630.3031 585.49551 519.83939 465.0215 537.3202 567.54647 492.05081 628.80601 644.64719 686.66221 761.07095 798.88422 807.602 865.96535 873.55022 799.75121 760.47945 799.6099 811.71731 818.23529 912.55465 886.04119 704.48917 702.02279 606.6902 621.67676 530.77019 496.04032 364.23206 317.90721 307.34996 250.13996 201.94306 166.71232 168.07438 215.50174 233.5851 236.29219 215.60148 174.00287 289.17122 304.53242 548.23352 648.42038 
677.39058 745.33884 776.25382 733.00272 722.03116 725.2565 672.0372 534.46421 499.4607 564.62376 457.4101 401.25428 365.89206 337.08307 266.67208 275.17449 239.71024 233.42022 355.78083 385.3946 427.01873 487.05235 287.39171 112.64102 69.52697 0 59.20304 135.59498 212.46176 245.24681 296.05742 385.18696 385.25316 420.71962 466.74296 439.18219 383.10311 493.8441 547.75907 571.77355 615.80029 662.01208 707.96751 741.08366 745.68089 763.39832 827.83814 696.96628 665.26686 651.42689 670.12909 650.43985 602.61181 538.71049 502.0488 577.1906 604.03062 539.34033 631.49425 645.03643 689.45848 756.71989 796.69944 806.54882 861.63217 869.6482 805.46384 773.88694 815.69234 828.76112 835.7709 931.64907 901.07324 689.93985 682.00439 575.0 576.49978 481.33668 436.95537 302.64996 252.29546 239.47024 191.80198 135.95955 97.18538 112.75194 207.6078 220.90722 232.99785 230.25637 200.96019 327.18496 320.35293 539.80181 692.26078 
637.70604 704.77585 737.39066 698.72025 700.76529 704.63749 658.29856 522.26908 484.78036 543.72143 433.63233 382.89685 351.64755 325.16149 271.22868 287.38823 254.1889 260.5993 372.06047 402.37793 429.95813 493.07707 253.03161 106.88779 93.55746 59.20304 0 84.00595 166.4602 199.57204 248.24383 332.09637 326.65731 361.86461 408.14213 380.06315 323.98919 437.38427 490.07448 513.81903 558.43441 605.33048 650.80027 685.39623 690.88711 710.75171 777.69209 648.76883 615.72477 601.4682 618.75035 596.2491 547.49611 484.42336 457.19361 533.74338 558.14872 502.08067 572.96771 586.22606 630.8977600000001 697.55286 737.62117 747.5413 802.45436 810.48195 747.2436 717.33116 759.83221 773.17527 780.32941 876.59169 844.81003 631.13865 624.00721 520.24032 529.13608 437.34654 404.08538 274.49225 233.8632 229.19205 159.23881 122.80065 111.15754 159.69971 266.81079 279.95892 292.13866 287.16719 254.1889 376.94164 377.51423 480.60066 651.1605 
640.28118 704.82054 740.435 710.55823 732.86356 737.59406 700.7025 568.24818 528.41744 578.32343 466.46972 424.35009 399.02506 376.03324 338.99852 360.03472 328.97568 341.27554 445.87217 476.28247 492.88639 557.82613 277.41665 178.60011 176.91806 135.59498 84.00595 0 83.67795 116.49892 164.30459 249.6898 256.62813 293.47061 337.46851 321.89594 267.00187 397.61287 443.1907 465.0215 512.51536 562.29707 605.0785 645.8893 654.70145 681.51669 755.08542 632.43655 596.31702 581.12391 594.21629 563.10744 511.59065 452.52734 452.08959 530.1594 548.66474 511.52517 519.60465 530.23202 576.84746 635.72085 677.52785 688.45987 739.93783 748.31143 695.01798 673.9859 719.12446 733.46097 741.12414 838.28873 802.00062 560.92869 549.74903 439.45079 445.13593 353.99011 327.42021 204.89265 178.5301 185.39687 92.61749 97.5141 128.47178 205.779 336.95251 347.15126 363.61793 365.57899 335.95981 460.30424 455.4119 417.25292 650.73881 
672.68566 734.06402 771.98575 750.17131 788.61714 793.96032 764.20023 635.18186 594.21965 637.38528 525.8631 490.15609 468.81232 448.13502 419.40195 442.03732 411.70013 424.95293 528.01515 558.39502 570.19733 635.74837 336.65709 261.4804 259.9423 212.46176 166.4602 83.67795 0 33.13608 83.72574 179.01117 215.7962 253.30811 291.15803 296.69681 247.29739 393.02162 428.22891 446.96867 496.84001 549.0428 587.77036 635.31488 647.80552 681.93034 761.57731 647.06259 608.47349 592.61538 601.10315 561.2878 507.8356 454.97362 481.48624 558.96064 571.55664 552.13404 494.25196 501.1387 549.47702 596.89613 640.62625 652.8162 699.06365 707.84461 668.29933 658.47779 706.12888 721.44369 729.60331 826.78292 785.62141 510.49485 492.66824 370.41733 364.13733 270.89665 246.66171 135.07405 132.45754 153.94154 57.27128 118.56221 173.04623 257.87787 402.15544 409.41421 429.57187 438.54532 413.14041 539.57946 527.0313 380.37087 680.28302 
682.98462 742.89164 781.61371 763.08125 807.96348 813.5484 786.80366 659.4619 618.12377 658.42995 547.40295 514.37048 494.69283 475.01684 449.92888 473.36772 443.4828 457.66472 559.37286 589.71942 599.07678 664.84434 359.27148 293.49275 293.02559 245.24681 199.57204 116.49892 33.13608 0 51.92301 151.09268 201.69779 238.47222 272.83878 287.4526 241.61539 390.71728 421.34309 438.64906 489.0685 541.88744 578.77456 628.76466 642.65854 679.53292 761.28969 650.44292 611.06628 595.03025 601.65189 558.61435 504.75439 454.80215 491.63502 568.37047 578.57843 566.19607 482.59403 487.92007 536.66097 579.27627 623.60243 636.24602 680.29405 689.20969 655.20225 649.86537 698.3237 713.96988 722.29703 819.18251 776.2171 488.61129 468.20935 341.68552 331.25518 237.7751 217.62352 117.3925 130.86252 158.11388 75.16648 143.89232 200.8706 285.81987 432.28347 438.81886 459.80213 470.30628 445.70954 572.42292 558.40128 364.95479 689.42077 
683.68706 740.94534 780.82008 767.77145 823.65587 829.66077 808.55673 684.808 642.90045 677.70937 568.11442 540.2268 523.86734 506.28549 489.2484 514.66591 486.12858 503.43321 600.54142 630.73687 634.08595 700.17854 383.46316 337.36923 341.15099 296.05742 248.24383 164.30459 83.72574 51.92301 0 101.82828 171.49344 205.87617 234.41203 262.0706 223.02017 374.02138 397.40407 412.43787 463.2278 516.57526 550.62509 603.85842 619.71767 660.46725 745.05436 640.29055 599.90832 583.69255 587.41212 539.77958 485.6964 440.60072 493.32849 568.26842 574.57201 573.77521 451.27042 454.4029 503.42129 539.56 584.49978 597.67968 638.90531 647.9645 621.09741 621.93327 671.34491 687.40453 695.94037 792.12372 746.76167 444.04616 420.88003 290.76622 281.00177 190.90573 189.84203 124.32618 160.10309 192.08331 124.16923 194.53791 252.23996 337.09494 484.14977 490.52013 511.68154 522.06129 496.83498 623.04092 610.27534 329.38731 688.20418 
656.52798 707.87357 749.42711 747.09704 824.16503 830.95727 821.73779 707.16122 664.7255 687.54708 583.00343 566.35854 557.31499 544.56771 545.47318 575.01304 550.14543 575.00608 659.36712 688.8396 678.17401 744.15388 411.34049 407.4911 421.45581 385.18696 332.09637 249.6898 179.01117 151.09268 101.82828 0 111.78998 134.08206 147.0918 200.03999 180.24705 322.14437 330.6675 341.01319 391.18409 444.40634 473.08033 531.08944 550.10998 597.08625 685.68578 593.3338 551.79434 535.55578 533.83518 478.72434 425.44094 390.81709 472.45105 541.82838 540.47571 562.20014 369.93512 369.38462 418.18656 444.70664 490.20505 504.00992 541.7204 550.91287 533.47633 543.91543 594.4081 610.99918 619.80158 714.15754 665.32999 344.20923 319.25068 191.46279 210.94312 149.90663 210.09759 207.09901 256.00781 289.70502 225.48835 294.98474 351.55084 436.51345 580.85798 588.40207 608.185 614.56407 585.60396 708.9464 703.90695 243.52617 657.29293 
545.35309 596.13589 637.75387 636.84927 720.54493 727.65445 724.60333 616.96677 574.71123 589.60664 489.50995 481.27435 478.46107 470.36687 489.63864 523.06118 503.48088 537.57697 603.46333 631.48792 606.36045 671.14826 332.8453 375.51564 403.68552 385.25316 326.65731 256.62813 215.7962 201.69779 171.49344 111.78998 0 37.64306 81.49233 92.00543 70.0 211.41901 226.88322 241.04978 291.8527 345.25353 379.25453 432.55173 449.02115 492.0254 578.77802 482.42097 441.02607 424.75993 424.40664 372.13438 318.26561 279.95178 363.27537 431.02784 428.78549 455.33723 281.15654 286.25163 334.96417 382.02748 425.26462 437.22419 485.20717 493.80562 453.54602 450.55188 499.86598 515.91181 524.44732 620.66577 575.85154 304.86882 298.41246 220.19309 294.59803 256.33766 321.01401 294.93219 329.27344 359.00139 272.42613 331.48906 379.7328 461.3296 591.71361 602.99585 617.77989 613.1574 576.61859 691.46944 703.5183 164.6147 545.71512 
532.22645 580.03879 622.15191 625.89455 718.09887 725.49017 727.48951 624.79836 582.86362 592.42299 496.0252 492.80016 493.10647 487.155 513.01559 547.40295 529.46199 565.72961 626.13496 653.55795 623.25757 687.2474 349.29214 406.04063 436.61539 420.71962 361.86461 293.47061 253.30811 238.47222 205.87617 134.08206 37.64306 0 48.27007 67.06713 71.30918 190.192 197.0406 208.95932 259.62472 313.07666 345.16228 400.26241 417.93899 463.38968 551.64934 460.83511 419.14794 402.97146 400.13247 344.68101 291.35888 258.71219 355.60089 419.44725 413.57466 450.43201 245.45875 249.57764 298.43927 344.39802 387.62481 399.6098 447.66617 456.24226 416.80331 416.45407 466.20274 482.44585 491.08044 586.80916 540.8974 269.28423 265.95676 203.06649 293.82477 268.7936 343.82117 328.0 364.89176 395.18223 309.808 369.13141 417.193 498.52783 627.6448 639.25347 653.53576 647.63338 610.12293 723.22126 737.93292 127.06297 530.90488 
549.6044 593.22255 635.79635 645.48431 746.82528 754.48127 761.28378 662.96681 621.38554 626.52773 533.5663 533.99063 536.2574 531.52046 560.20085 594.86132 577.33872 613.93484 673.00297 700.18283 667.46385 730.92612 393.85911 454.25213 484.29433 466.74296 408.14213 337.46851 291.15803 272.83878 234.41203 147.0918 81.49233 48.27007 0 87.20091 114.12712 202.20039 192.86523 198.84164 247.655 300.20159 326.57158 386.02072 406.44433 456.79316 547.39839 466.79438 425.04235 409.18455 402.27353 341.7382 290.41349 268.28715 380.93831 439.61119 429.19692 477.83365 222.92599 222.52415 271.44796 306.43759 350.85182 363.69492 407.94239 416.76012 387.76926 397.15991 447.80017 464.48681 473.3392 567.25391 518.24704 223.54417 217.89217 163.24827 269.26752 261.29676 349.36656 351.74138 394.49207 426.31091 346.39428 408.76888 458.91175 541.35016 673.10028 684.22291 699.21741 694.52501 657.58345 771.2801 784.8726 96.56603 546.10804 
466.78153 513.48709 555.71305 561.40003 659.6969 667.3305 674.54058 578.46434 537.2262 539.94166 448.82624 452.86863 458.21392 456.05482 494.55939 530.69011 516.73203 558.03225 605.06941 631.02773 591.05329 653.22966 320.01406 407.01965 444.70327 439.18219 380.06315 321.89594 296.69681 287.4526 262.0706 200.03999 92.00543 67.06713 87.20091 0 56.08029 123.13001 135.34031 151.24152 201.81427 254.92155 291.43266 342.0994 357.65486 400.01999 486.98767 393.85911 352.20022 336.00595 333.80832 280.21598 226.43321 191.65072 294.24139 355.0352 347.46222 390.80046 198.64541 208.33866 255.28023 317.67278 357.59893 367.76351 422.6547 430.57287 373.87297 362.44171 410.91239 426.6427 435.02873 531.78661 489.12166 265.93232 276.65321 249.43536 354.51516 335.44 410.11827 386.12174 417.31043 445.56593 353.96751 406.83166 449.60871 527.18118 646.60652 660.01893 671.40524 659.56425 618.46584 724.75444 749.10413 104.38869 464.78597 
476.28772 528.30483 569.61917 567.15165 651.35627 658.55371 657.76135 553.65332 511.66883 522.67006 425.0647 421.57442 422.52218 417.41226 448.07365 483.38907 467.55213 506.90926 560.17497 587.0 553.39045 617.00243 279.73201 352.95325 389.35074 383.10311 323.98919 267.00187 247.29739 241.61539 223.02017 180.24705 70.0 71.30918 114.12712 56.08029 0 151.00331 180.95303 200.39211 249.77189 301.76149 341.32975 388.05798 401.16829 438.52593 522.13791 419.05846 378.16927 361.90192 364.49554 317.61612 263.60007 217.9197 293.29336 361.61443 360.80604 385.50745 252.62026 263.59059 309.8661 373.72851 413.64961 423.7275 478.70032 486.63744 428.04205 411.64669 458.92265 474.1698 482.31213 579.51186 539.1892 317.90721 323.70665 274.16965 361.70706 326.30813 387.1253 347.05186 372.44731 398.97117 304.32219 354.0353 395.12656 471.83153 590.52942 603.94701 615.3503 603.90893 563.25571 671.00074 693.57768 158.90248 477.31855 
347.6665 391.4537 433.90782 444.30282 556.43957 564.56443 583.54091 504.03372 465.44709 452.24993 376.47045 397.18131 413.41141 419.49612 481.7053 519.6162 513.84919 562.87565 582.84303 605.14213 546.77326 603.51801 297.85902 434.7528 482.29866 493.8441 437.38427 397.61287 393.02162 390.71728 374.02138 322.14437 211.41901 190.192 202.20039 123.13001 151.00331 0 65.80273 92.02716 124.96399 168.22009 215.12786 248.76695 257.18864 289.01384 371.22769 271.18997 229.68238 213.43148 213.75921 168.26764 114.9826 68.68041 190.5387 239.76029 227.03523 288.66936 159.08802 181.20154 213.33776 304.95409 333.88021 339.2359 404.49969 410.57277 319.42761 280.04463 322.76926 336.5546 344.00145 440.95351 407.42729 303.06599 334.0898 353.22089 471.00955 458.24556 532.12404 498.02509 521.45277 546.49794 448.97438 491.34611 525.0838 594.58977 695.3855 711.50122 717.80916 696.1609 649.94538 741.63602 782.49345 158.35403 343.91423 
376.50232 411.20554 453.99779 475.35355 601.23622 609.66302 635.64927 563.15184 525.57872 506.95167 437.17273 461.04338 478.44853 485.06185 547.24948 585.12648 578.82035 627.236 648.64474 670.89566 611.49407 667.45187 363.43087 495.07171 540.76427 547.75907 490.07448 443.1907 428.22891 421.34309 397.40407 330.6675 226.88322 197.0406 192.86523 135.34031 180.95303 65.80273 0 26.40075 69.35416 120.8139 161.89502 207.42468 222.31509 266.42259 355.5334 277.01624 235.66925 220.38375 210.23082 149.05032 97.73944 94.51454 242.04338 278.03776 256.20499 338.01775 93.4077 115.44695 148.71785 239.17566 268.3915 274.14777 338.89526 345.0797 258.99034 231.22499 277.9964 293.21834 301.37849 398.5599 359.12254 244.9755 281.55638 324.42718 452.23887 454.12002 539.179 521.45277 551.77622 579.24951 485.27517 533.56255 571.61612 644.66192 751.86235 767.25484 774.99419 755.68908 710.44 804.86147 842.91043 120.73938 368.51729 
387.47516 418.40291 461.0694 486.63744 617.62933 626.16291 655.01221 585.61847 548.53441 527.59548 460.47909 485.81889 503.88292 510.88159 573.61398 611.49816 605.21896 653.58855 674.78959 696.91462 636.6993 692.18855 389.78583 520.71201 565.95494 571.77355 513.81903 465.0215 446.96867 438.64906 412.43787 341.01319 241.04978 208.95932 198.84164 151.24152 200.39211 92.02716 26.40075 0 50.80354 104.23531 140.94325 191.52545 209.15305 257.96511 348.93695 280.13032 239.61009 225.05554 210.98341 145.39944 99.04544 111.94641 262.48809 293.42119 268.54422 357.04481 67.06713 89.627 122.44998 213.19005 242.00206 247.75794 312.53319 318.69264 234.05341 211.51359 259.67864 275.40878 283.81684 380.54828 338.82443 225.16216 264.88676 319.5309 450.80927 458.71341 547.6906 535.95522 568.53671 596.75204 504.17159 554.1931 593.49304 667.5043 776.44961 791.63943 799.76308 781.06401 736.0557 831.0385 868.48431 116.72617 377.91533 
365.69933 389.48684 431.61556 464.5826 605.75325 614.50223 650.59357 591.19032 556.07283 527.53198 469.89573 501.51071 523.18734 532.86489 602.00332 640.01328 636.09511 686.18146 699.32109 720.05902 654.08332 706.84227 418.62632 559.64453 606.71245 615.80029 558.43441 512.51536 496.84001 489.0685 463.2278 391.18409 291.8527 259.62472 247.655 201.81427 249.77189 124.96399 69.35416 50.80354 0 53.46026 92.64987 140.73023 159.00314 210.54453 302.60535 246.3331 207.96634 195.02051 175.17134 105.8017 72.91776 115.84903 265.12072 282.41281 251.50944 353.95197 60.37383 85.61541 96.8762 198.00252 218.47654 221.2894 289.17122 294.20061 194.61243 161.96604 209.35137 224.9022 233.24021 330.15148 289.79475 238.21209 284.8719 358.25828 492.6926 505.81122 596.96901 586.75804 619.1163 647.13831 553.97653 602.85736 640.92511 713.63926 818.98046 834.70354 841.76124 820.94579 774.88386 865.96535 907.43154 160.16241 353.27751 
346.94379 362.01933 403.00124 444.0912 595.20164 604.12002 647.71135 599.20614 566.40356 530.24145 483.01138 520.60061 545.67847 557.9292 632.95023 670.90461 669.33773 720.93619 725.98071 745.2362 673.76034 723.46388 451.29369 601.04242 649.73994 662.01208 605.33048 562.29707 549.0428 541.88744 516.57526 444.40634 345.25353 313.07666 300.20159 254.92155 301.76149 168.22009 120.8139 104.23531 53.46026 0 49.73932 87.29833 106.30145 161.64467 254.44842 215.80083 181.83509 171.75855 145.05516 76.96752 76.24303 139.18692 275.69729 277.96582 241.44771 356.05055 92.78469 112.16059 97.57561 197.95201 207.19555 206.11889 275.21991 278.71849 162.30834 112.05802 157.30861 172.40939 180.56854 277.75168 239.92707 264.1685 315.48375 403.2431 539.61838 556.83839 649.56139 640.17575 672.1168 699.88713 606.0825 653.73159 690.50488 761.83003 863.39156 879.63856 885.60261 862.67143 815.62797 902.60179 948.08122 210.28076 331.42872 
