22
d6 b2 d2 c4 c7 a9 c0 e0 e5 a4 c9 a3 c6 b5 e8 b1 d3 b3 d9 e3 b7 e4
0 152.08221 298.44429 402.31455 439.06491 548.2855 585.44427 666.80206 674.70956 611.90277 749.10613 532.65373 608.41515 474.30475 406.97051 329.51479 305.92973 285.02982 225.78751 210.85777 320.93768 148.93287 
152.08221 0 222.72853 329.96969 410.12802 442.14251 446.02466 528.24615 531.52046 460.58441 606.00082 456.40004 552.13041 468.984 385.44 280.16602 387.2002 415.57791 363.88597 354.14121 450.44422 255.97656 
298.44429 222.72853 0 108.40664 200.02249 254.24791 343.28122 415.60076 438.35373 485.37202 674.58505 649.78842 755.38069 690.69385 605.57741 496.34766 592.57067 581.89775 520.11633 501.19856 458.52371 284.56985 
402.31455 329.96969 108.40664 0 133.25539 175.07141 318.67538 376.89786 409.695 514.49586 713.79338 741.50455 850.43047 796.00125 709.8535 599.01669 700.1057 682.67781 619.62972 599.09932 516.00387 365.12463 
439.06491 410.12802 200.02249 133.25539 0 271.47191 442.98645 492.33423 529.81223 647.75072 846.77387 849.49514 953.97536 877.64742 795.40744 689.56943 744.99463 698.82758 633.83436 609.64989 460.81775 355.64729 
548.2855 442.14251 254.24791 175.07141 271.47191 0 194.12367 225.30423 267.46962 445.19209 647.84334 779.37731 894.49538 879.53851 790.31765 676.2847 828.60002 833.22806 772.58074 754.53959 691.03545 534.25274 
585.44427 446.02466 343.28122 318.67538 442.98645 194.12367 0 82.28 95.07891 264.0 462.04437 665.68235 781.99872 809.76539 721.25584 610.80356 820.14267 861.44123 807.93625 795.64942 801.25027 619.31736 
666.80206 528.24615 415.60076 376.89786 492.33423 225.30423 82.28 0 48.76474 297.67431 481.33668 730.01712 845.65004 884.35852 796.49231 687.43363 901.84699 943.5873 889.81177 877.2434 874.03432 695.79882 
674.70956 531.52046 438.35373 409.695 529.81223 267.46962 95.07891 48.76474 0 257.02918 435.10573 701.55612 816.32959 865.20748 778.3945 671.63159 897.00947 946.8437 895.08044 883.9061 896.29124 713.62314 
611.90277 460.58441 485.37202 514.49586 647.75072 445.19209 264.0 297.67431 257.02918 0 203.3642 467.12418 577.29195 661.15656 581.42067 489.92346 755.46674 843.16605 804.00559 800.61101 897.89197 701.28025 
749.10613 606.00082 674.58505 713.79338 846.77387 647.84334 462.04437 481.33668 435.10573 203.3642 0 435.63287 522.23079 664.8496 602.29975 541.08409 824.79391 939.72868 911.77409 913.99398 1055.80916 859.61444 
532.65373 456.40004 649.78842 741.50455 849.49514 779.37731 665.68235 730.01712 701.55612 467.12418 435.63287 0 116.46887 235.30618 195.56328 206.92993 454.30056 601.84549 598.34772 611.76547 847.28566 679.45934 
608.41515 552.13041 755.38069 850.43047 953.97536 894.49538 781.99872 845.65004 816.32959 577.29195 522.23079 116.46887 0 209.99523 218.0 280.25167 470.93523 628.16001 636.47545 654.00305 912.05482 757.27141 
474.30475 468.984 690.69385 796.00125 877.64742 879.53851 809.76539 884.35852 865.20748 661.15656 664.8496 235.30618 209.99523 0 89.4986 203.40353 269.93702 429.63821 447.6751 468.78779 747.73925 619.23339 
406.97051 385.44 605.57741 709.8535 795.40744 790.31765 721.25584 796.49231 778.3945 581.42067 602.29975 195.56328 218.0 89.4986 0 114.03946 260.86011 413.75959 418.8138 436.02293 698.52415 554.95585 
329.51479 280.16602 496.34766 599.01669 689.56943 676.2847 610.80356 687.43363 671.63159 489.92346 541.08409 206.92993 280.25167 203.40353 114.03946 0 284.19183 412.88497 400.0 410.64948 640.78467 477.96338 
305.92973 387.2002 592.57067 700.1057 744.99463 828.60002 820.14267 901.84699 897.00947 755.46674 824.79391 454.30056 470.93523 269.93702 260.86011 284.19183 0 159.76545 185.80904 210.76052 504.77717 421.24577 
285.02982 415.57791 581.89775 682.67781 698.82758 833.22806 861.44123 943.5873 946.8437 843.16605 939.72868 601.84549 628.16001 429.63821 413.75959 412.88497 159.76545 0 65.06919 91.02197 374.67452 346.87317 
225.78751 363.88597 520.11633 619.62972 633.83436 772.58074 807.93625 889.81177 895.08044 804.00559 911.77409 598.34772 636.47545 447.6751 418.8138 400.0 185.80904 65.06919 0 28.16025 323.30326 281.93793 
210.85777 354.14121 501.19856 599.09932 609.64989 754.53959 795.64942 877.2434 883.9061 800.61101 913.99398 611.76547 654.00305 468.78779 436.02293 410.64948 210.76052 91.02197 28.16025 0 296.0608 256.28889 
320.93768 450.44422 458.52371 516.00387 460.81775 691.03545 801.25027 874.03432 896.29124 897.89197 1055.80916 847.28566 912.05482 747.73925 698.52415 640.78467 504.77717 374.67452 323.30326 296.0608 0 196.95684 
148.93287 255.97656 284.56985 365.12463 355.64729 534.25274 619.31736 695.79882 713.62314 701.28025 859.61444 679.45934 757.27141 619.23339 554.95585 477.96338 421.24577 346.87317 281.93793 256.28889 196.95684 0 
