21
20 6 48 2 12 33 31 8 7 15 14 5 16 22 21 3 39 34 38 32 0
0 64.0 105.0 105.0 133.0 169.0 160.0 127.0 116.0 121.0 77.0 105.0 147.0 125.0 133.0 97.0 144.0 172.0 116.0 147.0 54.0 
64.0 0 51.0 119.0 130.0 105.0 116.0 63.0 107.0 57.0 117.0 130.0 115.0 64.0 69.0 131.0 143.0 108.0 52.0 116.0 117.0 
105.0 51.0 0 100.0 148.0 108.0 138.0 114.0 150.0 108.0 162.0 100.0 148.0 115.0 120.0 110.0 161.0 159.0 103.0 83.0 100.0 
105.0 119.0 100.0 0 50.0 100.0 134.0 90.0 104.0 64.0 84.0 100.0 106.0 55.0 101.0 121.0 118.0 126.0 87.0 96.0 100.0 
133.0 130.0 148.0 50.0 0 50.0 101.0 70.0 89.0 73.0 133.0 150.0 92.0 105.0 151.0 150.0 127.0 76.0 132.0 122.0 79.0 
169.0 105.0 108.0 100.0 50.0 0 51.0 104.0 64.0 114.0 120.0 153.0 84.0 103.0 132.0 116.0 163.0 112.0 112.0 96.0 122.0 
160.0 116.0 138.0 134.0 101.0 51.0 0 53.0 115.0 137.0 139.0 151.0 135.0 87.0 136.0 144.0 172.0 121.0 65.0 116.0 106.0 
127.0 63.0 114.0 90.0 70.0 104.0 53.0 0 82.0 97.0 106.0 127.0 132.0 124.0 125.0 115.0 149.0 137.0 115.0 111.0 101.0 
116.0 107.0 150.0 104.0 89.0 64.0 115.0 82.0 0 50.0 110.0 134.0 148.0 97.0 97.0 123.0 130.0 133.0 104.0 102.0 102.0 
121.0 57.0 108.0 64.0 73.0 114.0 137.0 97.0 50.0 0 60.0 84.0 130.0 102.0 98.0 119.0 86.0 105.0 109.0 142.0 74.0 
77.0 117.0 162.0 84.0 133.0 120.0 139.0 106.0 110.0 60.0 0 66.0 70.0 108.0 158.0 132.0 81.0 132.0 131.0 119.0 131.0 
105.0 130.0 100.0 100.0 150.0 153.0 151.0 127.0 134.0 84.0 66.0 0 69.0 120.0 131.0 151.0 133.0 124.0 158.0 153.0 100.0 
147.0 115.0 148.0 106.0 92.0 84.0 135.0 132.0 148.0 130.0 70.0 69.0 0 51.0 150.0 150.0 145.0 128.0 131.0 103.0 146.0 
125.0 64.0 115.0 55.0 105.0 103.0 87.0 124.0 97.0 102.0 108.0 120.0 51.0 0 101.0 121.0 172.0 146.0 115.0 52.0 120.0 
133.0 69.0 120.0 101.0 151.0 132.0 136.0 125.0 97.0 98.0 158.0 131.0 150.0 101.0 0 110.0 161.0 132.0 121.0 153.0 148.0 
97.0 131.0 110.0 121.0 150.0 116.0 144.0 115.0 123.0 119.0 132.0 151.0 150.0 121.0 110.0 0 51.0 102.0 79.0 149.0 132.0 
144.0 143.0 161.0 118.0 127.0 163.0 172.0 149.0 130.0 86.0 81.0 133.0 145.0 172.0 161.0 51.0 0 51.0 107.0 130.0 160.0 
172.0 108.0 159.0 126.0 76.0 112.0 121.0 137.0 133.0 105.0 132.0 124.0 128.0 146.0 132.0 102.0 51.0 0 56.0 126.0 150.0 
116.0 52.0 103.0 87.0 132.0 112.0 65.0 115.0 104.0 109.0 131.0 158.0 131.0 115.0 121.0 79.0 107.0 56.0 0 70.0 156.0 
147.0 116.0 83.0 96.0 122.0 96.0 116.0 111.0 102.0 142.0 119.0 153.0 103.0 52.0 153.0 149.0 130.0 126.0 70.0 0 93.0 
54.0 117.0 100.0 100.0 79.0 122.0 106.0 101.0 102.0 74.0 131.0 100.0 146.0 120.0 148.0 132.0 160.0 150.0 156.0 93.0 0 
