47
48 14 80 98 39 8 91 60 57 51 76 36 97 3 32 26 11 28 65 30 90 82 17 42 70 0 1 83 31 2 67 25 92 58 72 6 74 40 5 35 10 37 15 33 77 87 61
0 486545.0 574561.0 685997.0 954960.0 1314771.0 1345612.0 1295300.0 1256045.0 1309484.0 1162486.0 1134526.0 1247258.0 1433434.0 1517341.0 1022902.0 1076882.0 1154845.0 1181294.0 1165131.0 1158465.0 1318149.0 1282372.0 1335781.0 1232237.0 1117261.0 927376.0 776908.0 825441.0 501635.0 578457.0 916330.0 610160.0 1078651.0 1013391.0 1276700.0 1032860.0 1209316.0 1052766.0 1534880.0 1841838.0 1772687.0 1720172.0 1365224.0 526884.0 968361.0 22849.0 
486545.0 0 88016.0 199452.0 468415.0 828226.0 922781.0 961719.0 922464.0 822939.0 675941.0 1124921.0 1012189.0 1198365.0 1030796.0 536357.0 715671.0 783399.0 976651.0 1013900.0 958856.0 953949.0 795827.0 1249643.0 745692.0 630716.0 1014928.0 864460.0 969438.0 645632.0 568810.0 812691.0 412442.0 664304.0 526846.0 790155.0 546315.0 722771.0 855048.0 1163434.0 1362148.0 1700593.0 1447527.0 1097385.0 329166.0 770643.0 463696.0 
574561.0 88016.0 0 111436.0 380399.0 740210.0 834765.0 948061.0 987316.0 910955.0 763957.0 1036905.0 924173.0 1110349.0 942780.0 448341.0 627655.0 695383.0 888635.0 925884.0 870840.0 865933.0 707811.0 1161627.0 657676.0 542700.0 1102944.0 952476.0 958317.0 733648.0 656826.0 724675.0 500458.0 576288.0 438830.0 702139.0 458299.0 634755.0 943064.0 1075418.0 1274132.0 1612577.0 1359511.0 1009369.0 417182.0 858659.0 551712.0 
685997.0 199452.0 111436.0 0 298441.0 658252.0 752807.0 866103.0 905358.0 1004883.0 875393.0 954947.0 842215.0 1028391.0 860822.0 366383.0 545697.0 785262.0 978514.0 1015763.0 788882.0 783975.0 625853.0 1079669.0 546240.0 460742.0 1116663.0 966195.0 846881.0 845084.0 768262.0 817069.0 611894.0 464852.0 327394.0 794533.0 569735.0 636165.0 966749.0 1165297.0 1162696.0 1530619.0 1271497.0 927411.0 528618.0 907660.0 663148.0 
954960.0 468415.0 380399.0 298441.0 0 359811.0 454366.0 622429.0 661684.0 761209.0 954947.0 656506.0 543774.0 729950.0 838927.0 635346.0 814660.0 1054225.0 928356.0 1284726.0 1045107.0 1052938.0 894816.0 790415.0 684497.0 162301.0 990353.0 1014124.0 1145322.0 1114047.0 1037225.0 1086032.0 880857.0 763293.0 625835.0 592922.0 838698.0 934606.0 783911.0 1054945.0 1363626.0 1232178.0 1098392.0 628970.0 797581.0 799715.0 932111.0 
1314771.0 828226.0 740210.0 658252.0 359811.0 0 94555.0 262618.0 301873.0 401398.0 595136.0 482452.0 578983.0 765159.0 479116.0 762338.0 771920.0 761797.0 568545.0 934407.0 727508.0 887192.0 1045314.0 451510.0 324686.0 197510.0 630542.0 781010.0 1068486.0 1249843.0 1173021.0 1100000.0 1130601.0 727517.0 985646.0 952733.0 1198509.0 1058302.0 1031370.0 695134.0 1003815.0 1190894.0 738581.0 886417.0 1047325.0 1106396.0 1291922.0 
1345612.0 922781.0 834765.0 752807.0 454366.0 94555.0 0 168063.0 207318.0 306843.0 500581.0 387897.0 500629.0 686805.0 384561.0 667783.0 739129.0 667242.0 473990.0 897743.0 632953.0 792637.0 950759.0 356955.0 230131.0 292065.0 535987.0 686455.0 973931.0 1259890.0 1267576.0 1005445.0 1101453.0 632962.0 1080201.0 1033938.0 1140203.0 963747.0 1067615.0 600579.0 909260.0 1096339.0 644026.0 791862.0 1141880.0 1083419.0 1368461.0 
1295300.0 961719.0 948061.0 866103.0 622429.0 262618.0 168063.0 0 39255.0 138780.0 332518.0 219834.0 332566.0 518742.0 552624.0 499720.0 571066.0 499179.0 305927.0 729680.0 801016.0 960700.0 877590.0 525018.0 398194.0 460128.0 367924.0 518392.0 805868.0 1091827.0 1168649.0 1173508.0 933390.0 464899.0 1193497.0 1202001.0 1017891.0 1131810.0 899552.0 432516.0 741197.0 1020970.0 812089.0 623799.0 1016666.0 915356.0 1318149.0 
1256045.0 922464.0 987316.0 905358.0 661684.0 301873.0 207318.0 39255.0 0 99525.0 293263.0 259089.0 371821.0 557997.0 591879.0 538975.0 610321.0 538434.0 345182.0 768935.0 840271.0 999955.0 916845.0 564273.0 437449.0 499383.0 328669.0 479137.0 766613.0 1052572.0 1129394.0 1212763.0 972645.0 504154.0 1232752.0 1200234.0 978636.0 1155092.0 883856.0 393261.0 701942.0 1060225.0 847062.0 584544.0 1014431.0 899660.0 1278894.0 
1309484.0 822939.0 910955.0 1004883.0 761209.0 401398.0 306843.0 138780.0 99525.0 0 193738.0 358614.0 471346.0 657522.0 691404.0 638500.0 709846.0 637959.0 444707.0 868460.0 820306.0 979990.0 1016370.0 663798.0 536974.0 598908.0 428194.0 578662.0 866138.0 1152097.0 1228919.0 1154043.0 1065849.0 603679.0 1332277.0 1127170.0 1078161.0 1254617.0 784331.0 492786.0 801467.0 1159750.0 946587.0 485019.0 982573.0 800135.0 1286635.0 
1162486.0 675941.0 763957.0 875393.0 954947.0 595136.0 500581.0 332518.0 293263.0 193738.0 0 552352.0 665084.0 851260.0 885142.0 832238.0 903584.0 831697.0 638445.0 1062198.0 1014044.0 1173728.0 1065555.0 857536.0 730712.0 792646.0 621932.0 772400.0 1059876.0 1321573.0 1244751.0 1158369.0 872111.0 797417.0 1161051.0 933432.0 1222256.0 1262587.0 590593.0 686524.0 995205.0 1353488.0 1140325.0 678757.0 788835.0 606397.0 1139637.0 
1134526.0 1124921.0 1036905.0 954947.0 656506.0 482452.0 387897.0 219834.0 259089.0 358614.0 552352.0 0 112732.0 298908.0 724865.0 686959.0 507645.0 719013.0 525761.0 949514.0 750830.0 910514.0 981417.0 744852.0 618028.0 494205.0 508086.0 357618.0 645094.0 931053.0 1007875.0 1069516.0 976188.0 684733.0 1282341.0 1249428.0 1237725.0 1351644.0 928697.0 652350.0 961031.0 801136.0 1031923.0 843633.0 892912.0 1018092.0 1157375.0 
1247258.0 1012189.0 924173.0 842215.0 543774.0 578983.0 500629.0 332566.0 371821.0 471346.0 665084.0 112732.0 0 186176.0 612133.0 799691.0 620377.0 831745.0 638493.0 1062246.0 863562.0 1023246.0 868685.0 857584.0 730760.0 381473.0 620818.0 470350.0 757826.0 1043785.0 1120607.0 956784.0 929565.0 797465.0 1169609.0 1136696.0 1327051.0 1464376.0 1015760.0 765082.0 1073763.0 688404.0 1140717.0 831003.0 846289.0 905360.0 1270107.0 
1433434.0 1198365.0 1110349.0 1028391.0 729950.0 765159.0 686805.0 518742.0 557997.0 657522.0 851260.0 298908.0 186176.0 0 425957.0 920396.0 806553.0 1017921.0 824669.0 1248422.0 1049738.0 1112795.0 954673.0 844757.0 916936.0 567649.0 806994.0 656526.0 944002.0 1229961.0 1202560.0 1142960.0 1054263.0 983641.0 1355785.0 1322872.0 1413039.0 1451549.0 829584.0 951258.0 1259939.0 774392.0 1226705.0 916991.0 970987.0 1091536.0 1456283.0 
1517341.0 1030796.0 942780.0 860822.0 838927.0 479116.0 384561.0 552624.0 591879.0 691404.0 885142.0 724865.0 612133.0 425957.0 0 494439.0 673753.0 913318.0 858551.0 1143819.0 916938.0 1076622.0 1234744.0 741516.0 614692.0 676626.0 920548.0 1071016.0 1358492.0 1644451.0 1599606.0 1334246.0 1307027.0 1017523.0 1188216.0 1418499.0 1401079.0 1348308.0 1094805.0 985140.0 1293821.0 1200349.0 1028587.0 1176423.0 1223751.0 1282822.0 1494492.0 
1022902.0 536357.0 448341.0 366383.0 635346.0 762338.0 667783.0 499720.0 538975.0 638500.0 832238.0 686959.0 799691.0 920396.0 494439.0 0 179314.0 418879.0 612131.0 649380.0 422499.0 582183.0 740305.0 713286.0 897914.0 797647.0 867644.0 1018112.0 1149627.0 1181989.0 1105167.0 839807.0 812588.0 831235.0 693777.0 1131438.0 906640.0 1002548.0 600366.0 798914.0 1107595.0 1488095.0 1083007.0 714785.0 729312.0 788383.0 1000053.0 
1076882.0 715671.0 627655.0 545697.0 814660.0 771920.0 739129.0 571066.0 610321.0 709846.0 903584.0 507645.0 620377.0 806553.0 673753.0 179314.0 0 239565.0 432817.0 470066.0 243185.0 402869.0 560991.0 533972.0 969260.0 969430.0 938990.0 865263.0 970313.0 1075188.0 1152010.0 660493.0 633274.0 1010549.0 873091.0 1091531.0 1082192.0 1140764.0 421052.0 619600.0 928281.0 1308781.0 903693.0 535471.0 549998.0 609069.0 1099731.0 
1154845.0 783399.0 695383.0 785262.0 1054225.0 761797.0 667242.0 499179.0 538434.0 637959.0 831697.0 719013.0 831745.0 1017921.0 913318.0 418879.0 239565.0 0 193252.0 230501.0 321148.0 480832.0 638954.0 611935.0 897373.0 959307.0 867103.0 1017571.0 730748.0 1054554.0 1131376.0 738456.0 711237.0 964078.0 1112656.0 1169494.0 1153682.0 1218727.0 499015.0 380035.0 688716.0 1116441.0 664128.0 737285.0 627961.0 687032.0 1177694.0 
1181294.0 976651.0 888635.0 978514.0 928356.0 568545.0 473990.0 305927.0 345182.0 444707.0 638445.0 525761.0 638493.0 824669.0 858551.0 612131.0 432817.0 193252.0 0 423753.0 514400.0 674084.0 832206.0 805187.0 704121.0 766055.0 673851.0 824319.0 537496.0 861302.0 938124.0 931708.0 904489.0 770826.0 1305908.0 1362746.0 1323818.0 1411979.0 692267.0 573287.0 881968.0 1309693.0 857380.0 929726.0 821213.0 880284.0 1204143.0 
1165131.0 1013900.0 925884.0 1015763.0 1284726.0 934407.0 897743.0 729680.0 768935.0 868460.0 1062198.0 949514.0 1062246.0 1248422.0 1143819.0 649380.0 470066.0 230501.0 423753.0 0 428067.0 587751.0 745873.0 718854.0 1127874.0 1131917.0 1097604.0 1248072.0 961249.0 1257441.0 1334263.0 968957.0 941738.0 1194579.0 1343157.0 1395837.0 1384183.0 1325646.0 729516.0 610536.0 919217.0 1314570.0 862257.0 844204.0 858462.0 917533.0 1142282.0 
1158465.0 958856.0 870840.0 788882.0 1045107.0 727508.0 632953.0 801016.0 840271.0 820306.0 1014044.0 750830.0 863562.0 1049738.0 916938.0 422499.0 243185.0 321148.0 514400.0 428067.0 0 159684.0 317806.0 290787.0 863084.0 925018.0 1168940.0 1108448.0 1042609.0 1156771.0 1233593.0 742076.0 714857.0 1138052.0 1116276.0 967770.0 1074035.0 897579.0 502635.0 701183.0 1009864.0 1437589.0 985276.0 416137.0 631581.0 690652.0 1181314.0 
1318149.0 953949.0 865933.0 783975.0 1052938.0 887192.0 792637.0 960700.0 999955.0 979990.0 1173728.0 910514.0 1023246.0 1112795.0 1076622.0 582183.0 402869.0 480832.0 674084.0 587751.0 159684.0 0 158122.0 450471.0 1022768.0 1084702.0 1328624.0 1268132.0 1202293.0 1316455.0 1393277.0 901760.0 874541.0 1248827.0 1111369.0 1127454.0 1233719.0 1057263.0 662319.0 860867.0 1169548.0 1597273.0 1144960.0 575821.0 791265.0 850336.0 1340998.0 
1282372.0 795827.0 707811.0 625853.0 894816.0 1045314.0 950759.0 877590.0 916845.0 1016370.0 1065555.0 981417.0 868685.0 954673.0 1234744.0 740305.0 560991.0 638954.0 832206.0 745873.0 317806.0 158122.0 0 608593.0 1172093.0 1057117.0 1245514.0 1339035.0 1360415.0 1441459.0 1364637.0 1059882.0 1032663.0 1090705.0 953247.0 1145441.0 1166110.0 1215385.0 802602.0 1018989.0 1327670.0 1456901.0 1303082.0 733943.0 949387.0 818406.0 1259523.0 
1335781.0 1249643.0 1161627.0 1079669.0 790415.0 451510.0 356955.0 525018.0 564273.0 663798.0 857536.0 744852.0 857584.0 844757.0 741516.0 713286.0 533972.0 611935.0 805187.0 718854.0 290787.0 450471.0 608593.0 0 587086.0 649020.0 892942.0 1043410.0 1330886.0 1084372.0 1007550.0 1032863.0 1005644.0 989917.0 904602.0 676983.0 783248.0 606792.0 793422.0 957534.0 1185163.0 1291192.0 1000981.0 706924.0 922368.0 883776.0 1358630.0 
1232237.0 745692.0 657676.0 546240.0 684497.0 324686.0 230131.0 398194.0 437449.0 536974.0 730712.0 618028.0 730760.0 916936.0 614692.0 897914.0 969260.0 897373.0 704121.0 1127874.0 863084.0 1022768.0 1172093.0 587086.0 0 522196.0 766118.0 916586.0 1204062.0 1190009.0 1266831.0 775314.0 1158134.0 863093.0 873634.0 1264069.0 1115975.0 1182405.0 1297746.0 830710.0 1139391.0 1326470.0 874157.0 1021993.0 1074858.0 1313550.0 1209388.0 
1117261.0 630716.0 542700.0 460742.0 162301.0 197510.0 292065.0 460128.0 499383.0 598908.0 792646.0 494205.0 381473.0 567649.0 676626.0 797647.0 969430.0 959307.0 766055.0 1131917.0 925018.0 1084702.0 1057117.0 649020.0 522196.0 0 828052.0 851823.0 1139299.0 1276348.0 1199526.0 960310.0 933091.0 925027.0 788136.0 755223.0 1000999.0 1096907.0 946212.0 892644.0 1201325.0 1069877.0 936091.0 791271.0 849815.0 908886.0 1094412.0 
927376.0 1014928.0 1102944.0 1116663.0 990353.0 630542.0 535987.0 367924.0 328669.0 428194.0 621932.0 508086.0 620818.0 806994.0 920548.0 867644.0 938990.0 867103.0 673851.0 1097604.0 1168940.0 1328624.0 1245514.0 892942.0 766118.0 828052.0 0 150468.0 437944.0 723903.0 800725.0 1138598.0 769038.0 832823.0 1444057.0 1498082.0 1217956.0 1394412.0 1155243.0 721930.0 1030611.0 1217028.0 1175731.0 913213.0 685762.0 811799.0 950225.0 
776908.0 864460.0 952476.0 966195.0 1014124.0 781010.0 686455.0 518392.0 479137.0 578662.0 772400.0 357618.0 470350.0 656526.0 1071016.0 1018112.0 865263.0 1017571.0 824319.0 1248072.0 1108448.0 1268132.0 1339035.0 1043410.0 916586.0 851823.0 150468.0 0 287476.0 573435.0 650257.0 988130.0 618570.0 983291.0 1293589.0 1347614.0 1067488.0 1243944.0 1004775.0 872398.0 1181079.0 1066560.0 1326199.0 1063681.0 535294.0 661331.0 799757.0 
825441.0 969438.0 958317.0 846881.0 1145322.0 1068486.0 973931.0 805868.0 766613.0 866138.0 1059876.0 645094.0 757826.0 944002.0 1358492.0 1149627.0 970313.0 730748.0 537496.0 961249.0 1042609.0 1202293.0 1360415.0 1330886.0 1204062.0 1139299.0 437944.0 287476.0 0 323806.0 400628.0 738501.0 842698.0 1270767.0 1174275.0 1214395.0 1291616.0 1468072.0 885461.0 1110783.0 1419464.0 947246.0 1293828.0 1351157.0 759422.0 542017.0 802592.0 
501635.0 645632.0 733648.0 845084.0 1114047.0 1249843.0 1259890.0 1091827.0 1052572.0 1152097.0 1321573.0 931053.0 1043785.0 1229961.0 1644451.0 1181989.0 1075188.0 1054554.0 861302.0 1257441.0 1156771.0 1316455.0 1441459.0 1084372.0 1190009.0 1276348.0 723903.0 573435.0 323806.0 0 76822.0 414695.0 990872.0 1309936.0 1172478.0 1003867.0 1191947.0 1368403.0 1209267.0 1434589.0 1743270.0 1271052.0 1617634.0 1139284.0 907596.0 865823.0 478786.0 
578457.0 568810.0 656826.0 768262.0 1037225.0 1173021.0 1267576.0 1168649.0 1129394.0 1228919.0 1244751.0 1007875.0 1120607.0 1202560.0 1599606.0 1105167.0 1152010.0 1131376.0 938124.0 1334263.0 1233593.0 1393277.0 1364637.0 1007550.0 1266831.0 1199526.0 800725.0 650257.0 400628.0 76822.0 0 491517.0 981252.0 1233114.0 1095656.0 1080689.0 1115125.0 1291581.0 1286089.0 1511411.0 1820092.0 1347874.0 1694456.0 1062462.0 897976.0 942645.0 555608.0 
916330.0 812691.0 724675.0 817069.0 1086032.0 1100000.0 1005445.0 1173508.0 1212763.0 1154043.0 1158369.0 1069516.0 956784.0 1142960.0 1334246.0 839807.0 660493.0 738456.0 931708.0 968957.0 742076.0 901760.0 1059882.0 1032863.0 775314.0 960310.0 1138598.0 988130.0 738501.0 414695.0 491517.0 0 576177.0 1044668.0 1144463.0 905671.0 1025095.0 1201551.0 895416.0 1118491.0 1427172.0 1645188.0 1303783.0 1158213.0 492901.0 551972.0 893481.0 
610160.0 412442.0 500458.0 611894.0 880857.0 1130601.0 1101453.0 933390.0 972645.0 1065849.0 872111.0 976188.0 929565.0 1054263.0 1307027.0 812588.0 633274.0 711237.0 904489.0 941738.0 714857.0 874541.0 1032663.0 1005644.0 1158134.0 933091.0 769038.0 618570.0 842698.0 990872.0 981252.0 576177.0 0 468491.0 939288.0 901138.0 615470.0 791926.0 609158.0 1091272.0 1398230.0 1556491.0 1276564.0 1108163.0 83276.0 524753.0 633009.0 
1078651.0 664304.0 576288.0 464852.0 763293.0 727517.0 632962.0 464899.0 504154.0 603679.0 797417.0 684733.0 797465.0 983641.0 1017523.0 831235.0 1010549.0 964078.0 770826.0 1194579.0 1138052.0 1248827.0 1090705.0 989917.0 863093.0 925027.0 832823.0 983291.0 1270767.0 1309936.0 1233114.0 1044668.0 468491.0 0 792246.0 1091630.0 803200.0 979656.0 989955.0 897415.0 1150016.0 1485869.0 1276988.0 1088698.0 551767.0 993244.0 1101500.0 
1013391.0 526846.0 438830.0 327394.0 625835.0 985646.0 1080201.0 1193497.0 1232752.0 1332277.0 1161051.0 1282341.0 1169609.0 1355785.0 1188216.0 693777.0 873091.0 1112656.0 1305908.0 1343157.0 1116276.0 1111369.0 953247.0 904602.0 873634.0 788136.0 1444057.0 1293589.0 1174275.0 1172478.0 1095656.0 1144463.0 939288.0 792246.0 0 707109.0 897129.0 963559.0 898098.0 1492691.0 1490090.0 1858013.0 1598891.0 1249991.0 856012.0 913902.0 990542.0 
1276700.0 790155.0 702139.0 794533.0 592922.0 952733.0 1033938.0 1202001.0 1200234.0 1127170.0 933432.0 1249428.0 1136696.0 1322872.0 1418499.0 1131438.0 1091531.0 1169494.0 1362746.0 1395837.0 967770.0 1127454.0 1145441.0 676983.0 1264069.0 755223.0 1498082.0 1347614.0 1214395.0 1003867.0 1080689.0 905671.0 901138.0 1091630.0 707109.0 0 538278.0 714734.0 670479.0 1549529.0 1858210.0 1825100.0 1438094.0 672804.0 868721.0 686283.0 1253851.0 
1032860.0 546315.0 458299.0 569735.0 838698.0 1198509.0 1140203.0 1017891.0 978636.0 1078161.0 1222256.0 1237725.0 1327051.0 1413039.0 1401079.0 906640.0 1082192.0 1153682.0 1323818.0 1384183.0 1074035.0 1233719.0 1166110.0 783248.0 1115975.0 1000999.0 1217956.0 1067488.0 1291616.0 1191947.0 1115125.0 1025095.0 615470.0 803200.0 897129.0 538278.0 0 176456.0 1058076.0 1371897.0 1680578.0 1915267.0 1720761.0 1081160.0 532194.0 973671.0 1010011.0 
1209316.0 722771.0 634755.0 636165.0 934606.0 1058302.0 963747.0 1131810.0 1155092.0 1254617.0 1262587.0 1351644.0 1464376.0 1451549.0 1348308.0 1002548.0 1140764.0 1218727.0 1411979.0 1325646.0 897579.0 1057263.0 1215385.0 606792.0 1182405.0 1096907.0 1394412.0 1243944.0 1468072.0 1368403.0 1291581.0 1201551.0 791926.0 979656.0 963559.0 714734.0 176456.0 0 999634.0 1548353.0 1791955.0 1897984.0 1607773.0 1257616.0 708650.0 1015438.0 1186467.0 
1052766.0 855048.0 943064.0 966749.0 783911.0 1031370.0 1067615.0 899552.0 883856.0 784331.0 590593.0 928697.0 1015760.0 829584.0 1094805.0 600366.0 421052.0 499015.0 692267.0 729516.0 502635.0 662319.0 802602.0 793422.0 1297746.0 946212.0 1155243.0 1004775.0 885461.0 1209267.0 1286089.0 895416.0 609158.0 989955.0 898098.0 670479.0 1058076.0 999634.0 0 879050.0 1187731.0 1547568.0 1095255.0 918772.0 525882.0 343444.0 1075615.0 
1534880.0 1163434.0 1075418.0 1165297.0 1054945.0 695134.0 600579.0 432516.0 393261.0 492786.0 686524.0 652350.0 765082.0 951258.0 985140.0 798914.0 619600.0 380035.0 573287.0 610536.0 701183.0 860867.0 1018989.0 957534.0 830710.0 892644.0 721930.0 872398.0 1110783.0 1434589.0 1511411.0 1118491.0 1091272.0 897415.0 1492691.0 1549529.0 1371897.0 1548353.0 879050.0 0 308681.0 1017780.0 1044163.0 977805.0 1007996.0 1067067.0 1557729.0 
1841838.0 1362148.0 1274132.0 1162696.0 1363626.0 1003815.0 909260.0 741197.0 701942.0 801467.0 995205.0 961031.0 1073763.0 1259939.0 1293821.0 1107595.0 928281.0 688716.0 881968.0 919217.0 1009864.0 1169548.0 1327670.0 1185163.0 1139391.0 1201325.0 1030611.0 1181079.0 1419464.0 1743270.0 1820092.0 1427172.0 1398230.0 1150016.0 1490090.0 1858210.0 1680578.0 1791955.0 1187731.0 308681.0 0 709099.0 1161412.0 1286486.0 1314954.0 1375748.0 1825844.0 
1772687.0 1700593.0 1612577.0 1530619.0 1232178.0 1190894.0 1096339.0 1020970.0 1060225.0 1159750.0 1353488.0 801136.0 688404.0 774392.0 1200349.0 1488095.0 1308781.0 1116441.0 1309693.0 1314570.0 1437589.0 1597273.0 1456901.0 1291192.0 1326470.0 1069877.0 1217028.0 1066560.0 947246.0 1271052.0 1347874.0 1645188.0 1556491.0 1485869.0 1858013.0 1825100.0 1915267.0 1897984.0 1547568.0 1017780.0 709099.0 0 452313.0 1419219.0 1473215.0 1204124.0 1749838.0 
1720172.0 1447527.0 1359511.0 1271497.0 1098392.0 738581.0 644026.0 812089.0 847062.0 946587.0 1140325.0 1031923.0 1140717.0 1226705.0 1028587.0 1083007.0 903693.0 664128.0 857380.0 862257.0 985276.0 1144960.0 1303082.0 1000981.0 874157.0 936091.0 1175731.0 1326199.0 1293828.0 1617634.0 1694456.0 1303783.0 1276564.0 1276988.0 1598891.0 1438094.0 1720761.0 1607773.0 1095255.0 1044163.0 1161412.0 452313.0 0 1401413.0 1193288.0 751811.0 1743021.0 
1365224.0 1097385.0 1009369.0 927411.0 628970.0 886417.0 791862.0 623799.0 584544.0 485019.0 678757.0 843633.0 831003.0 916991.0 1176423.0 714785.0 535471.0 737285.0 929726.0 844204.0 416137.0 575821.0 733943.0 706924.0 1021993.0 791271.0 913213.0 1063681.0 1351157.0 1139284.0 1062462.0 1158213.0 1108163.0 1088698.0 1249991.0 672804.0 1081160.0 1257616.0 918772.0 977805.0 1286486.0 1419219.0 1401413.0 0 1024887.0 1106789.0 1388073.0 
526884.0 329166.0 417182.0 528618.0 797581.0 1047325.0 1141880.0 1016666.0 1014431.0 982573.0 788835.0 892912.0 846289.0 970987.0 1223751.0 729312.0 549998.0 627961.0 821213.0 858462.0 631581.0 791265.0 949387.0 922368.0 1074858.0 849815.0 685762.0 535294.0 759422.0 907596.0 897976.0 492901.0 83276.0 551767.0 856012.0 868721.0 532194.0 708650.0 525882.0 1007996.0 1314954.0 1473215.0 1193288.0 1024887.0 0 441477.0 549733.0 
968361.0 770643.0 858659.0 907660.0 799715.0 1106396.0 1083419.0 915356.0 899660.0 800135.0 606397.0 1018092.0 905360.0 1091536.0 1282822.0 788383.0 609069.0 687032.0 880284.0 917533.0 690652.0 850336.0 818406.0 883776.0 1313550.0 908886.0 811799.0 661331.0 542017.0 865823.0 942645.0 551972.0 524753.0 993244.0 913902.0 686283.0 973671.0 1015438.0 343444.0 1067067.0 1375748.0 1204124.0 751811.0 1106789.0 441477.0 0 991210.0 
22849.0 463696.0 551712.0 663148.0 932111.0 1291922.0 1368461.0 1318149.0 1278894.0 1286635.0 1139637.0 1157375.0 1270107.0 1456283.0 1494492.0 1000053.0 1099731.0 1177694.0 1204143.0 1142282.0 1181314.0 1340998.0 1259523.0 1358630.0 1209388.0 1094412.0 950225.0 799757.0 802592.0 478786.0 555608.0 893481.0 633009.0 1101500.0 990542.0 1253851.0 1010011.0 1186467.0 1075615.0 1557729.0 1825844.0 1749838.0 1743021.0 1388073.0 549733.0 991210.0 0 
