26
29 28 16 25 31 24 14 46 42 32 0 27 9 20 15 23 26 43 48 49 18 36 37 38 39 30
0 456540.0 592006.0 760112.0 1046618.0 1316037.0 1738533.0 1670860.0 1447119.0 889469.0 1018328.0 2023348.0 1549506.0 2472895.0 2317334.0 1580714.0 1736391.0 2113853.0 1467472.0 1908263.0 1512514.0 2024894.0 667651.0 7927.0 376357.0 1038811.0 
456540.0 0 1032692.0 1200798.0 1487304.0 1756723.0 2195073.0 2111546.0 1903659.0 1346009.0 1459014.0 2464034.0 1121328.0 2044717.0 2758020.0 2021400.0 2177077.0 2554539.0 1924012.0 2364803.0 1953200.0 2465580.0 1124191.0 448613.0 817043.0 1495351.0 
592006.0 1032692.0 0 1336264.0 1622770.0 1892189.0 2328426.0 2247012.0 2039125.0 1481475.0 1594480.0 2599500.0 1741302.0 2664691.0 2709814.0 2156866.0 2312543.0 2405330.0 1712288.0 2038711.0 1577639.0 2601046.0 1259657.0 584079.0 952509.0 1630817.0 
760112.0 1200798.0 1336264.0 0 286506.0 555925.0 1195070.0 1686607.0 1282677.0 1649581.0 1762586.0 1263236.0 848408.0 1771797.0 2354925.0 2184022.0 2339699.0 2095930.0 2223163.0 1364800.0 1825872.0 1735508.0 1423342.0 752185.0 1120615.0 1794502.0 
1046618.0 1487304.0 1622770.0 286506.0 0 842431.0 1454141.0 1973113.0 1569183.0 1936087.0 2049092.0 976730.0 1134914.0 2058303.0 2613996.0 2470528.0 2626205.0 2382436.0 2482234.0 1623871.0 2084943.0 1449002.0 1682413.0 1038691.0 1407121.0 2053573.0 
1316037.0 1756723.0 1892189.0 555925.0 842431.0 0 639145.0 1697441.0 1359574.0 2205506.0 2318511.0 1819161.0 1404333.0 2327722.0 1799000.0 1628097.0 1783774.0 1540005.0 1667238.0 808875.0 1269947.0 1217956.0 867417.0 1308110.0 1676540.0 1238577.0 
1738533.0 2195073.0 2328426.0 1195070.0 1454141.0 639145.0 0 1058296.0 1317807.0 1998820.0 2756861.0 2430871.0 2043478.0 2966867.0 2077157.0 1717969.0 1562292.0 2179150.0 1945395.0 1087032.0 1548104.0 1496113.0 1145574.0 1746460.0 2114890.0 1516734.0 
1670860.0 2111546.0 2247012.0 1686607.0 1973113.0 1697441.0 1058296.0 0 617250.0 940524.0 2462689.0 2711826.0 2535015.0 3079758.0 1704231.0 2440851.0 2596528.0 2305928.0 1983219.0 1645635.0 1781281.0 1217384.0 1183398.0 1662933.0 2031363.0 1554558.0 
1447119.0 1903659.0 2039125.0 1282677.0 1569183.0 1359574.0 1317807.0 617250.0 0 1557774.0 2058759.0 2307896.0 2131085.0 2675828.0 2321481.0 2621145.0 2776822.0 2063292.0 1579289.0 2094772.0 2044934.0 1834634.0 779468.0 1455046.0 1823476.0 1150628.0 
889469.0 1346009.0 1481475.0 1649581.0 1936087.0 2205506.0 1998820.0 940524.0 1557774.0 0 1785262.0 2912817.0 1808761.0 2732150.0 2644755.0 2347648.0 2503325.0 2466937.0 2270914.0 2586159.0 2401983.0 2157908.0 1557120.0 897396.0 1265826.0 1928280.0 
1018328.0 1459014.0 1594480.0 1762586.0 2049092.0 2318511.0 2756861.0 2462689.0 2058759.0 1785262.0 0 1156236.0 2405161.0 1481772.0 2073480.0 1336860.0 1492537.0 2877580.0 1297654.0 2926591.0 2514988.0 1781040.0 1685979.0 1010401.0 641971.0 1587410.0 
2023348.0 2464034.0 2599500.0 1263236.0 976730.0 1819161.0 2430871.0 2711826.0 2307896.0 2912817.0 1156236.0 0 2111644.0 2638008.0 3229716.0 2493096.0 2648773.0 3148509.0 2328249.0 2600601.0 3061673.0 2425732.0 1528428.0 2015421.0 1798207.0 1899588.0 
1549506.0 1121328.0 1741302.0 848408.0 1134914.0 1404333.0 2043478.0 2535015.0 2131085.0 1808761.0 2405161.0 2111644.0 0 923389.0 2312887.0 3013483.0 3048192.0 2944338.0 2936749.0 2213208.0 2674280.0 2458403.0 2158493.0 1541579.0 1910009.0 1787333.0 
2472895.0 2044717.0 2664691.0 1771797.0 2058303.0 2327722.0 2966867.0 3079758.0 2675828.0 2732150.0 1481772.0 2638008.0 923389.0 0 2634067.0 2818632.0 2974309.0 3867727.0 2779426.0 3136597.0 3597669.0 3262812.0 2479673.0 2464968.0 2123743.0 2108513.0 
2317334.0 2758020.0 2709814.0 2354925.0 2613996.0 1799000.0 2077157.0 1704231.0 2321481.0 2644755.0 2073480.0 3229716.0 2312887.0 2634067.0 0 736620.0 892297.0 1757112.0 1963329.0 1528697.0 1989769.0 2655968.0 2305429.0 2309407.0 1940977.0 1982320.0 
1580714.0 2021400.0 2156866.0 2184022.0 2470528.0 1628097.0 1717969.0 2440851.0 2621145.0 2347648.0 1336860.0 2493096.0 3013483.0 2818632.0 736620.0 0 155677.0 1540720.0 1746937.0 2265317.0 2726389.0 2343426.0 2248365.0 1572787.0 1204357.0 2149796.0 
1736391.0 2177077.0 2312543.0 2339699.0 2626205.0 1783774.0 1562292.0 2596528.0 2776822.0 2503325.0 1492537.0 2648773.0 3048192.0 2974309.0 892297.0 155677.0 0 1696397.0 1902614.0 2420994.0 2882066.0 2499103.0 2404042.0 1728464.0 1360034.0 2305473.0 
2113853.0 2554539.0 2405330.0 2095930.0 2382436.0 1540005.0 2179150.0 2305928.0 2063292.0 2466937.0 2877580.0 3148509.0 2944338.0 3867727.0 1757112.0 1540720.0 1696397.0 0 1658845.0 2348880.0 1918343.0 2757961.0 1861954.0 2105926.0 2474356.0 2233114.0 
1467472.0 1924012.0 1712288.0 2223163.0 2482234.0 1667238.0 1945395.0 1983219.0 1579289.0 2270914.0 1297654.0 2328249.0 2936749.0 2779426.0 1963329.0 1746937.0 1902614.0 1658845.0 0 2115125.0 2412072.0 2304220.0 799821.0 1475399.0 1165151.0 1170981.0 
1908263.0 2364803.0 2038711.0 1364800.0 1623871.0 808875.0 1087032.0 1645635.0 2094772.0 2586159.0 2926591.0 2600601.0 2213208.0 3136597.0 1528697.0 2265317.0 2420994.0 2348880.0 2115125.0 0 461072.0 1665843.0 1315304.0 1916190.0 2284620.0 1686464.0 
1512514.0 1953200.0 1577639.0 1825872.0 2084943.0 1269947.0 1548104.0 1781281.0 2044934.0 2401983.0 2514988.0 3061673.0 2674280.0 3597669.0 1989769.0 2726389.0 2882066.0 1918343.0 2412072.0 461072.0 0 2126915.0 1776376.0 1504587.0 1873017.0 2147536.0 
2024894.0 2465580.0 2601046.0 1735508.0 1449002.0 1217956.0 1496113.0 1217384.0 1834634.0 2157908.0 1781040.0 2425732.0 2458403.0 3262812.0 2655968.0 2343426.0 2499103.0 2757961.0 2304220.0 1665843.0 2126915.0 0 1724385.0 2016967.0 1648537.0 2095545.0 
667651.0 1124191.0 1259657.0 1423342.0 1682413.0 867417.0 1145574.0 1183398.0 779468.0 1557120.0 1685979.0 1528428.0 2158493.0 2479673.0 2305429.0 2248365.0 2404042.0 1861954.0 799821.0 1315304.0 1776376.0 1724385.0 0 675578.0 1044008.0 371160.0 
7927.0 448613.0 584079.0 752185.0 1038691.0 1308110.0 1746460.0 1662933.0 1455046.0 897396.0 1010401.0 2015421.0 1541579.0 2464968.0 2309407.0 1572787.0 1728464.0 2105926.0 1475399.0 1916190.0 1504587.0 2016967.0 675578.0 0 368430.0 1046738.0 
376357.0 817043.0 952509.0 1120615.0 1407121.0 1676540.0 2114890.0 2031363.0 1823476.0 1265826.0 641971.0 1798207.0 1910009.0 2123743.0 1940977.0 1204357.0 1360034.0 2474356.0 1165151.0 2284620.0 1873017.0 1648537.0 1044008.0 368430.0 0 945439.0 
1038811.0 1495351.0 1630817.0 1794502.0 2053573.0 1238577.0 1516734.0 1554558.0 1150628.0 1928280.0 1587410.0 1899588.0 1787333.0 2108513.0 1982320.0 2149796.0 2305473.0 2233114.0 1170981.0 1686464.0 2147536.0 2095545.0 371160.0 1046738.0 945439.0 0 
