22
Loc44 Loc19 Loc32 Loc25 Loc36 Loc42 Loc40 Loc31 Loc10 Loc2 Loc46 Loc22 Loc12 Loc34 Loc5 Loc45 Loc21 Loc9 Loc24 Loc23 Loc39 Loc1
0 1.35432 3.28252 4.32161 6.8918099999999995 6.33744 5.73591 4.63803 7.413130000000001 8.192350000000001 6.87391 7.151590000000001 6.07046 6.259250000000001 4.29165 2.82111 4.1124600000000004 7.04865 3.36174 4.8753 1.40528 1.88736 
1.35432 0 2.17464 3.21373 5.78393 7.6917599999999995 7.09023 5.99235 8.76745 9.54667 8.22823 8.50591 7.424779999999999 7.61357 5.64597 4.17543 5.46678 8.40297 4.71606 6.22962 2.7596 3.2416799999999997 
3.28252 2.17464 0 1.03909 3.6092899999999997 6.04359 7.4485600000000005 7.24371 7.35411 7.66559 6.81489 7.09257 6.9915199999999995 6.20023 4.2326299999999994 2.7620899999999997 4.05344 6.417479999999999 6.64426 6.42307 4.6878 5.16988 
4.32161 3.21373 1.03909 0 2.5702 5.0045 6.409470000000001 6.4936 8.3932 6.6265 7.85398 8.13166 7.162660000000001 7.23932 5.27172 3.80118 5.09253 5.37839 6.89754 5.38398 5.72689 6.20897 
6.8918099999999995 5.78393 3.6092899999999997 2.5702 0 2.4343 3.83927 3.9234 7.22686 4.0563 5.37474 6.10821 4.59246 7.68056 7.841919999999999 6.371379999999999 7.66273 6.83038 5.41 5.84157 7.36646 8.775559999999999 
6.33744 7.69176 6.04359 5.0045 2.4343 0 1.40497 2.50285 4.79256 4.65911 3.34067 3.6739100000000002 2.15816 5.2462599999999995 7.5676 6.63717 7.928520000000001 7.98888 2.9757 4.48926 4.93216 6.34126 
5.73591 7.09023 7.44856 6.40947 3.83927 1.40497 0 1.09788 5.02262 6.06408 4.74564 5.07888 3.56313 6.65123 7.31058 6.73037 8.58572 9.39385 4.38067 5.89423 4.8143 7.62327 
4.63803 5.99235 7.24371 6.4936 3.9234 2.50285 1.09788 0 3.92474 7.02715 5.84352 6.17676 4.66101 7.086860000000001 6.2127 5.63249 8.07365 8.9697 5.47855 6.99211 5.91218 6.52539 
7.41313 8.76745 7.3541099999999995 8.3932 7.22686 4.79256 5.02262 3.92474 0 3.54697 4.50887 7.1646 6.9507200000000005 6.8408 6.95607 6.8927 8.18405 9.157079999999999 7.17501 5.66145 6.77461 9.30049 
8.192350000000001 9.54667 7.66559 6.6265 4.0563 4.65911 6.064080000000001 7.027149999999999 3.54697 0 1.31844 3.97417 5.48992 6.31529 7.17069 7.67192 8.96327 9.023629999999999 4.9303799999999995 5.5280000000000005 6.886839999999999 9.67302 
6.87391 8.22823 6.81489 7.85398 5.37474 3.34067 4.74564 5.84352 4.50887 1.31844 0 2.65573 4.17148 4.99685 5.85225 6.35348 7.644830000000001 7.70519 5.72312 4.20956 6.402049999999999 8.354579999999999 
7.151590000000001 8.50591 7.09257 8.13166 6.10821 3.6739100000000002 5.07888 6.17676 7.1646 3.97417 2.65573 0 1.51575 4.6038499999999996 5.6254 6.63116 7.922510000000001 8.3824 6.49978 5.02283 6.175199999999999 5.698849999999999 
6.07046 7.42478 6.9915199999999995 7.16266 4.59246 2.15816 3.56313 4.66101 6.9507200000000005 5.48992 4.17148 1.51575 0 3.0881 7.14115 6.53011 7.82146 7.22162 5.13386 6.53858 7.09032 4.1831 
6.25925 7.613569999999999 6.2002299999999995 7.239319999999999 7.68056 5.2462599999999995 6.65123 7.08686 6.8408 6.31529 4.99685 4.6038499999999996 3.0881 0 4.73306 5.73882 7.03017 7.49006 5.60744 7.121 7.5639 7.271199999999999 
4.29165 5.64597 4.2326299999999994 5.271719999999999 7.841919999999999 7.5676 7.31058 6.2127 6.95607 7.17069 5.85225 5.625399999999999 7.141149999999999 4.73306 0 1.47054 5.062569999999999 2.7569999999999997 4.5919 6.10546 5.69693 6.17901 
2.82111 4.17543 2.7620899999999997 3.8011799999999996 6.371379999999999 6.637169999999999 6.73037 5.63249 6.8927 7.671919999999999 6.353479999999999 6.6311599999999995 6.53011 5.7388200000000005 1.47054 0 3.59203 4.227539999999999 6.06244 5.21228 4.22639 4.70847 
4.1124600000000004 5.46678 4.05344 5.09253 7.66273 7.928519999999999 8.58572 8.07365 8.184050000000001 8.96327 7.644829999999999 7.922509999999999 7.82146 7.03017 5.06257 3.59203 0 4.24556 7.137289999999999 7.85624 5.517740000000001 5.999820000000001 
7.048649999999999 8.40297 6.417479999999999 5.37839 6.83038 7.98888 9.39385 8.9697 9.15708 9.02363 7.70519 8.382399999999999 7.22162 7.49006 2.7569999999999997 4.227539999999999 4.24556 0 5.31015 6.82371 7.22485 5.87138 
3.36174 4.716060000000001 6.64426 6.89754 5.41 2.9757 4.38067 5.47855 7.17501 4.9303799999999995 5.72312 6.4997799999999994 5.13386 5.60744 4.5919 6.06244 7.13729 5.31015 0 1.51356 1.95646 5.2491 
4.8753 6.229620000000001 6.42307 5.38398 5.84157 4.48926 5.89423 6.99211 5.66145 5.528 4.20956 5.02283 6.53858 7.121 6.10546 5.21228 7.85624 6.82371 1.51356 0 3.47002 6.76266 
1.40528 2.7596 4.6878 5.72689 7.36646 4.93216 4.8143 5.91218 6.77461 6.88684 6.402049999999999 6.175199999999999 7.09032 7.5639 5.69693 4.22639 5.51774 7.22485 1.95646 3.47002 0 3.29264 
1.88736 3.2416799999999997 5.16988 6.20897 8.77556 6.34126 7.62327 6.52539 9.30049 9.67302 8.354579999999999 5.698849999999999 4.1831 7.271199999999999 6.17901 4.70847 5.99982 5.87138 5.2491 6.76266 3.29264 0 
