96
49 67 91 28 98 100 81 188 182 117 1 35 149 62 108 51 173 0 10 133 191 76 29 74 175 119 161 78 102 170 150 174 94 166 112 42 181 109 105 75 164 154 92 47 26 18 63 95 53 187 135 93 171 127 155 111 115 37 5 41 195 196 134 177 165 167 96 147 32 24 36 7 3 4 146 169 87 38 192 103 31 14 70 43 197 89 59 131 33 15 66 124 130 176 54 114
0 915.27591 1216.0815 1501.5199 1504.0576999999998 1857.55458 2232.61603 2069.96317 2824.25897 3219.54733 3259.84431 2718.79771 2931.2376999999997 2523.69259 2475.36361 3120.65598 2746.94744 3450.43548 3568.07455 3869.63701 4108.00803 3958.55984 3209.25069 2259.18924 1934.25167 2182.47607 1818.32065 1309.98053 1318.7783 1024.62188 1429.21307 1648.14047 1440.67762 2707.93239 3900.12115 4605.63543 4571.24545 3664.4241 4307.70252 4054.7662299999997 3849.43968 3850.80789 3358.54284 3736.52726 4575.21202 4891.13177 5358.44391 2822.29304 2877.00999 2906.46489 3158.8575400000004 2851.5433700000003 3212.48875 4170.52798 4239.57793 4446.56051 5238.51592 5343.65091 5480.51321 5532.78225 4856.53374 5710.17513 6675.36348 5375.26455 3863.95859 4335.35246 4263.5483 5235.01079 4878.13087 5588.72445 5353.668030000001 3551.1263799999997 3559.79157 4215.06845 5824.25995 6205.04835 7244.83292 7346.3175200000005 5038.11254 3270.52901 3229.25544 3582.71866 4889.88395 5062.6421 5630.96049 5201.94512 5236.03642 5629.94361 3765.82647 4855.85183 6053.5948 3841.0217300000004 5517.93666 6022.51173 5436.97637 706.92857 
915.27591 0 300.80559 905.44433 588.78179 960.53995 1317.34012 1154.6872600000002 1910.10471 2307.91872 2344.5684 1936.39071 2151.46744 1782.30104 1966.09626 2810.05657 2478.37306 3335.37659 3351.0724499999997 3465.09755 3862.53332 3923.90647 3307.80652 2578.4735100000003 2112.00379 2824.25024 2727.8783900000003 2183.73831 2105.99858 1811.84216 1742.29733 2078.63793 1678.35217 2939.7993 3360.73394 4115.65463 3909.87276 2941.7386 3693.72977 3139.49032 2935.85775 2935.53198 2712.46751 3079.15605 3920.28889 4305.1597 4768.15446 2216.83107 2143.90021 1991.18898 2599.57866 2480.38812 3721.02693 4712.9024 4767.06041 5174.365650000001 5974.16145 6089.884220000001 6277.90769 6320.1247 5672.3838 6552.07219 7500.42625 6215.92318 4591.763730000001 5122.57274 5111.46995 6116.67393 5787.64546 6504.00036 6202.846460000001 4338.34666 4381.88889 4798.15248 6354.275000000001 6754.591020000001 7776.796700000001 7970.70748 5674.57523 4185.8049200000005 3615.6013199999998 3896.7014200000003 5031.61359 5003.63798 5581.37927 5078.84603 5027.52941 5329.8151 3526.04892 4477.5548 5473.28985 4154.10599 6018.75342 6388.80341 5714.8993 1389.248 
1216.0815 300.80559 0 604.63874 824.19658 1129.02834 1416.74074 1183.32962 1984.3789299999999 2373.43991 2386.91397 1822.6867699999998 2034.3565399999998 1622.11498 1665.29067 2509.2509800000003 2779.17865 3080.40677 3050.2668599999997 3207.4321600000003 3628.88024 3625.13034 3007.52988 2879.2791 2412.80938 2685.9804200000003 2468.30954 2123.35259 2106.08642 2112.64775 2043.10292 1953.75766 1913.02117 2968.44166 3647.8271700000005 4406.63647 4170.83936 3189.82037 3877.27804 3255.43146 2979.0967299999998 2880.64993 2548.17161 2916.8779099999997 3755.57178 4102.63379 4541.55007 2011.17279 1843.0946199999998 1690.38339 2298.77307 2179.58253 3420.22134 4455.73125 4506.10397 4965.79003 5766.46209 5881.30096 6098.734399999999 6133.26055 5502.34441 6396.01704 7335.01534 6064.32776 4383.18811 5060.54473 5168.3818 6142.23542 5766.27609 6509.228139999999 6244.18188 4349.80471 4257.00862 4949.74828 6551.3454 6939.71925 7965.57211 8104.07219 5837.87633 4087.57948 3671.7012 4197.50701 5332.41918 5304.44357 5882.18486 5376.69759 5328.00075 5630.62069 3826.5244 4777.64764 5714.36436 4317.11767 6122.51754 6627.09261 5977.5733 1228.08224 
1501.5199 905.44433 604.63874 0 940.04681 1007.80802 1088.43052 1389.1130799999999 1717.02021 2423.9888 1782.27523 1218.04803 1429.7178 1022.17269 1111.95189 1955.9122000000002 2468.88572 2752.7123 2599.00232 2742.46384 3177.6157000000003 3390.40312 2876.9948400000003 2387.22374 1920.75402 3277.39747 2934.39491 2578.22129 2710.72516 2526.14178 2512.33437 2534.62995 2517.65991 3100.35621 3742.15887 4529.89062 4144.42674 3133.70867 3834.70794 2935.81914 2374.45799 2491.38234 1943.53287 2312.23917 3154.50804 3535.11301 4004.4421700000003 1448.06768 1375.49009 1534.98143 2103.41674 2206.40522 3574.66324 4600.6557 4635.7309 5239.85773 6049.914519999999 6169.74497 6436.69084 6463.14505 5970.037780000001 6799.48827 7701.87367 6454.7859100000005 4678.84452 5633.13243 5764.80416 6725.93339 6320.64364 7045.62296 6843.05911 4946.36685 4837.88091 5530.6655 7124.312040000001 7514.09343 8523.23894 8708.71093 6430.5076 4692.21822 4240.47481 4458.42315 5737.23636 5670.3056799999995 6248.046969999999 5702.46587 5608.01125 5854.6170600000005 4203.85392 5000.53767 5706.85518 4921.75641 6648.3331 7151.9254 6465.87195 1832.72098 
1504.0576999999998 588.78179 824.19658 940.04681 0 428.00117 865.56629 565.90547 1494.15598 1844.18195 2019.45067 1987.6347 2026.97435 1962.2195000000002 2051.9987 2759.8334 2891.73045 3687.32925 3532.72051 3679.5275600000004 4111.035110000001 4301.96815 3756.31682 3112.5125000000003 2700.78558 3413.03203 3206.82584 2772.5201 2476.00081 2206.94631 2331.0791200000003 2227.29914 1766.06059 2351.01751 2852.20985 3649.9779900000003 3347.7367 2365.98267 3104.94798 2550.70853 2589.87632 2656.72053 2834.93599 3142.95922 3975.7689200000004 4314.04497 4836.97809 2285.405 2304.34394 2415.75164 2937.92614 2984.12466 4244.41792 5279.85805 5330.30055 5763.14744 6562.94324 6678.66601 6866.68948 6908.906489999999 6256.66956 7131.59782 8082.77489 6796.257909999999 5180.54552 5509.61664 5517.40137 6535.69671 6278.3585 6960.01216 6492.51153 4417.35905 4161.923989999999 4883.10434 6440.94977 6850.14744 7820.30498 8053.08301 5994.413549999999 4374.8305 3300.428 3606.46045 4859.21983 4730.25887 5308.00016 4766.88336 4667.96444 5078.54526 3263.80711 4065.25731 4894.70122 4026.96357 5868.7376 6367.97652 5641.37731 1978.02979 
1857.55458 960.53995 1129.02834 1007.80802 428.00117 0 456.70559 757.38815 1085.29528 1416.18078 1639.24678 1571.78243 1786.85916 1601.43791 1876.10341 2611.09039 2996.63845 3726.2247700000003 3512.0193600000002 3549.63238 4090.57736 4355.5713000000005 3880.25734 3337.9606 2876.55436 3738.83471 3597.33788 3144.27826 2904.00198 2634.42461 2702.83728 2401.50619 2137.68216 2357.31551 3052.15913 3543.79486 3138.88961 2131.22054 3276.80816 2317.9001 2227.02774 2355.3378000000002 2530.7774099999997 2827.25976 3617.53093 4089.99719 4647.25381 2145.50745 2360.45202 2542.72629 3111.22476 3189.11351 4520.18691 5544.76798 5587.89728 6094.57117 6894.9502 7010.08902 7227.76274 7262.28889 6623.31375 7510.246289999999 8453.85267 7176.46313 5511.96925 5936.80891 5919.85828 6962.23592 6691.38737 7388.00525 6907.80551 4812.90421 4589.92516 5237.11724 6775.75479 7205.66873 8198.27649 8430.03747 6303.9271100000005 4799.60311 3728.42917 3875.96591 5083.70943 4853.36687 5422.41505 4857.78077 4716.96245 5008.249589999999 3253.87707 4067.20592 4702.3067 4240.67164 6153.16195 6647.97488 5894.86022 2339.54034 
2232.61603 1317.34012 1416.74074 1088.43052 865.56629 456.70559 0 300.68256 628.58969 1611.82345 1186.85888 1236.36241 1451.43914 1562.61424 1946.5004199999998 2484.51223 3050.73929 3628.22739 3352.71364 3318.50117 3916.62138 4266.74032 3916.9144300000003 3475.6542600000002 3009.18454 3974.82138 3878.84635 3492.2258 3341.5671 3064.42637 2843.55056 2855.8048700000004 2594.38775 2011.92569 2898.13526 3695.9034 3156.46638 2465.3120900000004 2838.47847 1861.19451 1770.32215 1898.63221 2194.6963 2484.96305 3240.40892 3735.71211 4333.12867 2106.68378 2124.33707 2574.9010200000002 3160.19952 3294.83574 4631.9625 5688.40646 5722.31282 6314.057739999999 7121.85271 7240.46407 7485.6456 7517.29739 6901.76651 7802.80494 8736.01654 7466.63967 5748.48651 6375.1569500000005 6361.18658 7392.80711 7098.40682 7808.89201 7357.74491 5265.941870000001 4933.88579 5693.822829999999 7220.63134 7636.19179 8579.64131 8850.61676 6685.54598 5026.95862 4049.5217 4272.27082 5442.99568 5175.87345 5737.66303 5157.79741 4980.79522 5125.58075 3553.27567 4295.01292 4716.795 4655.26498 6587.72714 7071.371349999999 6301.41897 2644.82298 
2069.96317 1154.6872600000002 1183.32962 1389.1130799999999 565.90547 757.38815 300.68256 0 929.26046 1782.77824 1477.00914 1421.72923 1609.34272 1468.65993 1857.05149 2520.03671 2944.63376 3645.50847 3457.17018 3466.66323 3977.28634 4279.13274 3832.0685 3333.26042 2876.12326 3781.42949 3651.63916 3302.98815 3041.90628 2772.85178 2891.46291 2555.12231 2298.49538 1785.11204 2878.0175 3629.11119 3177.9443 2164.62953 3139.16103 2161.87707 2023.97085 2126.04163 2364.84778 2685.26816 3518.0778600000003 3939.98438 4503.2801500000005 2339.72687 2425.0196300000002 2501.78516 3076.45657 3362.91215 4498.28556 5552.34311 5591.98802 6137.69654 6936.01038 7053.21511 7278.51633 7313.96869 6685.67072 7578.42375 8518.28791 7241.77782 5555.09462 6075.52211 6061.31999 7098.03107 6816.57974 7525.91763 7057.06235 4965.25931 4647.65371 5400.26379 6939.57441 7353.50889 8311.18023 8582.24879 6457.54323 4863.85031 3866.33347 4049.18073 5218.431860000001 4992.08854 5569.82983 5008.32347 4838.74126 5051.3595000000005 3453.36945 4178.02783 4741.36139 4401.1937 6315.18044 6809.5994 6054.09523 2407.7178 
2824.25897 1910.10471 1984.3789299999999 1717.02021 1494.15598 1085.29528 628.58969 929.26046 0 1004.41636 1269.93412 1047.27695 1147.91138 1303.52484 1689.59906 2533.54495 3170.8379 3678.92607 3264.38019 3173.25401 3794.58825 4316.14048 4073.75317 3819.19459 3362.15705 4442.68632 4390.99898 4059.86399 3943.74036 3685.32658 3326.15394 3483.59369 3222.9774399999997 2640.51538 3177.3679 3899.98628 3196.91805 2632.43682 3194.21245 1512.76237 1141.73246 1270.04252 1934.03723 2148.23695 2830.17756 3402.91223 3987.95148 1792.83016 2235.4217200000003 2941.90972 3421.00132 3728.31549 5096.57351 6029.49851 6039.89776 6731.21185 7539.29738 7671.66807 7942.55154 7966.91576 7378.3793 8298.30679 9210.637 7957.05228 6176.41271 6977.35619 6983.77584 8011.64153 7697.62171 8404.37412 7985.99236 5894.519770000001 5535.39249 6299.87009 7833.52996 8229.1426 9195.318870000001 9479.206450000001 7300.42081 5652.0575 4678.11139 4794.63475 5985.119489999999 5588.00081 6138.30241 5533.4941 5315.0571 5391.39027 3951.2481900000002 4629.43954 4724.6889599999995 5199.31544 7128.67091 7615.42179 6864.25864 3212.4611699999996 
3219.54733 2307.91872 2373.43991 2423.9888 1844.18195 1416.18078 1611.82345 1782.77824 1004.41636 0 679.01841 1371.35408 1403.43935 1894.88823 2056.29278 2900.25309 3604.13063 4029.94417 3575.64889 3439.1025 4084.20727 4661.76458 4433.08978 4208.6641 3790.51303 4854.98888 4841.74945 4452.06379 4314.71355 4048.68188 3808.4304300000003 3801.62492 3499.69442 3283.3717100000003 3023.14406 3778.47827 2980.44761 2063.76476 2957.47749 1127.26084 1055.57567 1227.32258 2165.19583 2513.3076300000002 2931.20046 3503.93513 4180.4698499999995 2113.12683 2559.49885 3248.4722599999996 3856.86194 4012.58782 5380.84584 6439.2748 6459.9805 7167.266750000001 7970.91124 8093.1796 8375.0072 8399.41546 7808.73133 8723.036 9642.83616 8403.45111 6609.676089999999 7344.19853 7335.78639 8377.43228 8087.88285 8799.15343 8315.26303 6173.75817 5771.86738 6534.59142 8021.85247 8444.41147 9346.43531 9671.26181 7568.3081 5947.48224 4841.8577 4929.43344 6024.54065 5609.58198 6146.37069 5590.425380000001 5297.3782 5298.03832 4166.58533 4523.65383 4480.592699999999 5371.81624 7291.43683 7769.89449 7011.312739999999 3589.64413 
3259.84431 2344.5684 2386.91397 1782.27523 2019.45067 1639.24678 1186.85888 1477.00914 1269.93412 679.01841 0 834.67958 1049.75631 1541.20519 1544.06541 2351.45253 3091.48637 3452.58396 2954.47339 2784.59548 3442.09369 4125.098550000001 3922.87254 3850.74937 3531.60087 4598.95216 4653.307650000001 4360.49652 4396.44322 4153.69245 3881.01546 4032.13145 3775.5045199999995 3148.2079 3674.52228 4440.89946 3659.35541 2742.78317 3344.71195 1806.27925 1734.5940799999998 1906.34099 1526.26599 1834.2892200000001 2252.18205 2824.91672 3501.45144 1780.14046 2022.82435 2848.91214 3410.39719 3622.59258 4985.02207 6033.3833 6044.40649 6847.82739 7657.88418 7774.01582 8100.15531 8116.08284 7562.24206 8493.09726 9387.05603 8160.56089 6311.92403 7415.40766 7455.51849 8458.19426 8097.482749999999 8827.89819 8493.632880000001 6436.45648 6120.74467 6875.39126 8405.71978 8822.53605 9759.92444 10037.47564 7868.43066 6195.43937 5233.673849999999 5412.2765899999995 6550.0513 6195.6627100000005 6740.63271 6132.8848 5901.42534 5951.3731800000005 4558.24462 5186.16377 5159.61111 5812.67942 7740.51187 8228.63391 7478.08661 3614.9962100000002 
2718.79771 1936.39071 1822.6867699999998 1218.04803 1987.6347 1571.78243 1236.36241 1421.72923 1047.27695 1371.35408 834.67958 0 215.07673 706.5256099999999 710.13801 1554.09832 2257.97586 2659.01523 2218.28966 2135.38427 2747.83861 3290.41897 3093.83791 3016.06979 2696.92129 3897.4840799999997 3948.11056 3720.40912 3924.51844 3714.05398 3637.11548 3703.79319 3614.74288 3206.84127 4095.15665 4892.92479 4236.99894 3250.94525 3916.30234 2498.61492 1156.40996 1328.15687 958.9949799999999 1267.0182100000002 2099.82791 2518.25515 3097.42735 945.46088 1188.14477 2014.9847399999999 2580.31413 2833.27649 4177.33991 5208.2338500000005 5211.30617 6043.1457 6839.27087 6971.64156 7310.49889 7320.59998 6787.94262 7735.184929999999 8605.27494 7395.17816 5550.071309999999 6829.12879 6977.11645 7931.97661 7495.38505 8241.36695 8061.10714 6164.41488 6007.04415 6668.13878 8249.09315 8647.49958 9631.6917 9838.50563 7606.21411 5877.51929 5285.88411 5409.96211 6640.16109 6406.30393 6974.025439999999 6390.96315 6215.913680000001 6345.96076 4788.1061 5531.37533 5771.965909999999 5812.45407 7694.27658 8187.59904 7466.64265 2826.21178 
2931.2376999999997 2151.46744 2034.3565399999998 1429.7178 2026.97435 1786.85916 1451.43914 1609.34272 1147.91138 1403.43935 1049.75631 215.07673 0 491.44888 792.42539 1563.70873 2329.89699 2714.46544 2426.74789 2092.9803199999997 2681.82867 3392.65136 3141.07322 3137.20704 2787.92486 3989.60511 4123.66063 3911.87858 4139.59517 3927.05449 3850.46867 3918.7031 3793.03494 3394.45476 4226.00828 5016.71144 4327.99099 3355.5013 4021.27869 2517.24099 1045.89364 1217.64055 807.96164 1115.98487 1948.79457 2333.1243 2916.95081 730.38415 1299.3982099999998 2097.27212 2678.95898 2913.50734 4259.62729 5299.71915 5312.96828 6168.08431 6961.3706 7087.65871 7446.59044 7462.44008 6932.24415 7872.36616 8745.5046 7545.02148 5664.21458 7030.37254 7192.19318 8136.80918 7690.6713 8433.34958 8272.77691 6376.084650000001 6147.38099 6881.50514 8460.30178 8860.05897 9846.76843 10053.58236 7821.12402 6092.59602 5327.19063 5608.09879 6826.53939 6582.07425 7159.81554 6557.81127 6372.24113 6486.72151 5003.18283 5686.1232 5841.70737 5993.83767 7893.83152 8392.00214 7652.40439 3041.2885100000003 
2523.69259 1782.30104 1622.11498 1022.17269 1962.2195000000002 1601.43791 1562.61424 1468.65993 1303.52484 1894.88823 1541.20519 706.5256099999999 491.44888 0 388.39156 1231.30378 1936.22941 2375.43133 1988.51025 2032.15168 2541.32662 3012.61564 2770.22833 2669.88857 2379.0742099999998 3498.15623 3632.97523 3430.82789 3703.2884 3548.3144700000003 3524.59837 3556.80264 3442.35167 3234.1625000000004 4244.05702 5041.01676 4500.44289 3633.28946 4356.3146 2794.23997 1495.07449 1469.20965 944.80104 1300.75862 2139.15544 2548.40283 3065.9165 1221.83303 1581.5436300000001 1638.38488 2246.77456 2454.59671 3812.62967 4858.76116 4880.78386 5755.36762 6493.5163 6625.88699 6967.61667 6976.88813 6448.48021 7392.91219 8262.7185 7057.71776 5172.7657 6562.15215 6739.61735 7674.48246 7214.16464 7947.87015 7841.38386 5968.53299 5860.053599999999 6540.19854 8131.2711 8526.54754 9540.8049 9705.20381 7452.68029 5707.8792 5039.30888 5425.20827 6630.76228 6452.4071300000005 7022.13678 6456.941220000001 6306.11806 6469.45515 4852.59518 5637.86967 6008.27973 5824.56391 7670.50579 8171.104450000001 7411.35328 2554.22015 
2475.36361 1966.09626 1665.29067 1111.95189 2051.9987 1876.10341 1946.5004199999998 1857.05149 1689.59906 2056.29278 1544.06541 710.13801 792.42539 388.39156 0 843.96031 1547.83785 1994.71702 1635.91595 1675.74521 2238.73417 2629.52106 2438.70679 2344.78165 2015.43172 3246.62833 3572.2002899999998 3307.59972 3669.71075 3499.98549 3617.32014 3619.04833 3578.3118400000003 3458.81844 4581.7287 5378.29588 4822.75187 3807.6041 4493.44144 3182.63153 1822.77623 1757.24358 885.72287 1264.15384 2107.17994 2437.44231 2892.49028 1522.80954 1898.28278 1304.84673 1886.53359 2123.13848 3467.2019 4527.73745 4520.542890000001 5381.38365 6171.00174 6299.4537199999995 6665.41297 6670.01469 6181.89194 7105.352150000001 7965.67467 6778.69157 4873.92756 6703.326580000001 6682.42022 7566.97251 7062.20609 7808.187989999999 7791.16568 6015.095380000001 5911.06429 6615.03895 8214.49992 8605.00992 9623.14403 9766.95516 7503.167 5742.99338 5336.99187 5570.37504 6830.99773 6703.09555 7276.43464 6727.38656 6592.70795 6779.95944 5122.86482 5943.30933 6362.65078 5917.8965 7760.28499 8263.67582 7577.25777 2412.32937 
3120.65598 2810.05657 2509.2509800000003 1955.9122000000002 2759.8334 2611.09039 2484.51223 2520.03671 2533.54495 2900.25309 2351.45253 1554.09832 1563.70873 1231.30378 843.96031 0 837.42761 1150.75671 1662.06434 1173.98136 1684.6044700000002 1828.94263 1599.7016899999999 1830.11135 1774.6730400000001 2832.1476 3359.31007 3181.48094 3820.98599 3698.4951 4295.36889 3959.02829 3987.35652 4104.1094 5352.75751 6149.13205 5640.97861 4651.56441 5322.9907 4025.54375 2606.55555 2450.76891 1207.0203 1498.18557 2307.87608 2560.95685 2602.03401 847.56711 1416.58117 1446.94002 1869.45437 1562.1402 2927.15587 3802.6613 3793.85095 4784.06281 5549.41664 5680.19868 6098.34609 6090.1009 5642.89748 6590.09256 7405.35617 6273.08162 4316.85932 6549.061189999999 6658.0947 7568.45825 6964.81769 7619.28901 7835.397999999999 6224.9996 6262.27925 6920.44522 8529.64571 8910.42512 9951.14184 10023.62672 7721.50153 5950.8107 5676.97183 6086.71026 7384.325999999999 7342.48104 7920.22233 7388.41648 7290.706 7517.06811 5864.96746 6668.9916 7190.70581 6403.67153 8191.949 8691.32468 8051.31865 2413.72741 
2746.94744 2478.37306 2779.17865 2468.88572 2891.73045 2996.63845 3050.73929 2944.63376 3170.8379 3604.13063 3091.48637 2257.97586 2329.89699 1936.22941 1547.83785 837.42761 0 929.43424 1607.30222 1668.93619 1706.01346 1739.67432 1510.43338 992.68374 937.24543 2094.2958 2521.88246 2651.87519 3468.28002 3416.6728 3939.66661 3806.90136 3931.61201 4311.3827 5730.40958 6528.17772 6121.84694 5109.263290000001 5889.2177599999995 4683.19261 3328.94567 3255.66906 2044.4479099999999 2324.77203 2955.80852 3010.84922 3151.56755 1653.35931 1093.39563 1357.67171 1966.06139 1762.52815 2837.88756 2979.8995999999997 3105.43844 4062.03363 4712.02929 4842.78536 5264.14931 5254.41776 4862.52666 5765.11171 6571.264069999999 5451.04118 3479.43171 5712.97208 6125.82303 6861.39906 6201.42314 6945.93593 7304.33495 5893.96064 6049.52899 6660.90731 8260.97434 8650.887209999999 9682.68232 9686.32629 7387.16295 5622.57098 5517.19675 6094.0707 7388.180969999999 7473.98217 8051.72346 7550.69931 7505.866840000001 7796.11852 6004.3859 6943.07209 7685.26403 6351.46991 8032.66357 8537.23864 7961.16631 2040.01887 
3450.43548 3335.37659 3080.40677 2752.7123 3687.32925 3726.2247700000003 3628.22739 3645.50847 3678.92607 4029.94417 3452.58396 2659.01523 2714.46544 2375.43133 1994.71702 1150.75671 929.43424 0 677.86798 1165.9509600000001 832.71183 1786.8526000000002 787.82295 1884.2216 1866.67967 2782.84333 3314.10999 3523.17935 4387.65005 4344.0793 4859.6781200000005 4736.3356 4861.046249999999 5141.42454 6474.52933 7268.23693 6784.69377 5802.3211200000005 6466.70586 5156.47719 3571.81318 3560.9388599999997 2099.66021 2248.53041 2641.18231 2523.66737 2487.69974 1998.32382 1514.18955 1390.02338 1251.35167 1558.6658400000001 2250.93692 3084.21947 3039.35816 4256.70386 4943.4521 5064.89743 5567.38107 5536.31376 5207.97705 6137.97988 6860.7082 5844.78657 4173.51227 6503.3178100000005 6957.29225 7635.61818 6929.00143 7656.24149 8152.95641 6809.65932 6978.963229999999 7589.78415 9184.03406 9531.44401 10605.0711 10595.31146 8301.33575 6534.59448 6446.63099 6987.8111 8295.45056 8337.72151 8915.31362 8412.86657 8347.926 8603.87355 6846.44506 7752.58656 8341.462520000001 7270.709140000001 8961.83129 9462.61867 8887.41185 2969.4531100000004 
3568.07455 3351.0724499999997 3050.2668599999997 2599.00232 3532.72051 3512.0193600000002 3352.71364 3457.17018 3264.38019 3575.64889 2954.47339 2218.28966 2426.74789 1988.51025 1635.91595 1662.06434 1607.30222 677.86798 0 488.08298 602.81822 1174.37302 1465.69093 2171.1315 2165.61539 3284.08587 3749.37461 3869.67453 4622.54086 4592.69643 4919.93679 4979.93145 4888.34737 5013.02164 6210.50956 7008.277700000001 6455.2886 5443.52005 6129.357389999999 4690.17004 3218.82269 3077.76501 1773.1016599999998 1761.7238200000002 1963.85463 1875.05847 1976.8898800000002 1797.3906299999999 1228.37657 2067.89136 1929.21965 2236.53382 2928.8049 3757.70444 3717.22614 4934.5718400000005 5616.93707 5732.86115 6245.24905 6196.85606 5878.92705 6815.84786 7521.96384 6522.65455 4493.88073 6946.78648 7351.860339999999 8089.45301 7429.643230000001 8160.56352 8527.25419 7119.20093 7127.86588 7783.143 9392.334499999999 9773.1229 10803.74194 10848.520100000002 8541.42379 6776.831819999999 6510.92382 7022.39116 8292.47689 8251.11732 8827.96375 8296.56031 8190.73489 8401.66704 6705.55031 7558.852069999999 7976.46902 7309.47556 9085.20134 9576.52917 8952.76605 3193.1176 
3869.63701 3465.09755 3207.4321600000003 2742.46384 3679.5275600000004 3549.63238 3318.50117 3466.66323 3173.25401 3439.1025 2784.59548 2135.38427 2092.9803199999997 2032.15168 1675.74521 1173.98136 1668.93619 1165.9509600000001 488.08298 0 684.63494 1662.4560000000001 1929.15655 2636.80583 2606.18162 3746.35623 4187.74138 4320.81138 4957.53699 4868.9307499999995 5161.24995 5107.58514 5120.45333 5134.56365 6213.1385 7009.7302899999995 6369.66514 5386.32314 6049.28839 4527.24168 2741.42192 2589.68203 1285.01868 1273.64084 1499.13308 1386.97549 1488.8069 1498.41093 1375.18362 2228.83068 2121.55061 2427.16398 3382.24851 4245.787420000001 4189.68853 5388.01545 6083.15971 6215.5304 6710.99516 6682.56612 6334.09765 7279.35599 8007.53676 6971.35008 4981.96371 7379.38969 7794.75922 8523.51596 7870.26715 8614.63 8954.16319 7395.4352499999995 7410.8361 8074.26833 9683.49485 10064.24823 11104.96495 11176.27277 8873.00911 7102.31828 6746.7643499999995 7188.87613 8476.29675 8378.84076 8952.17985 8403.13177 8266.59483 8444.08192 6798.61003 7606.42139 7890.856089999999 7521.71483 9328.64194 9828.0871 9176.5116 3548.03509 
4108.00803 3862.53332 3628.88024 3177.6157000000003 4111.035110000001 4090.57736 3916.62138 3977.28634 3794.58825 4084.20727 3442.09369 2747.83861 2681.82867 2541.32662 2238.73417 1684.6044700000002 1706.01346 832.71183 602.81822 684.63494 0 981.06982 1585.39837 2514.64919 2591.41046 3614.54423 4142.80802 4313.90971 5121.57046 5052.53243 5522.75501 5385.75575 5491.1655900000005 5592.18383 6783.65068 7581.11883 6981.45078 5986.31247 6660.46432 5185.26656 3412.11445 3272.55802 1953.50966 1958.10572 2093.23315 2010.59777 1689.93757 2008.6941 1806.69117 2057.53445 2053.53013 2335.19164 3048.7677700000004 3813.80679 3733.17128 5054.53471 5673.2319 5779.92604 6311.51052 6272.20735 6002.798760000001 6904.51229 7591.44205 6621.643029999999 4665.85762 7321.62304 7764.60205 8463.89816 7756.189200000001 8488.57049 8955.13487 7551.50221 7664.99537 8297.911680000001 9903.79937 10262.43689 11326.30434 11347.62715 9040.45867 7275.8667000000005 7068.69868 7564.94554 8864.19635 8829.81546 9406.74237 8875.7389 8771.02314 8975.92073 7284.831 8132.02072 8515.96572 7874.1042 9622.07945 10125.43456 9519.732119999999 3692.91546 
3958.55984 3923.90647 3625.13034 3390.40312 4301.96815 4355.5713000000005 4266.74032 4279.13274 4316.14048 4661.76458 4125.098550000001 3290.41897 3392.65136 3012.61564 2629.52106 1828.94263 1739.67432 1786.8526000000002 1174.37302 1662.4560000000001 981.06982 0 1427.5435499999999 2422.5137 2197.22962 2969.75757 3612.3496 3871.38605 4817.71941 4796.10613 5387.77291 5278.035519999999 5380.1 5739.05445 7132.56199 7897.18083 7423.2067 6437.12516 7105.21879 5787.17651 4145.8144 4246.2123 2845.11523 2870.93881 3046.04875 2827.78265 2633.4747 2666.01876 2402.74959 1942.27753 1648.42349 1848.41175 2173.00713 2835.82683 2762.31452 4096.31682 4692.16208 4823.04147 5427.49975 5350.37742 5079.1641 6026.40641 6643.12965 5709.04554 3754.04475 6681.38511 7207.93319 7812.84442 7039.81946 7767.40375 8400.65902 7215.00836 7436.802 8013.32453 9601.109989999999 9949.120910000001 11016.02215 10965.561730000001 8661.58704 6932.58768 6965.06011 7541.2785 8836.27325 8927.544450000001 9505.285740000001 9001.82793 8947.76464 9219.01171 7446.2837 8367.22546 8983.535319999999 7799.58157 9437.62136 9935.08455 9395.53621 3424.55272 
3209.25069 3307.80652 3007.52988 2876.9948400000003 3756.31682 3880.25734 3916.9144300000003 3832.0685 4073.75317 4433.08978 3922.87254 3093.83791 3141.07322 2770.22833 2438.70679 1599.7016899999999 1510.43338 787.82295 1465.69093 1929.15655 1585.39837 1427.5435499999999 0 1096.39865 1562.8683700000001 2112.50231 2734.99609 3008.89764 3983.11486 3988.08475 4638.12721 4464.34194 4647.50363 5154.4562000000005 6604.80919 7384.44744 7010.0128 5996.69803 6696.78796 5553.9206 4107.68414 4016.06026 2722.62855 2926.95781 3428.28963 3308.96721 3265.91871 2436.7778200000002 2286.80175 1342.01341 1950.40309 2257.71726 1463.3694 2415.37399 2289.83515 3469.13634 4156.82246 4289.19305 4799.05119 4753.42498 4420.38121 5350.19944 6078.38021 5057.10797 3603.05196 5829.81072 6343.4678300000005 6971.037829999999 6211.30646 6945.67933 7538.50449 6361.83441 6623.70213 7181.69813 8760.55078 9088.83183 10177.594389999998 10109.72767 7809.11493 6089.04344 6181.65779 6791.96768 8099.13464 8237.07138 8814.81267 8382.38059 8335.335930000001 8637.62162 6833.85544 7785.15928 8573.28992 7049.935869999999 8633.41908 9128.01016 8607.51404 2790.19147 
2259.18924 2578.4735100000003 2879.2791 2387.22374 3112.5125000000003 3337.9606 3475.65426 3333.26042 3819.19459 4208.6641 3850.74937 3016.06979 3137.20704 2669.88857 2344.78165 1830.11135 992.68374 1884.2216 2171.1315 2636.80583 2514.64919 2422.5137 1096.39865 0 466.46972 1113.5385 1713.02432 1912.58595 2908.32357 2935.89816 3688.4023100000004 3459.04683 3692.00217 4337.60141 5937.92781 6688.85947 6455.58464 5462.80217 6157.39451 5289.14274 4151.26932 4101.40878 3037.13165 3317.45577 3946.90626 3997.60553 4125.61273 2536.4857899999997 1967.47173 2350.35545 2586.19498 2749.92994 2309.82867 2236.69511 2266.61091 3469.80555 4109.69751 4240.7589800000005 4342.70449 4330.63471 3934.87185 4882.11416 5635.19015 4482.93977 2887.20363 4808.00759 5321.49606 5956.4818000000005 5262.4921300000005 5993.14817 6538.590750000001 5310.86471 5556.23074 6097.07356 7678.15876 7995.04359 9081.19574 9013.32902 6712.89729 4996.62686 5176.99037 5813.6172 7112.1612 7321.831340000001 7889.18069 7461.13436 7478.41761 7842.12886 5992.64291 6996.95398 8006.17608 6050.036760000001 7575.41142 8063.01613 7569.41055 1693.7928200000001 
1934.25167 2112.00379 2412.80938 1920.75402 2700.78558 2876.55436 3009.18454 2876.12326 3362.15705 3790.51303 3531.60087 2696.92129 2787.92486 2379.0742099999998 2015.43172 1774.6730400000001 937.24543 1866.67967 2165.61539 2606.18162 2591.41046 2197.22962 1562.8683700000001 466.46972 0 1580.0082200000002 1594.91818 1723.39694 2656.74636 2603.75191 3266.16595 3080.8059 3374.92929 4114.99656 5472.20184 6227.65842 6011.07216 4996.33245 5690.92479 4856.57316 3833.8185000000003 3772.6753 2901.15459 3170.05196 3786.55846 3948.09465 4081.41262 2247.28547 2030.64106 2294.91714 2691.53115 2699.77358 2415.16484 2679.90168 2716.42578 3395.67681 4197.13962 4322.37724 4658.66558 4705.120199999999 4214.4259 5089.92043 5957.81795 4763.50428 3353.67335 4781.17109 5205.58275 5929.60471 5294.15107 6040.132799999999 6368.69045 5019.13309 5242.71247 5816.71007 7406.26235 7785.47357 8828.78405 8796.08333 6498.28938 4744.59882 4796.79278 5420.15507 6724.36592 6929.3521200000005 7485.031599999999 7028.74249 7048.31184 7393.56437 5546.8309 6543.9469 7539.70636 5654.34674 7249.00635 7744.54292 7220.23171 1227.3231 
2182.47607 2824.25024 2685.9804200000003 3277.39747 3413.03203 3738.83471 3974.82138 3781.42949 4442.68632 4854.98888 4598.95216 3897.48408 3989.60511 3498.15623 3246.62833 2832.1476 2094.2958 2782.84333 3284.08587 3746.35623 3614.54423 2969.75757 2112.50231 1113.5385 1580.0082200000002 0 666.03453 1188.01052 2307.52693 2456.47298 3357.05734 3080.40781 3541.64636 4368.01903 6072.637830000001 6749.90852 6700.07321 5756.57572 6423.94933 5836.01589 4992.50616 4967.36588 4039.1678999999995 4330.2131 5040.51429 5096.4884 5213.76802 3483.83776 2961.57096 2165.68615 1626.01353 1636.39144 1243.67359 2104.7661200000002 2230.3049600000004 2356.26705 3156.11549 3271.78562 3520.01832 3577.82394 3052.1384399999997 3894.75596 4794.51177 3563.14313 1773.66513 3906.95024 4309.21679 5006.15895 4217.73782 4880.16321 5505.1677199999995 4460.20414 4891.71422 5341.26745 6860.39095 7155.49928 8248.701000000001 8109.79383 5838.83978 4198.30156 4718.42338 5415.3985999999995 6659.78716 7016.15058 7569.364149999999 7203.50033 7294.67491 7733.49087 5865.49648 6915.29876 8203.05858 5549.86171 6903.94098 7384.16755 6991.11995 1571.88528 
1818.32065 2727.8783900000003 2468.30954 2934.39491 3206.82584 3597.33788 3878.84635 3651.63916 4390.99898 4841.74945 4653.307650000001 3948.11056 4123.66063 3632.97523 3572.2002899999998 3359.3100699999995 2521.88246 3314.10999 3749.37461 4187.74138 4142.80802 3612.3496 2734.99609 1713.02432 1594.91818 666.03453 0 602.2101 1697.71847 1870.67256 2835.1169499999996 2551.50799 2981.46777 3940.68268 5689.889639999999 6339.3054 6389.5661 5482.74475 6126.0231699999995 5723.741 5104.52052 5102.18488 4241.80009 4596.36888 5366.08625 5492.86555 5672.99083 3781.47184 3212.45778 2336.91109 2114.93055 1807.61638 1909.7081200000002 2608.62128 2706.94533 2765.0230500000002 3430.16049 3531.97409 3665.60459 3714.4616 3183.4347199999997 3929.82468 4876.39231 3650.62455 2182.42113 3755.83459 3643.18226 4340.12442 3699.23289 4445.21462 4839.13319 3795.00442 4237.93086 4676.80948 6200.66628 6505.30379 7597.04636 7458.74537 5237.29038 3532.4057 4092.66063 4814.95472 6064.6876 6470.39634 6985.63397 6654.36345 6771.57471 7238.32888 5377.50918 6437.3573 7848.55146 4964.889090000001 6253.1554 6718.13302 6344.99324 1341.05565 
1309.98053 2183.73831 2123.35259 2578.22129 2772.5201 3144.27826 3492.2258 3302.98815 4059.86399 4452.06379 4360.49652 3720.40912 3911.87858 3430.82789 3307.59972 3181.48094 2651.87519 3523.17935 3869.67453 4320.81138 4313.90971 3871.38605 3008.89764 1912.58595 1723.39694 1188.01052 602.2101 0 1119.51641 1268.46246 2232.90685 1949.29789 2379.25767 3364.95305 5112.30672 5769.452090000001 5836.17306 4957.64793 5617.68305 5323.22863 4834.09309 4852.04915 4193.32259 4522.3149300000005 5305.62739 5508.34213 5757.795899999999 3599.54844 3150.59677 2349.69892 2271.82768 2022.9743 2425.74466 3210.8313799999996 3292.6008 3234.94451 4032.3705900000004 4100.25804 4267.81469 4251.2753 3712.7801099999997 4401.57165 5368.058029999999 4067.09823 2773.27791 3701.4591800000003 3482.18581 4573.96082 3783.33675 4521.471 4658.88882 3398.8928100000003 3768.52113 4293.91444 5804.55467 6143.62813 7174.94481 7101.48639 4800.31134 3208.38112 3530.41286 4227.38808 5473.38451 5885.74064 6392.80134 6055.20969 6180.04481 6636.83434 4777.13596 5846.4338 7282.74101 4362.67899 5786.60426 6221.87705 5803.1094299999995 895.27035 
1318.7783 2105.99858 2106.08642 2710.72516 2476.00081 2904.00198 3341.5671 3041.90628 3943.74036 4314.71355 4396.44322 3924.51844 4139.59517 3703.2884 3669.71075 3820.98599 3468.28002 4387.65005 4622.54086 4957.53699 5121.57046 4817.71941 3983.11486 2908.32357 2656.74636 2307.52693 1697.71847 1119.51641 0 294.15642 1265.78829 929.44769 1379.09318 2592.8386499999997 4313.39174 4877.98894 5117.68356 4343.58032 4902.09814 4960.08246 4921.98344 4986.73635 4555.15049 4933.56767 5768.47718 6062.14385 6407.98354 4014.45787 3680.93589 3069.9994 3175.56707 2969.30766 3541.42373 4306.33824 4404.6638 4221.37193 4945.91195 5030.1337 5022.63805 5098.48811 4366.80501 5118.40552 6093.53429 4790.24269 3665.37447 3033.61583 3062.29538 4068.30087 3802.35769 4484.43988 4138.09546 2820.6609200000003 2649.00472 3203.88889 4797.22024 5193.86879 6217.63315 6229.00008 4213.00503 2515.0328099999997 2534.5791799999997 3118.07012 4367.15402 4772.86276 5350.60405 4977.87957 5123.26849 5623.47659 3800.07759 4854.04213 6472.29591 3370.05465 4667.08785 5155.79011 4695.37885 1429.42326 
1024.62188 1811.84216 2112.64775 2526.14178 2206.94631 2634.42461 3064.42637 2772.85178 3685.32658 4048.68188 4153.69245 3714.05398 3927.05449 3548.31447 3499.98549 3698.4951 3416.6728 4344.0793 4592.69643 4868.9307499999995 5052.53243 4796.10613 3988.08475 2935.89816 2603.75191 2456.47298 1870.67256 1268.46246 294.15642 0 1004.61535 1223.60411 1110.79521 2298.68223 4029.79962 4617.50189 4898.8402 4208.16744 4653.26559 4673.86799 4717.66981 4747.37414 4383.16472 4760.0666 5599.42577 5913.69022 6283.86227 3846.91492 3901.63187 2994.99917 3147.68264 3263.4640799999997 3653.72166 4479.29384 4558.47485 4445.98302 5240.06837 5271.77235 5283.62726 5360.7821300000005 4638.93008 5389.07061 6366.40259 5065.17769 3959.53089 3310.73058 3310.45506 4328.7504 4096.51411 4763.74569 4400.574790000001 2526.5045 2640.81389 3245.70485 4854.93137 5235.68475 6273.8328 6325.13162 4473.303449999999 2809.18923 2828.7356 2967.71444 4232.11354 4664.53838 5145.73846 4786.74723 4911.89006 5409.29116 3550.19788 4618.1422999999995 6193.03157 3128.72898 4645.48437 5147.59928 4634.17846 1723.5796799999998 
1429.21307 1742.29733 2043.10292 2512.33437 2331.0791200000003 2702.83728 2843.55056 2891.46291 3326.15394 3808.4304300000003 3881.01546 3637.11548 3850.46867 3524.59837 3617.32014 4295.36889 3939.66661 4859.6781200000005 4919.93679 5161.24995 5522.75501 5387.77291 4638.12721 3688.4023100000004 3266.16595 3357.05734 2835.1169499999996 2232.90685 1265.78829 1004.61535 0 336.3406 797.57915 1386.40542 3065.33669 3616.85241 3986.6210899999996 3203.55209 3727.9285 4036.63845 4428.05296 4596.19646 4454.76484 4816.81658 5655.6691200000005 6047.44738 6503.41272 3959.1284000000005 3791.80551 3469.65474 4078.04442 3974.6215599999996 4567.88635 5405.87549 5486.59196 5444.41117 6190.8783 6275.71072 6284.75338 6359.09058 5630.00306 6373.07192 7350.58868 6054.92534 4876.88364 4068.27361 3911.76365 4925.83597 4849.0673 5595.0491999999995 4721.49913 3030.12096 2639.59156 3332.37615 4611.97767 5012.29369 6034.49937 6277.46979 3990.96029 2890.46425 2054.2841399999998 2154.40409 3463.40218 3731.44411 4237.895 3856.1547299999997 3950.35929 4404.67581 2550.12568 3613.52695 5235.77098 2411.80866 4344.27082 4666.83715 4035.57604 2069.00217 
1648.14047 2078.63793 1953.75766 2534.62995 2227.29914 2401.50619 2855.8048700000004 2555.12231 3483.59369 3801.62492 4032.13145 3703.79319 3918.7031 3556.80264 3619.04833 3959.02829 3806.90136 4736.3356 4979.93145 5107.58514 5385.75575 5278.035519999999 4464.34194 3459.04683 3080.8059 3080.40781 2551.50799 1949.29789 929.44769 1223.60411 336.3406 0 461.23855 1706.26639 3400.45358 3948.54125 4270.48131 3511.64078 4046.35088 4292.67047 4558.96129 4681.16394 4478.16282 4846.6377 5689.13799 6056.39145 6484.79391 3964.93045 3751.55488 3349.94463 3762.99794 3638.28096 4293.01432 5117.04641 5206.75139 5136.20656 5863.02055 5949.92191 5951.82745 6027.9358 5296.20364 6036.73132 7014.40407 5718.58474 4562.91279 3942.86827 3575.42305 4659.20433 4541.00705 5286.98895 4513.63811 2693.7803599999997 2303.25096 2996.03555 4597.58774 4985.96159 6011.81445 6184.55801 3902.42092 2554.12365 1717.94354 2490.74469 3660.23675 4004.39356 4488.95634 4126.55813 4238.34366 4716.86273 2870.6299 3934.67305 5551.08467 2590.9899299999997 4260.26641 4739.7251 4155.67672 1861.2751 
1440.67762 1678.35217 1913.02117 2517.65991 1766.06059 2137.68216 2594.38775 2298.49538 3222.9774399999997 3499.69442 3775.5045199999995 3614.74288 3793.03494 3442.35167 3578.3118400000003 3987.35652 3931.61201 4861.046249999999 4888.34737 5120.453329999999 5491.1655900000005 5380.1 4647.50363 3692.00217 3374.92929 3541.64636 2981.46777 2379.25767 1379.09318 1110.79521 797.57915 461.23855 0 2167.50494 2939.21503 3736.98317 3850.76437 3184.4408000000003 3592.07178 3910.6863200000003 4322.46623 4422.78112 4387.15271 4743.1102900000005 5579.80331 5980.03896 6446.50663 3894.52667 3745.77429 3603.40456 3772.56836 4079.8825300000003 4631.083769999999 5466.73989 5551.2994 5537.86177 6286.23711 6376.01043 6394.39763 6467.27184 5740.43622 6491.09205 7468.7648 6169.33587 5013.4874899999995 4206.202670000001 4036.6616 5078.70431 5002.2456 5606.04897 4851.20397 2675.22205 2764.48951 3119.80031 4691.38146 5105.3635699999995 6113.90316 6292.35531 4363.65947 2661.9209499999997 2179.18209 2951.98324 3456.56896 3636.06834 4199.76618 4065.5656200000003 3962.52482 4322.02557 2461.04388 3522.49414 5093.20273 3052.2284799999998 4394.12147 4873.23138 4064.55213 2147.60619 
2707.93239 2939.7993 2968.44166 3100.35621 2351.01751 2357.31551 2011.92569 1785.11204 2640.51538 3283.3717100000003 3148.2079 3206.84127 3394.45476 3234.1625000000004 3458.81844 4104.1094 4311.3827 5141.42454 5013.02164 5134.56365 5592.18383 5739.05445 5154.4562000000005 4337.60141 4114.99656 4368.01903 3940.68268 3364.95305 2592.8386499999997 2298.68223 1386.40542 1706.26639 2167.50494 0 1749.20696 2408.35566 2672.27359 3070.8889900000004 2622.39178 2820.93779 3782.24784 3802.89626 4149.95982 4459.984350000001 5245.18875 5725.09642 6279.30609 3751.49943 3789.18263 3812.44279 4271.27077 4578.58494 5376.09468 6356.07094 6432.26002 6590.88044 7370.30355 7465.21109 7537.05148 7601.54333 6891.25025 7678.5005 8654.5744 7352.093620000001 6010.6028 5401.6665 5159.10034 6269.16123 6235.47272 6840.04686 5988.29667 4030.3678 3136.44161 3899.84256 5352.36363 5782.27757 6653.07102 7001.92811 4968.93117 3541.33647 2171.51767 2264.06869 3433.31982 3245.39751 3820.18141 3284.30708 3233.93002 3513.7793 2232.41493 2667.35613 3919.64125 2668.22507 4599.75054 5083.91316 4332.28515 2887.67346 
3900.12115 3360.73394 3647.8271700000005 3742.15887 2852.20985 3052.15913 2898.13526 2878.0175 3177.3679 3023.14406 3674.52228 4095.15665 4226.00828 4244.05702 4581.7287 5352.75751 5730.40958 6474.52933 6210.50956 6213.1385 6783.65068 7132.56199 6604.80919 5937.92781 5472.20184 6072.637830000001 5689.889639999999 5112.30672 4313.39174 4029.79962 3065.33669 3400.45358 2939.21503 1749.20696 0 797.76814 923.06663 1938.2144 883.40478 2447.62109 4069.11587 4240.86278 5033.69655 5278.635920000001 5926.7043300000005 6499.439 7105.92992 4789.77212 5018.29714 5267.96149 5790.135990000001 5825.1751 7032.03136 8041.5687 8098.77645 8333.25821 9114.9584 9212.56476 9286.25844 9350.687469999999 8640.45721 9418.34041 10395.15565 9092.99379 7750.65629 6974.04244 6612.60266 7734.442669999999 7813.69631 8377.438619999999 7250.47067 4960.10788 4183.92299 4869.30055 6001.70517 6427.94283 7125.23242 7647.76288 5951.94538 4806.65424 3224.62009 2799.89866 3456.06279 2772.01912 3242.00756 2605.87989 2439.80282 2276.8509 1495.91658 1511.64149 2170.43429 3225.18217 4990.81408 5395.65251 4700.22696 4607.04972 
