22
20 10 38 24 19 27 44 43 0 47 5 40 49 30 15 4 2 36 46 29 25 13
0 1509.27708 1907.09203 2504.49596 2079.71315 1997.92324 3664.18988 4315.50623 5922.0336 5780.62004 4817.66692 5288.67629 4625.28323 4355.79843 5931.61513 5310.87658 4527.9799 3516.73567 5977.08649 5754.9556 5232.34525 3046.20699 
1509.27708 0 755.19666 1675.25101 2033.84008 3507.20032 3744.11285 4228.71375 5569.88043 5365.9372 5040.08383 5675.5561 5078.65397 5288.55456 6827.80433 6387.80494 3979.79321 2007.45859 4940.4855 5269.78324 5839.61347 4154.20233 
1907.09203 755.19666 0 920.05435 1278.64342 3591.0682100000004 4108.96849 4399.00284 5521.29785 5588.40864 5526.92944 6161.6759 4676.97776 5934.48397 7583.00099 7121.72016 4734.989869999999 2049.77988 4273.57286 4602.8706 5403.69807 4876.70268 
2504.49596 1675.25101 920.05435 0 2198.69777 4502.4192 5029.02284 5291.05226 6412.68298 6044.16975 6435.57029 7070.78284 5562.12774 6854.538320000001 8436.11109 7815.37254 3981.60018 2969.8342300000004 3472.59053 3801.88827 4483.64372 5232.82113 
2079.71315 2033.84008 1278.64342 2198.69777 0 2312.42479 2830.32507 3910.3607199999997 4372.71323 4535.08119 4547.9280499999995 4994.656129999999 3411.61838 5428.171969999999 6904.00011 6451.70559 5171.30786 2881.7191 5552.216280000001 5595.406929999999 6682.341490000001 4874.82287 
1997.92324 3507.20032 3591.0682100000004 4502.4192 2312.42479 0 3061.8475200000003 4113.30005 5997.11675 6014.78935 3569.20229 4204.67456 4128.06698 3269.13138 4844.86718 6504.7598 4379.47577 4256.13978 7098.90822 6769.61048 5099.49184 3302.45491 
3664.18988 3744.11285 4108.96849 5029.0228400000005 2830.32507 3061.8475200000003 0 1080.03565 2963.85411 3007.13568 1717.60298 2286.07633 1334.54112 3512.69004 4569.94605 5708.05972 7279.75671 5712.044169999999 8115.77636 7892.8089199999995 8076.16548 5412.69489 
4315.50623 4228.71375 4399.00284 5291.05226 3910.3607199999997 4113.30005 1080.03565 0 1883.81846 2252.33169 2438.45463 3073.9269000000004 2414.57677 4564.14257 5290.7977 6165.27112 7951.38793 5999.99017 8100.66917 7788.59525 8654.00283 6492.73054 
5922.0336 5569.88043 5521.29785 6412.68298 4372.71323 5997.11675 2963.85411 1883.81846 0 368.51323 4048.01445 4291.79729 4298.39523 6178.81453 6883.06956 8038.47119 9544.02109 7044.93814 8525.89262 8198.2059 10252.37482 8376.548999999999 
5780.62004 5365.9372 5588.40864 6044.16975 4535.08119 6014.78935 3007.13568 2252.33169 368.51323 0 4220.30816 4506.53326 4341.6768 6351.10824 7059.0403 8079.09364 9311.7341 6989.400299999999 8205.39494 7876.0972 10375.88101 8419.83057 
4817.66692 5040.08383 5526.92944 6435.57029 4547.9280499999995 3569.20229 1717.60298 2438.45463 4048.01445 4220.30816 0 635.47227 3052.1441 2130.80008 2852.34307 3990.45674 7920.18971 7041.89783 9800.5023 9566.79836 8638.17539 5416.07035 
5288.67629 5675.5561 6161.6759 7070.78284 4994.656129999999 4204.67456 2286.07633 3073.9269000000004 4291.79729 4506.53326 635.47227 0 2892.54991 2766.27235 2591.27227 4572.10139 8485.19004 7677.10792 10326.29057 10167.04042 9273.64766 6051.54262 
4625.28323 5078.65397 4676.97776 5562.12774 3411.61838 4128.06698 1334.54112 2414.57677 4298.39523 4341.6768 3052.1441 2892.54991 0 4474.40734 5378.33664 7042.60084 8260.926 6275.08159 8326.653620000001 7997.35588 8965.29135 6747.23601 
4355.79843 5288.55456 5934.48397 6854.538320000001 5428.171969999999 3269.13138 3512.69004 4564.14257 6178.81453 6351.10824 2130.80008 2766.27235 4474.40734 0 3506.94118 5192.41309 7648.60715 7195.2287 10200.33946 9958.48191 8228.44694 6005.04444 
5931.61513 6827.80433 7583.00099 8436.11109 6904.00011 4844.86718 4569.94605 5290.7977 6883.06956 7059.0403 2852.34307 2591.27227 5378.33664 3506.94118 0 1980.82912 8509.13873 8769.12595 11755.92772 11511.98923 9173.479879999999 5206.96582 
5310.87658 6387.80494 7121.72016 7815.37254 6451.70559 6504.7598 5708.05972 6165.27112 8038.47119 8079.09364 3990.45674 4572.10139 7042.60084 5192.41309 1980.82912 0 7221.93794 8136.44259 11272.79792 11065.832180000001 7780.91812 5290.86392 
4527.9799 3979.79321 4734.989869999999 3981.60018 5171.30786 4379.47577 7279.75671 7951.38793 9544.02109 9311.7341 7920.18971 8485.19004 8260.926 7648.60715 8509.13873 7221.93794 0 3540.99647 6299.906739999999 6585.63184 7587.47113 3501.68602 
3516.73567 2007.45859 2049.77988 2969.83423 2881.7191 4256.13978 5712.044169999999 5999.99017 7044.93814 6989.4003 7041.89783 7677.10792 6275.08159 7195.2287 8769.12595 8136.44259 3540.99647 0 3172.44401 3501.74175 4415.7043699999995 5289.10474 
5977.08649 4940.4855 4273.57286 3472.59053 5552.216280000001 7098.90822 8115.77636 8100.66917 8525.89262 8205.39494 9800.5023 10326.29057 8326.653620000001 10200.33946 11755.92772 11272.79792 6299.906739999999 3172.44401 0 329.29774 6195.71368 8430.82938 
5754.9556 5269.78324 4602.8706 3801.88827 5595.406929999999 6769.61048 7892.8089199999995 7788.59525 8198.2059 7876.0972 9566.79836 10167.04042 7997.35588 9958.48191 11511.98923 11065.832180000001 6585.63184 3501.74175 329.29774 0 6212.351 8307.723030000001 
5232.34525 5839.61347 5403.69807 4483.64372 6682.341490000001 5099.49184 8076.16548 8654.00283 10252.37482 10375.88101 8638.17539 9273.64766 8965.29135 8228.44694 9173.479879999999 7780.91812 7587.47113 4415.7043699999995 6195.71368 6212.351 0 4085.78511 
3046.20699 4154.20233 4876.70268 5232.82113 4874.82287 3302.45491 5412.69489 6492.73054 8376.548999999999 8419.83057 5416.07035 6051.54262 6747.23601 6005.04444 5206.96582 5290.86392 3501.68602 5289.10474 8430.82938 8307.723030000001 4085.78511 0 
