47
20 60 88 90 36 24 53 95 87 6 82 98 97 42 86 16 18 10 21 38 45 77 19 5 72 71 47 93 37 2 51 23 9 70 59 80 48 12 55 81 75 64 73 39 11 1 49
0 1029.8641 2435.48496 3759.1676 3534.67962 3274.82272 2474.27666 2128.82261 3491.52497 1874.67464 4043.75877 5235.28127 5874.59986 5811.60468 6003.87625 5955.6354 6521.42576 6654.72136 7672.82744 7578.98861 7101.92179 6598.25335 8481.65249 7021.55355 8876.0344 6741.27354 7107.06505 7092.23026 5324.24247 5603.92581 5613.48466 5229.59826 4634.7203 4561.59322 2613.66389 3453.89186 3525.92981 4240.41177 4710.54823 5501.7649 2480.90167 2426.41138 2876.52047 4377.50622 6709.65737 7637.50129 1423.04252 
1029.8641 0 1405.62086 2826.23798 2967.64766 3075.71095 2275.16489 1417.32283 2955.61297 1663.73225 4016.6684 5193.70773 6085.340679999999 6094.81434 6276.52196 6264.54317 6821.7593 6895.43685 7754.2549 7672.17368 7187.86756 6941.2815900000005 8786.837669999999 7477.39213 9380.84964 7525.4445 7940.42429 7801.15883 6172.972659999999 6543.20874 6599.512019999999 6229.05482 5447.55101 5373.435619999999 3462.5444 4294.4147299999995 4267.35255 5147.10346 5589.28994 6425.14622 2887.0537400000003 2803.65939 3117.23596 3607.49359 6076.9479200000005 7091.95311 2102.23964 
2435.4849600000002 1405.62086 0 1420.61712 3038.1017 2906.77158 3615.61184 2817.06407 4187.56182 3069.35311 5410.81001 6579.04932 7462.0464 7493.81985 7667.56213 7664.28441 8218.2851 8263.29232 9154.628349999999 9077.794539999999 8593.48842 8329.68673 10183.363469999998 8860.68528 10749.4839 8685.04472 9040.6448 9015.0359 7225.24145 7425.30725 7337.94426 6936.683660000001 6255.33205 6176.55413 4344.79084 5458.36134 5672.9734100000005 6137.74669 6483.51139 7340.110479999999 3297.5094200000003 3130.60825 4517.57415 4949.65251 7137.802900000001 8194.011690000001 3507.8605 
3759.1676 2826.23798 1420.61712 0 3263.3631299999997 4191.70228 4992.24834 4237.68119 5391.01651 4489.97023 6755.8132 7902.95242 8783.1175 8891.29968 9065.91468 9020.63246 9624.57298 9683.909440000001 10501.98991 10427.92069 9974.54024 9743.98715 11586.10728 10256.30148 12153.612379999999 10020.15669 10351.62813 10403.29414 8551.69135 8658.31709 8493.65793 8009.21376 7352.23837 7268.16744 5641.29814 6722.37949 6859.3226 7434.25399 7738.46813 8594.51831 4344.26944 4204.18613 5925.87558 6226.18671 8065.11327 9121.31706 3670.4826299999995 
3534.67962 2967.64766 3038.1017 3263.3631299999997 0 2423.25504 3223.8011 2899.29957 2875.85292 3760.9356399999997 4707.00212 5636.43402 6746.19269 7141.06251 7252.74086 7216.99861 7851.166569999999 7701.32927 8223.86363 8186.65457 7930.03014 8056.04376 9702.43686 8887.55567 10829.123819999999 9519.68881 9997.93019 9581.8709 8333.87125 8898.61755 9030.903409999999 8709.72062 7894.71691 7821.589829999999 5873.6605 6606.24177 6244.38123 7435.68611 7929.18281 8730.42083 5391.970380000001 5318.65397 4629.66916 3920.7054799999996 5911.49942 6000.31089 4253.83521 
3274.82272 3075.71095 2906.77158 4191.70228 2423.25504 0 800.54606 1658.38812 1366.36049 2424.62258 2610.96314 3713.95652 4651.69227 5045.02353 5038.31172 5088.32172 5626.08613 5567.46558 6336.72776 6256.6376 5855.58033 5794.88412 7549.81708 6469.03826 8416.79209 7107.55457 7606.22527 7159.52408 5976.73498 6665.11037 6873.6902 6626.06878 5797.79829 5941.76606 3991.36405 4182.98673 3859.34813 5459.795980000001 5753.707899999999 6478.47528 3850.62761 4017.52878 2206.41412 2044.55007 4575.186360000001 5559.71237 3441.99259 
2474.27666 2275.16489 3615.61184 4992.24834 3223.8011 800.54606 0 857.84206 1706.68701 2560.8088900000002 1810.41708 2964.02851 3879.08936 4244.47747 4237.80615 4287.816150000001 4825.54007 4819.05149 5555.56388 5583.47811 5062.36753 5157.494250000001 6749.67258 5685.9555 7633.70933 6476.58259 6992.48289 6463.08882 5445.62482 6206.40315 6529.62671 6340.32657 5620.34745 5549.69305 3599.29104 3743.87233 3314.37988 4750.68974 5303.08976 6045.42446 3981.4049 4028.5564999999997 1405.86806 2695.10064 4593.274740000001 5441.01691 3897.31918 
2128.82261 1417.32283 2817.06407 4237.68119 2899.29957 1658.38812 857.84206 0 1818.0484 3081.05508 2668.25914 3780.191 4736.93142 4723.93237 4897.23034 4847.22034 5461.5723 5580.28855 6337.56428 6441.32017 5785.86865 5656.009620000001 7414.51152 6204.57162 8136.06735 6628.92427 7099.91845 6742.7763 5441.825629999999 6049.933849999999 6272.80001 6013.92118 5189.15793 5123.85412 3189.3468 3942.95203 3345.24214 4642.11301 5110.55085 5881.25735 3280.60269 3305.76375 1924.56196 2248.68361 5039.95645 6011.40028 3201.19815 
3491.52497 2955.61297 4187.56182 5391.01651 2875.85292 1366.36049 1706.68701 1818.0484 0 1616.85033 1891.6958 2760.5811 3873.85833 4325.75619 4437.81857 4397.42027 5031.588229999999 4840.09277 5361.73377 5517.89394 5061.28752 5255.21313 6838.74937 6072.24935 7999.52224 7280.798919999999 7827.61943 7142.61433 6386.25086 7234.93055 7598.1603 7435.1546 6632.04335 6674.46879 4724.06678 4781.71653 4277.87155 5839.35933 6352.4376999999995 7034.7763700000005 5074.41603 5110.11141 2259.95575 1048.37112 3221.92318 4193.35188 4808.35308 
1874.67464 1663.73225 3069.35311 4489.97023 3760.9356399999997 2424.62258 2560.8088900000002 3081.05508 1616.85033 0 3508.5461299999997 3863.35423 4948.46766 4739.08631 4674.26069 4724.27069 5249.12307 5240.63517 6486.12547 6537.44211 5572.14964 5396.26723 7214.20144 6043.94913 7958.14005 6656.8340499999995 7027.35178 6621.62049 5398.71932 6053.818609999999 6307.1725 6069.98161 5284.6103 5179.73165 3263.55389 3602.60628 4065.65639 4590.88717 5122.44795 5875.12868 3660.1622500000003 3493.26108 3352.7138 2665.22145 4834.98273 5810.20221 3297.71716 
4043.75877 4016.6684 5410.81001 6755.8132 4707.00212 2610.96314 1810.41708 2668.25914 1891.6958 3508.5461299999997 0 1193.36709 2068.67228 2434.06039 2548.44992 2598.4599200000002 3172.99543 3008.63441 3746.56162 3773.06103 3646.49546 3366.13764 5007.74061 4180.55355 6126.23116 5654.42128 6265.915349999999 5380.04433 5021.34773 6088.31894 6564.81264 6562.472879999999 5756.67934 5781.336740000001 4217.3321 3805.83924 3108.40988 4719.11935 5286.51653 5871.06265 5218.9985400000005 5237.17682 2642.14594 884.68356 3774.00901 4443.37226 5458.28957 
5235.28127 5193.70773 6579.04932 7902.95242 5636.43402 3713.95652 2964.02851 3780.191 2760.5811 3863.35423 1193.36709 0 1202.96301 2070.2005799999997 1932.77831 1982.78831 2499.10189 2161.61652 2622.77124 2778.93141 2926.8376 2801.22613 4168.5444 3716.1832 5530.90409 5778.6681 6386.43015 5468.31222 5475.82295 6597.38622 7216.513779999999 7259.22337 6528.02359 6505.82547 5223.509709999999 4569.369909999999 3832.98278 5401.32521 5972.11414 6331.97473 6263.1342 6364.79269 2606.58459 1736.34386 3511.42321 3891.72866 6651.65666 
5874.59986 6085.340679999999 7462.0464 8783.1175 6746.19269 4651.69227 3879.08936 4736.93142 3873.85833 4948.46766 2068.67228 1202.96301 0 867.23757 1078.4744 1128.4844 1296.13888 971.40002 1860.5489200000002 1704.38875 1751.19213 1598.26312 2965.58139 2598.71517 4371.34318 4938.71856 5549.65819 4326.18816 4909.70793 6116.11192 6863.63695 6968.84599 6298.46997 6365.2883 5313.44643 4428.74857 3692.36144 5108.2821 5679.07103 5840.0 6621.75525 6720.81319 2998.07939 2825.48721 4714.38622 4851.46332 7244.9837099999995 
5811.60468 6094.81434 7493.81985 8891.29968 7141.06251 5045.0235299999995 4244.47747 4723.93237 4325.75619 4739.08631 2434.06039 2070.2005799999997 867.23757 0 211.23683 261.24683 738.93504 894.51272 2213.12133 2069.51975 1309.2823700000001 932.07725 2694.8076 1810.20717 3692.17077 4075.66559 4686.06711 3507.70627 4144.5693 5350.80891 6095.56 6257.45925 5650.11159 5651.4791 4888.17553 3870.69089 3166.44438 4651.25813 4912.61651 5074.69153 6291.9524 6458.85357 2977.57838 3292.67164 5538.96378 5625.23288 7108.7191 
6003.87625 6276.52196 7667.56213 9065.91468 7252.74086 5038.31172 4237.80615 4897.23034 4437.81857 4674.26069 2548.44992 1932.77831 1078.4744 211.23683 0 50.01 684.17796 683.3813 2019.34159 1863.18142 1098.04554 919.6881 2617.3011800000004 1783.40489 3619.17615 4188.00442 4799.49849 3535.53391 4312.76087 5538.232300000001 6272.87874 6448.68933 5852.60571 5850.41443 5099.40869 4078.78229 3376.35143 4643.02165 5103.84659 5246.56383 6501.35257 6637.43821 3159.286 3389.44745 5327.72695 5561.21426 7306.74018 
5955.6354 6264.54317 7664.28441 9020.63246 7216.99861 5088.32172 4287.816150000001 4847.22034 4397.42027 4724.27069 2598.4599200000002 1982.78831 1128.4844 261.24683 50.01 0 634.16796 733.06821 2054.12999 1909.68584 1147.17435 869.6781 2567.29118 1795.10947 3642.5196 4238.01442 4776.49547 3524.7441 4262.75087 5488.2223 6234.9992 6407.03801 5804.27093 5806.35548 5055.01575 4037.1506600000002 3426.3614300000004 4599.55487 5062.19527 5214.204540000001 6451.34257 6587.43023 3209.2960000000003 3358.6999 5324.56289 5611.22426 7257.53684 
6521.42576 6821.7593 8218.2851 9624.57298 7851.166569999999 5626.08613 4825.54007 5461.5723 5031.588229999999 5249.12307 3172.99543 2499.10189 1296.13888 738.93504 684.17796 634.16796 0 583.00772 1893.55248 1737.72754 929.86881 1503.8460599999999 1965.07837 1302.57629 3250.33012 3999.25306 4610.74713 3239.00849 4328.45192 5561.8505 6315.01132 6566.16065 6023.02549 6033.55956 5456.97398 4363.03713 3905.3794199999998 4908.84082 5252.10779 5284.18395 6914.95842 7056.91732 3716.5134199999998 3986.51351 5799.40806 5956.78101 7795.88225 
6654.72136 6895.43685 8263.29232 9683.909440000001 7701.32927 5567.46558 4819.05149 5580.28855 4840.09277 5240.63517 3008.63441 2161.61652 971.40002 894.51272 683.3813 733.06821 583.00772 0 1368.45351 1524.61368 1512.87653 1602.74631 2469.36705 1841.88083 3437.28061 4580.3049 5191.79897 3822.0162100000002 4858.34313 6091.88154 6898.019039999999 7132.07063 6485.85923 6491.58786 5782.68825 4749.96053 4053.77614 5279.91288 5787.22789 5812.92646 7181.97995 7320.49844 3778.20089 3796.88723 5336.2221 5430.12946 7965.72025 
7672.82744 7754.2549 9154.628349999999 10501.98991 8223.86363 6336.72776 5555.56388 6337.56428 5361.73377 6486.12547 3746.56162 2622.77124 1860.5489200000002 2213.12133 2019.34159 2054.12999 1893.55248 1368.45351 0 156.16017 966.4352 2140.74073 2032.17483 2925.45381 4017.84781 5839.11945 6419.01714 4996.60855 6217.75273 7451.26311 8199.47323 8435.511040000001 7849.61763 7860.04137 7075.36883 6083.81222 5379.56571 6648.36639 7090.6683 7173.22473 8394.80012 8536.5887 4858.62831 4359.1151 4991.48275 4946.80345 9046.78241 
7578.98861 7672.17368 9077.794539999999 10427.92069 8186.65457 6256.6376 5583.47811 6441.32017 5517.89394 6537.44211 3773.06103 2778.93141 1704.38875 2069.51975 1863.18142 1909.68584 1737.72754 1524.61368 156.16017 0 1122.59537 1984.58056 1965.0231899999999 2868.48088 4022.62844 5684.39636 6265.04725 4914.0742 6066.17946 7296.24808 8043.31306 8285.28917 7713.95677 7713.59585 6929.07411 5940.210639999999 5235.96413 6494.438 6967.02801 7018.25142 8272.2457 8425.201939999999 4702.46814 4515.27527 5045.25777 4914.00499 8946.3388 
7101.92179 7187.86756 8593.48842 9974.54024 7930.03014 5855.58033 5062.36753 5785.86865 5061.28752 5572.14964 3646.49546 2926.8376 1751.19213 1309.2823700000001 1098.04554 1147.17435 929.86881 1512.87653 966.4352 1122.59537 0 1255.85463 2242.42776 2232.4451 3490.8738399999997 4908.43366 5497.10706 4104.56624 5258.32073 6484.83809 7244.28801 7477.94261 6900.96254 6907.43259 6196.97773 5176.82783 4474.39697 5741.06719 6133.09987 6214.05276 7586.05892 7719.68976 4257.33154 4012.9164 5317.65449 5759.9598000000005 8339.43044 
6598.25335 6941.2815900000005 8329.68673 9743.98715 8056.04376 5794.88412 5157.494250000001 5656.009620000001 5255.21313 5396.26723 3366.13764 2801.22613 1598.26312 932.07725 919.6881 869.6781 1503.8460599999999 1602.74631 2140.74073 1984.58056 1255.85463 0 1898.05479 2664.78757 2773.08006 3713.21666 4303.43502 2929.49364 4882.61361 5349.10273 6348.5143800000005 6414.74146 5885.04438 6583.55635 5450.7653 4278.43803 4098.52163 5187.60048 5069.89872 5072.69524 6902.21305 7069.11422 3824.04563 4221.72349 6113.3508 6279.36979 7849.87091 
8481.65249 8786.837669999999 10183.363469999998 11586.10728 9702.43686 7549.81708 6749.67258 7414.51152 6838.74937 7214.20144 5007.74061 4168.5444 2965.58139 2694.8076 2617.3011800000004 2567.29118 1965.07837 2469.36705 2032.17483 1965.0231899999999 2242.42776 1898.05479 0 1910.66742 3492.33185 4751.58731 5244.68807 3925.19275 5604.49971 6795.86486 7580.60532 7934.17601 7522.26595 7556.79831 7286.10172 6093.80833 5493.70057 6379.55196 6715.83043 6520.51907 8785.14206 8933.31389 5672.38598 5790.8097 6977.59342 6860.74347 9747.9257 
7021.55355 7477.39213 8860.68528 10256.30148 8887.55567 6469.03826 5685.9555 6204.57162 6072.24935 6043.94913 4180.55355 3716.1832 2598.71517 1810.20717 1783.40489 1795.10947 1302.57629 1841.88083 2925.45381 2868.48088 2232.4451 2664.78757 1910.66742 0 1947.75383 3256.43271 3526.45785 2075.80659 3693.83229 4885.19744 5678.55448 6028.03108 5618.09692 5646.13089 5509.23631 4286.05296 3754.76231 4468.88454 4994.29903 4618.87053 7073.30142 7228.89544 4404.32299 5057.57541 7091.52167 7258.24807 8170.84408 
8876.0344 9380.84964 10749.4839 12153.612379999999 10829.123819999999 8416.79209 7633.70933 8136.06735 7999.52224 7958.14005 6126.23116 5530.90409 4371.34318 3692.17077 3619.17615 3642.5196 3250.33012 3437.28061 4017.84781 4022.62844 3490.8738399999997 2773.08006 3492.33185 1947.75383 0 3461.30395 3790.04617 4023.5604200000002 4752.72932 5754.49746 6560.23489 7007.71289 6797.82142 6844.65492 7134.40207 5875.81939 5652.04205 5786.38928 6030.257229999999 5584.80224 8722.61945 8889.52062 6352.07682 6977.56476 8751.51993 8768.90529 9981.12732 
6741.27354 7525.4445 8685.04472 10020.15669 9519.68881 7107.55457 6476.58259 6628.92427 7280.798919999999 6656.8340499999995 5654.42128 5778.6681 4938.71856 4075.66559 4188.00442 4238.01442 3999.25306 4580.3049 5839.11945 5684.39636 4908.43366 3713.21666 4751.58731 3256.43271 3461.30395 0 611.49407 1180.6261200000001 1564.6792 2779.19596 3098.93094 3590.31545 3589.7492899999997 3578.70172 4455.33949 3297.77774 3448.42025 2761.2528 2980.09738 2123.49829 6014.67008 6168.80191 5105.72863 6480.68091 9244.14496 9647.29625 7473.661120000001 
7107.06505 7940.424289999999 9040.6448 10351.62813 9997.93019 7606.22527 6992.48289 7099.91845 7827.61943 7027.35178 6265.915349999999 6386.43015 5549.65819 4686.06711 4799.49849 4776.49547 4610.74713 5191.79897 6419.01714 6265.04725 5497.10706 4303.43502 5244.68807 3526.45785 3790.04617 611.49407 0 1697.1644600000002 2176.1732700000002 2222.37733 2935.14872 3522.04905 3546.50617 3617.03207 4736.35989 3687.85975 3756.07042 2979.86107 2810.2306 2086.34848 6229.48473 6394.63775 5607.94597 7052.93414 9855.63903 10257.77218 7749.0522 
7092.23026 7801.15883 9015.0359 10403.29414 9581.8709 7159.52408 6463.08882 6742.7763 7142.61433 6621.62049 5380.04433 5468.31222 4326.18816 3507.70627 3535.53391 3524.7441 3239.00849 3822.0162100000002 4996.60855 4914.0742 4104.56624 2929.49364 3925.19275 2075.80659 4023.5604200000002 1180.6261200000001 1697.1644600000002 0 2334.77022 3286.77486 4136.92062 4542.39276 4374.39139 4492.71921 4999.18483 3760.97128 3572.09987 3456.06279 3797.52415 3160.31306 6616.92975 6760.48415 5089.67939 6247.33815 8780.58409 9096.748169999999 7972.28524 
5324.24247 6172.972659999999 7225.24145 8551.69135 8333.87125 5976.73498 5445.62482 5441.825629999999 6386.25086 5398.71932 5021.34773 5475.82295 4909.70793 4144.5693 4312.76087 4262.75087 4328.45192 4858.34313 6217.75273 6066.17946 5258.32073 4882.61361 5604.49971 3693.83229 4752.72932 1564.6792 2176.1732700000002 2334.77022 0 1233.53841 2247.7755700000002 2334.19879 2046.16031 2495.87665 3143.32098 1882.47523 2131.24494 2250.4669 1812.3312700000001 955.73218 4748.72382 4616.69254 4126.37371 5746.96309 8775.74208 9332.90523 6025.7942299999995 
5603.92581 6543.20874 7425.30725 8658.31709 8898.617549999999 6665.11037 6206.40315 6049.933849999999 7234.93055 6053.81861 6088.31894 6597.38622 6116.11192 5350.80891 5538.232300000001 5488.2223 5561.8505 6091.88154 7451.26311 7296.24808 6484.83809 5349.10273 6795.86486 4885.19744 5754.49746 2779.19596 2222.37733 3286.77486 1233.53841 0 1014.2371599999999 1601.13749 1453.28004 1480.03378 3093.96315 3116.01364 2979.90906 1462.93144 2033.72037 1334.6935899999999 4716.34872 4556.10026 4996.0453099999995 6701.46051 9822.6038 10433.84651 5960.69788 
5613.48466 6599.512019999999 7337.94426 8493.65793 9030.903409999999 6873.6902 6529.62671 6272.80001 7598.1603 6307.1725 6564.81264 7216.513779999999 6863.63695 6095.56 6272.87874 6234.9992 6315.01132 6898.019039999999 8199.47323 8043.31306 7244.28801 6348.5143800000005 7580.60532 5678.55448 6560.23489 3098.93094 2935.14872 4136.92062 2247.77557 1014.2371599999999 0 586.90033 1159.16694 1240.51804 3180.22335 2832.75431 3457.21926 1848.20183 1278.61566 1679.25952 4149.44454 4316.3457100000005 5416.74676 7162.09193 10330.52211 10994.3778 5761.105170000001 
5229.59826 6229.05482 6936.683660000001 8009.21376 8709.72062 6626.06878 6340.32657 6013.92118 7435.1546 6069.98161 6562.472879999999 7259.22337 6968.84599 6257.45925 6448.68933 6407.03801 6566.16065 7132.07063 8435.511040000001 8285.28917 7477.94261 6414.74146 7934.17601 6028.03108 7007.71289 3590.31545 3522.04905 4542.39276 2334.19879 1601.13749 586.90033 0 828.27049 890.24996 2836.06012 2756.63364 3471.27336 1860.56389 1344.84274 2201.44183 3671.30413 3806.07541 5340.62609 7094.27033 10272.78701 10980.25334 5275.30701 
4634.7203 5447.55101 6255.33205 7352.23837 7894.716909999999 5797.79829 5620.34745 5189.15793 6632.04335 5284.6103 5756.67934 6528.02359 6298.46997 5650.11159 5852.60571 5804.27093 6023.02549 6485.85923 7849.61763 7713.95677 6900.96254 5885.04438 7522.26595 5618.09692 6797.82142 3589.7492899999997 3546.50617 4374.39139 2046.16031 1453.28004 1159.16694 828.27049 0 1718.52045 2021.05641 1981.54611 2717.93324 2585.53338 2173.11323 1466.251 3327.3736 3160.47243 4554.16332 6265.99984 9474.5373 10199.43155 4630.29759 
4561.59322 5373.435619999999 6176.55413 7268.16744 7821.589829999999 5941.76606 5549.69305 5123.85412 6674.46879 5179.73165 5781.336740000001 6505.82547 6365.2883 5651.4791 5850.41443 5806.35548 6033.55956 6491.58786 7860.04137 7713.59585 6907.43259 6583.55635 7556.79831 5646.13089 6844.65492 3578.70172 3617.03207 4492.71921 2495.87665 1480.03378 1240.51804 890.24996 1718.52045 0 1950.40201 3211.24776 2672.92686 2750.81385 2235.0927 1540.14447 3242.96765 3076.06648 4465.50837 6222.9039 9433.69503 10164.47406 4545.89164 
2613.66389 3462.5444 4344.79084 5641.29814 5873.6605 3991.36405 3599.29104 3189.3468 4724.06678 3263.55389 4217.3321 5223.509709999999 5313.44643 4888.17553 5099.40869 5055.01575 5456.97398 5782.68825 7075.368829999999 6929.07411 6196.97773 5450.7653 7286.101720000001 5509.23631 7134.40207 4455.33949 4736.35989 4999.18483 3143.32098 3093.96315 3180.22335 2836.06012 2021.05641 1950.40201 0 1260.84575 1997.23288 2505.90478 2147.39121 2998.90263 1937.11274 1770.21157 3114.06023 4546.33094 7865.92209 8578.21214 3018.77057 
3453.89186 4294.4147299999995 5458.36134 6722.37949 6606.24177 4182.98673 3743.87233 3942.95203 4781.71653 3602.60628 3805.83924 4569.369909999999 4428.74857 3870.69089 4078.78229 4037.1506600000002 4363.03713 4749.96053 6083.81222 5940.210639999999 5176.82783 4278.43803 6093.80833 4286.05296 5875.81939 3297.77774 3687.85975 3760.97128 1882.47523 3116.01364 2832.75431 2756.63364 1981.54611 3211.24776 1260.84575 0 736.38713 1792.36663 1570.72117 2427.32026 2866.24859 3031.05732 2583.99245 4341.454830000001 7555.0318800000005 8223.6197 4214.10263 
3525.92981 4267.35255 5672.97341 6859.3226 6244.38123 3859.34813 3314.37988 3345.24214 4277.87155 4065.65639 3108.40988 3832.98278 3692.36144 3166.44438 3376.35143 3426.3614300000004 3905.3794199999998 4053.77614 5379.56571 5235.96413 4474.39697 4098.52163 5493.70057 3754.76231 5652.04205 3448.42025 3756.07042 3572.09987 2131.24494 2979.90906 3457.21926 3471.27336 2717.93324 2672.92686 1997.23288 736.38713 0 1610.70947 2178.63007 2905.44419 3318.67097 3474.13313 2024.59996 3782.06234 6873.30285 7543.86088 4537.874760000001 
4240.41177 5147.10346 6137.74669 7434.253989999999 7435.68611 5459.795980000001 4750.68974 4642.11301 5839.35933 4590.88717 4719.11935 5401.32521 5108.2821 4651.25813 4643.02165 4599.55487 4908.84082 5279.91288 6648.36639 6494.438 5741.06719 5187.60048 6379.55196 4468.88454 5786.38928 2761.2528 2979.86107 3456.06279 2250.4669 1462.93144 1848.20183 1860.56389 2585.53338 2750.81385 2505.90478 1792.36663 1610.70947 0 570.78893 1294.73472 3253.41728 3420.31845 3579.40358 5313.8901 8484.01232 9154.57035 4773.22889 
4710.54823 5589.28994 6483.51139 7738.46813 7929.18281 5753.707899999999 5303.08976 5110.55085 6352.4376999999995 5122.44795 5286.51653 5972.11414 5679.07103 4912.61651 5103.84659 5062.19527 5252.10779 5787.22789 7090.6683 6967.02801 6133.09987 5069.89872 6715.83043 4994.29903 6030.257229999999 2980.09738 2810.2306 3797.52415 1812.3312700000001 2033.72037 1278.61566 1344.84274 2173.11323 2235.0927 2147.39121 1570.72117 2178.63007 570.78893 0 856.59909 3805.94995 3639.04878 4150.19251 5884.61757 9051.93292 9715.76214 5108.87394 
5501.7649 6425.14622 7340.110479999999 8594.51831 8730.42083 6478.47528 6045.42446 5881.25735 7034.7763700000005 5875.12868 5871.06265 6331.97473 5840.0 5074.69153 5246.56383 5214.204540000001 5284.18395 5812.92646 7173.22473 7018.25142 6214.05276 5072.69524 6520.51907 4618.87053 5584.80224 2123.49829 2086.34848 3160.31306 955.73218 1334.69359 1679.25952 2201.44183 1466.251 1540.14447 2998.90263 2427.32026 2905.44419 1294.73472 856.59909 0 4320.57334 4479.84486 4774.82062 6467.58703 9578.15301 10175.74371 5904.39192 
2480.90167 2887.0537400000003 3297.5094200000003 4344.26944 5391.970380000001 3850.62761 3981.4049 3280.60269 5074.41603 3660.1622500000003 5218.9985400000005 6263.1342 6621.75525 6291.9524 6501.35257 6451.34257 6914.95842 7181.97995 8394.80012 8272.2457 7586.05892 6902.21305 8785.14206 7073.30142 8722.61945 6014.67008 6229.48473 6616.92975 4748.72382 4716.34872 4149.44454 3671.30413 3327.3736 3242.96765 1937.11274 2866.24859 3318.67097 3253.41728 3805.94995 4320.57334 0 166.90117 4037.84981 5457.52155 8280.69375 9267.76791 1611.66063 
2426.41138 2803.65939 3130.60825 4204.18613 5318.65397 4017.52878 4028.5564999999997 3305.76375 5110.11141 3493.26108 5237.17682 6364.79269 6720.81319 6458.85357 6637.43821 6587.43023 7056.91732 7320.49844 8536.5887 8425.201939999999 7719.68976 7069.11422 8933.31389 7228.89544 8889.52062 6168.80191 6394.63775 6760.48415 4616.69254 4556.10026 4316.3457100000005 3806.07541 3160.47243 3076.06648 1770.21157 3031.05732 3474.13313 3420.31845 3639.04878 4479.84486 166.90117 0 4111.33686 5290.62038 8323.76889 9254.10536 1469.82516 
2876.52047 3117.23596 4517.57415 5925.87558 4629.6691599999995 2206.41412 1405.86806 1924.56196 2259.95575 3352.7138 2642.14594 2606.58459 2998.07939 2977.57838 3159.286 3209.2960000000003 3716.5134199999998 3778.20089 4858.62831 4702.46814 4257.33154 3824.04563 5672.38598 4404.32299 6352.07682 5105.72863 5607.94597 5089.67939 4126.37371 4996.0453099999995 5416.74676 5340.62609 4554.16332 4465.50837 3114.06023 2583.99245 2024.59996 3579.40358 4150.19251 4774.82062 4037.84981 4111.33686 0 1757.46238 4971.03943 5789.34358 4292.79161 
4377.50622 3607.49359 4949.65251 6226.18671 3920.7054799999996 2044.55007 2695.10064 2248.68361 1048.37112 2665.22145 884.68356 1736.34386 2825.48721 3292.67164 3389.44745 3358.6999 3986.51351 3796.88723 4359.1151 4515.27527 4012.9164 4221.72349 5790.8097 5057.57541 6977.56476 6480.68091 7052.93414 6247.33815 5746.96309 6701.46051 7162.09193 7094.27033 6265.99984 6222.9039 4546.33094 4341.454830000001 3782.06234 5313.8901 5884.61757 6467.58703 5457.52155 5290.62038 1757.46238 0 3686.85519 4031.8812 5449.88176 
6709.65737 6076.9479200000005 7137.802900000001 8065.11327 5911.49942 4575.186360000001 4593.274740000001 5039.95645 3221.92318 4834.98273 3774.00901 3511.42321 4714.38622 5538.96378 5327.72695 5324.56289 5799.40806 5336.2221 4991.48275 5045.25777 5317.65449 6113.3508 6977.59342 7091.52167 8751.51993 9244.14496 9855.63903 8780.58409 8775.74208 9822.6038 10330.52211 10272.78701 9474.5373 9433.69503 7865.92209 7555.0318800000005 6873.30285 8484.01232 9051.93292 9578.15301 8280.69375 8323.76889 4971.03943 3686.85519 0 1056.20879 7987.65604 
7637.50129 7091.95311 8194.01169 9121.31706 6000.31089 5559.71237 5441.01691 6011.40028 4193.35188 5810.20221 4443.37226 3891.72866 4851.46332 5625.23288 5561.21426 5611.22426 5956.78101 5430.12946 4946.80345 4914.00499 5759.9598000000005 6279.36979 6860.74347 7258.24807 8768.90529 9647.29625 10257.77218 9096.748169999999 9332.90523 10433.84651 10994.3778 10980.25334 10199.43155 10164.47406 8578.21214 8223.6197 7543.86088 9154.57035 9715.76214 10175.74371 9267.76791 9254.10536 5789.34358 4031.8812 1056.20879 0 8999.9048 
1423.04252 2102.23964 3507.8605 3670.4826299999995 4253.83521 3441.99259 3897.31918 3201.19815 4808.35308 3297.71716 5458.28957 6651.65666 7244.9837099999995 7108.7191 7306.74018 7257.53684 7795.88225 7965.72025 9046.78241 8946.3388 8339.43044 7849.87091 9747.9257 8170.84408 9981.12732 7473.661120000001 7749.0522 7972.28524 6025.7942299999995 5960.69788 5761.105170000001 5275.30701 4630.29759 4545.89164 3018.77057 4214.10263 4537.874760000001 4773.22889 5108.87394 5904.39192 1611.66063 1469.82516 4292.79161 5449.88176 7987.65604 8999.9048 0 
