47
af d az ac cn ad au u cq co cf ci w ct j ch q bm cs ag bq ao al br bz r bo n o k bt by z ca b bd bh ck ax l p bx ap cr cp av bw
0 100122091.5851 127214077.37072 201055983.16738 353790770.79579 477841514.16334 528685620.89112 525966083.85702 558686007.40093 642649408.48558 593335890.28051 555771349.86215 690989053.23896 688752930.40782 674229225.40751 608021489.61261 540211984.96138 277654121.6657 291110684.8151 579174944.74547 725791893.93352 744175885.09948 715832175.66858 836624413.32766 877238986.06201 924500769.40629 995087419.91801 988086517.40182 1126643181.44992 1113872704.74482 1205512636.41197 1295919795.88678 1096972689.85707 970107795.46687 813481186.34837 961587615.727 1157037041.24509 1374265382.51696 1212680331.25059 1040239833.45161 916316086.38069 868692932.28742 842171432.34723 1063319940.75629 1118784298.0526 1175001092.76246 198422556.80811 
100122091.5851 0 227336168.95582 301178074.75248003 447924092.90334 572960525.08952 627005474.67718 624591257.07289 657877160.4584 732970202.569 678180572.72005 632105844.7534 765327973.01817 760437217.86705 727592693.01544 662108438.02534 594888809.59706 352051110.8366 322456349.75991 552135818.56027 688070363.86304 747279499.3173499 730875524.78482 875237009.82674 916902537.80099 965592438.72321 1028914371.94205 1021712805.70117 1156596851.77451 1148502286.584 1247025439.97465 1340089133.99776 1147486809.36869 1026346654.83696 856697371.78306 1020044904.57505 1220777660.20843 1447037130.53867 1297097120.94599 1118035023.32959 1005633466.34395 960775010.47318 930225130.62691 1157062988.21191 1125199956.84774 1170250370.19853 298544648.39321 
127214077.37072 227336168.95582 0 83096636.98092 370759187.52772 493857481.9723 561082069.62463 601220941.03262 597309483.90768 741397474.62013 700907002.18596 667835296.33411 804841959.70734 807219611.70144 800226733.4054 734004918.06163 666236416.17642 398787988.46298 418324762.18582 680890646.74397 819449732.73126 862259383.84838 839187264.19418 963834522.6358 1004451260.19525 1051681925.2182 1122148345.75553 1114885051.66818 1253413943.9462 1240907579.2964 1332633438.02162 1422827693.40411 1223069651.14294 1094965899.43963 940599619.79046 1085786498.34553 1278866803.39507 1490387164.08446 1317503532.94874 1152919095.06177 1014815516.83581 962036244.28315 943231019.46012 1151611125.6017 1239809807.19927 1290306826.68244 312708210.59729 
201055983.16738 301178074.75248003 83096636.98092 0 453855824.50864 471531165.89641 547271215.11211 617955631.05829 586674862.8651 772728592.02711 740743597.45939 716693126.8125501 852231028.70873 858271611.78694 863761648.47348 797539621.97188 730128415.0465 456985859.3609 492031322.56314 763966504.16069 902307056.35058 942867576.03987 916822469.15839 1033841565.04063 1073426783.19343 1119858195.15487 1193231659.11354 1187189973.55601 1325762215.05148 1311380179.73765 1399883219.09154 1488571434.2131 1286377187.35913 1155207605.02093 1008213874.12894 1144401563.7617 1332931026.35404 1536030264.81844 1351045950.78174 1195326166.84433 1043690386.63618 986703363.08076 974904042.52824 1170806353.80456 1319128704.21413 1371381634.9062 366821547.20256 
353790770.79579 447924092.90334 370759187.52772 453855824.50864 0 125036432.18618 192432638.10439 302234213.1341 258841208.91733998 495512099.06053 498972185.67179 508549406.90313 632005596.99718 654637201.69546 727027186.52649 669106604.71747 612750405.97371 372061243.58891 507690440.02129 860342579.4400901 1019916331.7148299 954140628.33599 890273967.17436 925038912.50493 958606699.6925199 996450689.0052099 1087377348.41738 1091557804.15985 1224283806.4463 1195459830.29563 1257356753.57831 1333239901.67924 1119575466.13582 977722046.92733 887576606.36685 960263919.51482 1118085368.91066 1280113343.80116 1058115043.56874 935840329.08071 744773304.80846 678085586.06059 686896086.80835 845379100.40213 1290612730.40348 1368901033.24607 304559894.1283 
477841514.16334 572960525.08952 493857481.9723 471531165.89641 125036432.18618 0 89940391.98748 273503300.84123 133804776.73116 477980173.08856 504181133.32198 532238403.67563 639937194.99058 669719126.02721 767931135.45641 715802804.32867 667305248.01638 457945280.94045 606077237.3705 962127215.03517 1120517871.65996 1034468006.66107 961846814.95024 969088775.71578 998691443.77312 1032524509.36435 1128325779.00821 1135982707.17175 1264064611.54323 1230771944.85443 1281051821.63364 1350580351.9591 1136049543.41856 992806309.19949 928245712.42577 972740452.9119 1112590629.45946 1250814366.20043 1009722019.99978 913903563.93029 699006818.41987 626909814.66759 651055077.73997 775702969.84478 1353479582.29389 1438422689.08487 405847967.10033 
528685620.89112 627005474.67718 561082069.62463 547271215.11211 192432638.10439 89940391.98748 0 215126088.7357 221259550.16741002 415913106.32348 446157117.96428 487881103.39029 580481252.03309 613892812.16045 726602694.68819 679606075.54488 636722764.56903 459947974.47422 615778435.58835 970980753.31759 1129483813.82749 1021060286.8482 941494599.39569 927968782.7557 954972528.88658 985806595.94132 1083787370.1909 1093878696.8825 1218150129.44898 1181650207.36821 1225123619.54645 1290775364.21625 1076700790.24892 933543143.50822 885211674.30811 912172902.50822 1042136221.97687 1170269459.85077 923956242.43902 832667671.81191 614959225.60551 541661730.22041 570675356.51604 686350183.42743 1324225573.18716 1413448259.62546 424429539.68094 
525966083.85702 624591257.07289 601220941.03262 617955631.05829 302234213.1341 273503300.84123 215126088.7357 0 184736919.19063 204486588.18787 239403587.38469 284919673.73751 373091089.84685 407277158.3903 529278523.27989 492645325.90842 454354450.95864 350214106.39502 507061840.38149 845296138.52955 1000675236.66801 855242062.42259 766558559.39138 729316800.3438101 753881675.02983 782551033.81048 881726361.15554 893479007.24821 1014843514.39042 977148393.71455 1017904858.35587 1083335641.77804 869235761.17695 726078880.05838 684987044.50176 704740620.88117 839150155.57242 983057781.18458 756717846.22725 640400263.08906 444036064.10419 378079413.91624 386241018.42205 555061189.25144 1133528322.52579 1228540064.94962 361492381.30128 
558686007.40093 657877160.4584 597309483.90768 586674862.8651 258841208.91733998 133804776.73116 221259550.16741002 184736919.19063 0 378908714.27716 423815862.24327 468116474.33208 556278070.09633 591598250.91271 711858471.14836 667749589.17544 628394301.22006 469371139.6356 627273848.31346 980666727.18425 1138557851.23466 1019521593.05115 936718301.48165 912491307.1733 938040995.47458 967287953.00111 1066278738.10852 1077479292.11963 1199519756.58338 1161817692.56125 1201160456.2456 1264780580.3294501 1051229047.11473 908225311.11349 868844675.69401 886175601.81121 1010359490.68727 1132554913.51905 883166768.22823 796770197.10014 577638973.19603 507745471.58331 533720962.75684 643135326.63061 1313083817.36017 1405329831.00783 450641223.58929 
642649408.48558 732970202.569 741397474.62013 772728592.02711 495512099.06053 477980173.08856 415913106.32348 204486588.18787 378908714.27716 0 91206932.21716 169398166.25849 188166740.09135 230387547.90261 385077113.66603 368354703.15246 357944551.06686 400303801.45876 524501451.05296 811576117.80561 956046964.08355 761380072.77309 660430743.3723 571608082.00584 589412509.18479 610609124.94811 712329144.25969 728407596.88865 839942384.26696 797196331.31133 826583498.9635 886812125.44279 674142433.52172 532132553.67904 524861374.26193 509092911.01631 634854317.12372 784721204.9683 578360151.30089 440330129.28958 273886267.75002 229503333.13783 300410584.83814996 429292928.69893 988709418.51278 1092275379.9011 454505610.13601995 
593335890.28051 678180572.72005 700907002.18596 740743597.45939 498972185.67179 504181133.32198 446157117.96428 239403587.38469 423815862.24327 91206932.21716 0 78342126.03893 135783121.31335 167874716.85663 303839962.63834 277147770.9353 266737618.8497 330763758.48214 445411421.97777 721542948.0168 865139139.50597 671614601.15978 571866900.80437 505424106.9003 526899678.13881004 545366766.73358 645568378.95248 659167254.86535 779447956.7633799 738037932.26634 779058318.53675 846543358.30046 632062745.38192 488782325.62244 463265007.84189 468593267.13039994 624906676.60989 799508502.36589 619770513.00379 454826929.30096 333006464.42569 303336660.76098 255077662.51837 503510659.05477 910818410.00725 1011871400.20951 395129787.34337 
555771349.86215 632105844.7534 667835296.33411 716693126.8125501 508549406.90313 532238403.67563 487881103.39029 284919673.73751 468116474.33208 169398166.25849 78342126.03893 0 137315250.906 148324869.93528 244401445.2137 207725652.17091 200003861.79288 280158562.50927 377901217.23682 643523924.59128 786797026.00101 596578809.91396 499364504.94861996 444397126.6063 475980958.37973 501463693.19468 599073196.16684 609517260.10849 733678715.18527 698533541.1788 750958807.75129 825584744.32256 611042630.53316 469266866.89605 400827870.22703 452401330.76661 622979389.86392 822572789.82593 667952888.66704 487713570.3775101 397346893.00699 381678786.79991 318464840.35653 574113373.14531 850148370.98786 947756110.83354 437443051.08529997 
690989053.23896 765327973.01817 804841959.70734 852231028.70873 632005596.99718 639937194.99058 580481252.03309 373091089.84685 556278070.09633 188166740.09135 135783121.31335 137315250.906 0 45629084.10097 216531437.58191 224963309.60889 242799315.66056 413603870.48104 492397596.96951 709050385.57273 841825421.39494 612145530.93744 505645844.76422 387395014.16238 402533207.02375 422511372.3015 524231391.61308 540950825.04242 651883201.24325 609779753.2165 644929858.67646 710984705.16365 496587817.57521 353316082.2714 339972667.24863 332810145.81705 489123555.29654 685584114.83267 544435690.60481 352871461.95195 306891097.64663 309866844.58929 232191086.10682 493589406.86703 806122501.11379 912593073.96003 492566496.43085 
688752930.40782 760437217.86705 807219611.70144 858271611.78694 654637201.69546 669719126.02721 613892812.16045 407277158.3903 591598250.91271 230387547.90261 167874716.85663 148324869.93528 45629084.10097 0 170902353.48094 179334225.50792 212121892.05839 411098808.74212 475718199.53401 675259985.13907 800528672.1613901 568875459.96867 461845043.39077 342812637.89901 359024961.28218 380900263.83007 482094146.64526 498020048.98604 611573239.90675 570995410.39877 611756180.88074 681423773.19071 466939328.83132 324044265.16409 295390290.98526 305706733.11635 475887108.26029 686675384.89344 564561826.81814 363558334.70601 344422905.76044 355495928.69026005 277820170.20779 531803061.84919 761120640.9893 867213337.55236 494571845.49768 
674229225.40751 727592693.01544 800226733.4054 863761648.47348 727027186.52649 767931135.45641 726602694.68819 529278523.27989 711858471.14836 385077113.66603 303839962.63834 244401445.2137 216531437.58191 170902353.48094 0 66222026.5016 134017240.44613 408135876.53405 411696046.04294 528632340.60186 642896000.54443 399392455.97492 291607426.16359 201584144.26196 231579513.16603 269423502.47872 361187219.15983 368275159.92051 497786838.04183 468715573.79397 540525945.58642 625950397.23988 422844808.66589 299071456.94822 249006491.17571 294724638.26625 503855987.29111004 752758229.88419 689436846.4579201 472981155.44147 508796288.1652 522477967.85366 440114271.71238 696245802.41506 607282240.00328 708031437.57117 500654688.91998 
608021489.61261 662108438.02534 734004918.06163 797539621.97188 669106604.71747 715802804.32867 679606075.54488 492645325.90842 667749589.17544 368354703.15246 277147770.9353 207725652.17091 224963309.60889 179334225.50792 66222026.5016 0 67811698.96116 342578705.91168 348131967.59307 495925759.63115 621194446.65347 465614482.47651994 295931850.79243 255932310.21018 289891390.27738 330859535.32164 418564774.60942 422592353.98622 555523984.63661 529406992.02888 605233926.6085 691581614.0972 489065764.39205 365293483.44982004 219861269.91374 358685986.67026 567667293.4151 809378280.02183 729420345.1605501 516438649.6696 523668505.47397 527771590.59612 450365795.49104 710965052.91853 645527389.95135 740804420.41649 435224296.5678 
540211984.96138 594888809.59706 666236416.17642 730128415.0465 612750405.97371 667305248.01638 636722764.56903 454354450.95864 628394301.22006 357944551.06686 266737618.8497 200003861.79288 242799315.66056 212121892.05839 134017240.44613 67811698.96116 0 276225427.10314 283546012.79486 467804472.89549 634558140.94911 407533019.85211 313087768.87652 315416547.30477 351745679.70122 394749217.84961 481380014.93631 481200449.90716994 615553527.88317 592040780.04972 672001784.81 758618730.53555 556837451.75188 431568498.75837 282888081.47935 426016285.01444995 628905293.38805 869729005.45429 774537455.27948 566911163.67158 548786773.08322 543637929.05175 472361596.17064 734352013.38393 687502808.61813 777046772.83527 368970315.00793 
277654121.6657 352051110.8366 398787988.46298 456985859.3609 372061243.58891 457945280.94045 459947974.47422 350214106.39502 469371139.6356 400303801.45876 330763758.48214 280158562.50927 413603870.48104 411098808.74212 408135876.53405 342578705.91168 276225427.10314 0 340263131.41723 511295587.54865 669680011.9766 582095637.87031 520695627.71205 588250045.56999 627971106.8043599 670455009.60633 751099573.92837 749501151.86 886809560.82684 866447142.2474 947566892.48489 1034072129.95788 829391327.99823 698229252.22992 559113508.58249 688169039.41134 880195082.63218 1097398669.74084 946812328.49916 766087052.38745 662892241.18135 625713909.13578 585575941.81109 825701513.80749 924854748.47749 999323493.76037 386550509.76766 
291110684.8151 322456349.75991 418324762.18582 492031322.56314 507690440.02129 606077237.3705 615778435.58835 507061840.38149 627273848.31346 524501451.05296 445411421.97777 377901217.23682 492397596.96951 475718199.53401 411696046.04294 348131967.59307 283546012.79486 340263131.41723 0 356304695.34454 514868127.08602 464513952.56242 426159363.77042 552892535.54726 594483309.0924 643136142.97977 707936659.98832 699256455.94126 837612817.35462 827299024.7215 924576586.27489 1017721569.76961 827122405.43695 710417569.45994 534465593.52992 706348726.38397 912048602.19529 1151954823.76491 1036832869.21658 839170781.48433 775135012.41577 748622093.53107 696284245.48121 948919371.32922 832309957.70297 892290463.3484 203133202.68633 
579174944.74547 552135818.56027 680890646.74397 763966504.16069 860342579.4400901 962127215.03517 970980753.31759 845296138.52955 980666727.18425 811576117.80561 721542948.0168 643523924.59128 709050385.57273 675259985.13907 528632340.60186 495925759.63115 467804472.89549 511295587.54865 356304695.34454 0 204291165.49894 254264844.47422 312362045.85156 541848696.45997 580124463.79997 627945871.1654999 641748156.10004 617531708.18417 736352914.47635 752368530.22684 874587417.14388 973638890.80492 835414080.55457 767343474.73149 554304501.70568 776398396.41244 983362113.59196 1252637523.17089 1217949510.30163 1000552249.38007 1015941483.2193599 1010906633.06669 940009253.48862 1201992050.7757 632629525.4388399 638722403.1700001 557275639.35705 
725791893.93352 688070363.86304 819449732.73126 902307056.35058 1019916331.7148299 1120517871.65996 1129483813.82749 1000675236.66801 1138557851.23466 956046964.08355 865139139.50597 786797026.00101 841825421.39494 800528672.1613901 642896000.54443 621194446.65347 634558140.94911 669680011.9766 514868127.08602 204291165.49894 0 284720470.03207 379830143.62091 611559411.89436 644328424.99391 686285063.34562 677480042.6259999 648105998.75495 747543640.8722 775862155.75577 901950049.13141 999166961.72065 890051506.48963 844723955.82093 634523524.31968 858081657.38163 1056620379.1534799 1329512253.70694 1324551799.37232 1105124966.57384 1144859839.95173 1146123858.45876 1071159872.31128 1332149599.6834 575306782.68026 566571217.76549 715356437.58653 
744175885.09948 747279499.3173499 862259383.84838 942867576.03987 954140628.33599 1034468006.66107 1021060286.8482 855242062.42259 1019521593.05115 761380072.77309 671614601.15978 596578809.91396 612145530.93744 568875459.96867 399392455.97492 465614482.47651994 407533019.85211 582095637.87031 464513952.56242 254264844.47422 284720470.03207 0 182792105.43848002 329337881.96219 360357305.95514 401605514.3809 404227972.86171997 370014583.38174 483091996.89584 501438611.33799 626957889.61865 725558285.31854 605691839.35565 562852483.9522 356640725.95759 577756328.90987 772645490.49058 1045970315.31493 1056339069.46707 837024745.44852 907596399.01908 921870423.8285799 839497712.23356 1094106225.05158 381922272.17773 433285392.449 656922229.30235 
715832175.66858 730875524.78482 839187264.19418 916822469.15839 890273967.17436 961846814.95024 941494599.39569 766558559.39138 936718301.48165 660430743.3723 571866900.80437 499364504.94861996 505645844.76422 461845043.39077 291607426.16359 295931850.79243 313087768.87652 520695627.71205 426159363.77042 312362045.85156 379830143.62091 182792105.43848002 0 233748321.75731 269686130.56887 315583825.31394 333153143.10821 312189787.21405 441293773.53765 447762643.5559 566601296.23655 665604135.98077 523752879.14755 465601436.0424 254697639.03419 478346193.06396 679135630.7303 951381109.76968 950170642.64936 730640733.35683 800403714.32879 813996577.5371 731622180.03746 985516638.03428 406810373.06911 478627866.04832 603164864.64405 
836624413.32766 875237009.82674 963834522.6358 1033841565.04063 925038912.50493 969088775.71578 927968782.7557 729316800.3438101 912491307.1733 571608082.00584 505424106.9003 444397126.6063 387395014.16238 342812637.89901 201584144.26196 255932310.21018 315416547.30477 588250045.56999 552892535.54726 541848696.45997 611559411.89436 329337881.96219 233748321.75731 0 42391148.7425 92473881.03819 172025483.97759 167009864.86036 300136980.5784 278551601.41746 372121387.12053 467007651.15863 296645357.22552 233535782.7346 47422346.91375 248856719.41655 445484981.71726 718104710.16002 736847218.35193 520117715.15127 637453665.6320801 667917143.9355301 580276997.49063 813793000.31125 419167768.98768 527884065.19678 680535341.70192 
877238986.06201 916902537.80099 1004451260.19525 1073426783.19343 958606699.6925199 998691443.77312 954972528.88658 753881675.02983 938040995.47458 589412509.18479 526899678.13881004 475980958.37973 402533207.02375 359024961.28218 231579513.16603 289891390.27738 351745679.70122 627971106.8043599 594483309.0924 580124463.79997 644328424.99391 360357305.95514 269686130.56887 42391148.7425 0 50132656.233 129634335.23509 139832309.04014 266251635.35189 240339472.81064 330192649.23021 424732946.25341 256193196.28088 205410515.95394 89813495.65625 223931191.09565 412291954.15957 685621529.13006 718123295.58317 504067247.18754 635269067.5483 671711038.50279 586884011.95886 809523910.7947 409978894.502 522408841.4961 718762170.63128 
924500769.40629 965592438.72321 1051681925.2182 1119858195.15487 996450689.0052099 1032524509.36435 985806595.94132 782551033.81048 967287953.00111 610609124.94811 545366766.73358 501463693.19468 422511372.3015 380900263.83007 269423502.47872 330859535.32164 394749217.84961 670455009.60633 643136142.97977 627945871.1654999 686285063.34562 401605514.3809 315583825.31394 92473881.03819 50132656.233 0 101720019.31158 122949544.02081 238679229.47382 199345214.82159 281519075.05832 380607747.94208 208169053.83361 176576569.52633 112044489.08944 199332072.85025 373175098.32514 646617225.7715399 695612805.87238 487000231.1211 634520219.07109 676429459.24076 588558540.29069 804022402.27931 407916629.82973 523637504.63786 763144280.73408 
995087419.91801 1028914371.94205 1122148345.75553 1193231659.11354 1087377348.41738 1128325779.00821 1083787370.1909 881726361.15554 1066278738.10852 712329144.25969 645568378.95248 599073196.16684 524231391.61308 482094146.64526 361187219.15983 418564774.60942 481380014.93631 751099573.92837 707936659.98832 641748156.10004 677480042.6259999 404227972.86171997 333153143.10821 172025483.97759 129634335.23509 101720019.31158 0 34213389.47998 136959210.16224 119692565.36548 248188521.74641 344775034.60921 224897925.89678 264263723.01726002 200250631.82549 279041131.26451 416478989.15144 683601655.01723 767879837.57221 566553574.31275 730472366.44523 775035296.22359 687998142.79661 895641556.82756 317615374.4575 435366520.50706 843178071.86687 
988086517.40182 1021712805.70117 1114885051.66818 1187189973.55601 1091557804.15985 1135982707.17175 1093878696.8825 893479007.24821 1077479292.11963 728407596.88865 659167254.86535 609517260.10849 540950825.04242 498020048.98604 368275159.92051 422592353.98622 481200449.90716994 749501151.86 699256455.94126 617531708.18417 648105998.75495 370014583.38174 312189787.21405 167009864.86036 139832309.04014 122949544.02081 34213389.47998 0 138576125.9655 153905954.84546 257306830.19178 356239546.94724 258783045.15759 291439869.53716004 208697720.64022 309732208.37108 450690764.33894 717653910.95495 801300570.69996 597855787.18454 757469763.0919 799345378.95296 711490533.35765 924019496.09826 287699318.52929 404863038.35639 841017122.28566 
1126643181.44992 1156596851.77451 1253413943.9462 1325762215.05148 1224283806.4463 1264064611.54323 1218150129.44898 1014843514.39042 1199519756.58338 839942384.26696 779447956.7633799 733678715.18527 651883201.24325 611573239.90675 497786838.04183 555523984.63661 615553527.88317 886809560.82684 837612817.35462 736352914.47635 747543640.8722 483091996.89584 441293773.53765 300136980.5784 266251635.35189 238679229.47382 136959210.16224 138576125.9655 0 58217808.29151 169017121.74241 257545482.60094 254844906.1058 342776401.85749 336880400.70722 370574076.0536 449652494.50143 694219956.23489 827554359.4073 644064617.48979 833620567.06281 884400219.2115 797998922.02374 987589307.23669 271340194.21304 384816304.40594 978670565.11076 
1113872704.74482 1148502286.584 1240907579.2964 1311380179.73765 1195459830.29563 1230771944.85443 1181650207.36821 977148393.71455 1161817692.56125 797196331.31133 738037932.26634 698533541.1788 609779753.2165 570995410.39877 468715573.79397 529406992.02888 592040780.04972 866447142.2474 827299024.7215 752368530.22684 775862155.75577 501438611.33799 447762643.5559 278551601.41746 240339472.81064 199345214.82159 119692565.36548 153905954.84546 58217808.29151 0 128495956.38093 225082469.24373 196639542.9106 338009803.69568 309582953.78261 316926336.69779 394282881.37036 645021642.32599 769336551.11579 591330258.27085 779941389.94353 832646831.29264 746848464.60524 931711968.06045 325789523.20039 443034112.69745 958871960.30908 
1205512636.41197 1247025439.97465 1332633438.02162 1399883219.09154 1257356753.57831 1281051821.63364 1225123619.54645 1017904858.35587 1201160456.2456 826583498.9635 779058318.53675 750958807.75129 644929858.67646 611756180.88074 540525945.58642 605233926.6085 672001784.81 947566892.48489 924576586.27489 874587417.14388 901950049.13141 626957889.61865 566601296.23655 372121387.12053 330192649.23021 281519075.05832 248188521.74641 257306830.19178 169017121.74241 128495956.38093 0 99088672.88376 157940471.65564 301223791.03489 393563564.14776 319375056.24279 318281357.71507 549832582.54259 704508931.01293 555294204.48033 766401532.91965 826417196.2581699 744863933.35024 905305083.11654 436557367.2991 545703150.37829 1040292437.33566 
1295919795.88678 1340089133.99776 1422827693.40411 1488571434.2131 1333239901.67924 1350580351.9591 1290775364.21625 1083335641.77804 1264780580.3294501 886812125.44279 846543358.30046 825584744.32256 710984705.16365 681423773.19071 625950397.23988 691581614.0972 758618730.53555 1034072129.95788 1017721569.76961 973638890.80492 999166961.72065 725558285.31854 665604135.98077 467007651.15863 424732946.25341 380607747.94208 344775034.60921 356239546.94724 257545482.60094 225082469.24373 99088672.88376 0 214542113.7894 357777784.43194 483488499.0971 378604978.51824 318590405.64206 492631409.9832 696391527.60702 565215365.15293 797535889.50602 863380413.74847 786162439.21701 915265835.24017 513476817.47543 616025638.21492 1126603210.02642 
1096972689.85707 1147486809.36869 1223069651.14294 1286377187.35913 1119575466.13582 1136049543.41856 1076700790.24892 869235761.17695 1051229047.11473 674142433.52172 632062745.38192 611042630.53316 496587817.57521 466939328.83132 422844808.66589 489065764.39205 556837451.75188 829391327.99823 827122405.43695 835414080.55457 890051506.48963 605691839.35565 523752879.14755 296645357.22552 256193196.28088 208169053.83361 224897925.89678 258783045.15759 254844906.1058 196639542.9106 157940471.65564 214542113.7894 0 143283319.37925 298324148.48535 165053445.30352 197643338.45976 459110653.55463 572895353.45368 397353732.82469 608461061.26401 668569369.52459 586923893.25405 747364611.4609 516732497.29763 634940996.04285 921314127.46412 
970107795.46687 1026346654.83696 1094965899.43963 1155207605.02093 977722046.92733 992806309.19949 933543143.50822 726078880.05838 908225311.11349 532132553.67904 488782325.62244 469266866.89605 353316082.2714 324044265.16409 299071456.94822 365293483.44982004 431568498.75837 698229252.22992 710417569.45994 767343474.73149 844723955.82093 562852483.9522 465601436.0424 233535782.7346 205410515.95394 176576569.52633 264263723.01726002 291439869.53716004 342776401.85749 338009803.69568 301223791.03489 357777784.43194 143283319.37925 0 213154044.44526 230058394.97254997 216310063.98023 486180193.60725 519568699.98124 313853162.8435 491738993.23287 544060268.58979 461004620.72090995 646974647.3574 578983695.06324 688176540.11419 789147899.97897 
813481186.34837 856697371.78306 940599619.79046 1008213874.12894 887576606.36685 928245712.42577 885211674.30811 684987044.50176 868844675.69401 524861374.26193 463265007.84189 400827870.22703 339972667.24863 295390290.98526 249006491.17571 219861269.91374 282888081.47935 559113508.58249 534465593.52992 554304501.70568 634523524.31968 356640725.95759 254697639.03419 47422346.91375 89813495.65625 112044489.08944 200250631.82549 208697720.64022 336880400.70722 309582953.78261 393563564.14776 483488499.0971 298324148.48535 213154044.44526 0 224028785.03877 429060641.32247 699154555.52883 701907916.9503 483634917.80945 590031318.71833 621206766.60042 533790903.18982 769660437.51139 466569481.39971 575207077.98116 651099791.64464 
961587615.727 1020044904.57505 1085786498.34553 1144401563.7617 960263919.51482 972740452.9119 912172902.50822 704740620.88117 886175601.81121 509092911.01631 468593267.13039994 452401330.76661 332810145.81705 305706733.11635 294724638.26625 358685986.67026 426016285.01444995 688169039.41134 706348726.38397 776398396.41244 858081657.38163 577756328.90987 478346193.06396 248856719.41655 223931191.09565 199332072.85025 279041131.26451 309732208.37108 370574076.0536 316926336.69779 319375056.24279 378604978.51824 165053445.30352 230058394.97254997 224028785.03877 0 210993553.46869 484435680.91508996 496636022.37306 288391835.65315 463046491.00921 516590296.32423 431813948.08174 619466934.57869 596655121.90008 714319203.10568 777994249.35114 
1157037041.24509 1220777660.20843 1278866803.39507 1332931026.35404 1118085368.91066 1112590629.45946 1042136221.97687 839150155.57242 1010359490.68727 634854317.12372 624906676.60989 622979389.86392 489123555.29654 475887108.26029 503855987.29111004 567667293.4151 628905293.38805 880195082.63218 912048602.19529 983362113.59196 1056620379.1534799 772645490.49058 679135630.7303 445484981.71726 412291954.15957 373175098.32514 416478989.15144 450690764.33894 449652494.50143 394282881.37036 318281357.71507 318590405.64206 197643338.45976 216310063.98023 429060641.32247 210993553.46869 0 273442127.4464 416851509.51320004 321988063.11135995 492725278.2301 563777343.52073 495419999.38932 597528813.30393 714375835.75739 831158286.80975 967409303.77646 
1374265382.51696 1447037130.53867 1490387164.08446 1536030264.81844 1280113343.80116 1250814366.20043 1170269459.85077 983057781.18458 1132554913.51905 784721204.9683 799508502.36589 822572789.82593 685584114.83267 686675384.89344 752758229.88419 809378280.02183 869729005.45429 1097398669.74084 1151954823.76491 1252637523.17089 1329512253.70694 1045970315.31493 951381109.76968 718104710.16002 685621529.13006 646617225.7715399 683601655.01723 717653910.95495 694219956.23489 645021642.32599 549832582.54259 492631409.9832 459110653.55463 486180193.60725 699154555.52883 484435680.91508996 273442127.4464 0 295854604.79348 344681573.06493 560390525.68181 636924017.4769499 604127628.56937 578881079.69478 965186063.82445 1079036260.64083 1178150611.26352 
1212680331.25059 1297097120.94599 1317503532.94874 1351045950.78174 1058115043.56874 1009722019.99978 923956242.43902 756717846.22725 883166768.22823 578360151.30089 619770513.00379 667952888.66704 544435690.60481 564561826.81814 689436846.4579201 729420345.1605501 774537455.27948 946812328.49916 1036832869.21658 1217949510.30163 1324551799.37232 1056339069.46707 950170642.64936 736847218.35193 718123295.58317 695612805.87238 767879837.57221 801300570.69996 827554359.4073 769336551.11579 704508931.01293 696391527.60702 572895353.45368 519568699.98124 701907916.9503 496636022.37306 416851509.51320004 295854604.79348 0 219595195.52742 313341738.76028 382872987.64808 376439480.43815 285276802.50061 1081640435.86545 1199806750.94622 1014573533.77186 
1040239833.45161 1118035023.32959 1152919095.06177 1195326166.84433 935840329.08071 913903563.93029 832667671.81191 640400263.08906 796770197.10014 440330129.28958 454826929.30096 487713570.3775101 352871461.95195 363558334.70601 472981155.44147 516438649.6696 566911163.67158 766087052.38745 839170781.48433 1000552249.38007 1105124966.57384 837024745.44852 730640733.35683 520117715.15127 504067247.18754 487000231.1211 566553574.31275 597855787.18454 644064617.48979 591330258.27085 555294204.48033 565215365.15293 397353732.82469 313853162.8435 483634917.80945 288391835.65315 321988063.11135995 344681573.06493 219595195.52742 0 245656239.70638 319983345.35068 264154053.0471 352038850.24678 883890726.65204 1001847090.66962 842409444.57319 
916316086.38069 1005633466.34395 1014815516.83581 1043690386.63618 744773304.80846 699006818.41987 614959225.60551 444036064.10419 577638973.19603 273886267.75002 333006464.42569 397346893.00699 306891097.64663 344422905.76044 508796288.1652 523668505.47397 548786773.08322 662892241.18135 775135012.41577 1015941483.2193599 1144859839.95173 907596399.01908 800403714.32879 637453665.6320801 635269067.5483 634520219.07109 730472366.44523 757469763.0919 833620567.06281 779941389.94353 766401532.91965 797535889.50602 608461061.26401 491738993.23287 590031318.71833 463046491.00921 492725278.2301 560390525.68181 313341738.76028 245656239.70638 0 76718945.82733 78891345.34639 187449514.24986 1042084073.44499 1156561252.57537 720662783.06072 
868692932.28742 960775010.47318 962036244.28315 986703363.08076 678085586.06059 626909814.66759 541661730.22041 378079413.91624 507745471.58331 229503333.13783 303336660.76098 381678786.79991 309866844.58929 355495928.69026005 522477967.85366 527771590.59612 543637929.05175 625713909.13578 748622093.53107 1010906633.06669 1146123858.45876 921870423.8285799 813996577.5371 667917143.9355301 671711038.50279 676429459.24076 775035296.22359 799345378.95296 884400219.2115 832646831.29264 826417196.2581699 863380413.74847 668569369.52459 544060268.58979 621206766.60042 516590296.32423 563777343.52073 636924017.4769499 382872987.64808 319983345.35068 76718945.82733 0 87977036.48913 200578515.34363 1081435926.6536798 1193952857.18209 676620663.29409 
842171432.34723 930225130.62691 943231019.46012 974904042.52824 686896086.80835 651055077.73997 570675356.51604 386241018.42205 533720962.75684 300410584.83814996 255077662.51837 318464840.35653 232191086.10682 277820170.20779 440114271.71238 450365795.49104 472361596.17064 585575941.81109 696284245.48121 940009253.48862 1071159872.31128 839497712.23356 731622180.03746 580276997.49063 586884011.95886 588558540.29069 687998142.79661 711490533.35765 797998922.02374 746848464.60524 744863933.35024 786162439.21701 586923893.25405 461004620.72090995 533790903.18982 431813948.08174 495419999.38932 604127628.56937 376439480.43815 264154053.0471 78891345.34639 87977036.48913 0 261990417.21329 993458890.16455 1106063581.34284 645535515.79981 
1063319940.75629 1157062988.21191 1151611125.6017 1170806353.80456 845379100.40213 775702969.84478 686350183.42743 555061189.25144 643135326.63061 429292928.69893 503510659.05477 574113373.14531 493589406.86703 531803061.84919 696245802.41506 710965052.91853 734352013.38393 825701513.80749 948919371.32922 1201992050.7757 1332149599.6834 1094106225.05158 985516638.03428 813793000.31125 809523910.7947 804022402.27931 895641556.82756 924019496.09826 987589307.23669 931711968.06045 905305083.11654 915265835.24017 747364611.4609 646974647.3574 769660437.51139 619466934.57869 597528813.30393 578881079.69478 285276802.50061 352038850.24678 187449514.24986 200578515.34363 261990417.21329 0 1211471098.13263 1327652983.17628 873438167.98753 
1118784298.0526 1125199956.84774 1239809807.19927 1319128704.21413 1290612730.40348 1353479582.29389 1324225573.18716 1133528322.52579 1313083817.36017 988709418.51278 910818410.00725 850148370.98786 806122501.11379 761120640.9893 607282240.00328 645527389.95135 687502808.61813 924854748.47749 832309957.70297 632629525.4388399 575306782.68026 381922272.17773 406810373.06911 419167768.98768 409978894.502 407916629.82973 317615374.4575 287699318.52929 271340194.21304 325789523.20039 436557367.2991 513476817.47543 516732497.29763 578983695.06324 466569481.39971 596655121.90008 714375835.75739 965186063.82445 1081640435.86545 883890726.65204 1042084073.44499 1081435926.6536798 993458890.16455 1211471098.13263 0 118208498.74522 1009261213.34032 
1175001092.76246 1170250370.19853 1290306826.68244 1371381634.9062 1368901033.24607 1438422689.08487 1413448259.62546 1228540064.94962 1405329831.00783 1092275379.9011 1011871400.20951 947756110.83354 912593073.96003 867213337.55236 708031437.57117 740804420.41649 777046772.83527 999323493.76037 892290463.3484 638722403.1700001 566571217.76549 433285392.449 478627866.04832 527884065.19678 522408841.4961 523637504.63786 435366520.50706 404863038.35639 384816304.40594 443034112.69745 545703150.37829 616025638.21492 634940996.04285 688176540.11419 575207077.98116 714319203.10568 831158286.80975 1079036260.64083 1199806750.94622 1001847090.66962 1156561252.57537 1193952857.18209 1106063581.34284 1327652983.17628 118208498.74522 0 1079307258.23697 
198422556.80811 298544648.39321 312708210.59729 366821547.20256 304559894.1283 405847967.10033 424429539.68094 361492381.30128 450641223.58929 454505610.13601995 395129787.34337 437443051.08529997 492566496.43085 494571845.49768 500654688.91998 435224296.5678 368970315.00793 386550509.76766 203133202.68633 557275639.35705 715356437.58653 656922229.30235 603164864.64405 680535341.70192 718762170.63128 763144280.73408 843178071.86687 841017122.28566 978670565.11076 958871960.30908 1040292437.33566 1126603210.02642 921314127.46412 789147899.97897 651099791.64464 777994249.35114 967409303.77646 1178150611.26352 1014573533.77186 842409444.57319 720662783.06072 676620663.29409 645535515.79981 873438167.98753 1009261213.34032 1079307258.23697 0 
