94
gk em ac as co ab cm dg u ds et fh bv j cp cr cz b bn fr q gm y bu gq v ai dn a bq fe e ff ga dx gn by bc ah gh fd fo ft an bl ad gj di gi d dh en ae dq bp fi aw dj gg dp do w ge eq fa db az fy cg br er go am ep ck g dy fw dw es fq p cl ee cj bi cv ao bf fn bb ap be gc
0 81897198.8583 91020057.36938 85606838.78712 121542181.22304 231534793.25972 278193924.39171 346848500.42775 365973687.34885 363375914.35347 422541889.2022 486306331.03348 487544427.20814 536676643.19744 621321424.99723 659405147.1690199 718372629.66267 574385348.10932 497329865.54463 380254903.93318 290148792.6294 431711146.892 574683208.60574 668249298.55087 698955861.26971 652546894.4057 722825403.78593 750180165.18747 835953243.78112 932158681.8646 1004711513.12838 932477697.14352 848993034.3082601 681988267.12308 704242834.72083 651933657.85573 691059571.01706 666855439.45044 630319446.55949 525260679.22198 359257728.33689 349187683.2242 397366635.33808 235870055.88977 219506849.10442 199187837.01416 207729821.13724 205899695.68796998 228256041.68708 293901936.92527 333220904.20288 369346319.9638 472265955.81102 500119159.83534 500788249.44821 588647532.95501 600071323.94388 635829529.8546 714994759.16825 769539334.50114 734907290.77766 520205663.54936 506803068.30834 314550454.87077 330036446.73179 374660826.03418005 412368972.66688 352227182.82278 352668157.62045 497218206.44139004 563652881.82262 630521078.87046 691217996.64146 779504159.55298 830078378.66709 581019397.92376 320319788.54045 364030061.85099 460446751.92101 671155466.26339 865826935.2633 819976914.88944 826011089.762 866942251.58244 921876474.11347 869813939.10983 722555461.65865 685112878.22502 529452550.19648 497354495.80321 493928897.20068 399524664.92355 270925212.01391 51190318.05555 
81897198.8583 0 102800062.846 102990904.07526 169089407.17305 223342536.34153 276201095.09814 354991246.7564 365179453.52874 352447164.98804 406957472.6791 466224523.32675 460648016.96219 506048779.31733 588566252.124 620334025.00047 705345181.50405 576428503.34878 489589112.89126 407375440.78469 323057115.04718 440308658.08592 603018857.40657 701159385.31994 723520712.92405 667060954.6891 734138375.69971 762712628.3807 866541606.91868 971484928.73411 1045972175.72024 973814199.14529 901047994.75173 739887738.30865 773076802.1144199 724609600.9324 767646895.87132 743872133.11879 708342463.1898 594640893.18223 441046351.64186 425683392.48129 477659811.36569 317758763.7823 301404047.96272004 259571878.74804 245116782.47331 210975298.97857 243142787.01537 282928669.71637 342515327.47979 378118711.46701 494701593.52627 497510817.71434 490896191.8573 572367754.82484 602868841.54649 644201941.20343 725929674.87212 774012838.23894 726955657.34002 475325807.13754 442429251.73837 263563568.53107 248169530.70154002 292763627.17588 330476065.69242 274963316.27085 270770958.76215 419754692.05912 492374234.09411 556319487.30699 629151673.43155 717300459.75482 756995631.21371 500294367.89804 282241641.54833 324380018.18847 504387291.30468 709202071.06831 934071157.42858 895688304.88553 907856915.30265 948431041.57867 1002991140.61666 950470224.57836 803999019.29054 767010077.08332 605205041.97587 568936820.01981 552632843.94892 448856969.96697 333045297.52805996 118079808.73463 
91020057.36938 102800062.846 0 7227412.86323 75283625.71446 140552904.05478 188294284.88538 260718376.55257 276891105.2175 272537135.6713 331532610.69449 395333506.52514 397248814.96178 446949995.68034 531862685.10013 573971301.46375 627723432.55785 486849169.12289 407167538.30095 305717144.57196 220326023.67239 346230256.43161 501525177.85086 598908678.34243 624475198.2213199 569600531.57631 638130229.90831 667321094.91073 764766735.66938 868720808.16123 943172112.87424 871014506.25289 800013531.77523 641146613.6968 682722105.97457 639549397.4521 689666223.84738 667191826.23951 634446970.39258 505977535.0893 357405276.24709 351614348.4468 416164507.34588 278108186.22701 251414517.84957 285288488.71393 298749395.36516 282128492.53423 317942977.32747 373559153.75608 421484804.59192 457011069.18838 562855156.86987 583294422.50126 582151673.09496 667083778.2223 686676539.78585 724233579.8127 804583839.0334401 857090285.29672 817676326.31747 578003747.96793 541834512.0488 366361453.58603 319828685.93934 353961018.41569 394209690.53488 314684400.98194003 297234745.20809 451683106.06027 503872334.99444 575353731.23738 624499539.33681 706039988.3266 771153138.65803 546872435.90781 234885942.83518 278512545.78772 402007928.67996 606530715.23467 842518968.09776 815158059.12581 860522660.16893 906736778.73101 964610729.15928 916110953.56526 763602096.72657 720046188.94487 593399530.52293 569911187.36412 577525118.80233 487936866.69494 354601802.46852 70693960.35457 
85606838.78712 102990904.07526 7227412.86323 0 71218118.93509 145996154.98923 195521697.74861 264206308.23332 284118518.08072996 277769084.4673 338760023.55772 401059617.71233 403399541.44712 453262874.85751 538227075.22693 576476058.97164 632840745.9814 490793737.61981 413701964.39564 312446347.26751 220827488.17863 349625832.37951 502896695.49186 599821559.03091 629480475.99147 572293984.07213 640992868.50617 670295004.37207 765981353.62316 869015924.82185 943336933.38842 871087032.20059 798432482.43354 639084606.62054 679139340.32389 635310673.79676 684769527.8537 662062365.37224 629208145.30193 502106463.68612 352232733.50567 346197116.28212 408937094.48265 271091852.03769 244609840.3657 279675220.16305 293336659.92436 274901079.671 312092433.42188 370599642.33085 417151390.92448 453217455.86879003 557774692.52006 579600247.74192 579295291.0132 664458131.51833 682732874.9208 719800377.58971 798514651.7188 852834138.71036 814441973.67489 577666493.9453 543482688.5058 366329797.10066 324106088.67978 359190296.1838 399357642.719 316508065.93334 304462158.07132 458247805.33958 510923378.83987 582295994.01361 625365582.6221 713264414.5285 778272374.62135 552991249.88263 241832927.54866 285436998.27092 401403573.76594 606794558.71326 839138728.29137 810519291.12655 853973425.6789 900160606.9917 957808174.41372 909200913.44552 756820529.73441 713453630.08276 586177424.48757 562727180.18117 570676683.98207 481540719.39212 347813936.15095 63509322.97384 
121542181.22304 169089407.17305 75283625.71446 71218118.93509 0 152878830.49253 184603263.90048 238461886.12218 264757661.50297 272967325.08076 334258344.45541 400647825.01445 410191842.78406 462424909.54806 547522920.68203 590230214.13868 620461546.80945 465541157.68487 398200827.85814 260165329.96159 169239238.60349 320493761.93032 453610593.56649 546710996.79041 578408417.906 533634328.28113 603503291.88309 634752566.30353 714468748.19318 811279139.91226 884297449.41583 812047548.228 733168935.4337201 570808360.03029 607991352.95364 564267508.89279 614898469.38847 592500480.43068 560497609.71639 430888749.74845 283445708.96646 278558565.775 345692204.11085 225440067.13724 193681226.44348 279168820.78981 312232285.7226 305645548.42428 344283958.37802 415087770.19637 449097750.77441 484898867.39452 578840308.81613 615950334.66088 621039883.36061 709721160.15259 716096692.23258 749120181.33421 824638947.17742 884286607.58657 855208858.5719299 637846264.89393 611518658.91142 428646674.32272 395112311.6538 428408651.23409 468795597.46821 380362903.2989 365357951.65028 519063312.33461 563098711.46965 636937053.10142 664794819.16782 751633355.32391 829244861.4936 617699907.64993 270366525.86088 314076799.17142004 339878686.97319 549922224.85821 768128747.84226 740036966.71612 795205799.13808 843816201.95479 903060219.86421 856754803.73053 701919603.13513 655492160.33004 549459061.55384 535220435.95696 558848565.15173 481952221.18897 340749461.97517 134727441.90893 
231534793.25972 223342536.34153 140552904.05478 145996154.98923 152878830.49253 0 53906202.08133 137702453.27186 141964072.23979 142304142.7193 196737503.81847 263279654.3499 260076302.04842 313296288.08327 396650704.23328 438004387.86074 487490334.61162 353124403.62492 268022900.91133 212279513.35637 156199750.40823 220034692.34343 399047038.19488 501505707.18126 512462564.4186 448029120.38284 514018300.70462 541805987.32916 662248188.61653 777293210.08869 855073517.77069 783078943.19563 735770608.82707 595027006.28624 667519984.22743 640480699.33831 705701351.68609 686286923.51381 660708227.76104 502615965.20186 393086314.55343 394913220.93251 471959534.9848 375557586.87612 341577812.98082 421298642.69578 439264614.39696 419233513.91888 455594887.72632 505769004.01245 559158402.20734 595332261.80135 703408060.92465 720853354.0558699 714097004.17953 795518479.43223 824528286.7177 862477654.8515 942311930.27502 994259270.27449 950162020.3745301 684830875.93844 622774432.82647 473389779.86869 363260194.89657 371976252.92569 411631859.64947 298105479.54366 279589642.8878 417364748.44745 438335583.59888 516077926.39256 521002666.74692005 605967153.58824 698557234.50388 526896698.15238 124506217.02951 162805445.06611 337183452.8537 517756302.39621 819950776.40981 822403162.76777 924508745.07066 977611067.4171801 1038617503.91891 995674538.7874 838358749.8369 787394270.89461 700930550.01789 688098965.2232 708580399.0051 624982906.71775 487627134.58185 201969698.75785 
278193924.39171 276201095.09814 188294284.88538 195521697.74861 184603263.90048 53906202.08133 0 83796251.19053 125609770.24222 88397940.63797 149661976.07453 216061039.40393 227572877.7215 280500011.70372 364994782.67896 409970061.28293 441464419.94052005 302187342.93788 219143066.43729 167133866.16114 130012714.02313 166128490.2621 347951670.12185 450798918.61613 459431293.28127 394158831.03609 460311673.31404996 487956145.79762 608341986.5352 727168417.1087 804421414.94654 733672012.24496 690608882.19662 558018189.80431 640056746.76453 618991585.28657 688999083.19708 670967860.05158 648315549.00738 481647124.36439 390666907.04327 393080235.59521997 474633537.16125 397390523.03014 361281249.70621 461377896.09143 484874031.07934 469894290.33578 504765051.88009 559129764.81451 608957426.02841 645131285.62242 750459880.20273 770190717.86987 766450492.11855 848565172.6441 874225544.61962 912292647.71553 991372863.51079 1045056580.45452 1002515508.31355 738606634.082 674520399.29436 527295981.95002 411379537.46329 415100240.8117 454135733.01703 335884551.91479 311573258.92486 444818462.8926 453050846.34927 531434789.57699 517590094.38893 600370494.47928 706346237.20936 557151194.62858 178412419.11084002 161661069.99185 298124009.66827 469139197.01898 788822176.66478 801512787.68281 924788354.91873 980204961.2964 1042572798.53887 1002257726.27356 843735028.28462 790008041.61271 722314630.18433 715297793.76711 743385440.96861 664991914.33105 525203613.08087 243461322.69081 
346848500.42775 354991246.7564 260718376.55257 264206308.23332 238461886.12218 137702453.27186 83796251.19053 0 41813519.05169 82840648.38906 127916660.04414 189272122.19394 214922752.68251 266702793.35897 345305043.67314 395680121.92241 384584934.03096 227900888.26171 164401706.28031 98202407.02482 111792991.86872 85583165.93459 265080519.44827 368436927.34573 375662847.31117 312069707.9327 379170869.8549 407721381.6243 524629780.82592 644762872.11805 722277219.92012 652793767.39021 618750761.75824 492794018.89019 592972723.26994 576669165.57703 653245636.78921 637551969.36005 619680329.4315 442686001.38292 381024847.42584 388183890.33207 472655055.30661 426063549.34223 388743654.1611 516994409.80551 549211911.97057 537235831.50907 575098763.2494 633993868.22914 680015091.05482 716159234.03024 815965825.8242 843784712.35433 842673541.96072 926570252.88117 946628654.68678 982628332.70896 1060459498.0470899 1116357628.34724 1078339740.18776 821540105.46528 758316650.48489 609820534.42397 493515873.80283 494590222.13241 531728127.46129 410831508.25481 385342588.75236 508593627.84369 502136718.84528 580583916.32948 541668030.31287 619197088.75929 743230247.27412 622856759.53673 193460968.01843 206914025.33053 233938918.36337 388561157.35973 730636716.07308 758415349.81646 913164806.23555 972147229.23162 1035948272.10177 999979453.8679601 840648979.81851 783065261.8408 745411808.70711 747184670.16438 787790744.80821 718522412.00411 575520760.08502 305979231.37122 
365973687.34885 365179453.52874 276891105.2175 284118518.08072996 264757661.50297 141964072.23979 125609770.24222 41813519.05169 0 45534412.56396 91213695.14184 148945674.584 178226359.20883 225289006.71634 304806579.12219 354647074.75846 355768640.33689 211270192.15821 133447286.83366 134107661.71866 152616236.01155 127396684.98628 279762533.26494 382924937.54101 383552192.88285 310179886.01591 374234258.65713 401277736.31668 533036290.42844 659448632.53033 736708753.12717 667362635.91778 640775381.16782 524823951.72837 625498512.62278 616080568.74443 693652354.77764 678317847.04388 660925068.61325 482596675.86156 422566612.08262 429487802.8258 513845274.52694 461976298.81692 430557173.21278995 543865374.01426 571946300.0104101 556091486.59746 593323336.72433 647130732.53617 697728230.20844 733899004.95454 837688746.40261 860185527.71876 855646726.48509 937460857.39697 963284555.48072 1000996188.53232 1079691609.85786 1133718836.54062 1091678497.52376 823595385.6595199 752535870.65603 613111236.26091 482933179.01689 477595538.39487 514339267.77581 391318507.74471 365036628.03049 480611459.0671 467729172.12935 545877588.36495 501228490.73884 578090047.43656 704607024.0378 595335239.16353 168649725.59093 175631815.34458 268446125.91769 407460342.60568 766583591.95764 797423935.6641 954969127.18702 1013884173.60903 1077644461.05533 1041427555.89062 882115239.59318 824733444.571 783290557.35116 782915943.16996 820535843.42015 746658279.95707 604761702.08791 328656311.64239 
363375914.35347 352447164.98804 272537135.6713 277769084.4673 272967325.08076 142304142.7193 88397940.63797 82840648.38906 45534412.56396 0 61310514.03419 133042602.18667 142965238.63776 196172592.85765 279337720.73041 326409475.56664 355321749.6865 230127037.87776 138275718.15489 179002855.46487 186343903.77686 122627279.24197 320559445.84748 423158629.95294 416875117.70621 340266889.48149 401103742.26184 426571763.97301 569058972.54063 697798791.40526 775989206.92815 707308149.10005 684090648.49273 570343927.94566 670321889.4396 659501324.62881 735911497.06821 720001288.86788 701508219.95207 525088578.43348 457016508.51522 462535885.71361 546186694.54509 481972233.84334 445542974.99619 549465942.72776 571105735.49071 552047857.03344 587656298.61409 635366014.84556 690978027.85971 727151887.45372 835368094.63287 849637444.46098 843343356.84534 922369873.08721 955316006.5345299 994203820.57649 1074319028.6975 1126309747.80438 1078966475.09487 799651087.37967 722111064.40435 591273109.03329 449404568.00596 439888712.55672 475730155.72458 351701815.59132 325029917.15647 436632461.4101 422194759.56539 500435999.64171004 459153154.48337 537567631.47845 660389598.88506 551142683.86056 127625465.07748 130097402.78062 313818376.62902 449594549.75997 810686021.21706 841193368.37272 991160799.9206 1048973794.05881 1112301468.07984 1074573836.7683 915419560.00314 859283656.3341 806074293.08088 801449667.9338 831655416.11145 753158027.19471 613379130.83275 330971005.72726 
422541889.2022 406957472.6791 331532610.69449 338760023.55772 334258344.45541 196737503.81847 149661976.07453 127916660.04414 91213695.14184 61310514.03419 0 84183399.51089999 87012664.06699 139196221.66861 220184521.80838 268982777.08271 298387708.82495 192672595.92371 90339372.51698 212342652.63313 238677437.74569 127481001.83812 318123001.5942 417213379.52636 399372011.35356 315169652.47682 369905542.78294 392789562.427 551568944.09302 686492127.56709 764751931.39028 701653531.88508 690372677.0868 589539649.36116 699849248.99181 695348353.8663 775102542.94458 760529011.74175 744554632.91452 563822671.44369 508817682.49654 515665126.04413 599951519.8375 542172043.7541599 505571303.70346 610329221.11546 630271710.33944 609454693.56381 645027800.66269 689278978.25787 747646493.10386 783608662.63022 893850622.05726 904430510.14064 895914557.93916 973370859.34843 1009817057.01068 1050505109.67994 1131338154.0892901 1180943697.69918 1131545308.84732 842738755.71152 756973394.47613 643430006.56492 481049052.24915 463486199.12109 496656933.59924 371908484.74101 344695623.70052 437663441.5026 407650546.0515 484098687.25156 422125337.90521 501678005.24814004 630999299.57481 552172373.12915 153620319.62087 171294742.03644 344875156.54144 449041866.19985 833914469.96524 875489370.5596 1040953029.63971 1100063889.27576 1163862041.58 1127661143.00944 968353085.31845 910981921.88494 865515911.87384 862091620.99834 892965930.1456399 814069276.00279 674572027.90653 391515506.77244 
486306331.03348 466224523.32675 395333506.52514 401059617.71233 400647825.01445 263279654.3499 216061039.40393 189272122.19394 148945674.584 133042602.18667 84183399.51089999 0 41502455.553289995 81236849.78796 156033002.22461 210062781.98851 241548898.7011 173601179.46412 104548448.68783 263220200.85086 301060717.98469 165006298.04955 333223772.38531 431888064.70148 395244694.06396 304685430.26454 349858744.8556 373747756.74201 545138627.42508 685021348.29152 762729814.11408 698949667.61734 705829306.88572 620819971.55711 740164406.80358 741586114.9316499 824010919.00292 810692859.07695 797047250.53553 613291020.5794 569440743.16295 577304945.34589 661713632.4685 608402625.58453 571656825.12019 675929242.78459 693990158.65607 671359715.95638 706532377.11917 747032787.69214 808252862.24325 844343234.7937601 956378837.65637 962797087.73979 952247234.64271 1027522067.17946 1069093364.87324 1110425614.60068 1191915759.34815 1240033538.67182 1187235473.50428 888770441.59905 794775695.86343 686851019.98884 517762378.36438 492448927.42339 522621286.10461 399323624.14898 372313835.4735 444157198.96889 397269305.30159 470122612.01297 385852563.15419 452404660.66249 600141324.11023 556260816.61177 197137266.41071 168391826.90134 382888708.30395 462450026.62595 867492617.22381 919544079.5625501 1098818150.37527 1159004508.66379 1223171535.12054 1188314056.06165 1028989908.24962 970602465.78349 931282949.34187 928634963.78834 959444339.15733 879697672.63197 740692999.17455 456818601.93957 
487544427.20814 460648016.96219 397248814.96178 403399541.44712 410191842.78406 260076302.04842 227572877.7215 214922752.68251 178226359.20883003 142965238.63776 87012664.06699 41502455.553289995 0 53219986.03485 137475592.00997 183444331.98862 258859102.76902 212631037.30287 117579743.14516 296176683.02523 325690101.81268 201990090.21379 374465786.63559 466835907.56643 435497602.10009 344243566.9042 390540197.57248 404680280.90655 584122537.91726 725271555.06791 802849441.11534 739479930.07283 746993184.39333 660682265.96562 778002063.77871 777322786.94631 858641978.3986 844703003.94463 829771853.19798 647541047.46299 595830346.56353 602562514.4337 686770147.74984 624184461.52982 588508213.63395 681048613.90036 695274248.3453801 668860052.50027 702994117.57355 738382968.03121 803131018.77153 838632745.63931 954000868.99519 954427914.86676 941544079.05568 1014432660.87341 1060596989.82955 1103859854.2563 1186261223.56974 1231660616.15591 1175519415.69849 869006794.03408 769759495.49474 670488949.17337 493130423.66142 463769514.56458 494673600.01401 370559127.22443 343914837.68493 407039283.69906 356726913.07574 429121357.73869 345006506.54289 414665341.18115 565010444.41282 518160009.80058 182535947.89535 147402586.83723 419775100.47042 503768749.27008 907049055.26662 956229643.49486 1127831104.72338 1187069981.91413 1250870984.09015 1214616809.28931 1055316823.94208 997979841.98581 948776763.99711 942805221.30327 968319175.21788 884540990.64487 747700350.11913 462046000.80627 
536676643.19744 506048779.31733 446949995.68034 453262874.85751 462424909.54806 313296288.08327 280500011.70372 266702793.35897 225289006.71634 196172592.85765 139196221.66861 81236849.78796 53219986.03485 0 85250425.18583 130251792.21463 234094685.78409 228550880.16314 148528564.14179 344276862.28959 377847983.01838 245960258.88275 404660476.11724 496969440.63664997 452628035.36411 359230114.52035 393765863.29951 407840242.64024 597123546.96885 741199652.32047 817734536.97101 756775400.9206901 774725714.0649 697880633.965 820045716.80781 822540075.76485 905247768.79088 891929670.39648 878143342.59594 694526969.39139 647727640.7848101 654776474.31822 739122144.48963 677404447.56467 641155602.94188 731690442.45785 742723353.97338 715606795.10607 749042894.39234 780768345.89406 847979468.56551 883222790.97383 1000452144.34196 996686895.57115 981936602.9699 1052555919.90125 1103022873.41396 1147338234.87113 1230337764.72082 1273923346.50318 1214719641.35812 900363031.71014 794558523.31296 706121091.97948 519767001.63516 486601378.61595 509760990.09894 393695990.57816 366465404.32357 409947580.99251 345890473.02209 413545762.53327 309767456.21171 373479933.4367 528012344.81578 516917832.54611 224590606.37837 185131699.84004 463594048.6278 531278393.41511 945017179.30657 1000157513.69454 1178715787.70425 1238440629.03833 1302378625.93032 1266653010.4789 1107330309.52956 1049596591.35538 1001973520.76128 995550993.57083 1019969862.94741 934770598.46074 798848314.26861 512577309.18918 
621321424.99723 588566252.124 531862685.10013 538227075.22693 547522920.68203 396650704.23328 364994782.67896 345305043.67314 304806579.12219 279337720.73041 220184521.80838 156033002.22461 137475592.00997 85250425.18583 0 54029779.7639 198305341.54141003 257130917.5045 205411358.82368 415166684.51816 457082032.81316 312322568.73522 445691638.39267 522179651.154 471916714.71966 378263738.20768 398513043.6853 406382159.4235 606849611.01261 753799649.57831 827954718.6604099 771416144.54273 806480029.55545 746326550.20739 876431752.78307 884902123.67695 970036534.45029 958099074.83262 946742086.29683 760843636.37017 725116312.29003 733022237.07756 817651743.82195 761230894.58415 724871027.14479 816653510.52164 826868369.38348 798784147.25381 831709039.13937 860462691.55262 929652777.04194 964659322.36649 1083255477.68373 1076013371.20293 1059470758.6498 1127809078.50573 1182410036.55806 1227858577.94869 1311120278.06257 1352886546.75764 1290889631.0896 968629308.88236 855593150.41304 782753035.2844 584773004.16423 543236211.40796 564446341.87721 453303286.43238 429187466.58667 447611313.80893 365725014.50668 423124487.98101 286283860.939 333310331.43866 505526463.5696 546242117.01818 306503408.42743 265043633.54912 525644135.11316 565556593.3025 993459223.54503 1059483075.81611 1252715868.7398 1313594295.65772 1378682161.90062 1343806726.10374 1184740444.6827 1125664350.15488 1085365370.23927 1080088682.35951 1105216717.22005 1019766881.91072 884076558.40346 597762531.55471 
659405147.1690199 620334025.00047 573971301.46375 576476058.97164 590230214.13868 438004387.86074 409970061.28293 395680121.92241 354647074.75846 326409475.56664 268982777.08271 210062781.98851 183444331.98862 130251792.21463 54029779.7639 0 225810167.54547 308835615.74788 259441138.58758003 468097399.34539 507245217.11302 365791273.52279 498352015.07076 572808629.2567201 519748827.42364 427349848.43631 442322092.84494 447797647.46076 650912909.18685 797784200.81499 871376067.51386 816595969.58778 856588660.84522 799589099.47698 930346955.27752 938913173.16464 1023955240.11338 1011920795.4415 1000303588.72457 814619191.293 776320790.98814 783830047.42546 868334366.17385 807340523.24862 771039154.58119 855177646.15698 861631920.01593 831254323.47888 863060684.67705 886797035.9678 958984356.47875 995158216.07276 1114493798.73036 1101381469.05809 1082436681.95729 1147748935.1873 1207710049.06546 1254277122.68537 1338432379.94323 1377483405.38865 1311703296.85703 981396602.38657 862104855.34904 798367402.95894 596395352.41531 549910984.90867 567669693.62272 463109273.0298 440661347.18958 440136219.49061 348578851.67664 398524559.10772 246963625.85646 285520382.11707 463332752.3524 531810573.69635 339085358.62857 315383492.05467 579622836.89395 616585894.69329 1046597178.99334 1113492806.60721 1305868773.9210901 1365760854.27871 1430000743.13689 1395226317.0875 1235899576.58336 1178181817.2400799 1131967673.39542 1125212304.39128 1145867385.94847 1058016778.36376 923790355.778 637303127.8267 
718372629.66267 705345181.50405 627723432.55785 632840745.9814 620461546.80945 487490334.61162 441464419.94052005 384584934.03096 355768640.33689 355321749.6865 298387708.82495 241548898.7011 258859102.76902 234094685.78409 198305341.54141003 225810167.54547 0 180851361.85321 222321353.50323 412017008.27511 485290716.81684005 313423240.15696 351202597.76468 396075620.91539 330481777.36104 244946926.98497 235913573.93119 233518054.15891 439639907.02384 585887865.30443 656368828.80658 606817150.96703 669334249.65456 647761583.60146 794212209.80747 820275751.59906 910999004.74674 903988609.77089 901637729.03673 714060387.27814 725598376.43496 737664106.89849 820697455.86189 806310797.33486 768801012.28421 899604742.5557 925474411.64798 906706606.12267 942867036.52239 987315068.57403 1045855706.95654 1081857828.1521 1190570278.12392 1202694265.84758 1193406593.49631 1269050695.94379 1308167769.85621 1348840285.75499 1429508309.5177002 1479308473.37711 1428516727.69148 1127787131.99119 1027153274.7117 927851865.1159599 751337508.01451 718260911.08877 743855496.96482 625577640.19338 599554773.38284 638785707.5683401 561513854.32145 619033037.88787 472773793.40193 503259961.78148 686798487.33237 744525857.16956 438083301.89466 405879543.02361 479652522.47122 443788479.8005 887444631.90927 981210152.06586 1223347376.39035 1288841523.3311 1354260522.88917 1328434844.03051 1171562194.13771 1108112332.64173 1116997292.64705 1126224994.14519 1172052289.02511 1102215335.63013 959789318.85227 683685860.20905 
574385348.10932 576428503.34878 486849169.12289 490793737.61981 465541157.68487 353124403.62492 302187342.93788 227900888.26171 211270192.15821 230127037.87776 192672595.92371 173601179.46412 212631037.30287 228550880.16314 257130917.5045 308835615.74788 180851361.85321 0 103982651.76669 250497964.12947 314930680.51902 145517085.18882 190728317.38362 294084725.28108 224331326.2202 131796786.08315 178169397.94922 200146577.27789 371537447.96096 513587370.4902 590838877.94103 528668399.3225 550329896.33763 493513371.18721 633766823.9473901 649452597.80917 738636993.33607 730022608.05131 725226190.30867 536997950.25122 545280352.97439 557691401.64961 640401350.3894401 634523772.97435 597145272.78608 742546152.72264 777015431.25573 764833810.97725 802523386.4797 858326528.81957 907297314.18306 943471173.77707 1043788572.05635 1070029887.47138 1066886559.71428 1148626854.76536 1173510081.64714 1210205688.44428 1288329089.13095 1343627876.3301702 1302901750.72123 1029619956.08196 948778905.26855 821019214.62362 673425495.51049 655773179.54907 688257283.66316 563706740.52272 536476557.3859 617515620.58135 568788709.49503 639684271.7181 534413221.57205 589351868.97441 754117830.53079 729853864.77756 346292915.54458 328826165.64462 300522987.33731 308425675.798 739559083.95757 816946034.07128 1044658358.38135 1109573660.26528 1174933711.76326 1148195303.05964 991024070.73721 927839095.97991 939544152.82224 953826274.2611599 1004576120.2643201 942172545.21648 798171526.42334 533848822.45508 
497329865.54463 489589112.89126 407167538.30095 413701964.39564 398200827.85814 268022900.91133 219143066.43729 164401706.28031 133447286.83366 138275718.15489 90339372.51698 104548448.68783 117579743.14516 148528564.14179 205411358.82368 259441138.58758003 222321353.50323 103982651.76669 0 213874273.4595 276194698.14902997 217820374.3551 257841308.37097 349466995.31921 320716239.40047 231868713.11002 282137858.04101 304129229.04458 471218127.7401 610502396.1868501 688178230.57941 623746718.74389 629914361.91266 549398070.29805 673590540.53148 679754634.15967 764629341.84615 752733320.1232 741865975.546 561088013.6893901 529611874.38438 539226145.92758 623866325.89717 590038234.81172 552633704.94547 677310886.35599 703857325.33866 686653262.35511 723360470.80404 772516695.57909 827144232.33462 863263279.10827 969595821.35565 986603235.74377 980176174.44798 1059295216.40776 1091350426.93037 1130482829.3946 1210099188.28521 1262282171.18582 1216134931.40653 932353738.63124 847267072.06307 725828734.36506 571178443.20059 552126382.73559 584336862.31307 459848175.93837 432620969.85225 515652357.77805 473346592.89346004 546701100.88385 457591332.85805 521807733.14573 674513179.63576 628812663.75127 243904583.28517 224995005.79998 349619308.94739 386551191.22081 796595311.46353 855330533.38448 1050871803.39433 1112982124.28525 1177643742.44769 1146070958.26478 986740484.21533 926361370.2732 907173480.57117 911080009.06604 951836301.57042 880068760.75805 738207840.07236 461691582.09623 
380254903.93318 407375440.78469 305717144.57196 312446347.26751 260165329.96159 212279513.35637 167133866.16114 98202407.02482 134107661.71866 179002855.46487 212342652.63313 263220200.85086 296176683.02523 344276862.28959 415166684.51816 468097399.34539 412017008.27511 250497964.12947 213874273.4595 0 91618859.08888 104980878.94065 195810996.55593 294329611.41497 318758053.64936 276095089.54784 346386359.61879 377177500.80041 459333746.06804 567892942.9087 644072996.46491 572464285.16636 523491095.4707 395071503.63576996 494778840.39446 483261246.24324 562835043.45973 548572536.10454 533891746.43644 351587405.96679 317062939.83624 327709339.03293 411896441.12946 401178499.0891 367496853.40466 523482201.05077 568408848.5170801 565502422.74916 604208331.88169 674156840.8584499 708796471.42022 744432763.70129 832900182.54001 876006355.19051 880912625.54667 968789113.63373 975511736.89181 1007037634.88319 1080670344.44346 1142532877.54355 1114265175.14825 882079046.80429 831615306.45864 669760029.1084 575538342.85177 582036521.82716 620991329.94623 502711496.26376 478023980.04611 605662429.99089 600196751.03124 678594470.91348 633615269.27605 708494314.63692 838690908.79207 719500434.8918 290274769.55326 305116343.31824 135745035.48789 306650981.25852 632475930.23898 664013218.10209 837771374.5757 899311089.9931 963967515.13717 932250733.95535 772920259.9059 712502751.01344 705289299.7051699 717399651.78291 773074899.80412 717585916.42261 573283076.30761 332539556.20821 
290148792.6294 323057115.04718 220326023.67239 220827488.17863 169239238.60349 156199750.40823 130012714.02313 111792991.86872 152616236.01155 186343903.77686 238677437.74569 301060717.98469 325690101.81268 377847983.01838 457082032.81316 507245217.11302 485290716.81684005 314930680.51902 276194698.14902997 91618859.08888 0 171867476.65988 284534430.88274 379377376.13769 409169179.30251 367392905.10535 437617010.41127 468280953.86567 547016812.88152 648434468.42906 723113901.05942 651016859.40847 586899743.1487 440462892.8811 512669197.88644004 489090712.71911 559233125.82954 541519485.85012 519933967.60852 351654323.30225 270672604.73836 277038920.99265 361274161.47125 321276514.87025 283812684.03908 433332034.42341995 476789989.4282 474884787.02777 513523196.98151 584038039.30322 617316870.28059 653490729.8746 741620853.02043 784673677.56693 790278563.75498 878762710.00982 883951521.00193 915428980.89129 989490192.03191 1050914127.86206 1023174460.44553 798329769.60804 761207401.6282 586583695.36894 510544218.3081 525535922.45224 565654386.60004 454186016.71034 431774941.89387 571599013.9718 583063560.3724 661439714.52793 641701131.80834 722190020.80416 835113869.37858 682346696.14446 263652534.67981 291673784.01497996 186780408.3072 386208640.82922 663802077.06753 671587635.14207 805985697.438 862710378.23516 926154669.80277 889151249.43703 729961830.90957 673145123.2299 636072068.02374 641434396.38571 689645439.7453 629329016.83176 484925103.6237 253338146.6179 
431711146.892 440308658.08592 346230256.43161 349625832.37951 320493761.93032 220034692.34343 166128490.2621 85583165.93459 127396684.98628 122627279.24197 127481001.83812 165006298.04955 201990090.21379 245960258.88275 312322568.73522 365791273.52279 313423240.15696 145517085.18882 217820374.3551 104980878.94065 171867476.65988 0 198049891.49958 300531374.93349 297381586.54804 228080777.86484 294183183.05195 322415556.88088 448712916.45079 575428328.5956 653568264.32959 584719995.5041 568047394.56434 462219670.63028 576030300.47628 576579816.8821 659817000.0193701 646783262.1189 637603300.55875 449343569.98832 421595569.23305 432690217.97358 516202182.23822 493089884.16915 455588132.22294 597034350.26528 632443005.12935 621919771.62074 659938869.08478 719572271.35703 764930991.18996 801057466.8558 899188650.35173 929107909.98624 928248230.92379 1012104256.3386 1031717013.46465 1067315649.3178401 1144112976.23734 1201228025.68723 1163889194.49393 904586485.02621 837608641.36888 693380430.15398 567277900.1194 561266926.59599 597802679.59988 474004150.05071 447449418.22757 556623392.21117 533939994.2591 610904439.50592 546100325.28516 616613160.27652 757528735.75284 671585802.09308 250144305.43633 250229024.28811 240725914.42854 327692047.5051 707171170.6138 754608317.54924 941904198.17247 1003858661.48061 1068866902.9901999 1036800377.75166 877894423.7237 817363468.20354 804791918.40901 812822075.3916199 860912428.45251 796801737.84328 652920763.77567 389647076.64857 
574683208.60574 603018857.40657 501525177.85086 502896695.49186 453610593.56649 399047038.19488 347951670.12185 265080519.44827 279762533.26494 320559445.84748 318123001.5942 333223772.38531 374465786.63559 404660476.11724 445691638.39267 498352015.07076 351202597.76468 190728317.38362 257841308.37097 195810996.55593 284534430.88274 198049891.49958 0 103356407.89746 126583780.49961 212666256.9389 183949708.94091 214315365.00173 263522749.51211 379804671.73812 457529502.63927 387713247.94194 372819084.56531 303162479.48053 443873471.55137 469715749.92978 561040941.02042 555315616.12937 556298065.09974 371445361.98464 427229576.11241 442859587.57995 516986395.44566 559873056.59702 525175313.82171 704463928.18755 755978528.68047 757384458.23563 795826742.6049 868568817.71845 899688668.14817 934933859.98502 1016963610.88044 1067684675.67415 1074517369.37197 1163281657.92058 1165358000.55731 1194536925.94854 1265717244.5006 1330530933.01517 1306682589.4791 1077228196.38356 1021816881.97048 865571025.66433 758585518.39672 756892120.07537 793974225.34956 671074330.10574 644737418.49693 753724138.41436 724682399.10502 800018817.81501 714427397.48889 774909981.4789 932170923.37446 868620302.73551 447787466.16697 448278915.78769 262397044.32845998 130923085.32475 548859369.32723 631223302.0960901 881825111.63246 949120284.54452 1014529164.76048 993824413.00827 840747157.75468 775159726.36862 830724985.60861 857893255.61277 930806383.87839 889668647.82501 746560501.96584 525926062.37263 
668249298.55087 701159385.31994 598908678.34243 599821559.03091 546710996.79041 501505707.18126 450798918.61613 368436927.34573 382924937.54101 423158629.95294 417213379.52636 431888064.70148 466835907.56643 496969440.63664997 522179651.154 572808629.2567201 396075620.91539 294084725.28108 349466995.31921 294329611.41497 379377376.13769 300531374.93349 103356407.89746 0 80453394.75823 173045545.28117 177763591.81521 200057344.87009 168454784.06751 276523694.98932 354173094.74181 284440152.35872 284418701.51222 259025837.86317 413267215.11409 456306119.2294 548591753.85589 547722262.02401 556953681.72681 384911597.94664 486858983.50335 495911419.15546 561549615.41938 629810668.96714 598095247.4151499 785522176.09476 841712872.0738 846492002.8774 885141745.16793 961434187.38795 987878503.34627 1022698275.39921 1098491103.42579 1156090971.53224 1165588974.2377 1255650793.4493 1251756383.98773 1278541448.43923 1347300687.39627 1414721993.13192 1395801851.66272 1176277540.22419 1123929577.85692 963983336.58397 861750531.36705 860218103.51642 897227906.59152 774165342.63177 747752853.09002 854368680.95741 821097297.32062 895276798.8166 799851676.44879 855085730.31016 1019202241.03353 969314447.48605 550611014.57973 549342344.6613 227008350.13745 105434086.78635 491950012.47237 598100648.02922 883851794.52296 952629198.85762 1017394519.91593 1003104919.19779 855900859.69907 789081731.29907 877177197.20514 912784760.6953499 994653739.6404 963081822.98507 823853462.6844699 618452532.88125 
698955861.26971 723520712.92405 624475198.2213199 629480475.99147 578408417.906 512462564.4186 459431293.28127 375662847.31117 383552192.88285 416875117.70621 399372011.35356 395244694.06396 435497602.10009 452628035.36411 471916714.71966 519748827.42364 330481777.36104 224331326.2202 320716239.40047 318758053.64936 409169179.30251 297381586.54804 126583780.49961 80453394.75823 0 94011190.83998 151005547.45845 119756273.03801 152478618.1485 289786156.78638 367516439.51377 304352480.94374 341866561.62937 338303381.17325 493275965.70038 536759513.98763 628987633.27975 627901152.61987 636423639.1661 461547500.30272 542995858.61692 559833152.9254 629818001.11638 684690645.05346 650100700.77294 831009352.19843 882374947.53604 882768038.32968 921521048.2574 992792962.78569 1025613735.84377 1060959235.89896 1143547391.38005 1193362743.81442 1199429295.72961 1287541891.93975 1291561554.90771 1321028447.15173 1392300954.74394 1456993232.33851 1432343639.7480402 1195605483.04768 1133192229.33847 983361553.37394 864615782.68229 856672322.90363 891983412.44511 767501924.96745 740537237.93745 836368597.17852 792217724.61274 863810446.9189 755350056.29496 804832126.10189 975353942.06273 949152110.70401 544186722.02534 536014365.43863 278277677.47534 126637815.45216 566085521.74425 677522111.2211599 963219523.88039 1032177159.33291 1097047122.50861 1081928986.47856 933581166.54466 866916221.75216 945188655.06569 976596210.66473 1053608532.16542 1015256633.19849 872492289.45768 650805079.74818 
652546894.4057 667060954.6891 569600531.57631 572293984.07213 533634328.28113 448029120.38284 394158831.03609 312069707.9327 310179886.01591 340266889.48149 315169652.47682 304685430.26454 344243566.9042 359230114.52035 378263738.20768 427349848.43631 244946926.98497 131796786.08315 231868713.11002 276095089.54784 367392905.10535 228080777.86484 212666256.9389 173045545.28117 94011190.83998 0 70305447.08915 101274394.93222 246489808.98848 381969537.80012 459823092.00389004 397545286.40034 435877752.46935 404163677.08132 553758664.50368 586770819.41888 678815050.84245 674488559.9633 677389906.62381 496660458.38333 545297634.67217 560966687.3971801 637092835.37245 667095586.28155 631107839.02103 799315244.00115 844024008.67878 839155734.77961 877706672.96944 942821880.67739 982646808.54109 1018502163.06829 1108962698.30432 1148934737.69581 1151087593.33933 1236684200.72324 1249703918.11445 1282354862.14207 1356601281.22822 1417571642.65785 1385858455.13905 1132667262.8910499 1061893942.39858 921417988.24767 789629805.52521 777251510.13372 811308073.08343 686528698.67649 659370665.206 747521070.88807 700580798.94284 771373879.90208 661344951.70222 711401123.43183 881348454.60466 860455646.18788 464349872.13759 452680979.10189 278339908.98264 198983738.6169 642498542.81027 740408481.42939 1003620605.06178 1071244366.33837 1136605862.50741 1116606970.31738 963794632.05779 898144503.34332 949040133.52212 972771954.58817 1039930695.54036 991285739.50621 847039796.83837 605451323.96327 
