46
n47 n32 n11 n9 n12 n7 n27 n10 n44 n6 n42 n43 n31 n41 n18 n21 n15 n5 n4 n1 n29 n13 n68 n75 n3 n40 n16 n20 n24 n76 n33 n45 n28 n17 n2 n50 n37 n22 n26 n14 n46 n8 n36 n77 n34 n0
0 1693.87785 2572.74372 2851.82007 2323.95559 3114.91544 3301.14802 3948.18058 4337.63779 3795.79829 4899.84157 4919.80837 5445.08796 4652.47128 4238.80801 3263.09095 3103.56505 3741.17402 6339.06633 6933.74613 8244.53926 9119.62898 9366.19256 8100.72907 7880.64679 8268.54473 8973.89826 9268.14275 9734.40858 9112.69013 8801.31638 8652.6298 9375.25744 9591.47218 10122.96826 6016.33731 5998.83308 6131.038 5967.64885 5372.09784 4812.42361 2938.81242 4662.06518 5917.76662 7061.23835 983.57043 
1693.87785 0 882.49402 1166.01244 907.08935 1729.68159 1776.48328 2545.21187 2950.01483 2755.47227 4306.58708 4605.68067 5263.73142 4660.89773 3877.39605 3811.4078 3819.29962 4356.81789 6001.55913 6226.88763 7591.22074 8413.312 8369.08146 6956.36598 6464.11668 6835.11491 7514.13202 7862.45788 8278.65418 7500.59439 7145.20182 6987.80647 7690.1955 7897.91777 8435.5471 4332.92707 4309.6225 4465.93182 4317.43875 3701.39911 3195.37004 1631.95341 3573.1688 4313.74032 5588.43779 1993.22608 
2572.74372 882.49402 0 286.56207 930.30147 1427.91036 1271.79735 2090.88779 2476.22609 2611.56406 4337.98966 4778.56853 5477.338 4993.09146 4067.39178 4409.0364 4473.91838 4955.19807 6107.90778 6114.76621 7481.00589 8258.26589 8034.67045 6543.7679 5856.46566 6209.81283 6861.8347 7249.29404 7624.11895 6719.88458 6322.43363 6155.90046 6832.69134 7024.24337 7574.17599 3482.83988 3427.45401 3589.46498 3448.45664 2823.38525 2353.92799 1252.56197 3127.46778 3472.22947 4945.62792 2826.1138 
2851.82007 1166.01244 286.56207 0 1134.76432 1483.81218 1253.38206 2053.21918 2419.97818 2674.78591 4432.59714 4911.63638 5618.22433 5168.70503 4210.40402 4650.99802 4727.6024 5195.72531 6214.83947 6153.31747 7515.29819 8275.71242 7991.04394 6476.04048 5714.83777 6059.81523 6699.00352 7101.86937 7458.95466 6500.05282 6081.91613 5910.61535 6572.21866 6752.63715 7311.01731 3230.21752 3147.01397 3303.11996 3162.02088 2537.26034 2073.26588 1196.37176 2980.25712 3190.39776 4792.39774 3111.01869 
2323.95559 907.08935 930.30147 1134.76432 0 837.42607 977.51159 1671.63728 2074.55933 1864.14435 3493.87543 3879.94873 4569.41353 4064.49386 3160.92632 3529.78559 3626.6979 4072.05319 5236.84904 5360.90501 6728.37978 7537.58127 7462.79835 6051.52584 5614.51294 5993.37155 6685.81255 7010.99717 7449.32634 6792.37275 6508.22696 6371.12718 7137.85861 7414.72268 7892.73438 3795.95276 3953.93658 4220.77876 4121.77065 3459.99978 3128.67787 2144.30529 4053.23709 4224.14467 4763.58996 2250.16662 
3114.91544 1729.68159 1427.91036 1483.81218 837.42607 0 402.40617 839.15946 1239.32405 1191.45888 2955.05495 3477.25037 4193.82019 3837.71875 2802.6381 3680.7917 3856.27862 4194.83961 4743.17808 4687.01427 6053.09998 6832.97535 6669.00876 5230.7802 4784.64031 5166.57068 5864.77972 6179.57908 6627.10751 6051.09794 5825.62608 5706.58033 6522.31272 6856.85627 7280.15218 3247.04439 3579.55686 3943.59443 3896.09486 3222.42036 3081.83816 2665.44188 4442.94428 4095.02837 3947.57639 2886.27378 
3301.14802 1776.48328 1271.79735 1253.38206 977.51159 402.40617 0 819.9293 1212.20671 1479.88092 3265.41097 3828.70487 4548.33866 4222.95893 3170.10155 4078.72153 4247.65367 4595.0507 5058.0259 4909.17385 6267.90787 7022.93482 6762.90908 5277.34318 4688.19359 5058.63906 5739.56906 6086.54466 6504.02015 5815.53557 5545.30175 5415.01865 6205.66365 6516.52509 6962.71547 2896.85023 3188.44408 3543.48523 3493.93664 2820.18887 2690.26431 2449.45182 4145.20686 3694.15866 3814.05078 3172.94028 
3948.18058 2545.21187 2090.88779 2053.21918 1671.63728 839.15946 819.9293 0 404.82217 1003.80854 2705.34132 3373.33238 4090.11432 3914.57686 2796.99315 4114.61836 4346.19657 4587.55359 4477.66964 4174.34632 5519.11996 6249.58199 5945.02401 4458.37075 3945.51362 4327.57646 5027.27191 5340.74762 5789.09199 5274.52606 5107.22017 5007.37644 5867.28543 6258.27542 6623.30211 2726.7489 3249.40043 3704.73497 3714.81768 3064.92619 3133.52293 3241.76553 4843.11442 4006.69539 3113.28364 3658.98124 
4337.63779 2950.01483 2476.22609 2419.97818 2074.55933 1239.32405 1212.20671 404.82217 0 1078.44135 2597.86592 3322.31664 4026.31095 3941.2502 2809.6634 4305.59386 4560.71345 4754.40067 4328.79724 3905.02966 5231.25321 5936.14713 5571.10371 4067.59717 3547.57865 3932.22788 4636.39663 4941.15399 5396.79878 4946.32204 4824.52447 4739.04541 5625.75674 6051.7258 6377.90741 2608.4934 3232.75304 3728.08416 3767.33121 3142.80806 3305.49468 3596.85631 5130.3324 4099.76581 2730.01546 4011.97676 
3795.79829 2755.47227 2611.56406 2674.78591 1864.14435 1191.45888 1479.88092 1003.80854 1078.44135 0 1786.17121 2391.42707 3111.90888 2911.18467 1793.91646 3245.21908 3516.83661 3681.55105 3578.77066 3510.72243 4878.78028 5676.72036 5639.90528 4308.34753 4227.62272 4629.02113 5357.34209 5574.29786 6097.00002 5893.93012 5843.30624 5773.0769 6678.98802 7122.13168 7427.18142 3678.20032 4248.23477 4708.523 4716.91612 4063.40897 4085.3936 3855.61607 5619.80707 4998.55625 3538.61256 3270.69214 
4899.84157 4306.58708 4337.98966 4432.59714 3493.87543 2955.05495 3265.41097 2705.34132 2597.86592 1786.17121 0 816.35102 1454.93878 1670.52559 828.94323 2929.10426 3299.27729 3132.37801 1792.64827 2036.90028 3351.23627 4220.25812 4627.35074 3701.38546 4398.40997 4784.48194 5492.95921 5520.14221 6137.97557 6519.32507 6697.39517 6690.00578 7658.82048 8209.56671 8367.86715 5093.45739 5809.1034 6320.77088 6365.10891 5737.85641 5837.73843 5590.53626 7397.42785 6691.74698 4051.41709 4104.13219 
4919.80837 4605.68067 4778.56853 4911.63638 3879.94873 3477.25037 3828.70487 3373.33238 3322.31664 2391.42707 816.35102 0 721.09686 906.80039 728.39535 2439.84931 2819.21922 2527.06454 1426.46759 2285.74258 3431.55081 4329.19128 5020.85254 4300.30763 5162.47557 5540.80992 6237.30923 6226.58389 6857.19052 7320.77787 7511.83042 7505.9263 8475.12765 9024.93383 9183.48723 5869.85887 6553.43099 7048.5492 7077.47229 6435.65036 6476.03232 6020.63971 7891.79734 7380.01917 4856.63124 4032.246 
5445.08796 5263.73142 5477.338 5618.22433 4569.41353 4193.82019 4548.33866 4090.11432 4026.31095 3111.90888 1454.93878 721.09686 0 902.74695 1409.95276 2642.20907 3008.28814 2576.83523 983.601 2274.73542 3190.66377 4080.51825 5012.26869 4520.33406 5590.5115 5951.94494 6622.78865 6553.90925 7198.58808 7820.56727 8066.11017 8075.05056 9051.68752 9623.80641 9746.12912 6547.90482 7252.21448 7754.38504 7788.20194 7149.68386 7196.89742 6713.35983 8597.10634 8096.21352 5379.04278 4516.50825 
4652.47128 4660.89773 4993.09146 5168.70503 4064.49386 3837.71875 4222.95893 3914.57686 3941.2502 2911.18467 1670.52559 906.80039 902.74695 0 1132.52344 1739.59133 2105.84212 1700.19449 1886.33065 3081.2532 4083.38928 4976.59125 5833.30687 5194.46742 6058.74371 6440.07485 7140.08669 7133.37364 7763.57052 8187.57375 8344.1155 8326.16081 9286.43647 9812.45844 10005.65463 6540.97865 7156.93267 7619.01601 7621.56794 6961.79838 6912.49178 6192.66048 8117.34106 7882.69255 5718.13734 3698.55016 
4238.80801 3877.39605 4067.39178 4210.40402 3160.92632 2802.6381 3170.10155 2796.99315 2809.6634 1793.91646 828.94323 728.39535 1409.95276 1132.52344 0 2106.62959 2473.80017 2345.07263 2143.07587 2783.74702 4031.42218 4920.52665 5438.31124 4527.0888 5132.23361 5526.14287 6245.1443 6303.66702 6910.81124 7166.27533 7274.31896 7244.77775 8196.06447 8705.95916 8923.24873 5408.4963 6030.70683 6500.5904 6510.82159 5856.24006 5845.29724 5304.25547 7188.16207 6787.07377 4698.90175 3384.05605 
3263.09095 3811.4078 4409.0364 4650.99802 3529.78559 3680.7917 4078.72153 4114.61836 4305.59386 3245.21908 2929.10426 2439.84931 2642.20907 1739.59133 2106.62959 0 379.38783 547.32412 3625.63179 4725.10104 5808.79511 6705.13389 7457.62766 6630.43637 7173.07963 7572.80734 8299.70669 8389.37776 8985.14392 9078.64368 9079.88727 9015.83412 9924.02524 10356.45001 10672.38018 6836.1075 7256.31822 7621.41073 7562.34641 6888.77587 6645.53249 5442.14104 7384.13099 7719.95274 6646.14406 2281.31879 
3103.56505 3819.29962 4473.91838 4727.6024 3626.6979 3856.27862 4247.65367 4346.19657 4560.71345 3516.83661 3299.27729 2819.21922 3008.28814 2105.84212 2473.80017 379.38783 0 646.82872 3991.82625 5104.38434 6182.16927 7077.78704 7836.84496 7000.35916 7510.40338 7911.28807 8639.83327 8740.29814 9331.37035 9381.80635 9359.96913 9288.94703 10186.21869 10601.98473 10937.45167 7053.80995 7435.35891 7779.32363 7708.33488 7036.65914 6754.95705 5449.63256 7378.86007 7843.7121 6962.16028 2138.02942 
3741.17402 4356.81789 4955.19807 5195.72531 4072.05319 4194.83961 4595.0507 4587.55359 4754.40067 3681.55105 3132.37801 2527.06454 2576.83523 1700.19449 2345.07263 547.32412 646.82872 0 3548.09285 4776.27891 5767.01581 6654.46577 7527.2556 6807.49071 7472.76689 7868.38152 8589.15398 8645.73988 9255.46283 9447.70925 9485.55442 9431.23026 10352.41957 10803.66973 11096.46035 7314.06468 7761.74338 8138.36772 8085.07966 7411.16047 7182.27548 5988.0445 7928.9044 8251.54378 6996.10643 2768.30214 
6339.06633 6001.55913 6107.90778 6214.83947 5236.84904 4743.17808 5058.0259 4477.66964 4328.79724 3578.77066 1792.64827 1426.46759 983.601 1886.33065 2143.07587 3625.63179 3991.82625 3548.09285 0 1517.68844 2225.2168 3107.1511 4151.92798 3885.76423 5204.09178 5531.98841 6153.44614 6006.61605 6660.83031 7516.14465 7862.28155 7902.02017 8885.32535 9503.57474 9544.52768 6687.23217 7471.62726 8007.82579 8073.51326 7466.31637 7609.86385 7359.18793 9186.03701 8425.59092 5157.82399 5435.64404 
6933.74613 6226.88763 6114.76621 6153.31747 5360.90501 4687.01427 4909.17385 4174.34632 3905.02966 3510.72243 2036.90028 2285.74258 2274.73542 3081.2532 2783.74702 4725.10104 5104.38434 4776.27891 1517.68844 0 1368.18869 2197.49706 2752.05393 2376.69826 3830.94464 4125.10282 4704.48333 4517.3903 5172.59138 6175.62513 6610.00791 6680.06222 7657.01289 8315.29009 8275.2743 5874.71398 6746.46512 7316.98748 7427.98508 6885.58311 7176.57222 7346.71793 9017.43352 7837.71327 3951.39401 6138.20293 
8244.53926 7591.22074 7481.00589 7515.29819 6728.37978 6053.09998 6267.90787 5519.11996 5231.25321 4878.78028 3351.23627 3431.55081 3190.66377 4083.38928 4031.42218 5808.79511 6182.16927 5767.01581 2225.2168 1368.18869 0 898.48693 2169.86569 2680.5883 4465.91343 4668.5252 5102.98371 4766.97334 5398.19213 6773.55652 7336.70734 7445.91174 8394.65315 9092.89189 8944.98469 7014.89083 7920.1763 8500.8411 8632.19661 8123.35753 8463.45041 8709.94076 10357.97882 9063.30093 4831.80441 7414.69615 
9119.62898 8413.312 8258.26589 8275.71242 7537.58127 6832.97535 7022.93482 6249.58199 5936.14713 5676.72036 4220.25812 4329.19128 4080.51825 4976.59125 4920.52665 6705.13389 7077.78704 6654.46577 3107.1511 2197.49706 898.48693 0 1754.93221 2807.24521 4657.40965 4790.1694 5110.4231 4690.46453 5280.60652 6867.30169 7510.13955 7645.68597 8560.30489 9279.57682 9054.89616 7512.72922 8439.4599 9025.24512 9175.53957 8704.14433 9097.3891 9472.08008 11063.40826 9625.7499 5174.30775 8301.1828 
9366.19256 8369.08146 8034.67045 7991.04394 7462.79835 6669.00876 6762.90908 5945.02401 5571.10371 5639.90528 4627.35074 5020.85254 5012.26869 5833.30687 5438.31124 7457.62766 7836.84496 7527.2556 4151.92798 2752.05393 2169.86569 1754.93221 0 1625.78866 3322.76532 3348.75207 3522.46869 3037.88627 3586.33593 5325.78403 6046.85923 6212.39879 7071.20002 7805.86013 7500.40301 6569.49671 7513.26942 8095.61341 8282.65749 7905.70238 8417.68936 9163.1694 10541.17751 8765.07652 4049.2505 8669.26034 
8100.72907 6956.36598 6543.7679 6476.04048 6051.52584 5230.7802 5277.34318 4458.37075 4067.59717 4308.34753 3701.38546 4300.30763 4520.33406 5194.46742 4527.0888 6630.43637 7000.35916 6807.49071 3885.76423 2376.69826 2680.5883 2807.24521 1625.78866 0 1850.37675 2000.87616 2431.40153 2159.82708 2812.7739 4101.49436 4708.29126 4839.37159 5761.90669 6476.49371 6282.07609 4949.08942 5892.81561 6476.48574 6660.15647 6280.0618 6799.07386 7627.72368 8941.2056 7140.84637 2454.3522 7498.41287 
7880.64679 6464.11668 5856.46566 5714.83777 5614.51294 4784.64031 4688.19359 3945.51362 3547.57865 4227.62272 4398.40997 5162.47557 5590.5115 6058.74371 5132.23361 7173.07963 7510.40338 7472.76689 5204.09178 3830.94464 4465.91343 4657.40965 3322.76532 1850.37675 0 403.51183 1135.48385 1398.35601 1870.04322 2347.79781 2872.46289 2993.02358 3929.91356 4635.39726 4487.87359 3446.47554 4367.55149 4928.85576 5145.355 4883.75511 5517.52923 6749.53551 7753.48828 5645.74931 950.51506 7479.77537 
8268.54473 6835.11491 6209.81283 6059.81523 5993.37155 5166.57068 5058.63906 4327.57646 3932.22788 4629.02113 4784.48194 5540.80992 5951.94494 6440.07485 5526.14287 7572.80734 7911.28807 7868.38152 5531.98841 4125.10282 4668.5252 4790.1694 3348.75207 2000.87616 403.51183 0 731.98469 1043.27504 1471.50074 2105.06734 2723.73075 2873.10428 3770.46823 4493.13717 4281.45204 3651.4821 4550.61846 5097.13634 5324.66255 5106.14217 5766.89369 7072.59921 8013.1571 5828.42539 1268.19708 7877.83022 
8973.89826 7514.13202 6861.8347 6699.00352 6685.81255 5864.77972 5739.56906 5027.27191 4636.39663 5357.34209 5492.95921 6237.30923 6622.78865 7140.08669 6245.1443 8299.70669 8639.83327 8589.15398 6153.44614 4704.48333 5102.98371 5110.4231 3522.46869 2431.40153 1135.48385 731.98469 0 595.97665 764.52368 1810.04738 2588.93185 2787.37694 3573.43049 4313.02023 3977.94429 4093.88614 4944.02824 5459.54472 5702.70934 5556.39974 6255.27716 7674.18155 8507.71275 6207.25111 1925.69702 8600.12484 
9268.14275 7862.45788 7249.29404 7101.86937 7010.99717 6179.57908 6086.54466 5340.74762 4941.15399 5574.29786 5520.14221 6226.58389 6553.90925 7133.37364 6303.66702 8389.37776 8740.29814 8645.73988 6006.61605 4517.3903 4766.97334 4690.46453 3037.88627 2159.82708 1398.35601 1043.27504 595.97665 0 655.20187 2358.11627 3166.53853 3371.93778 4128.21554 4868.43045 4490.21829 4627.23039 5497.24844 6023.04737 6261.98842 6089.39523 6771.48795 8114.95649 9022.4187 6766.92621 2311.34349 8840.73937 
9734.40858 8278.65418 7624.11895 7458.95466 7449.32634 6627.10751 6504.02015 5789.09199 5396.79878 6097.00002 6137.97557 6857.19052 7198.58808 7763.57052 6910.81124 8985.14392 9331.37035 9255.46283 6660.83031 5172.59138 5398.19213 5280.60652 3586.33593 2812.7739 1870.04322 1471.50074 764.52368 655.20187 0 2054.39537 2920.12928 3151.08843 3793.67839 4526.70293 4066.45021 4784.37813 5601.65562 6095.043 6346.08685 6241.67175 6957.61089 8423.09793 9207.99531 6848.1755 2690.21722 9349.15438 
9112.69013 7500.59439 6719.88458 6500.05282 6792.37275 6051.09794 5815.53557 5274.52606 4946.32204 5893.93012 6519.32507 7320.77787 7820.56727 8187.57375 7166.27533 9078.64368 9381.80635 9447.70925 7516.14465 6175.62513 6773.55652 6867.30169 5325.78403 4101.49436 2347.79781 2105.06734 1810.04738 2358.11627 2054.39537 0 878.78827 1124.50911 1770.14562 2510.32885 2187.66264 3393.31205 4017.25979 4415.88843 4683.34925 4740.60894 5511.46825 7268.97025 7698.95907 5163.28182 2470.42626 8929.01003 
8801.31638 7145.20182 6322.43363 6081.91613 6508.22696 5825.62608 5545.30175 5107.22017 4824.52447 5843.30624 6697.39517 7511.83042 8066.11017 8344.1155 7274.31896 9079.88727 9359.96913 9485.55442 7862.28155 6610.00791 7336.70734 7510.13955 6046.85923 4708.29126 2872.46289 2723.73075 2588.93185 3166.53853 2920.12928 878.78827 0 255.61559 1058.00431 1769.69235 1683.79502 2871.13679 3349.76406 3685.30969 3956.00355 4097.04558 4877.9753 6743.87444 7005.92584 4416.7197 2705.74627 8709.42342 
8652.6298 6987.80647 6155.90046 5910.61535 6371.12718 5706.58033 5415.01865 5007.37644 4739.04541 5773.0769 6690.00578 7505.9263 8075.05056 8326.16081 7244.77775 9015.83412 9288.94703 9431.23026 7902.02017 6680.06222 7445.91174 7645.68597 6212.39879 4839.37159 2993.02358 2873.10428 2787.37694 3371.93778 3151.08843 1124.50911 255.61559 0 983.30717 1647.40569 1679.507 2687.1651 3124.37462 3445.00203 3715.89282 3875.01335 4656.49983 6544.61308 6769.51699 4172.37019 2746.85439 8585.11113 
9375.25744 7690.1955 6832.69134 6572.21866 7137.85861 6522.31272 6205.66365 5867.28543 5625.75674 6678.98802 7658.82048 8475.12765 9051.68752 9286.43647 8196.06447 9924.02524 10186.21869 10352.41957 8885.32535 7657.01289 8394.65315 8560.30489 7071.20002 5761.90669 3929.91356 3770.46823 3573.43049 4128.21554 3793.67839 1770.14562 1058.00431 983.30717 0 740.24846 757.87597 3358.9509 3571.32073 3753.41061 4017.05578 4320.78409 5088.58918 7080.66019 7052.50017 4411.43278 3729.7575 9376.23215 
9591.47218 7897.91777 7024.24337 6752.63715 7414.72268 6856.85627 6516.52509 6258.27542 6051.7258 7122.13168 8209.56671 9024.93383 9623.80641 9812.45844 8705.95916 10356.45001 10601.98473 10803.66973 9503.57474 8315.29009 9092.89189 9279.57682 7805.86013 6476.49371 4635.39726 4493.13717 4313.02023 4868.43045 4526.70293 2510.32885 1769.69235 1647.40569 740.24846 0 809.51922 3622.14444 3644.32082 3710.77682 3957.69115 4363.22106 5098.66238 7143.50962 6911.44357 4290.5189 4368.40105 9664.431 
10122.96826 8435.5471 7574.17599 7311.01731 7892.73438 7280.15218 6962.71547 6623.30211 6377.90741 7427.18142 8367.86715 9183.48723 9746.12912 10005.65463 8923.24873 10672.38018 10937.45167 11096.46035 9544.52768 8275.2743 8944.98469 9054.89616 7500.40301 6282.07609 4487.87359 4281.45204 3977.94429 4490.21829 4066.45021 2187.66264 1683.79502 1679.507 757.87597 809.51922 0 4108.21417 4271.02588 4404.89637 4661.54024 5011.95547 5768.81505 7785.30102 7659.7842 5024.72016 4389.28396 10132.60506 
6016.33731 4332.92707 3482.83988 3230.21752 3795.95276 3247.04439 2896.85023 2726.7489 2608.4934 3678.20032 5093.45739 5869.85887 6547.90482 6540.97865 5408.4963 6836.1075 7053.80995 7314.06468 6687.23217 5874.71398 7014.89083 7512.72922 6569.49671 4949.08942 3446.47554 3651.4821 4093.88614 4627.23039 4784.37813 3393.31205 2871.13679 2687.1651 3358.9509 3622.14444 4108.21417 0 943.80603 1527.98252 1716.09004 1462.86634 2177.71883 3885.33574 4424.35583 2208.22 2554.46547 6044.17199 
5998.83308 4309.6225 3427.45401 3147.01397 3953.93658 3579.55686 3188.44408 3249.40043 3232.75304 4248.23477 5809.1034 6553.43099 7252.21448 7156.93267 6030.70683 7256.31822 7435.35891 7761.74338 7471.62726 6746.46512 7920.1763 8439.4599 7513.26942 5892.81561 4367.55149 4550.61846 4944.02824 5497.24844 5601.65562 4017.25979 3349.76406 3124.37462 3571.32073 3644.32082 4271.02588 943.80603 0 586.76879 778.09668 755.38968 1535.3608 3514.27515 3681.92975 1278.82316 3491.779 6178.71548 
6131.038 4465.93182 3589.46498 3303.11996 4220.77876 3943.59443 3543.48523 3704.73497 3728.08416 4708.523 6320.77088 7048.5492 7754.38504 7619.01601 6500.5904 7621.41073 7779.32363 8138.36772 8007.82579 7316.98748 8500.8411 9025.24512 8095.61341 6476.48574 4928.85576 5097.13634 5459.54472 6023.04737 6095.043 4415.88843 3685.30969 3445.00203 3753.41061 3710.77682 4404.89637 1527.98252 586.76879 0 270.93926 767.57216 1401.294 3467.33273 3329.30721 755.01233 4066.41872 6397.74 
5967.64885 4317.43875 3448.45664 3162.02088 4121.77065 3896.09486 3493.93664 3714.81768 3767.33121 4716.91612 6365.10891 7077.47229 7788.20194 7621.56794 6510.82159 7562.34641 7708.33488 8085.07966 8073.51326 7427.98508 8632.19661 9175.53957 8282.65749 6660.15647 5145.355 5324.66255 5702.70934 6261.98842 6346.08685 4683.34925 3956.00355 3715.89282 4017.05578 3957.69115 4661.54024 1716.09004 778.09668 270.93926 0 673.97499 1187.84951 3253.29107 3058.82363 504.95113 4268.5381 6269.02886 
5372.09784 3701.39911 2823.38525 2537.26034 3459.99978 3222.42036 2820.18887 3064.92619 3142.80806 4063.40897 5737.85641 6435.65036 7149.68386 6961.79838 5856.24006 6888.77587 7036.65914 7411.16047 7466.31637 6885.58311 8123.35753 8704.14433 7905.70238 6280.0618 4883.75511 5106.14217 5556.39974 6089.39523 6241.67175 4740.60894 4097.04558 3875.01335 4320.78409 4363.22106 5011.95547 1462.86634 755.38968 767.57216 673.97499 0 781.52426 2780.46367 2978.52283 960.54 3965.5619 5630.21931 
4812.42361 3195.37004 2353.92799 2073.26588 3128.67787 3081.83816 2690.26431 3133.52293 3305.49468 4085.3936 5837.73843 6476.03232 7196.89742 6912.49178 5845.29724 6645.53249 6754.95705 7182.27548 7609.86385 7176.57222 8463.45041 9097.3891 8417.68936 6799.07386 5517.52923 5766.89369 6255.27716 6771.48795 6957.61089 5511.46825 4877.9753 4656.49983 5088.58918 5098.66238 5768.81505 2177.71883 1535.3608 1401.294 1187.84951 781.52426 0 2067.40718 2252.44535 1119.26826 4579.37158 5176.16726 
2938.81242 1631.95341 1252.56197 1196.37176 2144.30529 2665.44188 2449.45182 3241.76553 3596.85631 3855.61607 5590.53626 6020.63971 6713.35983 6192.66048 5304.25547 5442.14104 5449.63256 5988.0445 7359.18793 7346.71793 8709.94076 9472.08008 9163.1694 7627.72368 6749.53551 7072.59921 7674.18155 8114.95649 8423.09793 7268.97025 6743.87444 6544.61308 7080.66019 7143.50962 7785.30102 3885.33574 3514.27515 3467.33273 3253.29107 2780.46367 2067.40718 0 1948.18559 3093.05801 5807.77931 3531.05948 
4662.06518 3573.1688 3127.46778 2980.25712 4053.23709 4442.94428 4145.20686 4843.11442 5130.3324 5619.80707 7397.42785 7891.79734 8597.10634 8117.34106 7188.16207 7384.13099 7378.86007 7928.9044 9186.03701 9017.43352 10357.97882 11063.40826 10541.17751 8941.2056 7753.48828 8013.1571 8507.71275 9022.4187 9207.99531 7698.95907 7005.92584 6769.51699 7052.50017 6911.44357 7659.7842 4424.35583 3681.92975 3329.30721 3058.82363 2978.52283 2252.44535 1948.18559 0 2641.16144 6808.97589 5389.82632 
5917.76662 4313.74032 3472.22947 3190.39776 4224.14467 4095.02837 3694.15866 4006.69539 4099.76581 4998.55625 6691.74698 7380.01917 8096.21352 7882.69255 6787.07377 7719.95274 7843.7121 8251.54378 8425.59092 7837.71327 9063.30093 9625.7499 8765.07652 7140.84637 5645.74931 5828.42539 6207.25111 6766.92621 6848.1755 5163.28182 4416.7197 4172.37019 4411.43278 4290.5189 5024.72016 2208.22 1278.82316 755.01233 504.95113 960.54 1119.26826 3093.05801 2641.16144 0 4762.6729 6295.40529 
7061.23835 5588.43779 4945.62792 4792.39774 4763.58996 3947.57639 3814.05078 3113.28364 2730.01546 3538.61256 4051.41709 4856.63124 5379.04278 5718.13734 4698.90175 6646.14406 6962.16028 6996.10643 5157.82399 3951.39401 4831.80441 5174.30775 4049.2505 2454.3522 950.51506 1268.19708 1925.69702 2311.34349 2690.21722 2470.42626 2705.74627 2746.85439 3729.7575 4368.40105 4389.28396 2554.46547 3491.779 4066.41872 4268.5381 3965.5619 4579.37158 5807.77931 6808.97589 4762.6729 0 6727.10153 
983.57043 1993.22608 2826.1138 3111.01869 2250.16662 2886.27378 3172.94028 3658.98124 4011.97676 3270.69214 4104.13219 4032.246 4516.50825 3698.55016 3384.05605 2281.31879 2138.02942 2768.30214 5435.64404 6138.20293 7414.69615 8301.1828 8669.26034 7498.41287 7479.77537 7877.83022 8600.12484 8840.73937 9349.15438 8929.01003 8709.42342 8585.11113 9376.23215 9664.431 10132.60506 6044.17199 6178.71548 6397.74 6269.02886 5630.21931 5176.16726 3531.05948 5389.82632 6295.40529 6727.10153 0 
