95
n85 n68 n61 n31 n66 n59 n32 n87 n2 n81 n8 n36 n25 n94 n13 n43 n76 n35 n97 n17 n96 n99 n39 n78 n83 n54 n57 n86 n75 n6 n88 n33 n12 n77 n56 n34 n49 n40 n55 n65 n93 n46 n74 n20 n44 n10 n16 n51 n69 n42 n71 n95 n64 n30 n89 n19 n90 n98 n63 n84 n1 n27 n14 n82 n24 n9 n3 n79 n52 n80 n91 n72 n26 n70 n47 n29 n37 n41 n73 n58 n15 n7 n4 n53 n5 n18 n22 n92 n28 n60 n45 n48 n178 n67 n0
0 6864.1528 9565.65325 10338.14789 14806.4786 14666.5406 14717.43676 18995.82779 22075.85097 21886.7065 17995.56154 21506.50366 26999.58089 29680.28134 23253.81032 29245.40272 33164.64861 32217.68636 34768.75362 31432.73068 26935.45323 20243.71851 15880.00729 15219.52036 9877.31908 22744.12548 23199.51016 27888.71585 33222.45627 27535.08149 26078.39781 21230.90198 19081.47412 21005.40664 14208.97465 24102.04691 31749.47175 38828.91254 38675.3306 36072.66821 33727.45531 28431.76173 34544.26223 45753.04585 48967.05694 47995.08448 41265.05116 40097.81813 46376.94278 52675.79444 55985.56436 56726.77537 56342.26712 60886.10838 65199.78716 73244.25262 64477.8036 59406.11846 56824.5888 56257.41407 51485.53351 62809.45191 66263.42821 67273.47934 61781.09791 65637.4527 69975.99838 71240.1473 70107.45424 52952.37643 36290.92741 35735.63082 49069.77624 50066.31621 49426.82851 44573.27106 57081.98478 73776.08834 79006.26042 77017.82061 77910.3752 74797.97993 42037.99996 40147.81036 37892.34397 44694.44534 14193.52339 28412.91332 25839.05927 36109.23128 36323.29436 36364.19866 50380.76802 55622.39147 6499.80067 
6864.1528 0 3605.29118 4010.22163 8261.29668 7817.46344 12698.32352 16653.14337 19503.59574 18633.09966 17568.19804 21239.10001 27375.3514 29967.72579 25492.42507 33231.0248 38156.06281 37879.65595 40764.57782 37681.07402 33203.57921 26360.90303 21769.5708 20617.85906 14788.00299 29596.75333 29504.10653 34042.18868 39471.02418 32752.10816 28726.91592 22523.69915 18706.42904 18435.23755 12177.50805 19206.37449 25064.327 31989.09286 32098.10827 30050.67613 27762.43977 22103.25102 29823.64536 41794.69301 45027.49061 43195.34654 39137.70635 38392.14894 44739.30561 53073.598029999994 56507.64064 56735.4327 57492.27028 62570.99281 66843.47152 75023.73831 67098.12798 62188.73825 61053.55758 60808.75331 56430.26656 67002.20123 70938.59328 72813.93198 67841.90076 71958.64935 76330.01648 77544.20355 76313.40817 59277.34688 43030.54101 42586.08706 55931.66708 56927.58464 56181.93562 51062.60108 63926.66687 80627.96804 85779.45312 83752.2848 84609.70261 81534.81349 45243.08111 43311.19562 41048.49453 46096.7688 17761.13702 29243.6287 24898.44097 35310.28827 36831.36902 39270.2229 52579.52378 48833.1662 12308.89525 
9565.65325 3605.29118 0 5304.83817 8071.47296 5878.65362 10039.1044 13657.97057 16354.51264 15295.43919 15335.72911 18933.03736 25194.58682 27702.69108 24243.03265 32787.10763 38305.40612 38546.27802 41703.78886 38897.6697 34479.6005 27572.65303 22879.23872 21393.08033 15542.72878 31870.78295 32672.06392 37289.72445 42678.43047 36258.23346 32281.75513 25945.24409 21847.9679 20860.92673 15065.5657 20261.03147 23792.36204 29565.63539 29116.23609 26666.82222 24351.42532 18885.77016 26218.52493 38226.82867 41458.77358 39592.08198 35932.71588 35311.89037 41648.92083 50654.06729 54122.69998 54149.93414 55365.87657 60662.96312 64900.95725 73118.89307 65628.78825 60823.19097 60529.96936 60497.90447 56414.283 66431.57291 70674.85316 73203.96487 68727.70141 73123.94905 77527.29552 78678.33865 77336.09298 60478.21234 44906.66619 45107.74493 58219.67691 59351.3822 58948.07746 54124.50071 66074.49306 82802.42252 87658.95677 85540.24003 86322.31838 83330.33311 44207.62633 42269.52887 40024.73808 44147.07449 21364.598 32530.6704 27776.67671 38122.51665 40001.17257 42828.46291 56035.61343 46198.98595 15575.5574 
10338.14789 4010.22163 5304.83817 0 4470.95787 5578.23301 15343.94135 18889.27156 21483.68211 20244.54245 20604.23725 24220.56751 30467.63194 32991.58787 29150.17941 37162.58547 42163.63589 41869.16372 44709.99902 41562.62692 37075.20041 30265.65669 25710.49373 24611.45372 18792.46221 32976.92291 31811.70379 36150.48432 41633.00331 34079.16758 28425.08314 21630.05259 17050.19943 15584.64175 10097.47296 15341.54521 21420.96589 29174.95375 30027.33359 28869.38318 26692.07413 20629.29471 29999.14189 42404.57143 45619.631 43122.677 40942.93631 40431.46797 46751.99129 55958.85306 59426.90646 59445.34849 60641.69768 65887.51729 70136.29614 78345.1598 70684.85257 65826.29033 64983.01465 64777.62751 60431.61582 70922.78175 74916.25751 76819.1442 71783.88519 75828.01834 80187.62294 81420.65988 80220.99308 63142.60267 46625.35154 45696.46221 59218.30245 60094.85289 58985.86099 53451.68217 67310.13347 83974.28566 89322.96978 87350.31006 88248.12068 85129.95681 49013.758 47078.11784 44820.31144 49377.9489 18469.87779 27867.46125 22675.40747 32953.52271 35133.99774 38927.80001 51671.06671 46166.82839 14741.19993 
14806.4786 8261.29668 8071.47296 4470.95787 0 4032.78062 17452.20028 20360.45778 22557.19076 20945.69385 22969.9295 26430.14601 32723.09184 35121.94839 32275.13358 40824.99627 46153.27602 46079.87479 49016.38497 45940.10508 41460.15049 34622.10802 30026.39032 28820.03498 22962.80229 37436.07269 35893.68638 40107.54569 45600.76652 37555.49422 30642.83154 23431.73989 18204.20464 15127.04082 11342.37421 12487.13795 16950.38553 25085.02453 26537.7952 26249.58524 24227.28688 17904.18408 28789.9979 41491.84874 44656.39772 41463.89087 41425.88454 41204.936 47434.69705 57731.03153 61232.93397 60958.31861 62781.26786 68271.76033 72472.16002 80710.19561 73520.58865 68765.92832 68590.84467 68522.9586 64347.06278 74497.65937 78691.49473 80941.82557 76093.5865 80216.18448 84584.52647 85803.28369 84574.42792 67533.57676 51095.69526 50087.92709 63652.33248 64496.68561 63252.22306 57519.37888 71762.83794 88418.03322 93793.11468 91821.05684 92716.79795 89600.75602 52256.40094 50318.4344 48077.77486 51763.3859 21744.8564 28976.44383 22853.90389 32708.67919 35731.33953 40965.84915 53023.05182 42120.62448 19004.5353 
14666.5406 7817.46344 5878.65362 5578.23301 4032.78062 0 13965.18952 16548.14801 18619.24094 16949.43059 19525.84108 22864.63049 29136.63314 31465.58164 29254.5935 38280.83495 44041.359 44402.70547 47581.41294 44766.29797 40339.84992 33435.97533 28748.5193 27270.21591 21421.38196 37352.24375 37102.02249 41533.00013 46999.32487 39643.14495 33763.73402 26760.41343 21788.05567 19104.34469 14808.94889 16254.72652 17918.4849 24171.64973 24547.78074 23314.9373 21162.66264 15054.23683 25028.46024 37652.86272 40836.29268 37919.26364 37393.92276 37188.16687 43409.10991 53892.16917 57401.08174 57046.15941 59067.35888 64659.63207 68832.95094 77077.37367 70154.30379 65475.55943 65891.99391 65988.82895 62057.8463 71752.11583 76178.76071 78981.92494 74599.09729 79000.61493 83402.59986 84556.26429 83214.09167 66352.07344 50615.06877 50399.96227 63703.9042 64731.12895 63979.3472 58718.64039 71652.84909 88367.44556 93378.89412 91295.9243 92104.00261 89082.87044 49236.23848 47302.28984 45084.26171 48177.00132 24046.12221 32624.54721 26751.96047 36697.67417 39557.07174 44208.38226 56612.10803 41036.62662 19914.78805 
14717.43676 12698.32352 10039.1044 15343.94135 17452.20028 13965.18952 0 4280.10212 7358.45699 7417.55277 5561.0124 8984.34192 15277.68986 17720.97193 15687.50052 25498.18435 32159.95771 33685.27254 37446.31619 35522.76406 31494.84762 24898.6409 20432.77846 18215.74682 13589.76104 32164.73737 36428.37381 41273.43213 46292.35857 41943.88677 40491.60535 34870.29709 31379.72228 30873.2962 24852.79929 29931.46805 30375.71808 32727.75977 29988.87378 25164.45638 22815.56071 19494.12191 20950.0891 31263.89284 34449.17665 34181.88495 26759.81054 25825.62716 32167.66406 40615.15275 44085.37791 44134.22077 45401.31976 50823.14893 55031.48399 63266.01174 56189.24971 51524.03069 52543.06611 52915.34239 49486.57306 58312.80035 63095.98806 66988.01638 63763.85292 68847.61686 73291.51728 74260.39281 72634.94392 56473.24934 43285.84234 45698.33202 57641.97716 59241.53207 60178.6575 56757.10128 64877.28059 81497.15529 85335.90316 82947.61068 83490.89247 80781.12328 35507.8172 33585.81291 31405.80403 34312.06341 28792.01067 41779.53182 37586.64571 47987.15316 49461.51966 50914.50878 64685.09992 47887.71549 21089.19216 
18995.82779 16653.14337 13657.97057 18889.27156 20360.45778 16548.14801 4280.10212 0 3085.08873 3700.07366 5070.48169 7006.27133 12936.20818 15064.04195 15410.45117 25783.70499 32980.83184 35146.86046 39117.15166 37604.77306 33811.96097 27508.8098 23291.45047 20932.51906 16995.64338 35505.17055 40424.07373 45276.79415 50213.54198 46148.21196 44738.65296 39018.30461 35355.27129 34471.96538 28691.92046 32791.62647 31423.20606 32159.70905 28542.70588 22931.46366 20676.68717 18487.1695 17427.66942 27132.51848 30296.37036 30390.30594 22561.33936 21739.44715 28086.83468 37370.65492 40873.53973 40655.01921 42541.01186 48232.91589 52369.14046 60615.37039 54168.17303 49689.93883 51881.49369 52543.0721 49577.46667 57511.84458 62658.03706 67373.50395 64826.5188 70205.58839 74645.19953 75525.76212 73775.00514 58034.63785 45905.10786 48962.55209 60481.03119 62215.05459 63522.3894 60446.44358 67472.68499 83984.81065 87438.78213 84954.45199 85401.20959 82812.94365 34431.26934 32553.91999 30472.76776 31821.44831 33066.06447 45863.62889 41421.26111 51779.46519 53484.18237 55176.73984 68902.50429 46408.85865 25349.68631 
22075.85097 19503.59574 16354.51264 21483.68211 22557.19076 18619.24094 7358.45699 3085.08873 0 2307.95849 6871.65355 7259.20026 12198.93895 13923.1083 16191.88541 26675.91716 34144.45604 36707.8004 40785.81464 39536.79018 35905.69433 29810.94749 25759.86153 23350.54531 19779.45738 38169.21664 43412.38747 48266.35257 53161.38223 49220.83566 47763.29636 41956.31556 38165.35229 37019.25147 31419.91937 34847.5861 32258.49436 31832.55949 27602.55498 21458.98503 19323.18286 18088.33882 14951.13599 24115.06817 27263.31853 27612.47844 19635.16547 18959.78663 25294.53461 35370.99633 38888.93127 38429.67111 40856.23433 46753.41189 50816.45564 59051.34889 53128.72505 48814.56506 51887.22708 52756.90785 50134.7284 57393.67824 62789.68524 68079.19026 66003.98762 71570.22731 75999.01264 76818.7323 74986.39508 59561.19158 48130.30707 51557.9879 62809.54232 64622.32459 66146.78741 63267.75842 69641.90141 86067.91115 89270.89153 86726.52405 87109.55735 84603.71086 34236.86153 32411.86142 30428.49993 30517.73926 36124.97693 48746.15016 44120.18041 54434.64818 56313.5875 58217.45001 71893.77114 45306.80959 28434.77449 
21886.7065 18633.09966 15295.43919 20244.54245 20945.69385 16949.43059 7417.55277 3700.07366 2307.95849 0 8497.74376 9442.37299 14505.4276 16192.87518 18314.48437 28789.52743 36176.17834 38572.73121 42598.52444 41196.00015 37453.88191 31194.45019 26991.32634 24629.59406 20642.30118 39180.80677 43841.65618 48688.22891 53689.08876 49288.62132 47193.5385 41156.70143 37135.97967 35657.32949 30290.72564 33087.55956 30021.34916 29548.68809 25436.68013 19485.48925 17290.95425 15801.52424 13745.28492 23898.83592 27100.53959 26814.16539 20698.88392 20287.43331 26565.49866 37309.29009 40829.74432 40226.3827 42931.34429 48895.67577 52931.97315 61158.4723 55375.68779 51088.31128 54181.16312 55029.25272 52348.508 59696.25655 65073.18354 70263.66744 68044.37372 73537.37707 77971.53706 78816.54365 77015.83651 61452.40595 49581.67336 52650.79075 64174.58657 65914.42273 67203.29499 64042.99641 71140.26054 87632.52631 91002.31815 88493.08032 88912.03256 86359.19217 36540.53328 34712.48003 32721.67304 32723.37288 35724.84457 47821.37917 42919.47703 53164.13222 55285.62239 57697.93475 71194.70316 43204.5779 28342.57966 
17995.56154 17568.19804 15335.72911 20604.23725 22969.9295 19525.84108 5561.0124 5070.48169 6871.65355 8497.74376 0 3676.01225 9863.45556 12411.86594 10542.31469 20790.50583 27917.71263 30105.7711 34107.98631 32718.53517 29041.88763 22953.56509 18984.10305 16551.03052 13494.19291 31540.84444 37556.36594 42395.79558 47099.88689 44007.609 44071.29162 38985.47771 35965.61839 35972.22076 29713.99265 35430.47501 35670.31457 37105.17369 33611.01324 27945.95565 25713.29561 23492.95475 21816.49132 30252.07299 33298.49472 34275.21937 23581.09336 22206.5212 28431.61493 35506.71788 38939.66121 39231.18271 40037.4755 45348.7512 49575.95839 57800.78229 50628.46286 45967.14712 47299.74746 47817.89452 44671.6267 53012.59143 57970.22374 62396.33627 59757.57855 65140.69149 69579.61359 70456.43552 68704.74421 52992.63046 41258.85863 44836.474 55947.76514 57781.26848 59441.28395 56844.13952 62772.68537 79212.70945 82507.911 79995.3891 80416.34357 77861.96621 30083.29428 28172.59815 26022.61204 28831.16576 32152.98882 46056.42101 42378.35822 52804.65003 53864.97373 54301.72909 68375.98665 51479.31766 23866.8959 
21506.50366 21239.10001 18933.03736 24220.56751 26430.14601 22864.63049 8984.34192 7006.27133 7259.20026 9442.37299 3676.01225 0 6293.68853 8771.02676 8950.52543 19430.10525 26964.78875 29773.97433 33934.93291 33006.69809 29659.13309 24070.35523 20552.46666 18086.87337 16035.71357 33317.22676 40168.63245 44974.60431 49503.65929 46982.4778 47549.27439 42588.16251 39631.79345 39631.35078 33389.38005 38913.28227 38406.24383 38923.01439 34857.0289 28666.57691 26562.79094 25183.42221 21409.3884 28429.49012 31349.05839 33084.34861 20598.06697 19011.17348 25128.76536 31834.49802 35271.95786 35559.22041 36437.56083 41841.67775 46047.26242 54282.44993 47379.71037 42815.92358 44923.49203 45663.26998 42906.47857 50526.24018 55746.53578 60828.0392 58799.46249 64441.71351 68862.55715 69653.54693 67789.97759 52544.02782 42030.44095 46340.97162 56851.15528 58832.28282 60941.75793 58830.09932 63360.30423 79618.60023 82495.86343 79891.32509 80213.25636 77789.35903 27428.76918 25556.15672 23490.13962 25334.80633 35602.9019 49680.59015 46053.77244 56480.16788 57504.5554 57711.42957 71857.77623 52561.89776 27203.48151 
26999.58089 27375.3514 25194.58682 30467.63194 32723.09184 29136.63314 15277.68986 12936.20818 12198.93895 14505.4276 9863.45556 6293.68853 0 2681.0684 7661.63872 16731.52178 24576.93517 28354.0602 32658.81163 32546.09323 29868.45502 25358.0125 22772.26208 20420.70224 20043.23702 35405.60011 43639.87129 48330.00321 52484.63846 51098.89017 52798.59919 48221.15119 45551.18726 45803.7174 39468.04396 45206.82891 44279.78317 43891.6171 39203.18739 32467.63271 30579.50136 30187.59127 23909.61036 28118.57028 30679.91063 33832.83678 17858.39894 15684.50495 21168.65555 25793.17529 29183.28916 29731.40039 30174.07065 35548.74617 39753.80185 47988.76296 41233.09217 36768.76955 39870.86154 40933.88799 38806.26474 45285.86698 50854.81032 56892.69144 55844.74986 61867.93154 66231.87494 66879.33168 64845.96183 50484.07108 42196.11622 47720.69982 57053.26117 59274.77362 62165.20684 60954.0308 62957.53513 78802.52336 80958.45765 78211.99656 78367.62843 76172.76291 22136.00967 20356.57856 18476.36497 19045.58217 40833.50855 55378.52652 52065.17366 62487.85907 63257.3367 62752.48525 77062.91507 56524.99178 32249.61225 
29680.28134 29967.72579 27702.69108 32991.58787 35121.94839 31465.58164 17720.97193 15064.04195 13923.1083 16192.87518 12411.86594 8771.02676 2681.0684 0 9538.27867 17433.31872 25231.16541 29373.13969 33688.37056 33890.76946 31472.92051 27339.15831 25016.71456 22716.46568 22628.5705 37527.85342 46059.84637 50716.96141 54779.2615 53631.222 55470.77641 50900.68051 48205.75382 48382.96539 42084.94427 47608.79983 46172.70303 45211.08215 40213.61853 33260.66894 31494.00697 31601.52915 24234.1854 27174.55252 29557.46743 33258.14912 16120.39556 13761.82459 18910.05159 23145.93143 26552.63801 27052.90007 27680.35882 33198.99484 37367.80006 45611.84608 39219.74261 34895.43715 38856.81976 40135.53244 38410.52385 44113.65809 49909.53184 56511.77131 55982.80366 62170.99279 66496.24019 67073.35007 64962.33616 51063.56912 43697.17372 49592.67784 58509.17073 60808.46114 63950.43506 63010.80708 64175.99564 79827.42878 81683.32352 78880.90971 78963.99365 76872.42672 21085.38868 19410.8344 17716.63059 16757.72441 43506.87232 58055.96432 54702.75132 65127.43501 65932.07853 65406.8951 79729.30281 57267.99695 34915.00609 
23253.81032 25492.42507 24243.03265 29150.17941 32275.13358 29254.5935 15687.50052 15410.45117 16191.88541 18314.48437 10542.31469 8950.52543 7661.63872 9538.27867 0 10484.0333 18049.4305 21188.23873 25441.6134 25023.24513 22220.16062 17802.81675 15629.88401 13435.20939 14560.69635 28008.27864 36914.78815 41483.61329 45385.67338 44842.69078 47964.37893 44196.80118 42326.61476 43602.43163 36933.08404 44450.81595 46060.60422 47569.9582 43750.63854 37616.83856 35509.95284 33885.98488 30085.33237 35589.33624 38236.8622 40993.29066 25489.37241 23238.88494 28426.37863 30260.40589 33370.75217 34721.58026 33237.65153 37632.3578 41946.33999 49998.50696 41616.90065 36697.00588 36856.02012 37289.61986 34167.96138 42630.7233 47453.42728 51986.29896 49855.7004 55549.54205 59962.60025 60731.81959 58849.48015 43770.80346 34571.36714 40101.08674 49438.07517 51632.52289 54517.12426 53472.78231 55476.60379 71471.51579 73958.88904 71289.43258 71543.8288 69213.17193 19992.90958 18056.38299 15830.71448 21540.86396 36143.80761 51417.58249 49058.28852 59361.17373 59358.86019 57498.38203 71978.57961 61497.19693 27475.23903 
29245.40272 33231.0248 32787.10763 37162.58547 40824.99627 38280.83495 25498.18435 25783.70499 26675.91716 28789.52743 20790.50583 19430.10525 16731.52178 17433.31872 10484.0333 0 7846.26362 12122.21888 16404.77032 17301.5909 16079.8092 15054.21427 15896.71722 14973.33984 19387.0287 25082.14737 36124.16391 40087.28386 42941.8573 44994.89821 50925.50603 48565.65688 47839.79439 50249.6092 43453.20278 52431.65491 55690.72405 57894.71771 54220.58991 48090.76595 45992.48799 44267.86257 40323.81402 44604.31833 46976.38284 50539.48543 33168.31726 30599.99858 34587.55489 31268.90716 33684.02367 36181.75145 31913.09264 34597.72086 38805.20863 46256.47126 36124.04184 30903.29107 27822.75348 27716.26586 23989.08437 33773.33153 37901.53221 41606.20007 39419.76333 45242.90361 49634.4873 50352.79207 48421.44898 33752.72712 27370.01785 34760.47423 41862.03955 44365.57645 48412.72155 48982.66552 47012.73894 62445.53361 64278.01457 61504.33261 61640.12051 59478.32384 13381.28228 11680.78965 9638.94379 20995.06343 39842.72642 55654.35925 54634.71211 64553.8417 63498.4172 59436.49916 73956.29919 71980.69056 31626.17495 
33164.64861 38156.06281 38305.40612 42163.63589 46153.27602 44041.359 32159.95771 32980.83184 34144.45604 36176.17834 27917.71263 26964.78875 24576.93517 25231.16541 18049.4305 7846.26362 0 5519.57301 9299.8757 11539.42222 12285.21656 14837.62526 17788.17085 17958.1219 23485.17515 22863.66222 34741.04764 38046.28779 39988.10163 43931.85631 51777.35418 50534.51912 50684.74016 53900.94104 47168.88594 57100.88041 61798.56886 64847.7409 61521.11347 55603.16724 53454.94382 51366.6044 48078.11781 52404.11924 54730.0884 58383.31615 40767.33266 38152.48016 41765.73109 36390.75983 38318.07848 41346.41336 35640.1187 36987.38782 40920.09307 47632.43798 36366.56649 31149.99827 24308.30851 23265.3047 18329.4445 30241.55842 33136.26659 34977.63161 31868.2096 37502.98354 41913.56889 42688.88563 40843.24025 25907.22477 21306.41744 29878.85147 35142.27099 37816.98028 42601.28081 44321.70368 39702.10048 54816.49308 56453.56707 53666.14829 53794.06823 51647.01115 15159.9706 14220.0615 13111.74013 25986.01761 41614.40081 57351.78091 57373.76711 66825.07584 64973.93765 59320.60749 73632.42538 79362.88681 34142.96771 
32217.68636 37879.65595 38546.27802 41869.16372 46079.87479 44402.70547 33685.27254 35146.86046 36707.8004 38572.73121 30105.7711 29773.97433 28354.0602 29373.13969 21188.23873 12122.21888 5519.57301 0 4315.43487 6046.29055 7681.74891 12333.98268 16342.11337 17263.02652 23117.83199 18427.72297 30417.82638 33375.59923 34946.53448 39638.0228 48408.09872 47859.41314 48592.4114 52349.79948 45756.09125 56318.6791 62313.5607 66344.11421 63553.5319 58049.32446 55817.93548 53159.73272 51164.53667 56448.64979 58918.00896 62122.12725 45262.01761 42710.27128 46665.36238 41881.70331 43835.41868 46838.86559 41139.43389 42326.89851 46191.8477 52702.44266 41179.33196 36023.31495 27636.47233 25981.8175 20248.44687 33373.38984 35275.47531 35055.96252 30257.26327 35162.90761 39606.97407 40583.69123 39022.1315 22887.8958 15814.81065 24403.44525 29888.22247 32491.02697 37105.87729 38847.58569 34893.7118 50468.43959 52775.60748 50130.69356 50439.55141 48041.48457 20602.69911 19727.0672 18623.01791 31469.66166 38947.74336 54432.78841 55132.66985 64193.56839 61858.90817 55362.42289 69496.90219 81462.57709 32148.25327 
34768.75362 40764.57782 41703.78886 44709.99902 49016.38497 47581.41294 37446.31619 39117.15166 40785.81464 42598.52444 34107.98631 33934.93291 32658.81163 33688.37056 25441.6134 16404.77032 9299.8757 4315.43487 0 4353.29792 8259.1726 14528.44073 18999.51849 20311.4141 26166.23846 18154.05719 29959.32033 32371.70133 33286.89802 39093.57171 48839.34835 48948.81648 50162.13055 54303.4942 47854.57034 58774.38261 65494.4485 69975.80992 67401.36374 62045.99488 59792.05332 56940.37435 55341.9556 60759.74738 63233.22933 66405.86708 49563.1961 47003.60698 50887.65241 45567.85765 47363.58906 50515.20934 44400.63501 45113.71113 48826.52377 54965.82321 43138.16369 38103.8789 28232.34055 26088.64342 19926.5467 33673.35877 34691.20298 32909.04184 27077.43392 31527.25752 35959.74641 37032.98411 35633.22344 19033.17879 12346.7124 21648.23553 25842.56292 28530.02301 33547.65674 35991.97986 30612.02234 46154.93843 48565.10684 45960.84527 46323.88999 43854.71519 23781.50181 23134.11274 22272.59816 35191.77461 40130.96646 55256.39572 56539.1709 65223.48312 62457.70341 55109.95978 68971.25137 85311.70501 33975.32352 
31432.73068 37681.07402 38897.6697 41562.62692 45940.10508 44766.29797 35522.76406 37604.77306 39536.79018 41196.00015 32718.53517 33006.69809 32546.09323 33890.76946 25023.24513 17301.5909 11539.42222 6046.29055 4353.29792 0 4497.36139 11338.52296 16018.44269 17688.9318 23404.96456 13802.99272 25615.84021 28115.9747 29257.56233 34764.23771 44518.77478 44769.63452 46157.57588 50478.9844 44131.17559 55259.35098 62619.66464 67685.05837 65496.33371 60481.78433 58181.01803 54940.37046 54340.11363 60609.8338 63223.42322 65920.63 49973.00593 47504.56268 51811.13646 47788.21944 49812.09214 52745.70651 47177.56303 48344.78669 52180.32675 58580.18049 46918.59644 41812.35852 32475.77114 30408.13943 24273.38184 37976.93342 39040.1667 36898.20197 30410.62662 34279.00041 38659.45921 39863.21117 38676.55127 21603.14104 10073.77921 18357.24509 24663.41742 27090.1312 31258.72195 32801.30701 30458.03288 46611.90972 49852.09093 47427.51333 47976.29578 45265.84221 26648.85199 25759.24127 24594.2996 37371.39012 35999.1324 51000.47383 52457.12275 61010.66514 58154.475 50761.78037 64650.35138 83372.50216 30155.19929 
26935.45323 33203.57921 34479.6005 37075.20041 41460.15049 40339.84992 31494.84762 33811.96097 35905.69433 37453.88191 29041.88763 29659.13309 29868.45502 31472.92051 22220.16062 16079.8092 12285.21656 7681.74891 8259.1726 4497.36139 0 6909.47843 11617.27237 13430.65641 19039.17588 10755.72359 22742.28935 25814.18462 27729.95519 31963.21597 40905.01911 40742.19616 41903.62787 46097.46406 39702.36695 50778.25729 58169.60504 63414.50875 61401.92825 56578.87696 54255.98715 50814.89282 50809.50291 57694.04408 60412.46678 62725.74349 47587.65683 45218.73548 49892.3522 47278.22019 49558.82663 52210.87072 47357.44396 49137.79912 53131.18229 59916.28515 48603.87032 43404.59057 35298.50413 33544.21363 27638.7478 40996.2726 42596.1932 41154.83715 34894.13579 38756.15599 43127.1357 44345.86079 43173.09272 26073.77409 12400.95864 18692.73219 27268.18649 29413.54879 32621.55543 32915.70692 33747.80492 50179.09932 53855.46611 51517.58811 52142.10395 49337.24724 27232.64055 26065.17884 24573.9308 36923.50779 31898.11964 47137.8618 48285.18109 57041.37872 54443.2937 47689.7185 61815.62506 79243.87423 25764.78644 
20243.71851 26360.90303 27572.65303 30265.65669 34622.10802 33435.97533 24898.6409 27508.8098 29810.94749 31194.45019 22953.56509 24070.35523 25358.0125 27339.15831 17802.81675 15054.21427 14837.62526 12333.98268 14528.44073 11338.52296 6909.47843 0 4711.11576 6686.67314 12140.81664 10434.88921 21070.54336 25086.91695 28259.99501 29994.82531 36970.45433 35783.21776 36285.51871 40032.06346 33474.13939 44255.28892 51281.25471 56548.36647 54675.34013 50055.95731 47712.4327 44068.85335 44761.96768 52456.99265 55308.56131 57078.53646 43210.84328 41022.24033 46193.90564 45779.71001 48417.36028 50597.11274 46918.75125 49610.34006 53787.18496 61086.4701 50454.78375 45200.06694 39112.09959 37861.1828 32418.45859 45013.19984 47441.57186 47231.52347 41549.71762 45612.30997 49997.0753 51190.48461 49956.46245 32940.7176 18414.64941 22413.92864 32999.59808 34840.94978 36957.40049 35684.40211 40005.02544 56600.174 60604.00375 58321.60816 58986.89989 56131.89301 28018.37579 26497.05754 24601.63534 35752.51475 26853.90659 42535.81699 42867.73071 52105.78539 50137.273 44828.40694 59269.38867 72477.39599 19815.55667 
15880.00729 21769.5708 22879.23872 25710.49373 30026.39032 28748.5193 20432.77846 23291.45047 25759.86153 26991.32634 18984.10305 20552.46666 22772.26208 25016.71456 15629.88401 15896.71722 17788.17085 16342.11337 18999.51849 16018.44269 11617.27237 4711.11576 0 2465.95052 7431.62639 12788.81108 21410.79328 25891.15476 29769.96715 29746.88052 35035.34849 32998.13403 32902.68747 36206.763 29530.92519 39977.97432 46615.26257 51849.83269 50062.75064 45591.18896 43235.24728 39448.21122 40671.2896 48960.55312 51900.41487 53255.11026 40437.26501 38410.92328 43909.02097 45108.13864 47965.38164 49788.68572 46972.22644 50250.69351 54508.48616 62091.77118 51994.44698 46760.37369 41994.64215 41053.36849 35934.32512 47960.26845 50870.82661 51397.292 46074.80383 50266.62279 54661.05364 55834.71468 54557.58574 37607.10034 22878.00003 25866.88874 37236.93375 38925.10185 40476.8371 38363.71528 44458.26115 61108.49831 65262.71821 63003.62036 63684.06277 60810.51844 29271.33661 27574.15329 25489.39497 35477.31182 24148.64978 39978.13383 39610.43842 49196.86006 47754.44571 43626.48645 58166.78073 67834.29436 16369.06871 
15219.52036 20617.85906 21393.08033 24611.45372 28820.03498 27270.21591 18215.74682 20932.51906 23350.54531 24629.59406 16551.03052 18086.87337 20420.70224 22716.46568 13435.20939 14973.33984 17958.1219 17263.02652 20311.4141 17688.9318 13430.65641 6686.67314 2465.95052 0 5869.69817 15245.61526 23483.36782 28053.63851 32070.04328 31580.88114 36115.9954 33596.30119 33075.07045 35981.36948 29228.52852 39250.1309 45184.95275 50003.33877 48006.16477 43377.35353 41031.0813 37406.21937 38279.22036 46495.06169 49434.54493 50812.90563 38025.00769 36025.83753 41580.26291 43241.81796 46171.71802 47864.15216 45377.46085 48896.41623 53179.33282 60876.42087 51064.11056 45857.59975 41866.3056 41133.62895 36269.0795 47850.53424 51084.36323 52229.47057 47345.21351 51772.8187 56188.55512 57311.13194 55944.54354 39161.46604 25076.42334 28321.35328 39553.40155 41291.30055 42931.77238 40810.28701 46669.8269 63281.41867 67255.09222 64942.5758 65572.42527 62758.92396 28315.29547 26548.01567 24394.87475 33793.65315 24876.41907 40681.55889 39843.46052 49641.28463 48532.83813 45022.94738 59569.8987 65826.91106 16694.36161 
9877.31908 14788.00299 15542.72878 18792.46221 22962.80229 21421.38196 13589.76104 16995.64338 19779.45738 20642.30118 13494.19291 16035.71357 20043.23702 22628.5705 14560.69635 19387.0287 23485.17515 23117.83199 26166.23846 23404.96456 19039.17588 12140.81664 7431.62639 5869.69817 0 18582.17039 24142.47829 28961.70718 33607.67571 31110.96927 33403.97873 29868.74118 28581.22891 30878.27313 24082.77623 33616.3374 39329.1877 44425.07584 42768.31553 38565.52614 36192.94826 32149.97009 34379.59019 43702.62061 46773.86873 47368.99522 36624.07882 34938.61925 40893.86479 44769.91855 47918.69747 49136.26013 47739.50556 51858.65582 56173.82919 64094.93316 54918.43788 49793.70108 46956.69849 46443.28421 41809.21135 52940.23954 56491.0911 58026.69737 53212.35716 57588.18957 61996.1732 63138.04574 61795.83512 44953.79025 30128.44653 32109.12135 44207.33374 45719.50417 46606.38338 43488.55167 51644.65457 68339.50644 72655.98194 70418.76201 71111.00109 68222.8586 32330.17688 30465.08883 28226.37933 36037.31656 21613.85004 37075.0655 35381.43403 45471.11234 45009.95132 43000.94299 57449.50799 60483.53134 12969.61454 
22744.12548 29596.75333 31870.78295 32976.92291 37436.07269 37352.24375 32164.73737 35505.17055 38169.21664 39180.80677 31540.84444 33317.22676 35405.60011 37527.85342 28008.27864 25082.14737 22863.66222 18427.72297 18154.05719 13802.99272 10755.72359 10434.88921 12788.81108 15245.61526 18582.17039 0 11990.42545 15227.31719 17889.47854 21210.30146 30799.89903 31632.0007 33760.80464 38775.89975 32996.45176 44721.62044 54369.69264 61427.37947 60643.14427 56950.83131 54569.78296 50096.58248 52926.08887 61684.78405 64651.12075 65772.42994 53168.86035 51085.42698 56432.57304 56128.50378 58694.38137 60971.743 56976.83753 59269.57941 63357.00084 70359.84447 59228.86633 54006.60393 45985.2925 44101.25875 38043.7571 51617.68976 52843.01475 50085.38654 42440.85517 45002.05955 49122.90326 50584.6449 49898.95104 32629.81089 14145.362 13549.62411 26357.39538 27517.55819 28027.61679 25586.86772 34341.36229 51032.17535 56433.64181 54575.3373 55589.67607 52352.0739 37413.14579 36070.78615 34354.19529 46005.88201 23187.96756 37515.45567 39665.51888 47662.45909 44482.81804 37030.86902 51079.03054 78029.00157 19185.84951 
23199.51016 29504.10653 32672.06392 31811.70379 35893.68638 37102.02249 36428.37381 40424.07373 43412.38747 43841.65618 37556.36594 40168.63245 43639.87129 46059.84637 36914.78815 36124.16391 34741.04764 30417.82638 29959.32033 25615.84021 22742.28935 21070.54336 21410.79328 23483.36782 24142.47829 11990.42545 0 4854.05883 10024.3675 9220.95402 20082.95911 22844.49577 26540.79009 32506.46457 28168.11658 39920.13833 52018.73981 60955.18916 61590.84564 59271.63318 56926.8958 51548.8199 57216.05274 67524.52856 70656.30077 70572.50849 60730.26769 58960.19275 64767.47344 66458.6159 69240.59304 71175.44368 67945.23406 70662.07056 74818.96424 82006.81869 71061.28186 65823.04604 57957.27199 56011.24546 49885.84422 63555.58183 64554.25994 60920.22865 52423.19437 53949.50655 57754.11736 59373.63389 59091.79025 42265.1224 23128.35729 16831.89542 30595.81713 30560.69464 27779.07403 21640.3323 39072.95286 54931.71637 61816.75336 60475.41221 61818.61718 58291.16136 48953.76554 47501.82055 45653.5854 56646.20538 16179.80719 27495.52339 31278.59302 37786.41722 33722.95167 25158.58697 39095.06963 77970.23924 17205.26432 
27888.71585 34042.18868 37289.72445 36150.48432 40107.54569 41533.00013 41273.43213 45276.79415 48266.35257 48688.22891 42395.79558 44974.60431 48330.00321 50716.96141 41483.61329 40087.28386 38046.28779 33375.59923 32371.70133 28115.9747 25814.18462 25086.91695 25891.15476 28053.63851 28961.70718 15227.31719 4854.05883 0 5493.67801 7579.63655 20648.26198 24825.54955 29208.3075 35414.05008 31698.05202 43224.80499 55896.2373 65192.18493 66069.13626 63934.8358 61599.92783 56133.6763 62036.91499 72378.58704 75510.03162 75405.42914 65516.48812 63717.20104 69481.22842 70760.35316 73469.36119 75522.36765 71992.07802 74459.30006 78564.98601 85586.64237 74406.76281 69195.88858 60589.25292 58431.87178 52182.02444 66033.9277 66561.74067 62017.02643 52971.4548 53860.56072 57451.02958 59140.7026 59089.73395 42736.30098 23905.47852 15908.01961 28908.83898 28414.97779 24581.83843 17551.41016 37304.83893 52572.63047 59961.42873 58847.7953 60318.90564 56702.63023 52628.59144 51259.52573 49496.57336 60824.66367 19457.69612 28414.71259 33203.94222 38575.15465 33792.87488 23613.25712 36790.72662 82228.01139 21738.61815 
33222.45627 39471.02418 42678.43047 41633.00331 45600.76652 46999.32487 46292.35857 50213.54198 53161.38223 53689.08876 47099.88689 49503.65929 52484.63846 54779.2615 45385.67338 42941.8573 39988.10163 34946.53448 33286.89802 29257.56233 27729.95519 28259.99501 29769.96715 32070.04328 33607.67571 17889.47854 10024.3675 5493.67801 0 11121.37277 24677.47327 29631.81478 34306.22554 40584.3194 37098.17447 48531.40839 61355.95028 70685.55432 71525.93362 69293.2129 66949.84138 61544.47669 67150.68233 77238.08892 80340.42994 80469.51097 69926.89583 68028.09329 73649.40168 74014.14752 76581.58387 78849.08611 74792.46254 76846.69552 80858.61286 87604.4053 76118.72579 70969.83742 61407.59693 58995.84124 52644.37032 66619.24639 66555.22248 60966.57862 51382.59802 51577.0777 54915.38631 56665.34484 56855.94544 41185.96418 23219.49511 13875.99691 25349.897 24412.99334 19697.71869 12132.98093 33518.54795 48141.61955 55923.22458 55017.13743 56597.11007 52918.77987 54938.95949 53703.61762 52083.11772 63891.46134 24837.56628 32505.07637 37885.66419 42429.00603 37125.25203 25652.51937 37549.10564 87721.04906 27162.13159 
27535.08149 32752.10816 36258.23346 34079.16758 37555.49422 39643.14495 41943.88677 46148.21196 49220.83566 49288.62132 44007.609 46982.4778 51098.89017 53631.222 44842.69078 44994.89821 43931.85631 39638.0228 39093.57171 34764.23771 31963.21597 29994.82531 29746.88052 31580.88114 31110.96927 21210.30146 9220.95402 7579.63655 11121.37277 0 13556.56149 18871.95533 23959.95334 30329.2178 27789.20337 38614.87926 52236.47472 62365.78814 64037.52716 62748.28247 60487.0669 54636.34797 62062.14296 73187.06924 76383.85978 75515.44171 67545.49165 65982.0238 71995.50509 74816.94694 77708.22987 79443.08751 76648.80498 79588.7712 83777.86176 91059.83366 80215.52784 74971.46228 67158.8814 65172.24008 59010.17548 72732.42445 73588.12358 69445.77194 60515.05837 61437.62222 65011.87565 66707.59101 66668.72104 50284.17162 31361.49178 23463.07614 36159.39639 35427.45502 30762.97081 22637.95801 44461.90428 59262.92381 66982.02425 66000.57169 67532.87086 63880.71579 57989.14294 56490.58913 54588.14367 65214.78826 15840.79413 21384.72731 26940.84441 31361.31027 26309.87245 16200.14688 29894.31298 79353.90894 21036.28625 
26078.39781 28726.91592 32281.75513 28425.08314 30642.83154 33763.73402 40491.60535 44738.65296 47763.29636 47193.5385 44071.29162 47549.27439 52798.59919 55470.77641 47964.37893 50925.50603 51777.35418 48408.09872 48839.34835 44518.77478 40905.01911 36970.45433 35035.34849 36115.9954 33403.97873 30799.89903 20082.95911 20648.26198 24677.47327 13556.56149 0 7520.20669 13316.41837 19300.66206 19399.99694 27907.44642 42559.68694 53753.52789 56697.72884 56888.01191 54832.18563 48543.8211 58342.90462 70508.14659 73739.74392 71543.13369 67232.34482 66149.95851 72444.46382 78117.83735 81304.8461 82380.85027 81098.90796 84952.56201 89249.48595 96990.41799 87027.93986 81790.53548 75923.45144 74389.8658 68543.76684 81744.73646 83481.19196 80740.77719 72475.91411 74000.50875 77751.42419 79393.60126 79160.06987 62338.53725 43194.98208 36392.08996 49546.11424 48932.27176 44279.16696 35922.52334 57912.30398 72819.02639 80498.20132 79459.9051 80953.9186 77324.84295 64304.8756 62591.72264 60475.7451 69404.73876 11967.5509 7828.53147 14050.81506 17928.65057 13714.40684 10547.33775 24308.60893 70327.50193 20583.99413 
21230.90198 22523.69915 25945.24409 21630.05259 23431.73989 26760.41343 34870.29709 39018.30461 41956.31556 41156.70143 38985.47771 42588.16251 48221.15119 50900.68051 44196.80118 48565.65688 50534.51912 47859.41314 48948.81648 44769.63452 40742.19616 35783.21776 32998.13403 33596.30119 29868.74118 31632.0007 22844.49577 24825.54955 29631.81478 18871.95533 7520.20669 0 5802.41282 11944.59427 12096.60585 20533.6499 35072.29444 46233.72564 49250.14978 49662.80774 47658.89115 41320.07887 51625.43567 64004.88886 67226.12456 64670.61724 61576.21034 60694.73627 67033.98274 73901.79857 77199.07548 77952.10888 77420.04943 81715.28734 86031.69355 93963.43803 84589.26899 79407.58231 74842.61918 73642.86474 68101.34818 80770.43746 83132.57065 81584.95517 74047.38894 76244.58063 80200.23832 81758.02694 81274.68679 64122.6974 45131.76912 39675.87935 53367.99806 53130.24364 49294.30909 41476.44775 61836.32937 77381.82965 84571.97436 83295.07988 84657.30313 81116.95369 61865.42325 60060.16114 57863.7756 65733.07912 8929.39628 7220.78349 8440.56177 16335.20779 15162.30444 17543.55481 30098.70211 62819.89743 16994.59597 
19081.47412 18706.42904 21847.9679 17050.19943 18204.20464 21788.05567 31379.72228 35355.27129 38165.35229 37135.97967 35965.61839 39631.79345 45551.18726 48205.75382 42326.61476 47839.79439 50684.74016 48592.4114 50162.13055 46157.57588 41903.62787 36285.51871 32902.68747 33075.07045 28581.22891 33760.80464 26540.79009 29208.3075 34306.22554 23959.95334 13316.41837 5802.41282 0 6374.97277 6999.94516 14846.44776 29275.84852 40448.84573 43593.14881 44286.10641 42347.99995 35965.67898 46809.34391 59365.28028 62566.4341 59651.3572 57775.56562 57090.09499 63436.02575 71344.08826 74719.981 75187.11766 75307.75278 79954.48923 84266.21202 92323.01873 83475.34662 78367.47497 74875.36987 73944.76251 68680.85842 80849.16618 83682.99408 83044.28389 76083.01972 78747.80563 82827.57392 84318.23053 83659.68743 66381.17955 47709.39289 43221.11124 57094.77962 57097.63045 53789.90651 46336.78825 65568.34812 81458.63367 88300.46404 86867.12358 88135.06815 84667.92876 60910.03974 59046.23397 56805.94018 63702.13457 10697.00596 10848.05729 6800.86946 17039.82052 18153.57756 23082.58697 34835.13998 57017.48485 16544.05086 
21005.40664 18435.23755 20860.92673 15584.64175 15127.04082 19104.34469 30873.2962 34471.96538 37019.25147 35657.32949 35972.22076 39631.35078 45803.7174 48382.96539 43602.43163 50249.6092 53900.94104 52349.79948 54303.4942 50478.9844 46097.46406 40032.06346 36206.763 35981.36948 30878.27313 38775.89975 32506.46457 35414.05008 40584.3194 30329.2178 19300.66206 11944.59427 6374.97277 0 6796.49258 8607.62387 23369.39249 34902.54967 38628.56991 40113.7885 38353.55171 31946.10577 43796.59854 56552.80515 59695.76676 56136.99428 56318.25212 55925.24605 62221.20454 71449.26153 74899.3238 75005.28949 75926.58894 80954.17859 85237.04272 93398.18136 85173.22046 80172.13931 77785.56302 77114.75096 72136.21298 83772.22631 87035.72174 87195.42141 80721.63654 83727.92948 87886.33868 89324.92174 88539.4193 71225.74982 52879.3091 48997.48118 62917.26956 63044.83789 59976.75094 52648.32694 71373.64593 87424.08412 94067.63495 92543.71073 93752.39525 90334.98081 62932.23344 61024.91093 58761.49555 64505.69643 16370.01017 15050.13245 7922.43513 17594.73863 20906.19016 28406.30468 38852.92459 51185.22065 20332.74461 
14208.97465 12177.50805 15065.5657 10097.47296 11342.37421 14808.94889 24852.79929 28691.92046 31419.91937 30290.72564 29713.99265 33389.38005 39468.04396 42084.94427 36933.08404 43453.20278 47168.88594 45756.09125 47854.57034 44131.17559 39702.36695 33474.13939 29530.92519 29228.52852 24082.77623 32996.45176 28168.11658 31698.05202 37098.17447 27789.20337 19399.99694 12096.60585 6999.94516 6796.49258 0 11878.81128 24452.13533 34837.4513 37349.83504 37566.38849 35566.08166 29223.47317 39817.67158 52365.36484 55566.57636 52709.11038 50973.72226 50377.25252 56714.42617 65216.25625 68637.00318 68910.29316 69491.15916 74397.83649 78691.90863 86826.74574 78455.22893 73434.90907 71002.05447 70359.19002 65433.85143 76988.44512 80304.74349 80696.51357 74481.84072 77725.72924 81942.37329 83335.1237 82451.81203 65144.15643 47141.31504 44069.24884 57984.58402 58353.72494 55940.88425 49227.3265 66376.34135 82688.71125 88946.89294 87284.87007 88406.29593 85066.43895 56160.46149 54256.76609 51994.69391 57996.49414 12263.97607 17847.89568 12737.2639 23135.89133 25036.59334 29638.82355 41803.41224 51713.46445 14037.49953 
