45
38 9 46 19 35 31 42 29 26 12 24 21 22 16 17 7 32 1 40 45 49 11 15 25 44 13 82 39 47 28 2 8 43 10 48 18 36 20 41 30 78 14 52 88 0
0 106382672.73047 196281750.76194 526612696.45011 505694831.87966996 575361894.80087 762253182.18912 725280987.92026 847401387.3508799 855901291.5813301 831343107.2611899 899487233.04048 836802466.51282 886363433.9227899 899617336.99328 897083718.63727 659479225.99083 293095125.45025 517798258.58627 667267320.07816 764974486.53864 741697387.2458501 649824253.37212 674954670.34965 659402957.86749 581535127.10891 452334715.34542 615370832.72792 512816454.51433 384485913.74522996 599853713.02609 610011024.59912 776416297.4052598 688814316.9641199 846515214.78103 809445890.30996 738973488.12018 760573907.21332 666000236.70506 738820774.80491 614585757.98105 240681527.36658 139194174.4064 343608808.67678 213137871.02846 
106382672.73047 0 302664423.49241 553132297.07505 527122772.67272997 569845394.8422301 868635854.91959 831663660.6507299 925448158.69858 962283964.3118 880659768.99354 1005869905.7709501 875033816.5885301 950437648.81929 823892385.91469 907258929.23118 704414694.75618 399477798.18072003 624180931.31674 716654301.46382 666150112.82754 848080059.97632 756206926.1025901 748632463.32429 765785630.59796 687917799.83938 558717388.0758901 721753505.45839 541088611.23782 404447556.32804 694982167.49981 639703869.22446 821860334.66837 769017209.01152 952535659.08242 896815646.3861899 845356160.8506501 803169475.61929 687428177.49812 837496258.73209 656343478.86352 347064200.09705 160622115.19946 365036749.46984 234565811.82152 
196281750.76194 302664423.49241 0 330330945.68817 356340470.09049004 547490659.18427 790491834.00313 765032316.6158 838434815.73049 850118769.0827501 823718677.4842501 893704710.5419 810923365.46015 829880849.1359401 703335586.23134 791460902.10407 659396223.30419 489376876.21219003 455637716.56912 627809162.12905 725516328.58953 545415636.48391 663928761.75944 546322501.56656 653620435.3689101 496376836.35764 446552192.84684 670919169.54322 649794408.3584499 580767664.50717 743635610.88925 788995861.0862 885563809.77368 885096067.7260599 1031247811.98768 921224091.83864 760329989.92142 871090605.12674 862281987.467 916742962.4828 734755193.20475 436963278.12852 335475925.16834 539890559.43872 409419621.7904 
526612696.45011 553132297.07505 330330945.68817 0 26009524.40232 217159713.4961 510452334.94979 434701370.92763 508103870.04232 537764920.49079 540207698.26254 608663309.1659801 494594044.11022 575329991.93429 488478338.93948 580521446.97421 445493835.39538 270207877.30395 303812867.99082 401862338.05466 499569504.51514006 546083324.79566 547652826.33745 488223553.37249 373580936.31557 367549736.51346 166512693.7935 408691959.72483 374100096.41296 459939011.92364997 527993652.67495 567392250.38886 651771272.78314 580200701.02936 727703708.5660601 637019065.14869 483979757.17369 670314396.3183 730264500.64996 662547867.3619399 621632918.2703099 587113140.01751 392510181.87559 563680599.59393 466453878.49765 
505694831.87967 527122772.67272997 356340470.09049004 26009524.40232 0 243169237.89842 536461859.35211 415021380.45284 534113394.44464004 539067843.30451 514198173.86021996 582653784.76366 480410363.94304 549320467.53197 514487863.34180003 586824111.16985 471503359.7977 296217401.70627 329822392.39313996 375852813.65234 473559980.11282 572092849.19798 573662350.73977 514233077.77481 399590460.71789 393559260.91577995 192522218.19582 382682435.32251 393160635.16247 485948536.32597 547054191.4244599 593401774.79118 670831811.53265 606210225.4316801 701694184.16374 644980765.71528 457970232.77137 644304871.91598 756274025.0522801 681608406.11145 647642442.6726301 561103615.61519 366500657.47327 537671075.19161 440444354.09533 
575361894.80087 569845394.8422301 547490659.18427 217159713.4961 243169237.89842 0 329986921.32347 485249391.78241 607369791.21303 644310364.30246 507676717.14382 605612725.76482 460842135.09 541398213.93424 667943476.83884 632639181.80558 662653548.89148 487367590.80005 520972581.48692 619022051.55076 716729218.01124 763243038.29176 764812539.83355 643828798.34481 428259738.86246 439350445.76025 383672407.2896 625851673.22093 566408877.8792801 469618289.16507 542122665.45035 350232536.89276 507121941.72536 594723922.1665 614844420.6811299 421718740.61205 608729273.5559599 473297932.13255 590214479.9002 586460974.0522599 404473204.77421 665225931.86257 552784229.3799701 652000551.13563 478840532.75791 
762253182.18912 868635854.91959 790491834.00313 510452334.94979 536461859.35211 329986921.32347 0 155262470.45894 277382869.88956 314323442.97898996 470259633.20866996 329820228.85357 392535421.2378 316344916.46147 394695368.51684004 302652260.48211 542769601.28161 566158665.37911 622519712.90458 555534221.15606 459017082.81658 798345137.80357 770606596.65734 675771570.93639 551007883.67836 453592526.93718004 343939641.15629 672249527.42736 565519270.85536 709741301.0473001 637888299.75084 680219458.2162299 761242728.6462 710584604.99627 518212234.72363 325086554.65455 404550599.66343 682421330.12416 799337877.89181 730385137.77879 734460126.0976799 798554265.55319 816889746.03127 967129538.38128 808827454.08138 
725280987.92026 831663660.6507299 765032316.6158 434701370.92763 415021380.45284 485249391.78241 155262470.45894 0 122120399.43062 159060972.52005 314997162.74973 174557758.39463 319328349.06945 161082446.00253 263845838.75173998 171802730.71701 407908486.11062 595261220.33257 572218892.58058 400271750.69712 497978917.15760005 651959369.69192 615344126.1984 520509100.47745 510364150.18583 298330056.47824 499202111.61522996 541399997.6622599 720781741.3143001 803887568.64862 641455422.36269 806290795.8250599 827478287.49669 739876307.05555 673474705.18257 480349025.11349 559813070.12237 788114565.10191 764548718.90385 885647608.23773 752050127.94361 903927690.7653 781522037.92611 949279250.73058 855465734.5481701 
847401387.3508799 925448158.69858 838434815.73049 508103870.04232 534113394.44464004 607369791.21303 277382869.88956 122120399.43062 0 37276567.39997 193212757.62965 296678157.82525 441448748.50007004 283202845.43315 385966238.18236 293923130.14763 491908172.31905997 583182930.53637 694339292.0112 522392150.12774 434784954.8564 774079769.12254 737464525.62902 642629499.90807 443409397.84351 420450455.90886 440843143.63588 579211562.3019 628856085.20728 773078115.39922 612708545.00909 728572691.42488 793356119.99371 705754139.55257 588808075.82629 395682395.75721 516015801.42104 838387822.3763 746263386.55046 800985252.7232 745053337.7888 782245039.15218 812839048.77332 1017253683.0437 886782745.39538 
855901291.5813301 962283964.3118 850118769.0827501 537764920.49079 539067843.30451 644310364.30246 314323442.97898996 159060972.52005 37276567.39997 0 155936190.22968 333618730.91468 428067910.92298 320143418.52258 422906811.27178997 330863703.23705995 472684134.61884 617486717.73626 663782765.04201 559332723.21717 472061522.25637 810611858.6786901 774405098.7184501 679570072.9975 480685965.24347997 457071198.02986 403566576.23591 541934994.90193 666132652.6072501 792800951.88607 615365764.25544 691296124.02491 830013641.05155 743030706.95254 569584038.12607 376458358.05699 478739234.02107 842245129.6778 783539953.95043 781761215.02298 745536791.9063599 770461353.72114 835217255.48934 1039631889.75972 874231084.66169 
831343107.2611899 880659768.99354 823718677.48425 540207698.26254 514198173.86021996 507676717.14382005 470259633.20867 314997162.74973 193212757.62965 155936190.22968 0 258495396.73442 272131720.6933 422477106.51304996 528619683.61823 486799893.46674 375381553.72686 632328619.96352 569224628.38314 618284118.38519 544328544.32345 799154987.77632 840778005.68388 748131391.20682 540892542.43541 570381789.5852699 485341447.24007 385998804.67225 554370852.2022699 636864761.65639 467762730.28859 549152254.21019 686000683.05459 608108597.86179 420345895.64382 372167421.2262 322803043.79139 692889580.71376 631924132.7829701 655099225.3834 603392922.09164 736904883.77307 789692200.08239 958638879.7251301 813090022.88266 
899487233.04048 1005869905.7709501 893704710.5419 608663309.16598 582653784.76366 605612725.76482 329820228.85357 174557758.39463 296678157.82525 333618730.91468 258495396.73442 0 144770590.67482 335640204.39716005 270124286.88381 346360489.11164 542096864.63644 664227573.73758 507076807.91829 574829509.09175 600625941.27644 826517128.08655 789901884.59303 695066858.8720801 486715806.02964 472887814.87287 447152517.69506 596616676.97808 738899062.5265901 874046625.7095199 726258127.02301 798155068.94522 895544668.4206901 807942687.97955 678841292.37824 492708320.54436 581298440.52581 853028162.95109 851897653.4248 872899320.00554 852395736.8266699 864552177.63115 932361151.7131 1110156792.28345 917817026.1208401 
836802466.51282 875033816.5885301 810923365.46015 494594044.11022 480410363.94304 460842135.09000003 392535421.2378 319328349.06945 441448748.50007004 428067910.92298 272131720.6933 144770590.67482 0 294011402.51818 414894877.55863 491131079.78646004 397326273.96162 589307660.03278 362306217.24347 533200707.21277 455855350.60162 795183405.58861 804979916.20485 663885056.79306 496158306.77834 437223269.84527 555882323.7109799 456539681.14316 594128471.85177 738350502.04371 632125522.01828 683275511.59835 801493012.8641 731662391.20122 541063409.93862 347937729.86954 534948262.81345 773606837.22033 745557449.42488 770635421.99669 737516179.4798 781963104.34727 812557113.96841 1004371468.4782801 801283418.52394 
886363433.9227899 950437648.81929 829880849.1359401 575329991.93429 549320467.53197 541398213.93424 316344916.46147 161082446.00253 283202845.43315 320143418.52258 422477106.51304996 335640204.39716005 294011402.51818 0 126545262.9046 218588370.93932998 246826040.10809 613361499.3225 411136446.57805 239189304.69459 336896471.15507 559161885.53775 776426572.20093 566604528.40639 380389100.96888 339942741.4586 560890037.90249 588185637.8845799 785414652.03893 828803746.85051 796676953.73897 858444804.9009 984435654.77773 896833674.33659 834557151.1851 641431471.11602 720895516.1249 944356974.24335 925534740.80059 975428274.25875 912660621.58234 856112780.9378 883226805.76978 1086991542.72358 873835991.33416 
899617336.99328 823892385.91469 703335586.23134 488478338.93948 514487863.34180003 667943476.83884 394695368.51684004 263845838.75173998 385966238.18236 422906811.27178997 528619683.61823 270124286.88381 414894877.55863 126545262.9046 0 92043108.03473 332160448.83423 683140369.9407799 537681709.48265 365734567.59919 463441734.05967 685707148.44235 763161217.22723 469412897.54663 253843838.06428 466488004.36319995 460912080.58634996 461640374.97998 824931455.58045 831837759.88996 819302099.67025 918454879.13139 981344141.618 966841758.7342598 831426288.51253 638300608.44345 668750732.45714 944999655.35854 1008293742.98319 975604910.60853 888531835.15526 770696134.24598 795509709.60154 999924343.87192 869453406.2235999 
897083718.63727 907258929.23118 791460902.10407 580521446.97421 586824111.16985 632639181.80558 302652260.48211 171802730.71701 293923130.14763 330863703.23705995 486799893.46673995 346360489.11164 491131079.78646 218588370.93932998 92043108.03473 0 240117340.7995 609279453.21841 629724817.51738 457777675.63391995 555484842.0943999 777750256.47708 787146856.91541 560989337.77684 345420278.29449 470132787.19525003 552488520.81656 369597266.94525 820681585.55127 855531993.70322 813258153.0797 871602496.5451701 999281018.2137 911679037.77256 820864495.2057401 627738815.1366601 683557886.95768 959917295.81892 936351449.62086 1009616471.09568 922203797.13971 857633698.79856 878153025.99355 1073355341.5364 857640947.3625 
659479225.99083 704414694.75618 659396223.30419 445493835.39538 471503359.79770005 662653548.89148 542769601.28161 407908486.11062 491908172.31905997 472684134.61884 375381553.72686 542096864.63644 397326273.96162 246826040.10809 332160448.83423 240117340.7995 0 369162112.41891 408480253.42312 486015344.80268 583722511.26316 699647132.9618 684032858.7596 440885738.97358 584727425.14274 472217121.94576 420261039.15285003 471168687.94415 598264259.28914 615414652.90372 615931555.84821 672707079.9112899 801607175.35277 721093959.5141599 671009662.43617 500003670.99075 687014203.93466 763038405.53327 734989017.73782 848407444.2854201 700215592.61307 632714250.30197 638035685.19405 842232934.30013 636844948.6453 
293095125.45025 399477798.18072003 489376876.21219003 270207877.30395 296217401.70627004 487367590.80005 566158665.37911 595261220.3325701 583182930.53637 617486717.73626 632328619.96352 664227573.73758 589307660.03278 613361499.3225 683140369.94078 609279453.21841 369162112.41891 0 227001442.78931 374172194.62791 471879361.08839 703025096.62396 508746900.66817 381859544.8994 429296531.8765 296931163.85433 222228289.35443 400018625.27963 644307973.71691 583845174.84716 749630132.46238 825989380.06868 907308388.47798 843760449.3046501 827218451.08643 809633508.7021301 682158022.6740199 807834279.53691 873713688.34234 818526763.95144 846618152.42125 369958725.26079 346907626.04368 551322260.31406 420851322.66574 
517798258.58627 624180931.31674 455637716.56912 303812867.99082 329822392.39314 520972581.48692 622519712.90458 572218892.58058 694339292.0112 663782765.0420101 569224628.38314 507076807.91829 362306217.24347 411136446.57805 537681709.48265 629724817.51738 408480253.42312 227001442.78931 0 192590519.97121 290297686.43169 495072850.22879994 542351891.35504 451210979.28146 286906830.31534 330536154.5412 278580071.74829 433623615.96650004 677912964.40378 617450165.53403 809580849.30316 617690720.74557 799847186.18948 884013569.02018 903369627.1820899 710243947.1130099 738509805.0678799 818757385.3827899 935673933.1504399 853919157.9050698 671931388.6270199 596960168.0501 517121703.60363 721536337.87401 591065400.22569 
667267320.07816 716654301.46382 627809162.12905 401862338.05466 375852813.65234 619022051.55076 555534221.15606 400271750.69712 522392150.12774 559332723.21717 618284118.38519 574829509.09175 533200707.21277 239189304.69459 365734567.59919 457777675.63392 486015344.80268 374172194.62791 192590519.97121 0 97707166.46048 437035221.44747007 734942411.32625 555335578.6876199 339766519.20527 523126674.5124099 471170591.71949995 626214135.93771 710426758.68187 701992232.71095 779249291.97352 793899160.21206 952242384.54655 864640404.10541 834903641.82287 658056361.91018 833823046.42371 993402464.26985 994952786.01708 944784948.26093 846576467.51408 691494021.43077 709712223.5748401 907215664.16861 783655920.1969001 
764974486.53864 666150112.82754 725516328.58953 499569504.51514006 473559980.11282 716729218.01124 459017082.81658 497978917.15760005 434784954.8564 472061522.25637 544328544.32345 600625941.27644 455855350.60162 336896471.15507 463441734.05967 555484842.0943999 583722511.26316 471879361.08839 290297686.43169 97707166.46048 0 339328054.98699 832649577.7867299 653042745.1480999 437473685.66574997 620833840.9728899 568877758.1799799 692390974.9305701 808133925.14235 799699399.17143 843887359.55192 891606326.67254 1022829462.33919 938017676.3941901 901921276.7441 736805084.12114 863567682.48001 956103136.89048 897245619.5566 1042492114.7214099 875769229.73606 789201187.89125 807419390.03532 1004922830.62909 881363086.6573801 
741697387.24585 848080059.97632 545415636.48391 546083324.79566 572092849.19798 763243038.29176 798345137.80357 651959369.69192 774079769.12254 810611858.6786901 799154987.77632 826517128.08655 795183405.5886099 559161885.53775 685707148.44235 777750256.47708 699647132.9618 703025096.62396 495072850.22879994 437035221.44746995 339328054.98699 0 541532313.70002 811579631.92853 776801740.65274 767739148.28228 712596018.58916 903454417.25877 908873153.4217701 867535950.4417601 1012637179.09744 1014141531.38413 1191851385.6381602 1126284025.82502 1219500883.42014 1054049471.06103 1030063081.9693501 1202140128.9292 1085223581.16155 1194517989.74787 1068382199.2655799 781420498.71502 780179359.53611 918287613.12481 742360924.10385 
649824253.37212 756206926.1025901 663928761.75944 547652826.33745 573662350.73977 764812539.83355 770606596.65734 615344126.1984 737464525.62902 774405098.7184501 840778005.68388 789901884.59303 804979916.20485 776426572.20093 763161217.22723 787146856.91541 684032858.7595999 508746900.66817 542351891.35504 734942411.32625 832649577.7867299 541532313.70002 0 293748319.6806 509317379.16295 520410106.62838995 554132677.08477 636676095.41086 919891401.48541 848316845.6435499 1023655427.1610799 1025159779.4477699 1199424099.12059 1122751495.99873 1175046999.26618 1010908456.53055 1014062410.4043599 1187235426.85064 1173160560.7663698 1205527993.19584 1079400447.3292198 810331956.27609 734560690.9155099 881381331.4094 753379172.16749 
674954670.34965 748632463.32429 546322501.56656 488223553.37249 514233077.77481 643828798.34481 675771570.93639 520509100.47745 642629499.90807 679570072.9975 748131391.20682 695066858.8720801 663885056.79306 566604528.40639 469412897.54663 560989337.77684 440885738.97358 381859544.8994 451210979.28146005 555335578.6876199 653042745.1480999 811579631.92853 293748319.6806 0 215569059.48235 226661786.94779 412181067.72311 545199133.68531 843396495.53148 800959682.5374 940869754.89764 958239153.10028 1128362663.5611 1047958066.34472 1076897647.14012 919213885.38085 872065558.19154 1096094514.77706 1018044333.60854 1130762376.5722501 999656747.8364899 717570452.3145 682259379.0434 886674013.3137801 756203075.6654601 
659402957.86749 765785630.59796 653620435.3689101 373580936.31557 399590460.71789 428259738.86246 551007883.67836 510364150.18583 443409397.84351 480685965.24347997 540892542.43541 486715806.02964 496158306.77834 380389100.96888 253843838.06428 345420278.29449 584727425.14274 429296531.8765 286906830.31534 339766519.20527 437473685.66575 776801740.65274 509317379.16295004 215569059.48235 0 428015538.96596 207068242.52207 560893951.22443 707838286.3610399 765640971.67875 792686864.18777 778492275.7552199 935381680.58782 919063542.38234 868979245.30435 703644825.8985 666997975.84166 901557670.99501 835066647.84034 941472564.85339 812418328.27274 661682866.91897 692276876.5401099 829105240.4611499 677732750.94785 
581535127.10891 687917799.83938 496376836.35764 367549736.51346 393559260.91578 439350445.76025 453592526.93718004 298330056.47824 420450455.90886 457071198.02986 570381789.5852699 472887814.87287 437223269.84527 339942741.4586 466488004.36319995 470132787.19525003 472217121.94576 296931163.85433 330536154.5412 523126674.51241 620833840.97289 767739148.28228 520410106.62838995 226661786.94779 428015538.96596 0 220947296.44389 497360484.48914003 721717340.28286 681187034.05667 793238383.72647 789582982.6530099 946472387.48561 863275886.50418 866009898.29458 700893705.67162 669498825.46758 912648377.8928 929989253.59623 962868729.0478699 843823650.5344598 666889889.1151199 627655268.92704 832069903.19742 691611804.86967 
452334715.34542 558717388.0758901 446552192.84684 166512693.7935 192522218.19582 383672407.2896 343939641.15629 499202111.61522996 440843143.63588 403566576.23591 485341447.24007 447152517.69506 555882323.7109799 560890037.90249 460912080.58634996 552488520.81656 420261039.15285003 222228289.35443 278580071.74829 471170591.7195 568877758.17998 712596018.58916 554132677.08477 412181067.72311 207068242.52207 220947296.44389 0 353825708.70236 500770043.83896995 599877427.0357399 585618621.6657 606038421.80133 783748276.0553601 733158280.72971 667772445.82967 618239555.0131899 459929733.31959 711316177.3539901 774610264.9786401 741921432.6039801 660279089.68278 454614624.3969 485208634.01803994 681534121.83552 470664508.42578 
615370832.72792 721753505.45839 670919169.54322 408691959.72483003 382682435.32251 625851673.2209301 672249527.42736 541399997.6622599 579211562.3019 541934994.90193 385998804.67225 596616676.97808 456539681.14316 588185637.88458 461640374.97998 369597266.94525 471168687.94415 400018625.27963 433623615.96650004 626214135.93771 692390974.93057 903454417.25877 636676095.41086 545199133.68531 560893951.22443 497360484.48914003 353825708.70236 0 451084318.60602003 550191701.80279 471136886.38249004 585428758.55902 648405575.87314 574777033.54831 558355722.26038 481838069.2094 561619900.16899 609472156.02859 616229017.79724 642578790.03616 608786347.05863 516884566.21711004 678209585.74459 829445026.1716099 752153282.3666501 
512816454.51433 541088611.23782 649794408.3584499 374100096.41296 393160635.16247 566408877.8792801 565519270.85536 720781741.3143001 628856085.20728 666132652.6072501 554370852.20227 738899062.5265901 594128471.85177 785414652.03893 824931455.58045 820681585.55127 598264259.28914 644307973.71691 677912964.40378 710426758.68187 808133925.14235 908873153.42177 919891401.48541 843396495.53148 707838286.3610399 721717340.2828599 500770043.83896995 451084318.60602003 0 144222030.19194 153893556.26199 345783684.81958 520169599.70841 508791682.87542003 422932273.74556 484094410.36119 411891574.33519 438369013.6939 555285561.46155 313002902.36416 291543016.93813 321274659.71641004 389513769.53077 542525633.891 446466632.66184 
384485913.74523 404447556.32804 580767664.50717 459939011.92364997 485948536.32597 469618289.16507 709741301.0473001 803887568.64862 773078115.39922 792800951.88607 636864761.65639 874046625.7095199 738350502.04371 828803746.85051 831837759.88996 855531993.70322 615414652.90372 583845174.84716 617450165.53403 701992232.71095 799699399.17143 867535950.44176 848316845.6435499 800959682.5374 765640971.67875 681187034.05667 599877427.03574 550191701.80279 144222030.19194 0 298115586.45393 385674894.19311 452171633.12462 364569652.68348 567154303.9375 563122802.8150901 510998957.53196 582591043.88584 699507591.6534901 457224932.5561 435765047.13007003 420382042.91318 245291739.33883 436040511.87337005 311321829.53392 
599853713.02609 694982167.49981 743635610.88925 527993652.67495 547054191.42446 542122665.45035 637888299.75084 641455422.36269 612708545.00909 615365764.25544 467762730.28859 726258127.02301 632125522.01828 796676953.73897 819302099.6702499 813258153.0797 615931555.84821 749630132.46238 809580849.30316 779249291.97352 843887359.55192 1012637179.09744 1023655427.16108 940869754.89764 792686864.1877699 793238383.72647 585618621.6657 471136886.38249004 153893556.26199 298115586.45393 0 191890128.55759 366276043.44642 453878023.88756 493574858.15867007 330200854.0992 517211387.04311 284475457.43191004 401392005.19956005 319637229.95419 137649460.67614 475168215.97840005 543407325.79276 696419190.15299 600360188.92383 
610011024.59912 639703869.22446 788995861.0862 567392250.38886 593401774.79118 350232536.89276 680219458.2162299 806290795.8250599 728572691.42488 691296124.02491 549152254.21019 798155068.94522 683275511.59835 858444804.9009 918454879.13139 871602496.5451701 672707079.9112899 825989380.06868 617690720.74557 793899160.21206 891606326.67254 1014141531.38413 1025159779.44777 958239153.1002799 778492275.7552199 789582982.6530099 606038421.80133 585428758.55902 345783684.81958 385674894.19311 191890128.55759 0 182156465.44391 269758445.88505 486052624.14252996 428355915.18656 615366448.13047 201066664.63722 317983212.40487 236228437.1595 54240667.88145 665419808.33464 479081754.025 638860999.3898001 553025450.6470599 
776416297.4052598 821860334.66837 885563809.77368 651771272.78314 670831811.53265 507121941.72536 761242728.6462 827478287.49669 793356119.99371 830013641.05155 686000683.05459 895544668.4206901 801493012.8641 984435654.77773 981344141.618 999281018.2137 801607175.35277 907308388.47798 799847186.18948 952242384.54655 1022829462.33919 1191851385.6381602 1199424099.12059 1128362663.5611 935381680.58782 946472387.48561 783748276.0553601 648405575.87314 520169599.70841 452171633.12462 366276043.44642 182156465.44391 0 87601980.44114 355580968.64295 453555282.99456 640565815.93847 383223130.08113 500139677.84878004 418384902.60341 236397133.32536 537349663.21719 661238219.46891 821017464.8337101 716786405.92177 
688814316.9641199 769017209.01152 885096067.7260599 580200701.02936 606210225.4316801 594723922.1665 710584604.99627 739876307.05555 705754139.55257 743030706.95254 608108597.86179 807942687.97955 731662391.20122 896833674.33659 966841758.73426 911679037.77256 721093959.5141599 843760449.3046501 884013569.02018 864640404.10541 938017676.3941901 1126284025.82502 1122751495.99873 1047958066.34472 919063542.38234 863275886.50418 733158280.72971 574777033.54831 508791682.87542003 364569652.68348 453878023.88756 269758445.88505 87601980.44114 0 267978988.20181 461104668.27089 648115201.2148 470825110.52226996 587741658.28992 505986883.04455 323999113.7665 624951643.65833 609861392.02231 757508514.22547 675891482.2174001 
846515214.78103 952535659.08242 1031247811.98768 727703708.5660601 701694184.16374 614844420.6811299 518212234.72363 673474705.18257 588808075.82629 569584038.12607 420345895.64382 678841292.37824 541063409.93862 834557151.1851 831426288.51253 820864495.20574 671009662.43617 827218451.08643 903369627.18209 834903641.82287 901921276.7441 1219500883.42014 1175046999.26618 1076897647.14012 868979245.30435 866009898.29458 667772445.82967 558355722.26038 422932273.74556 567154303.9375 493574858.15867007 486052624.14253 355580968.64295 267978988.20181 0 193125680.06908 380136213.01299 284985959.50531 367624316.92123 613799725.53913 431811956.26108 744206933.46197 812446043.27633 962357436.85831 869398906.4074 
809445890.3099599 896815646.3861899 921224091.83864 637019065.14869 644980765.71528 421718740.61205 325086554.65455 480349025.11349 395682395.75721 376458358.05699 372167421.2262 492708320.54436 347937729.86954 641431471.11602 638300608.44345 627738815.1366601 500003670.99075 809633508.70213 710243947.1130099 658056361.91018 736805084.12114 1054049471.06103 1010908456.53055 919213885.38085 703644825.8985 700893705.67162 618239555.0131899 481838069.2094 484094410.36119 563122802.81509 330200854.0992 428355915.18656 453555282.99456 461104668.27089 193125680.06908 0 187010532.94391 465786771.62081003 560749996.99031 422697692.12715 458669472.69067 665105663.43916 800175340.4219 940972404.60184 805583084.98797 
738973488.1201801 845356160.8506501 760329989.92142 483979757.17369 457970232.77137 608729273.5559599 404550599.66343 559813070.12237 516015801.42104 478739234.02107 322803043.79139 581298440.52581 534948262.81345 720895516.1249 668750732.45714 683557886.95768 687014203.93466 682158022.6740199 738509805.0678799 833823046.42371 863567682.48001 1030063081.96935 1014062410.4043599 872065558.19154 666997975.84166 669498825.46758 459929733.31959 561619900.16899 411891574.33519 510998957.53196 517211387.04311 615366448.13047 640565815.93847 648115201.2148 380136213.01299 187010532.94391 0 652797304.56472 747760529.9342201 609708225.07106 645680005.63458 684749325.5673801 687570499.2041 756308281.57459 644811901.00934 
760573907.21332 803169475.61929 871090605.12674 670314396.3183 644304871.91598 473297932.13255 682421330.12416 788114565.10191 838387822.3763 842245129.6778 692889580.71376 853028162.95109 773606837.22033 944356974.24335 944999655.35854 959917295.81892 763038405.53327 807834279.53691 818757385.38279 993402464.26985 956103136.89048 1202140128.9292 1187235426.85064 1096094514.77706 901557670.99501 912648377.8928 711316177.3539901 609472156.02859 438369013.69390005 582591043.88584 284475457.43191004 201066664.63722 383223130.08113 470825110.52227 284985959.50531 465786771.62081003 652797304.56472 0 116916547.76765 328813766.03382003 146825996.75577 759643673.4103101 643722610.0663099 737459773.34387 711682037.6539199 
666000236.70506 687428177.49812 862281987.467 730264500.64996 756274025.0522801 590214479.9002 799337877.89181 764548718.90385 746263386.55046 783539953.95043 631924132.7829701 851897653.4248 745557449.42488 925534740.80059 1008293742.98319 936351449.62086 734989017.73782 873713688.34234 935673933.15044 994952786.01708 897245619.5566 1085223581.16155 1173160560.7663698 1018044333.60854 835066647.84034 929989253.59623 774610264.97864 616229017.79724 555285561.46155 699507591.6534901 401392005.19956 317983212.40487 500139677.84878 587741658.28992 367624316.92123 560749996.99031 747760529.93422 116916547.76765 0 445730313.80147 263742544.52341998 721409020.4405799 526806062.29866 620543225.57622 595897735.71017 
738820774.80491 837496258.73209 916742962.4828 662547867.3619399 681608406.11145 586460974.0522599 730385137.77879 885647608.23773 800985252.7232 781761215.02298 655099225.3834 872899320.00554 770635421.99669 975428274.25875 975604910.60853 1009616471.09568 848407444.2854201 818526763.95144 853919157.90507 944784948.26093 1042492114.7214099 1194517989.74787 1205527993.19584 1130762376.5722501 941472564.85339 962868729.04787 741921432.6039801 642578790.03616 313002902.36416 457224932.5561 319637229.95419 236228437.1595 418384902.60341 505986883.04455 613799725.53913 422697692.12715 609708225.07106 328813766.03382003 445730313.80147004 0 181987769.27805 620443576.67917 676874143.53263 770404368.20298 746843810.1761999 
614585757.98105 656343478.86352 734755193.20475 621632918.2703099 647642442.67263 404473204.77421 734460126.09768 752050127.94361 745053337.7888 745536791.9063599 603392922.09164 852395736.8266699 737516179.4798 912660621.58234 888531835.15526 922203797.13971 700215592.61307 846618152.42125 671931388.6270199 846576467.51408 875769229.73606 1068382199.26558 1079400447.32922 999656747.8364899 812418328.27274 843823650.53446 660279089.68278 608786347.05863 291543016.93813 435765047.13007003 137649460.67614 54240667.88145 236397133.32536 323999113.7665 431811956.26108 458669472.69067 645680005.63458 146825996.75577 263742544.52341998 181987769.27805 0 612817676.6545401 499710526.37757 640507590.55751 564856040.89815 
240681527.36658 347064200.09705 436963278.12852 587113140.01751 561103615.61519 665225931.86257 798554265.55319 903927690.7653 782245039.15218 770461353.72114 736904883.77307 864552177.63115 781963104.3472699 856112780.9377999 770696134.24598 857633698.7985599 632714250.30197 369958725.26079 596960168.0501 691494021.4307699 789201187.8912499 781420498.71502 810331956.2760899 717570452.3145 661682866.9189699 666889889.1151199 454614624.39689994 516884566.21711004 321274659.71641004 420382042.91318 475168215.97840005 665419808.33464 537349663.21719 624951643.65833 744206933.4619701 665105663.43916 684749325.56738 759643673.41031 721409020.44058 620443576.67917 612817676.6545401 0 194602958.14192 399017592.4123 268546654.76398003 
139194174.4064 160622115.19946 335475925.16833997 392510181.87559 366500657.47327 552784229.3799701 816889746.03127 781522037.92611 812839048.77332 835217255.48934 789692200.0823901 932361151.7131 812557113.9684099 883226805.76978 795509709.60154 878153025.99355 638035685.19405 346907626.04368 517121703.60363 709712223.5748401 807419390.03532 780179359.53611 734560690.9155099 682259379.0434 692276876.5401099 627655268.92704 485208634.01803994 678209585.74459 389513769.53077 245291739.33883 543407325.79276 479081754.025 661238219.46891 609861392.02231 812446043.27633 800175340.4218999 687570499.2041 643722610.0663099 526806062.29866 676874143.53263 499710526.37757 194602958.14192 0 204414634.27038 73943696.62206 
343608808.67678 365036749.46984 539890559.43872 563680599.59393 537671075.19161 652000551.13563 967129538.38128 949279250.73058 1017253683.0437 1039631889.75972 958638879.7251301 1110156792.28345 1004371468.4782801 1086991542.72358 999924343.87192 1073355341.5364 842232934.30013 551322260.31406 721536337.87401 907215664.16861 1004922830.62909 918287613.12481 881381331.4094 886674013.3137801 829105240.4611499 832069903.19742 681534121.83552 829445026.17161 542525633.891 436040511.87337 696419190.1529901 638860999.3898001 821017464.8337101 757508514.22547 962357436.85831 940972404.60184 756308281.57459 737459773.34387 620543225.57622 770404368.20298 640507590.55751 399017592.4123 204414634.27038 0 222743882.09864 
213137871.02846 234565811.82152 409419621.7904 466453878.49765 440444354.09533 478840532.75791 808827454.08138 855465734.54817 886782745.39538 874231084.66169 813090022.88266 917817026.1208401 801283418.52394 873835991.33416 869453406.2235999 857640947.3625 636844948.6453 420851322.66574 591065400.22569 783655920.1969 881363086.65738 742360924.10385 753379172.16749 756203075.6654601 677732750.94785 691611804.86967 470664508.42578 752153282.36665 446466632.66184 311321829.53392 600360188.92383 553025450.6470599 716786405.92177 675891482.2174001 869398906.4074 805583084.98797 644811901.00934 711682037.6539199 595897735.71017 746843810.1761999 564856040.89815 268546654.76398003 73943696.62206 222743882.09864 0 
