23
wooden stink same floor diligent measure nutty indicate imported thumb glamorous ray desire inherit rake blade route slam complain learning determine ice paint
0 61.0 121.0 69.0 125.0 76.0 133.0 122.0 116.0 64.0 92.0 73.0 82.0 118.0 121.0 63.0 90.0 97.0 88.0 95.0 145.0 71.0 56.0 
61.0 0 68.0 97.0 76.0 122.0 73.0 82.0 98.0 80.0 83.0 81.0 125.0 116.0 82.0 96.0 82.0 125.0 78.0 94.0 88.0 97.0 100.0 
121.0 68.0 0 56.0 96.0 124.0 61.0 119.0 67.0 90.0 65.0 84.0 118.0 124.0 91.0 124.0 133.0 70.0 67.0 123.0 66.0 62.0 77.0 
69.0 97.0 56.0 0 57.0 86.0 117.0 92.0 116.0 59.0 80.0 79.0 68.0 68.0 115.0 90.0 77.0 98.0 87.0 80.0 122.0 68.0 84.0 
125.0 76.0 96.0 57.0 0 57.0 60.0 86.0 61.0 116.0 89.0 85.0 84.0 123.0 131.0 97.0 82.0 119.0 128.0 137.0 130.0 100.0 86.0 
76.0 122.0 124.0 86.0 57.0 0 63.0 85.0 76.0 68.0 129.0 72.0 91.0 128.0 127.0 98.0 77.0 131.0 87.0 131.0 73.0 99.0 128.0 
133.0 73.0 61.0 117.0 60.0 63.0 0 58.0 87.0 131.0 126.0 135.0 127.0 72.0 135.0 78.0 130.0 131.0 68.0 124.0 99.0 123.0 136.0 
122.0 82.0 119.0 92.0 86.0 85.0 58.0 0 59.0 114.0 126.0 97.0 116.0 113.0 88.0 129.0 72.0 88.0 118.0 69.0 78.0 67.0 121.0 
116.0 98.0 67.0 116.0 61.0 76.0 87.0 59.0 0 57.0 82.0 80.0 64.0 80.0 100.0 88.0 79.0 99.0 121.0 128.0 81.0 97.0 74.0 
64.0 80.0 90.0 59.0 116.0 68.0 131.0 114.0 57.0 0 72.0 117.0 92.0 113.0 116.0 116.0 87.0 87.0 123.0 87.0 90.0 127.0 81.0 
92.0 83.0 65.0 80.0 89.0 129.0 126.0 126.0 82.0 72.0 0 57.0 61.0 98.0 128.0 93.0 121.0 116.0 79.0 117.0 63.0 85.0 89.0 
73.0 81.0 84.0 79.0 85.0 72.0 135.0 97.0 80.0 117.0 57.0 0 63.0 122.0 87.0 82.0 64.0 95.0 122.0 71.0 120.0 115.0 86.0 
82.0 125.0 118.0 68.0 84.0 91.0 127.0 116.0 64.0 92.0 61.0 63.0 0 59.0 122.0 71.0 127.0 127.0 91.0 73.0 100.0 119.0 117.0 
118.0 116.0 124.0 68.0 123.0 128.0 72.0 113.0 80.0 113.0 98.0 122.0 59.0 0 63.0 84.0 86.0 68.0 81.0 80.0 79.0 136.0 120.0 
121.0 82.0 91.0 115.0 131.0 127.0 135.0 88.0 100.0 116.0 128.0 87.0 122.0 63.0 0 58.0 78.0 126.0 92.0 90.0 123.0 120.0 76.0 
63.0 96.0 124.0 90.0 97.0 98.0 78.0 129.0 88.0 116.0 93.0 82.0 71.0 84.0 58.0 0 57.0 113.0 127.0 133.0 93.0 62.0 75.0 
90.0 82.0 133.0 77.0 82.0 77.0 130.0 72.0 79.0 87.0 121.0 64.0 127.0 86.0 78.0 57.0 0 66.0 82.0 132.0 124.0 93.0 121.0 
97.0 125.0 70.0 98.0 119.0 131.0 131.0 88.0 99.0 87.0 116.0 95.0 127.0 68.0 126.0 113.0 66.0 0 89.0 98.0 127.0 128.0 71.0 
88.0 78.0 67.0 87.0 128.0 87.0 68.0 118.0 121.0 123.0 79.0 122.0 91.0 81.0 92.0 127.0 82.0 89.0 0 56.0 57.0 73.0 86.0 
95.0 94.0 123.0 80.0 137.0 131.0 124.0 69.0 128.0 87.0 117.0 71.0 73.0 80.0 90.0 133.0 132.0 98.0 56.0 0 64.0 71.0 85.0 
145.0 88.0 66.0 122.0 130.0 73.0 99.0 78.0 81.0 90.0 63.0 120.0 100.0 79.0 123.0 93.0 124.0 127.0 57.0 64.0 0 76.0 127.0 
71.0 97.0 62.0 68.0 100.0 99.0 123.0 67.0 97.0 127.0 85.0 115.0 119.0 136.0 120.0 62.0 93.0 128.0 73.0 71.0 76.0 0 74.0 
56.0 100.0 77.0 84.0 86.0 128.0 136.0 121.0 74.0 81.0 89.0 86.0 117.0 120.0 76.0 75.0 121.0 71.0 86.0 85.0 127.0 74.0 0 
