45
0FB66D B833F0 B7B073 A7E9D9 DBDC9A A5CCB5 94D700 3ADA02 D5356A E09D29 C98FE7 44716B 6D778A AFF8D1 0FBCDC 3B1041 EF4D57 E954F7 84EBFF 500783 800641 D01E6B 784F83 37F745 8D0852 4FBDE1 DD2694 2C101C CB09C0 1276AF 628AB2 D04F40 9B9BDD C0766C 539A92 FD1783 29B2A4 724A76 9B0EC2 19FFAB 825884 D443EB 35F60D 0D7DE7 188645
0 6.84574 13.81897 15.054969999999999 17.14002 14.68185 15.856390000000001 22.74352 26.11044 21.042749999999998 20.09519 16.795070000000003 14.08951 12.6095 10.528469999999999 12.13521 13.869340000000001 12.0741 13.45479 17.26312 21.635369999999998 22.94245 25.779500000000002 26.983780000000003 23.987940000000002 19.0403 21.19155 21.719549999999998 20.91179 17.66036 15.893650000000001 25.31786 13.00677 6.2489799999999995 10.52563 14.348410000000001 15.735240000000001 13.088339999999999 23.25316 18.47134 25.31206 28.104100000000003 19.448259999999998 10.38168 2.20513 
6.84574 0 6.97323 9.83078 13.60716 16.06533 13.696560000000002 20.0744 23.44132 21.22365 17.42607 23.21367 20.508110000000002 18.73562 16.65459 13.3447 11.20022 8.26373 10.78567 17.7509 20.20574 26.49313 29.30897 29.03945 27.928150000000002 24.541059999999998 25.76518 20.49537 17.195240000000002 14.99124 21.69671 20.86909 10.24337 12.667580000000001 16.94423 20.32057 21.7074 19.50694 17.75652 24.52256 20.9427 25.60936 21.15966 5.74765 9.05087 
13.81897 6.97323 0 2.85755 6.633929999999999 9.092099999999999 9.54694 16.95326 20.32018 21.158649999999998 19.11491 24.591120000000004 25.41579 23.40204 21.32101 14.59754 8.78259 7.92498 14.30898 15.228909999999999 16.32088 23.75872 24.21099 26.015690000000003 24.08279 19.32818 21.06164 14.041879999999999 16.85649 10.96422 15.137189999999999 20.530340000000002 17.0447 18.89846 23.13049 22.570639999999997 25.05513 20.6709 15.83325 18.21589 14.18835 19.30269 15.80847 5.4089 16.0241 
15.05497 9.83078 2.85755 0 3.77638 6.2345500000000005 6.6893899999999995 14.09571 17.46263 18.68131 16.25736 26.14914 22.59555 22.874190000000002 21.155969999999996 15.24467 11.64014 7.18937 14.956109999999999 12.37136 13.46333 22.605710000000002 22.31614 24.10518 22.184959999999997 17.20522 19.63617 11.18433 16.12865 8.10667 12.27964 21.17747 17.72054 16.96163 20.69696 19.71309 22.19758 19.935290000000002 12.9757 15.35834 11.3308 16.44514 15.38017 4.67329 17.2601 
17.14002 13.60716 6.633929999999999 3.77638 0 2.45817 2.91301 10.31933 13.686250000000001 15.74402 12.480979999999999 22.37276 18.91573 20.5665 18.93343 19.02105 15.41652 10.96575 12.58941 8.59498 9.989920000000001 19.11417 19.909140000000004 21.43109 18.48566 13.73105 16.0262 13.52948 18.56879 9.131499999999999 13.304469999999998 23.116979999999998 17.93944 14.65394 17.017139999999998 18.03664 18.4212 21.53994 14.00053 17.471980000000002 14.12457 18.55878 11.60379 8.44967 14.93489 
14.68185 16.06533 9.0921 6.2345500000000005 2.45817 0 5.37118 12.7775 16.14442 13.28585 10.02281 20.588350000000002 17.41227 18.904780000000002 16.82375 18.43049 17.87469 13.42392 10.13124 6.1368100000000005 7.531750000000001 16.83089 17.45097 18.972920000000002 16.8562 12.10159 14.398790000000002 11.07131 16.11062 6.67333 10.8463 20.65881 15.48127 12.54426 16.53348 17.55298 15.96303 20.01959 11.542359999999999 15.01381 11.6664 16.10061 9.145620000000001 10.90784 12.47672 
15.856390000000001 13.696560000000002 9.54694 6.6893899999999995 2.91301 5.37118 0 7.40632 10.77324 14.16699 15.393989999999999 19.8785 16.00272 18.875799999999998 16.98166 18.5884 18.32953 13.87876 14.687009999999999 11.50799 12.902930000000001 16.20116 17.52947 19.02403 16.54519 11.991109999999999 14.069980000000001 13.28927 18.328580000000002 12.044509999999999 16.21748 26.029989999999998 20.412770000000002 12.70217 14.10413 15.123629999999999 16.51046 19.54153 16.913539999999998 19.93113 17.03758 21.47179 8.81681 11.36268 17.8479 
22.74352 20.0744 16.95326 14.09571 10.31933 12.7775 7.40632 0 3.36692 8.62036 15.575479999999999 23.2848 20.75715 16.53885 21.28427 20.63055 25.42045 20.03393 17.18164 14.973120000000002 16.36806 13.2415 12.78821 14.35486 14.754180000000002 9.99957 11.73303 10.95232 15.99163 15.212570000000001 17.988509999999998 25.79669 26.23543 20.10849 19.18561 20.20511 16.69415 21.63625 16.18596 14.384500000000001 14.68319 18.48128 6.47986 18.769 24.76542 
26.11044 23.44132 20.32018 17.46263 13.68625 16.14442 10.77324 3.36692 0 11.98728 18.9424 26.42416 24.12407 19.905769999999997 24.65119 23.99747 28.47343 16.66701 20.548560000000002 18.34004 19.73498 16.60842 16.15513 17.72178 18.1211 13.366489999999999 15.09995 14.319239999999999 19.35855 18.57949 21.35543 29.163610000000002 28.087660000000003 23.47541 22.552529999999997 23.572029999999998 20.06107 25.00317 19.552880000000002 17.75142 18.05011 21.8482 9.846779999999999 19.18309 28.13234 
21.042749999999998 21.22365 21.15865 18.68131 15.744019999999999 13.28585 14.16699 8.62036 11.98728 0 6.95512 17.38486 15.77583 8.43325 15.86384 17.470579999999998 24.29077 19.16141 16.05196 13.843440000000001 15.23838 11.84018 11.05234 12.57429 13.624500000000001 8.86989 9.71939 9.82264 13.60276 14.08289 16.70795 24.12291 23.239320000000003 14.79377 16.180799999999998 19.07543 15.56447 20.50657 15.056280000000001 13.22869 13.55351 17.3516 5.35018 21.013959999999997 19.78925 
20.09519 17.42607 19.11491 16.25736 12.480979999999999 10.02281 15.393989999999999 15.575479999999999 18.9424 6.95512 0 10.56554 11.242719999999998 15.388369999999998 13.62379 20.07234 24.44967 22.654429999999998 20.154049999999998 16.15962 17.55456 16.94464 16.124670000000002 17.357380000000003 16.67669 11.92208 11.53672 15.96599 20.557879999999997 16.69614 18.525280000000002 25.940240000000003 23.5871 16.57178 17.326069999999998 18.34557 18.336440000000003 23.278540000000003 21.56517 19.97326 19.785919999999997 17.43574 11.49353 20.93065 22.30032 
16.79507 23.21367 24.59112 26.14914 22.37276 20.58835 19.8785 23.2848 26.42416 17.38486 10.56554 0 5.747539999999999 11.02928 8.12861 15.08491 21.21866 21.57406 15.24358 16.00515 19.340790000000002 18.63569 23.825879999999998 25.086610000000004 20.864630000000002 19.35344 18.89013 21.18168 24.20726 22.91585 17.89879 28.159940000000002 20.930039999999998 10.58036 13.31211 14.359090000000002 15.610660000000001 17.01978 17.67185 20.09232 27.85568 26.54587 18.15427 22.036630000000002 16.34705 
14.08951 20.508110000000002 25.41579 22.59555 18.91573 17.41227 16.00272 20.75715 24.12407 15.77583 11.24272 5.74754 0 7.34258 8.80579 12.377870000000001 18.38196 19.21282 13.23716 12.4192 14.3482 15.76549 19.9501 19.67259 15.43034 15.47766 15.829469999999999 17.3059 21.28005 21.05031 14.023010000000001 24.28416 18.64589 9.20036 9.0797 10.48331 11.73488 16.67698 13.79607 16.216540000000002 23.9799 22.76606 14.27849 20.23868 14.69654 
12.6095 18.73562 23.40204 22.874190000000002 20.5665 18.90478 18.875799999999998 16.53885 19.90577 8.43325 15.388369999999998 11.02928 7.34258 0 7.4305900000000005 9.03733 16.15128 16.67338 15.4833 18.73425 21.15714 18.00924 18.26398 18.65295 18.33331 13.5787 15.312159999999999 14.53145 19.57076 20.8165 18.26536 28.526510000000002 17.16588 6.36052 13.731929999999998 16.56707 17.516370000000002 16.29464 21.0263 21.17331 21.37581 23.91776 10.05899 18.56371 11.356 
10.528469999999999 16.65459 21.32101 21.155970000000003 18.93343 16.82375 16.981659999999998 21.28427 24.65119 15.86384 13.62379 8.12861 8.80579 7.4305900000000005 0 6.956300000000001 14.404549999999999 14.59235 8.05271 11.74539 19.54262 17.45736 21.22626 22.69645 18.4542 18.28164 17.10563 19.66455 20.61658 18.73547 16.18433 26.44548 15.08485 4.27949 11.6509 14.48604 13.20023 14.21361 17.71942 21.93088 23.96938 25.789920000000002 15.19209 16.482680000000002 9.27497 
12.13521 13.3447 14.59754 15.24467 19.02105 18.43049 18.5884 20.63055 23.99747 17.470579999999998 20.07234 15.08491 12.377870000000001 9.03733 6.956300000000001 0 10.004249999999999 13.08746 15.00901 18.70169 21.14936 22.10094 22.86335 24.35791 22.42501 17.6704 19.40386 18.623150000000003 22.00578 20.124670000000002 17.79107 25.6231 16.69159 5.88623 13.257639999999999 16.09278 17.47961 15.82035 19.70665 23.53762 25.46751 27.74135 14.15069 10.57138 10.88171 
13.869340000000001 11.20022 8.78259 11.64014 15.41652 17.87469 18.32953 25.42045 28.47343 24.29077 24.449669999999998 21.21866 18.38196 16.15128 14.404549999999999 10.004249999999999 0 11.80642 16.09322 22.96736 25.10347 25.902350000000002 28.03319 29.74616 26.082610000000003 21.66623 23.912560000000003 20.843400000000003 15.80409 19.746810000000004 22.68708 25.99796 17.15575 10.78224 18.15365 20.5281 21.91493 20.71636 20.37706 26.998480000000004 22.97094 28.085280000000004 22.15027 10.89555 16.07447 
12.074100000000001 8.263729999999999 7.92498 7.18937 10.96575 13.423919999999999 13.87876 20.03393 16.66701 19.16141 22.654429999999998 21.57406 19.21282 16.67338 14.59235 13.08746 11.80642 0 8.72343 15.688659999999999 17.7761 22.31438 24.44522 25.96167 22.49464 21.9129 20.32459 14.96402 9.92471 12.090330000000002 18.95316 19.02026 11.42065 12.109969999999999 16.42797 19.28173 19.594630000000002 17.77808 18.70827 21.53465 18.278550000000003 22.62145 19.269569999999998 2.51608 14.279230000000002 
13.45479 10.78567 14.30898 14.956109999999999 12.58941 10.13124 14.687009999999999 17.18164 20.548560000000002 16.05196 20.154049999999998 15.24358 13.23716 15.4833 8.05271 15.00901 16.093220000000002 8.72343 0 10.68883 12.083770000000001 17.21518 20.158170000000002 21.68012 21.03954 16.63695 18.57552 15.99019 17.56112 12.38917 16.56214 25.11243 12.80134 12.3322 12.63992 13.65942 11.26655 16.20865 17.2582 20.72965 16.218420000000002 21.81645 13.32235 10.28282 15.65992 
17.26312 17.7509 15.228909999999999 12.37136 8.59498 6.1368100000000005 11.50799 14.973119999999998 18.34004 13.84344 16.15962 16.00515 12.4192 18.73425 11.74539 18.70169 22.96736 15.688659999999999 10.68883 0 8.08934 12.290970000000002 14.70943 16.99296 12.758849999999999 12.177109999999999 10.588799999999999 12.9479 17.98721 9.87024 14.04321 24.304360000000003 19.56758 13.83369 10.520610000000001 11.540110000000002 9.82622 14.76832 14.739270000000001 17.12191 12.22399 18.20871 8.67526 13.865079999999999 18.0353 
21.63537 20.20574 16.32088 13.46333 9.989920000000001 7.531750000000001 12.902930000000001 16.36806 19.73498 15.238380000000001 17.554560000000002 19.340790000000002 14.3482 21.15714 19.54262 21.14936 25.10347 17.7761 12.083770000000001 8.08934 0 9.63541 16.21752 16.3571 18.80873 14.054120000000001 16.35132 13.31694 18.356250000000003 10.23928 14.41225 24.6734 22.221410000000002 17.74313 18.48601 19.50551 17.91556 20.3004 15.10831 17.49095 13.618929999999999 18.57775 11.09815 15.26002 19.43024 
22.94245 26.49313 23.75872 22.605710000000002 19.11417 16.83089 16.20116 13.2415 16.60842 11.84018 16.94464 18.63569 15.765489999999998 18.00924 17.45736 22.10094 25.902350000000002 22.31438 17.21518 12.29097 9.63541 0 6.72858 6.86816 10.34449 10.648019999999999 9.87843 12.18693 17.22624 17.93626 15.81669 24.096690000000002 25.137819999999998 19.40175 16.19994 17.219440000000002 9.66512 11.56399 12.328100000000001 17.09574 17.382830000000002 12.13297 7.9502500000000005 24.1468 24.19035 
25.7795 29.30897 24.21099 22.31614 19.90914 17.45097 17.52947 12.78821 16.15513 11.052340000000001 16.124670000000002 23.825879999999998 19.9501 18.26398 21.22626 22.86335 28.03319 24.44522 20.15817 14.70943 16.21752 6.72858 0 2.4142200000000003 5.97504 7.94035 6.2438899999999995 11.18741 16.22672 17.0335 16.87287 20.0147 26.63908 22.615859999999998 19.199260000000002 14.28686 15.42878 18.1461 14.743730000000001 13.1619 14.84355 7.67903 8.71266 25.17859 26.321189999999998 
26.983780000000003 29.03945 26.01569 24.105179999999997 21.431089999999998 18.97292 19.02403 14.354859999999999 17.72178 12.57429 17.35738 25.08661 19.67259 18.65295 22.69645 24.35791 29.746159999999996 25.96167 21.68012 16.99296 16.3571 6.86816 2.4142200000000003 0 4.24225 8.07993 6.63286 13.60163 18.143169999999998 18.67037 18.10558 21.03638 29.0533 24.62956 19.47089 14.42644 16.533279999999998 18.28568 14.88331 15.57612 16.47742 7.81861 10.20722 26.701189999999997 28.48474 
23.987940000000002 27.92815 24.08279 22.18496 18.48566 16.8562 16.54519 14.754179999999998 18.1211 13.6245 16.67669 20.864630000000002 15.43034 18.333309999999997 18.4542 22.42501 26.082610000000003 22.49464 21.039540000000002 12.75885 18.80873 10.34449 5.97504 4.24225 0 6.62737 9.777339999999999 12.74678 16.02111 17.473100000000002 17.8731 24.18086 26.13466 20.38731 17.24543 17.98726 12.37981 17.321910000000003 16.899 18.25148 15.64139 7.33572 8.27432 24.463320000000003 24.37061 
19.0403 24.541059999999998 19.32818 17.20522 13.73105 12.10159 11.991109999999999 9.99957 13.36649 8.86989 11.92208 19.35344 15.47766 13.5787 18.28164 17.6704 21.66623 21.9129 16.63695 12.17711 14.054120000000001 10.64802 7.94035 8.07993 6.62737 0 6.27981 7.99217 13.03148 12.18823 13.26837 20.68333 23.69756 17.58946 14.33614 15.355640000000001 12.20725 17.14935 13.161620000000001 14.370140000000001 11.21063 13.34474 3.51971 19.82986 21.24543 
21.19155 25.76518 21.06164 19.63617 16.0262 14.39879 14.069980000000001 11.73303 15.09995 9.71939 11.53672 18.89013 15.829469999999999 15.312159999999999 17.10563 19.40386 23.912560000000003 20.32459 18.57552 10.588799999999999 16.35132 9.87843 6.24389 6.632859999999999 9.77734 6.2798099999999994 0 9.725629999999999 14.39635 15.815470000000001 12.28492 14.40352 24.49169 18.33287 15.130270000000001 16.14977 11.30815 16.25025 13.235119999999998 14.68955 14.50221 11.89767 5.25317 22.00666 22.20056 
21.719549999999998 20.495369999999998 14.041879999999999 11.18433 13.52948 11.07131 13.28927 10.95232 14.31924 9.82264 15.965990000000001 21.18168 17.3059 14.53145 19.66455 18.623150000000003 20.843400000000003 14.96402 15.99019 12.9479 13.31694 12.18693 11.18741 13.60163 12.746780000000001 7.99217 9.725629999999999 0 5.03931 7.960280000000001 12.13325 22.3944 24.338459999999998 18.34384 14.97704 15.99654 14.68675 19.62885 12.82931 15.211950000000002 15.74365 16.298750000000002 4.47246 15.23574 23.54803 
20.91179 17.19524 16.85649 16.12865 18.568789999999996 16.110619999999997 18.328580000000002 15.99163 19.35855 13.60276 20.55788 24.20726 21.28005 19.57076 20.61658 22.00578 15.80409 9.92471 17.56112 17.98721 18.35625 17.22624 16.22672 18.143169999999998 16.02111 13.03148 14.39635 5.03931 0 11.09839 17.172559999999997 27.433709999999998 20.231180000000002 19.54651 20.01635 21.03585 19.352130000000002 17.57389 17.86862 18.85832 18.85669 16.13867 9.51177 11.455359999999999 23.11692 
17.66036 14.99124 10.96422 8.10667 9.131499999999999 6.67333 12.044509999999999 15.21257 18.57949 14.08289 16.69614 22.91585 21.05031 20.8165 18.73547 20.124670000000002 19.74681 12.09033 12.38917 9.870239999999999 10.23928 17.93626 17.0335 18.67037 17.4731 12.18823 15.815470000000001 7.960280000000001 11.09839 0 7.73527 17.99642 18.30012 16.18177 18.88792 16.48904 19.69646 15.692779999999999 8.431329999999999 10.34135 7.78337 11.428149999999999 10.926580000000001 9.57425 19.15005 
15.893650000000001 21.69671 15.13719 12.27964 13.304469999999998 10.8463 16.21748 17.988509999999998 21.35543 16.707949999999997 18.525280000000002 17.89879 14.023010000000001 18.26536 16.184330000000003 17.79107 22.68708 18.95316 16.56214 14.043210000000002 14.41225 15.816690000000001 16.87287 18.10558 17.8731 13.268369999999999 12.28492 12.13325 17.17256 7.73527 0 10.26115 20.45003 11.90484 17.01608 20.037300000000002 17.37592 19.578789999999998 12.604299999999999 15.67848 15.49114 17.16255 12.24173 16.43708 17.67153 
25.31786 20.86909 20.530340000000002 21.17747 23.116979999999998 20.65881 26.029989999999998 25.79669 29.163610000000002 24.122909999999997 25.940240000000003 28.15994 24.28416 28.526510000000002 26.445480000000003 25.6231 25.997960000000003 19.02026 25.11243 24.304360000000003 24.6734 24.096690000000002 20.0147 21.03638 24.180860000000003 20.68333 14.40352 22.3944 27.43371 17.99642 10.26115 0 12.31109 22.16599 27.277230000000003 29.27841 25.711669999999998 29.839940000000002 22.86545 23.48666 23.29932 26.30119 19.65669 16.50418 27.52299 
13.00677 10.24337 17.0447 17.72054 17.93944 15.48127 20.412770000000002 26.23543 28.08766 23.23932 23.5871 20.93004 18.64589 17.16588 15.084850000000001 16.69159 17.15575 11.42065 12.80134 19.56758 22.22141 25.137819999999998 26.63908 29.0533 26.13466 23.69756 24.491690000000002 24.338459999999998 20.231180000000002 18.30012 20.450029999999998 12.31109 0 10.80536 15.08201 16.96732 18.35415 17.64472 25.39988 27.87999 26.08341 28.13934 22.067169999999997 13.04725 15.2119 
6.2489799999999995 12.667580000000001 18.89846 16.96163 14.65394 12.54426 12.70217 20.10849 23.47541 14.793769999999999 16.57178 10.58036 9.20036 6.36052 4.27949 5.88623 10.78224 12.109969999999999 12.3322 13.83369 17.74313 19.40175 22.615859999999998 24.629559999999998 20.38731 17.58946 18.33287 18.34384 19.54651 16.18177 11.90484 22.16599 10.80536 0 7.371409999999999 10.9727 12.20471 9.93412 18.52741 17.65139 22.71183 21.85512 15.81422 14.22171 5.76669 
10.52563 16.94423 23.13049 20.69696 17.017139999999998 16.53348 14.10413 19.18561 22.55253 16.180799999999998 17.32607 13.31211 9.0797 13.73193 11.6509 13.25764 18.15365 16.42797 12.63992 10.520610000000001 18.48601 16.19994 19.199260000000002 19.47089 17.24543 14.33614 15.13027 14.97704 20.016350000000003 18.88792 17.01608 27.27723 15.08201 7.371409999999999 0 7.6059 8.99273 13.93483 16.51065 21.21133 19.30276 23.59243 12.70575 17.90679 12.73076 
14.348410000000001 20.32057 22.57064 19.71309 18.03664 17.55298 15.12363 20.205109999999998 23.572029999999998 19.075429999999997 18.345570000000002 14.359090000000002 10.483310000000001 16.56707 14.486040000000001 16.09278 20.528100000000002 19.28173 13.65942 11.540110000000002 19.50551 17.219440000000002 14.28686 14.42644 17.98726 15.355640000000001 16.14977 15.99654 21.03585 16.48904 20.037300000000002 29.27841 16.96732 10.9727 7.6059 0 10.01223 14.95433 17.53015 22.23083 21.10747 19.69125 13.725249999999999 17.78243 16.55354 
15.735240000000001 21.7074 25.05513 22.19758 18.4212 15.96303 16.510460000000002 16.69415 20.06107 15.56447 18.336440000000003 15.61066 11.73488 17.516370000000002 13.20023 17.47961 21.91493 19.594630000000002 11.26655 9.82622 17.91556 9.66512 15.42878 16.53328 12.37981 12.207250000000002 11.30815 14.68675 19.352130000000002 19.696460000000002 17.37592 25.711669999999998 18.35415 12.20471 8.99273 10.01223 0 4.9421 11.28554 21.24051 20.44571 19.71553 10.21429 20.2041 17.94037 
13.088339999999999 19.50694 20.670900000000003 19.935290000000002 21.53994 20.01959 19.54153 21.63625 25.00317 20.50657 23.27854 17.01978 16.67698 16.29464 14.213610000000001 15.820350000000001 20.71636 17.77808 16.20865 14.76832 20.3004 11.56399 18.1461 18.285680000000003 17.321910000000003 17.149350000000002 16.25025 19.62885 17.57389 15.692779999999999 19.578789999999998 29.83994 17.64472 9.93412 13.93483 14.954329999999999 4.9421 0 16.22764 26.03413 17.15713 23.550490000000003 15.15639 15.262 15.29347 
23.25316 17.75652 15.83325 12.9757 14.000529999999998 11.542359999999999 16.913539999999998 16.18596 19.552880000000002 15.056280000000001 21.56517 17.67185 13.79607 21.0263 17.71942 19.70665 20.37706 18.70827 17.2582 14.739270000000001 15.10831 12.328100000000001 14.743730000000001 14.88331 16.899 13.161620000000001 13.235119999999998 12.82931 17.86862 8.431329999999999 12.604299999999999 22.86545 25.39988 18.52741 16.51065 17.53015 11.28554 16.22764 0 11.31474 16.2147 12.40154 11.89997 16.19219 24.01908 
18.47134 24.52256 18.21589 15.35834 17.47198 15.01381 19.93113 14.3845 17.75142 13.22869 19.97326 20.09232 16.216540000000002 21.17331 21.930880000000002 23.53762 26.99848 21.53465 20.72965 17.12191 17.49095 17.09574 13.1619 15.57612 18.25148 14.370140000000001 14.68955 15.211950000000002 18.85832 10.34135 15.67848 23.48666 27.87999 17.65139 21.21133 22.23083 21.24051 26.034129999999998 11.31474 0 10.896429999999999 13.61006 11.11432 19.01857 20.676470000000002 
25.31206 20.9427 14.18835 11.3308 14.124569999999999 11.6664 17.03758 14.68319 18.05011 13.553510000000001 19.785919999999997 27.85568 23.9799 21.37581 23.96938 25.46751 22.97094 18.27855 16.218420000000002 12.22399 13.618929999999999 17.382830000000002 14.84355 16.47742 15.64139 11.21063 14.50221 15.743649999999999 18.85669 7.78337 15.49114 23.29932 26.083409999999997 22.71183 19.30276 21.10747 20.44571 17.15713 16.2147 10.896429999999999 0 14.36239 11.31682 15.76247 23.56489 
28.1041 25.60936 19.30269 16.44514 18.55878 16.10061 21.47179 18.481279999999998 21.8482 17.351599999999998 17.43574 26.54587 22.76606 23.91776 25.789920000000002 27.74135 28.085279999999997 22.62145 21.81645 18.20871 18.577749999999998 12.13297 7.67903 7.81861 7.33572 13.34474 11.897670000000002 16.29875 16.13867 11.428149999999999 17.16255 26.301190000000002 28.13934 21.85512 23.592429999999997 19.69125 19.71553 23.55049 12.40154 13.61006 14.36239 0 14.19529 20.10537 27.62181 
19.448259999999998 21.15966 15.80847 15.38017 11.60379 9.145620000000001 8.81681 6.47986 9.84678 5.35018 11.49353 18.15427 14.27849 10.05899 15.19209 14.15069 22.15027 19.269569999999998 13.32235 8.67526 11.09815 7.9502500000000005 8.71266 10.20722 8.27432 3.51971 5.25317 4.47246 9.51177 10.926580000000001 12.24173 19.65669 22.067169999999997 15.81422 12.70575 13.725249999999999 10.21429 15.15639 11.89997 11.11432 11.31682 14.19529 0 16.75349 20.8097 
10.38168 5.74765 5.4089 4.67329 8.44967 10.90784 11.36268 18.769 19.18309 21.013959999999997 20.93065 22.036630000000002 20.23868 18.56371 16.482680000000002 10.57138 10.89555 2.51608 10.28282 13.865079999999999 15.26002 24.1468 25.17859 26.70119 24.463320000000003 19.82986 22.00666 15.23574 11.455359999999999 9.57425 16.43708 16.50418 13.04725 14.22171 17.90679 17.78243 20.2041 15.262 16.19219 19.01857 15.76247 20.10537 16.75349 0 12.58681 
2.20513 9.05087 16.024099999999997 17.2601 14.93489 12.47672 17.8479 24.76542 28.13234 19.78925 22.30032 16.347050000000003 14.696539999999999 11.356 9.27497 10.88171 16.07447 14.27923 15.65992 18.0353 19.43024 24.19035 26.321189999999998 28.48474 24.37061 21.24543 22.20056 23.54803 23.11692 19.15005 17.67153 27.52299 15.2119 5.76669 12.73076 16.55354 17.94037 15.29347 24.01908 20.676470000000002 23.56489 27.62181 20.8097 12.58681 0 
