23
F D Y C O H W Q T K E N G X P L I R J M A V S
0 503.0 611.0 590.0 580.0 531.0 514.0 526.0 531.0 653.0 503.0 630.0 503.0 636.0 521.0 531.0 836.0 503.0 503.0 532.0 514.0 558.0 514.0 
503.0 0 501.0 1002.0 517.0 654.0 517.0 539.0 523.0 560.0 1002.0 545.0 1002.0 515.0 567.0 654.0 583.0 571.0 548.0 537.0 583.0 546.0 539.0 
611.0 501.0 0 501.0 697.0 697.0 582.0 924.0 697.0 691.0 501.0 691.0 501.0 646.0 745.0 697.0 695.0 745.0 501.0 530.0 582.0 516.0 582.0 
590.0 1002.0 501.0 0 517.0 718.0 517.0 539.0 523.0 579.0 650.0 579.0 1002.0 524.0 723.0 674.0 600.0 608.0 580.0 537.0 583.0 566.0 539.0 
580.0 517.0 697.0 517.0 0 504.0 1002.0 512.0 1002.0 584.0 517.0 514.0 517.0 645.0 517.0 1002.0 559.0 579.0 517.0 536.0 546.0 523.0 524.0 
531.0 654.0 697.0 718.0 504.0 0 504.0 695.0 1002.0 514.0 604.0 514.0 541.0 870.0 517.0 1002.0 516.0 579.0 541.0 542.0 524.0 523.0 524.0 
514.0 517.0 582.0 517.0 1002.0 504.0 0 512.0 1002.0 524.0 517.0 514.0 517.0 645.0 517.0 1002.0 559.0 517.0 517.0 516.0 1008.0 523.0 1008.0 
526.0 539.0 924.0 539.0 512.0 695.0 512.0 0 512.0 746.0 539.0 746.0 539.0 652.0 742.0 515.0 742.0 742.0 539.0 698.0 604.0 894.0 565.0 
531.0 523.0 697.0 523.0 1002.0 1002.0 1002.0 512.0 0 514.0 523.0 514.0 523.0 645.0 517.0 1002.0 516.0 517.0 523.0 542.0 524.0 523.0 524.0 
653.0 560.0 691.0 579.0 584.0 514.0 524.0 746.0 514.0 0 505.0 1010.0 505.0 586.0 637.0 514.0 696.0 654.0 505.0 673.0 535.0 584.0 535.0 
503.0 1002.0 501.0 650.0 517.0 604.0 517.0 539.0 523.0 505.0 0 505.0 1002.0 515.0 567.0 604.0 583.0 549.0 1002.0 537.0 564.0 546.0 539.0 
630.0 545.0 691.0 579.0 514.0 514.0 514.0 746.0 514.0 1010.0 505.0 0 505.0 586.0 518.0 514.0 696.0 518.0 505.0 673.0 535.0 584.0 535.0 
503.0 1002.0 501.0 1002.0 517.0 541.0 517.0 539.0 523.0 505.0 1002.0 505.0 0 515.0 567.0 541.0 583.0 549.0 1002.0 537.0 564.0 546.0 539.0 
636.0 515.0 646.0 524.0 645.0 870.0 645.0 652.0 645.0 586.0 515.0 586.0 515.0 0 505.0 718.0 719.0 505.0 515.0 822.0 787.0 786.0 787.0 
521.0 567.0 745.0 723.0 517.0 517.0 517.0 742.0 517.0 637.0 567.0 518.0 567.0 505.0 0 517.0 725.0 1010.0 567.0 594.0 649.0 620.0 594.0 
531.0 654.0 697.0 674.0 1002.0 1002.0 1002.0 515.0 1002.0 514.0 604.0 514.0 541.0 718.0 517.0 0 516.0 579.0 541.0 542.0 524.0 523.0 524.0 
836.0 583.0 695.0 600.0 559.0 516.0 559.0 742.0 516.0 696.0 583.0 696.0 583.0 719.0 725.0 516.0 0 503.0 583.0 937.0 562.0 674.0 562.0 
503.0 571.0 745.0 608.0 579.0 579.0 517.0 742.0 517.0 654.0 549.0 518.0 549.0 505.0 1010.0 579.0 503.0 0 549.0 757.0 572.0 620.0 572.0 
503.0 548.0 501.0 580.0 517.0 541.0 517.0 539.0 523.0 505.0 1002.0 505.0 1002.0 515.0 567.0 541.0 583.0 549.0 0 537.0 564.0 546.0 539.0 
532.0 537.0 530.0 537.0 536.0 542.0 516.0 698.0 542.0 673.0 537.0 673.0 537.0 822.0 594.0 542.0 937.0 757.0 537.0 0 516.0 659.0 516.0 
514.0 583.0 582.0 583.0 546.0 524.0 1008.0 604.0 524.0 535.0 564.0 535.0 564.0 787.0 649.0 524.0 562.0 572.0 564.0 516.0 0 568.0 1008.0 
558.0 546.0 516.0 566.0 523.0 523.0 523.0 894.0 523.0 584.0 546.0 584.0 546.0 786.0 620.0 523.0 674.0 620.0 546.0 659.0 568.0 0 568.0 
514.0 539.0 582.0 539.0 524.0 524.0 1008.0 565.0 524.0 535.0 539.0 535.0 539.0 787.0 594.0 524.0 562.0 572.0 539.0 516.0 1008.0 568.0 0 
