13
Campanile LeConte Zellerbach MLK Evans Morrison Kroeber Stephens Unit1 HearstAnnex Maxwell Haviland Dwinelle
0 1.0 14.0 11.0 9.0 16.0 21.0 17.0 22.0 19.0 17.0 8.0 7.0 
1.0 0 14.0 11.0 10.0 17.0 22.0 16.0 21.0 18.0 16.0 7.0 7.0 
14.0 14.0 0 3.0 17.0 24.0 29.0 30.0 35.0 32.0 30.0 21.0 7.0 
11.0 11.0 3.0 0 14.0 21.0 26.0 27.0 32.0 29.0 27.0 18.0 4.0 
9.0 10.0 17.0 14.0 0 7.0 12.0 26.0 31.0 28.0 26.0 17.0 10.0 
16.0 17.0 24.0 21.0 7.0 0 5.0 33.0 38.0 35.0 33.0 24.0 17.0 
21.0 22.0 29.0 26.0 12.0 5.0 0 38.0 43.0 40.0 38.0 29.0 22.0 
17.0 16.0 30.0 27.0 26.0 33.0 38.0 0 6.0 2.0 14.0 9.0 23.0 
22.0 21.0 35.0 32.0 31.0 38.0 43.0 6.0 0 4.0 11.0 14.0 28.0 
19.0 18.0 32.0 29.0 28.0 35.0 40.0 2.0 4.0 0 15.0 11.0 25.0 
17.0 16.0 30.0 27.0 26.0 33.0 38.0 14.0 11.0 15.0 0 9.0 23.0 
8.0 7.0 21.0 18.0 17.0 24.0 29.0 9.0 14.0 11.0 9.0 0 14.0 
7.0 7.0 7.0 4.0 10.0 17.0 22.0 23.0 28.0 25.0 23.0 14.0 0 
