99
MapLocation106 MapLocation41 MapLocation185 MapLocation9 MapLocation20 MapLocation183 MapLocation137 MapLocation122 MapLocation92 MapLocation171 MapLocation135 MapLocation192 MapLocation29 MapLocation127 MapLocation129 MapLocation42 MapLocation28 MapLocation59 MapLocation50 MapLocation7 MapLocation10 MapLocation22 MapLocation60 MapLocation13 MapLocation123 MapLocation100 MapLocation94 MapLocation35 MapLocation118 MapLocation125 MapLocation86 MapLocation53 MapLocation97 MapLocation154 MapLocation8 MapLocation19 MapLocation18 MapLocation17 MapLocation173 MapLocation104 MapLocation56 MapLocation175 MapLocation79 MapLocation72 MapLocation121 MapLocation61 MapLocation43 MapLocation149 MapLocation133 MapLocation161 MapLocation99 MapLocation57 MapLocation166 MapLocation119 MapLocation136 MapLocation145 MapLocation182 MapLocation146 MapLocation32 MapLocation198 MapLocation16 MapLocation15 MapLocation14 MapLocation148 MapLocation81 MapLocation186 MapLocation128 MapLocation71 MapLocation55 MapLocation194 MapLocation105 MapLocation109 MapLocation85 MapLocation153 MapLocation4 MapLocation170 MapLocation12 MapLocation76 MapLocation77 MapLocation70 MapLocation67 MapLocation36 MapLocation69 MapLocation96 MapLocation107 MapLocation113 MapLocation179 MapLocation156 MapLocation102 MapLocation103 MapLocation62 MapLocation23 MapLocation116 MapLocation114 MapLocation111 MapLocation150 MapLocation66 MapLocation95 MapLocation152
0 1009136218.73914 1210286756.48751 2127527745.32325 1837648550.54987 2107123047.1953502 1222517034.61007 1593733859.77583 1877154455.13472 2054032732.86868 2091354584.08848 1322869474.35909 2197606650.1358 2076851550.20939 1588473179.27075 1714175187.95391 1817310048.98899 1698847744.78114 2061554216.0138798 1296683850.58084 1473843619.42419 1899120131.88761 2048830764.60624 1601844859.97288 1025940730.93194 1745710981.24868 1365647502.60499 1909853363.02198 2102675443.69379 1650693046.72879 2097913569.54773 1214910084.24655 1178133792.62452 1228279513.81393 1465587412.78045 1349122644.85326 1567900180.0692 1576237269.83931 1680046073.41712 1303233432.73401 1995552345.15385 1923782788.32224 2187307252.17314 2108917598.28163 1528621822.59288 2047736357.58421 2122723017.46523 2039243893.57984 2347652145.45527 2218045512.06888 1442534222.99058 1770688746.23085 1315879708.81523 1827673936.11208 1024482851.66976 2071170113.83927 1091226223.91587 1873348186.18022 1685210974.34058 2126862827.2945201 1869039696.11649 2104468214.10427 1120150533.84075 1294642503.48641 1342471883.19144 2148708094.51716 1329637733.05526 2295737525.1971903 2109097741.26974 1117060742.72538 1035662878.24369 1398603301.76309 2277783408.4605103 1150290919.17533 1797198725.2231 2037527813.36557 1873863470.27258 1134601228.7718 1042849187.60801 1425574696.06436 2152388895.6768703 1308706552.82179 1721849222.31113 1048500932.27974 1150321099.78866 1836030421.2493 1649406962.55701 2123962948.01827 1083402345.19204 2030533425.37506 2076688273.25812 2051020770.09906 1382434019.48672 2044189553.8966 2242918287.37613 2144176110.31318 1851074746.07593 2054755175.8011498 1004436032.60047 
1009136218.73914 0 1015333046.18272 1176023217.34403 1207077527.89763 1381247107.42252 1135971967.06259 1677098506.61529 1107545902.48102 1453287374.93151 1864755114.18701 1249749872.71485 1242376504.80935 2114122327.02985 1450674249.82633 1065614779.89715 2067406003.95807 1871815950.32086 1909008936.63909 2190441639.65209 1190265156.86709 1957507318.76483 1148160357.29759 1357048528.39805 2035076949.67108 1594894516.18598 2079104850.49201 1408057052.37636 1760072523.93053 1265703010.32099 2258248063.56857 1333792286.94095 2068343380.0106301 2086654476.04072 1151713090.25986 2204496835.8243103 1217325504.39742 1947408771.85216 2115782251.0011501 2108810149.03683 2053470391.27265 1770696005.32023 1789633088.52964 2181467164.5579 1979079470.01949 1038600138.84507 2052471245.8443298 1963793782.50256 2152845287.66005 1701059140.73952 2234548176.39533 1883491742.20417 2190786340.01927 2174269624.0834703 1492274011.4735 1720452683.04212 1602230848.0908 2137816159.34422 2196723955.99711 1488850246.38312 1900403396.53159 1795960501.65835 2093236955.29612 1848702352.4766 1387174175.88757 1323851296.832 1789801798.51433 1286601306.45805 2122545117.57543 2126196961.46452 1339432329.0699 1480673701.44674 1473886626.98896 1606370186.86386 1140748516.74469 2103269415.30762 1524582514.85106 2027721667.27825 1477094583.85446 2191227946.22557 1353944288.19779 2073678415.51267 1816301343.99409 2057637151.01888 1202786537.84751 1959119923.66053 2253064952.64715 1369556688.51197 1600352151.04837 2073547541.82133 2239213982.98563 1459275147.4492 1045510448.40416 1035053335.15746 1677983966.6394 2281098485.6199102 1250925990.1889 1516487848.90266 1520632358.6598 
1210286756.48751 1015333046.18272 0 1011181557.90033 2020846084.3608599 1339175142.64853 2077624152.94098 1071348954.31318 1744844448.72625 1024968758.36459 1076818774.1184 2092744096.8770201 1830955021.29037 2066378329.68261 2164500625.29874 1591772162.81995 1299767670.44048 1628781449.91232 1158725259.54999 1246032631.28838 1994897301.98723 1259824311.58062 1328473956.32955 1246270572.64997 2032575472.87256 2256330129.45105 2178029775.36942 1292096341.61563 2142081101.80377 1831410000.58597 2199128115.44437 2115331006.1690702 1219934830.76289 2153544373.3858404 1441385771.74103 1506325124.07239 1137957946.5574 2073316968.33321 1989227266.73273 1339593847.84163 1973128763.32777 1110718161.04582 2146289610.75214 1718659540.77695 1167657464.09827 1304800233.46255 1970451755.24437 1940287184.41764 1137512241.47733 1351464760.39086 1674526684.55401 1256460216.62479 1260668919.43545 2042249136.68355 1194609960.32777 1958656076.80095 1252256293.30761 2303151035.24916 1972987105.8306 2147807942.15029 1238366406.75304 1798397728.54157 1077903909.1134 2108695703.67324 1206459986.99909 1236702840.22031 2122265814.46922 1109072465.91882 2151701719.69765 2186126116.84568 1860096177.96284 1632650633.7246 2062584337.2407398 2064403710.09782 1869296683.36856 1369731615.78065 2094316947.19818 1012388621.09553 1441064388.13506 2159230043.78074 2134199242.09169 1768337370.78192 1318967165.34058 1309508051.6124 2060551632.33165 2084463866.70678 1681712442.55385 1340965704.311 1197973717.26893 1058214495.63861 1294822292.90708 1894236496.21551 2060843494.58688 2050386381.34018 1405847660.42756 2150930289.6408 1338788199.55468 2181765057.6795597 2084311888.4132 
2127527745.32325 1176023217.34403 1011181557.90033 0 1009664526.46053 2021533407.2218199 1550707838.33907 1761463068.39376 2179866568.7056103 2036150316.26492 2087541237.3705301 2094303086.25577 1456577509.74954 1271470101.22256 2229798081.53496 1341505043.17147 1398137178.26065 1913077871.00923 1497071835.53056 1014418422.30806 1396037224.19041 1062309633.39316 1117537942.58292 2104940560.78065 1104819474.2645 1458438829.79064 2171909111.11372 1776077729.45031 1500575607.00179 1419904740.86869 1199022693.71337 1875461338.16074 1568431763.86352 1860582147.93907 1191933638.435 1337280187.52103 1792817411.27784 1289381231.88002 2226085850.5307503 2141162029.11154 2150765088.65154 2121899718.9461498 1935052939.72312 2027237606.27335 1485265852.81973 2214623356.1891 2082833688.832 1686493562.54398 2148693799.37766 1665573275.74692 1556554019.61146 1957617114.02537 1014763122.67524 1981334337.79039 1103044893.65349 1132067205.95959 2231542426.09837 1454101111.46257 2162907212.6553802 2120067624.78473 1850514411.34807 2101632367.99337 1890687724.52054 1698700476.65868 1732080949.98786 1124818694.31504 1438715733.015 1785395538.77443 1192286817.03254 2179322485.82269 1164282095.30598 2199284730.5718403 1669009104.44249 2058283045.8421202 1837961013.90283 1645224879.01521 2269556278.82807 2023570178.99586 1104913700.47804 1407854887.35589 2164272952.89864 1462447475.62351 2236713973.30568 1874851472.15022 2157361643.92818 1634824293.81976 1978692172.69444 2273937731.4569902 1232046308.95885 1087130063.17986 1238950612.51614 2093488806.42727 1711996164.33918 1389648648.10494 2163620919.4876003 1712370015.70124 1248575535.79406 1255177606.68224 1255444181.03639 
1837648550.54987 1207077527.89763 2020846084.3608599 1009664526.46053 0 1011868880.76129 1857333483.15326 1277261320.59505 1170202042.24508 2137712715.22705 2143816339.85963 2228580768.29109 1410821376.69404 1529949854.73483 2131762036.7589402 1860828061.25407 1587315480.81027 1940404387.17385 1887320329.71782 1476984590.23427 1904768087.44746 1608140403.98423 2117467144.8971 1328848301.65537 2073150143.9548001 2170457655.77366 2120068915.06818 1289040783.99601 1088480567.0481 2080856394.48751 1080837073.13618 1105304107.80896 1636647036.4295 1516405382.39758 1420925154.92041 1915220692.70705 2170561857.85987 2188305385.50949 1216421324.07022 1409757447.86576 1626670431.3204 2045823233.20198 1241615443.2214 2160250161.90258 1299089907.02794 1212260709.0482 2160344079.8277597 1447872085.48253 1868849354.53933 1929725116.46975 2147467608.70329 2192671983.78505 1613943507.16104 2214939740.27608 1844479955.64941 1049740213.13603 1955642091.41407 1437478580.63251 1793757556.77387 2192523240.40016 1860268332.83484 2170724959.42813 2134969935.84018 1531303601.17657 2027142319.2644901 1920087894.38272 1185140116.94395 1028387642.27148 2048383720.78264 1757766648.59375 1960174665.84437 1578263352.14813 1571115455.45128 2121472151.6141 1647300648.36036 1147840142.04602 1428754086.63307 2103824575.38172 1909770173.64861 1299671810.10046 1744422786.57811 1276334490.65793 1604137425.23774 1723998698.36744 1900000398.60689 1846780725.34516 1095954284.68454 2227360000.2491198 1817839694.39856 1749599481.2346 2142099671.20327 1720731014.61416 2039495791.25893 1044725196.22302 1153956393.02707 2142730195.37575 2073933634.72305 1253823654.49715 1506332441.11025 
2107123047.1953502 1381247107.42252 1339175142.64853 2021533407.2218199 1011868880.76129 0 1016375272.49978 1414185493.75544 2035708327.89592 1764399993.3476 1195526234.88798 2096852986.77598 1768813054.05375 1458409595.62604 1776277734.93573 1266549293.84402 1940518485.33126 2182429426.67035 2275954325.32352 2148440452.43318 2083765499.7034998 2156077325.03066 1953494821.14942 1272792813.87216 1250780037.7219 1530704590.63157 1295244703.81666 1955977049.53029 1827576285.49376 1726701569.27467 1309136881.65419 1337615314.04238 2068405834.8249302 2103910789.43188 1902656648.92783 2238728486.23674 1278087353.51935 1464391547.04767 2014248093.21551 1840950102.85294 2086814766.42637 2095508274.86937 1939717721.04698 2088284273.59859 2033344446.5115 2121908865.65468 1955123179.01096 1483934939.19033 1035391428.13999 1174980483.58335 2200009205.07423 1369566062.72523 1277400668.63406 2172636115.08073 1344100060.05308 1068116883.73442 1995443377.67259 1455702115.8906 2093597973.12325 1623671789.56522 1196676952.92544 1342042549.72669 1760767772.50189 1847743814.54394 1644541566.41447 1994179370.80659 1101328951.10272 1205701821.86905 1036514840.02135 1207257115.55834 1158981894.13681 2154912313.5015 2203755719.7912297 2205575092.6483097 1851611863.92422 1295966884.69729 1705015607.62711 1618134897.57408 2103073094.16161 2255762121.51393 1433318593.26136 2073740870.32697 2257646013.5762 1568073683.04595 1623744002.72211 1277112888.17467 1671695193.59563 2213842855.36488 2381840419.34628 2070343502.55953 1906265164.99119 1648863699.83075 1821436946.79142 2056594076.98431 2133457515.64112 2113596846.3815799 2061010810.20756 1745724852.31602 1370576045.83744 
1222517034.61007 1135971967.06259 2077624152.94098 1550707838.33907 1857333483.15326 1016375272.49978 0 1006275198.6278 1814780426.42902 1709079984.15946 1179635649.9841 1102032540.69123 1104895431.91646 2105109229.03336 1115084459.31972 1832050692.54505 1827757807.99952 1941983026.00412 2120859825.06847 2066861985.85409 2106235607.97404 1145503025.63588 1080618486.36777 1021620277.06014 1289782333.37724 1319437574.35103 2170483269.7971 1161987523.79401 1617362873.91836 1304510297.79059 2070712759.50331 1650105189.5731 2058558503.3646998 1322115372.56717 1227715481.80858 2272288579.70581 1272288579.7058 1115295438.87123 1387608413.00591 1148312497.45143 2107828703.98485 1906838969.6544 1122038207.27023 1071909001.09881 1859547892.78577 1527378185.61585 1664757747.40828 1949264808.51092 1226804741.34137 1636197078.84427 2107546741.1154 2047223026.5557399 2210564428.85396 1156260842.58095 1029844237.70345 1300766058.88062 1627010438.13886 2158504457.94203 2097868956.0900102 1453012982.51754 1523447442.33115 1856515342.00691 1065160009.88089 2174180193.48291 1293915178.81215 1258672768.61818 2040504297.66506 1080627350.47135 1907225413.41656 1074281092.92175 1861144840.05959 1615899952.46366 1649587105.60528 1786821895.14285 1093549484.46439 2094838581.1991801 2184803303.79375 1529715314.13611 2145335972.5538301 1497133354.47985 1833243577.526 1952413674.42337 2036746138.86474 1625153739.41746 1495204668.32628 1579820458.1211 2080765415.00754 1960106746.50611 2158991506.35428 1649027127.83708 1927811580.08483 1938102741.74763 2022698503.1322 1183848566.23289 1584166376.75215 1594313063.96937 1200028956.62783 2156753554.80719 2068704438.49402 
1593733859.77583 1677098506.61529 1071348954.31318 1761463068.39376 1277261320.59505 1414185493.75544 1006275198.6278 0 1003402684.86507 1229361962.29147 2050858248.3583 1357119227.30687 1152435846.84089 1419615582.23394 2030533890.4728599 2223163742.78642 1938845303.76559 1426638270.87594 1576998763.88081 1639544605.82117 2158946794.90771 1371024908.18241 2086893684.99557 2027895475.6879401 2282654582.6906 1930822692.42429 1328577675.85734 1469945006.55376 1244645795.35647 1809690536.38991 2056967459.35568 2197845305.68458 2089110423.8659801 1684080936.36831 2065896084.6682901 1461770684.01047 1951816008.78826 1901772651.10636 1412094666.74575 1297552988.03483 1713745744.52818 1347503225.13194 2128313405.89803 1451221700.05984 2015139041.96097 2034205810.73642 1069425097.2214 1754419083.76138 1742463622.64523 1816645547.9782 2130936439.63953 1515203576.80993 1212108133.64455 2141844117.8410602 1205324070.37744 2252011332.54695 1577067035.95124 1267916953.10141 1532259346.09503 2083834498.47295 1609222828.3216 2176694105.07801 2071435208.5086899 2024992590.77726 2091078352.4251199 2166493550.76047 1415966565.77091 1968638271.25705 1269797487.94129 2069551917.53927 2040613446.80361 1784643873.02194 1401423732.35325 2216461974.4058304 1931832621.15606 1745032374.51139 1959276849.71729 2083737575.40871 2036706869.84929 1929540866.26759 2257163659.65739 1811507783.92112 1336625168.54115 2032603153.6391501 1239927689.24097 1272336768.98868 2166382458.20273 1808893851.69303 2188254656.6718197 1973640889.29463 2073052586.50988 2172938851.0369 1400674479.68787 2065192161.1525102 1661164131.37795 2247496158.97569 1711721912.09417 1847248544.35044 1474673755.32287 
1877154455.13472 1107545902.48102 1744844448.72625 2179866568.7056103 1170202042.24508 2035708327.89592 1814780426.42902 1003402684.86507 0 1018541282.57048 1047455563.49323 1363151599.85167 1919725382.68693 2051295326.03073 1027131205.60779 1381401276.98255 1597242270.3071 2051891623.5269299 1022731015.61466 2027709916.2546 1751768132.83723 1385292313.50071 2165002412.0735703 1170393713.33093 2095873994.34761 1167739032.23833 1755791103.38508 1317441186.72536 1507394601.80379 2229121272.75373 1790392111.37512 1673925553.73526 1447175639.25091 2124181162.7606702 1520391873.30362 1494339480.49291 2036119864.74089 1977425928.19307 1444173781.04229 1943822922.37671 1106157351.18457 1621727626.31836 2112748908.92338 2135144756.16531 1690238025.89957 1261478849.97496 1417904148.16843 2110602698.75073 2186709445.71643 1525926564.93508 2107569290.38476 2125834642.63237 2091656480.74263 1180654113.47562 1271105053.11664 2124855233.8765202 2037387734.36547 2227661723.65542 1322880040.79142 1365982704.45632 1245781878.26561 2059776858.47793 1183362560.39684 2239005382.93195 2100221497.82331 1517501862.59388 1030774537.14459 1676965313.18534 1159256826.77723 1101669244.3166 2036911137.1954699 1165766401.42503 1306488310.79518 1509499097.59365 1577841328.068 2066218859.4458299 1156621409.68388 1184032683.44178 1869898840.19445 2112315197.78861 2226358188.77242 1159403459.50997 1844539579.08503 1741199292.55798 1935262781.52284 1938895543.5198 2060299713.11299 2049541182.6715798 1458825730.08974 1575654950.66808 1421331309.13542 1169536166.17183 1750714860.23313 1831733730.23881 1324755717.84281 1456790338.55024 1078991761.63799 1789664564.88347 1688206386.59954 
2054032732.86868 1453287374.93151 1024968758.36459 2036150316.26492 2137712715.22705 1764399993.3476 1709079984.15946 1229361962.29147 1018541282.57048 0 1006099149.00174 2022024471.76036 2041623368.4349198 1041409571.31802 2045672488.1782699 1492428924.79794 1955145939.86115 1244879830.10056 2041272298.1851401 2068318960.7234101 1155199246.84803 1150342361.09862 1469474587.07664 2133062701.99509 1950880107.21647 2122844055.20877 1231949916.33982 2189338234.66066 2174502989.5359497 1351635026.14274 1665910529.01599 2044611381.0524101 2188565325.47058 2082824748.26918 1456550163.91701 1581361652.01409 2044688130.02642 2065913583.3102899 2036818377.16159 1272617667.93706 2097417586.16426 2134220038.49561 1456672010.85346 1999933540.25854 1579774513.12123 2107188114.70916 1191243812.3537 1448999931.24237 2162480999.84192 1847159080.90838 1871414233.54341 2236986860.93343 2169435442.28453 1454208079.33471 1719228435.15996 1729549624.5019 1661292354.53552 1839958315.9262 1687653561.53946 1520377817.83784 2253650913.7414 2134588959.85036 1134588959.85035 2175981368.1368103 2231428745.36368 1301362679.57312 1443090140.54505 1280430732.91875 1985980925.81233 1161157358.48109 1018369854.62499 1919625252.25447 2321880024.21622 2031804607.45061 1757962919.5724 1269318371.96363 1120274008.63544 2037357379.4601202 2049315960.95175 1992168898.4836 1301814605.43292 1718852529.51589 1117936840.19049 2035948523.25884 1035582873.96706 1938695244.55109 1041758430.54251 1798964575.53234 1060579513.07712 2080990036.31999 1851914732.52457 1367971133.51384 2032853147.2056499 1892638551.37385 1230282582.89903 1271188720.89713 2097533044.2084699 1262794015.89156 1641209796.31292 
2091354584.08848 1864755114.18701 1076818774.1184 2087541237.3705301 2143816339.85963 1195526234.88798 1179635649.9841 2050858248.3583 1047455563.49323 1006099149.00174 0 1015925322.75862 1431829071.63767 2047508720.3197598 1240400404.34767 2035257460.41626 1033466236.35534 2043463869.72172 1692272378.08661 2025481498.4092302 1717336375.29133 1025231603.97737 1630211526.90061 2081004524.3215299 2063744186.56059 2215194595.7315598 1481782705.48795 2113851255.94185 1406947125.5124 1745521897.226 2038755814.00407 1038512232.05067 1673767037.05292 1076725599.26744 2081818302.93855 2118094521.20882 1118094521.20881 1842738614.33333 2104784682.88758 1090164507.75154 1091318437.16252 2092179021.81021 2077640027.64493 2089247611.8180299 1904260951.86956 2085015994.9245 1160892356.5468 2049177744.88347 2082218823.9939299 1881346065.10709 1475307955.1201 1359826827.89425 1509138124.15463 1296698278.34768 1391343525.14929 2110016319.8544698 1555192770.47276 1303352991.68636 1131594005.97825 2138622776.3723898 1970130553.32287 1462020916.37345 1218551625.48001 2117631539.8204901 2121640967.3948102 1680052359.16281 1737276987.88907 1178236376.15939 1640909402.76364 2144093415.84243 1378488892.77001 1866549749.55898 2211077955.69858 1025705458.44887 1419670454.16412 1052157104.12696 2087843287.62399 1546809421.28821 2149367385.67019 1898198795.12152 1906642090.65194 1839619444.96914 2087609288.32905 1849952778.65022 2041682022.9688 1049852850.18768 1813483386.83747 2089479077.96938 1912393062.75156 1074890887.31825 2139982999.79702 1261627545.96318 1563382091.63357 1506224116.43839 1829019427.57861 2091876244.1396298 1704127020.71314 1320920889.12132 2055430917.65935 
1322869474.35909 1249749872.71485 2092744096.8770201 2094303086.25577 2228580768.29109 2096852986.77598 1102032540.69123 1357119227.30687 1363151599.85167 2022024471.76036 1015925322.75862 0 1008926214.77116 1194286425.98989 1333020577.54236 2315364652.612 2049391559.11396 1406311366.29051 1797766366.9738 1571902362.36469 2114667572.79882 1829207321.75994 1357283201.87037 1698665911.34733 1659279719.23193 1654348660.86979 2062186381.66497 1791336965.07494 1283212016.17985 2147763016.50624 1147743695.15491 2054437554.80929 2192052613.71064 2085472620.88805 1841619894.09995 1199813308.51641 2113477244.0289302 2101857726.13313 1925848538.67345 2100772186.53875 1092116849.30439 2092977433.95208 2124481520.0072799 1536238867.64937 1658516296.60562 2034805399.14428 1570504365.88184 2067912159.21538 1066293501.23531 1549084234.30791 1615022975.07637 1182652024.25556 1474811125.87224 1370450418.01293 2131876778.39468 1829000345.80707 1392260162.17741 2262877702.3471403 1374443996.55332 1628011062.21546 1696001971.4971 1433587496.64116 1339648090.5978 1101706217.06187 2159386439.54626 2147728792.29275 2283093025.54633 1499574607.03374 1505715752.8508 1268630074.61499 2232358668.2525797 1053357089.45318 2108135598.04247 1537703258.15044 1992320010.09626 2018723562.77401 1508251237.50985 1208532895.3618 1516834723.91002 2205653468.56543 1781919082.95951 1541743620.59162 1524831296.01576 1043506134.08545 2043871783.3772302 1776081154.42886 2022872826.133 2189705821.6279 1311311496.90998 2090816210.07687 2169819824.17807 1775402744.56787 1107615045.9679 1411652082.05202 1230152328.49043 1411322241.44267 1308069524.10485 2049760377.6068602 2126388034.05441 
2197606650.1358 1242376504.80935 1830955021.29037 1456577509.74954 1410821376.69404 1768813054.05375 1104895431.91646 1152435846.84089 1919725382.68693 2041623368.4349198 1431829071.63767 1008926214.77116 0 1000213797.1169 1424843812.06104 1978966826.32602 2063953090.86512 1906714478.85559 2168556741.79323 1689328817.65963 1249416497.55515 2206352501.59949 1626888565.43173 1285365323.82779 2038288534.75454 1384282484.0466 2179913902.36058 1715335003.32109 2192756329.82336 2133998648.27044 1564186027.87119 1526121291.70696 2230012436.43216 2143368506.93573 1234716251.97962 2208739523.28757 1791997293.83389 1092931511.36197 1682954194.05554 1769379481.82572 1300851569.5373 2196421991.95358 1375150032.57751 1389085070.8327 1135985279.53178 1246987286.67028 1631872418.82036 2225249355.63318 1488221504.76816 2267655294.80801 1726526484.78822 1598849946.10596 1744499468.05427 1106646560.26054 2134739669.61991 2200392682.9264603 1375566649.85835 1931774781.95019 2153512937.16105 1921145113.62076 1698448017.03392 1155402158.53788 2125320303.5036001 2110632431.8330302 2116644331.1162698 1699453219.69084 1691419963.09677 2150514790.0320797 1178343815.58471 1441950717.57492 1917490226.13845 1783167693.74869 1517477395.19387 1866249183.01683 2198444916.38085 1497045878.58819 1333838192.47764 2200919653.22318 1657613114.44977 1287680343.74653 1642722264.99444 1668369815.02738 2111198431.77647 2047651199.6389198 1047285550.34714 1366771328.61326 1013946611.36184 2063198171.17979 2031055036.33509 2377346916.0823803 1497717219.8139 1175173328.56538 1794603063.69567 1877480508.17224 1562111408.43377 2283390716.45356 1421050627.89668 1664135617.85179 2072629314.72582 
2076851550.20939 2114122327.02985 2066378329.68261 1271470101.22256 1529949854.73483 1458409595.62604 2105109229.03336 1419615582.23394 2051295326.03073 1041409571.31802 2047508720.3197598 1194286425.98989 1000213797.1169 0 1024164120.42294 1257059198.21477 1369052516.1938 1363592705.31015 1534687574.36116 2086606846.99078 1077106075.52498 1727318619.96609 1748744023.85616 2043297601.7393599 1494812823.18718 1970273579.62323 2089344286.74572 1960348697.33878 1309943579.06073 1980256775.94674 1252614698.84216 2089334203.2175999 2078582816.26434 2158838938.0944 2116519737.08674 1368227258.50449 2024504011.99228 1024504011.99227 1686526364.57857 1030082321.17818 2038737658.41254 2105685256.3087802 1719249084.92576 1273417792.76826 1278391758.20696 2100292331.3699398 2149670798.6686096 1473224647.89758 1521647532.6954 1307537159.32424 1387454328.57768 1195577289.61541 2156481227.61448 2106860357.37744 1956727463.93526 2154633408.40979 1055158188.27101 1116848954.78552 1803344193.77861 1615382966.62044 1688008726.03308 2117417082.17949 1421033130.73974 1281538357.55877 2080637098.83405 2098682737.2329402 1609954062.38822 1434217199.08307 1802806082.24986 1623494158.93967 1694766687.40045 1465686643.49684 1359353239.90338 2243517213.5464296 1472134279.92885 2158503667.6633997 1458842138.14704 1250033024.36363 2068934057.99091 1802824658.38534 2063791157.60838 1727097870.16667 2159346411.50851 2229993620.5879803 1308263505.76359 2122658496.6423898 2014160408.47874 1936071946.74352 1030841239.21819 2098512910.38351 1846765609.29659 1674394358.90419 2116876005.48795 2164098474.1543303 1348757805.69681 2171079750.7316704 2035521107.72808 1854004375.08703 1072415517.60892 
1588473179.27075 1450674249.82633 2164500625.29874 2229798081.53496 2131762036.7589402 1776277734.93573 1115084459.31972 2030533890.4728599 1027131205.60779 2045672488.1782699 1240400404.34767 1333020577.54236 1424843812.06104 1024164120.42294 0 1004483224.09945 2006274448.1603699 2034935973.6610198 1005775365.74875 1330969056.9516 1990826586.25033 1770492867.41315 1780200694.31326 2136704736.37986 1437828683.79651 1132039934.14133 2097149468.7501202 2138394202.5519102 1671693787.69472 1403435661.02554 1369937025.44938 1400715679.25543 1208924099.57729 2112078793.76732 2103588690.84115 2176289113.36974 2019164214.87498 1548963197.56307 2054650695.20345 1755070981.27244 2073664906.17718 1589947924.91791 2045114134.59053 1883740168.26008 1925792029.76664 1705004771.41326 1474024247.15851 1222228658.68614 2141238017.41766 1115192310.6733 1482431391.4757 2191909392.2283297 1767268764.84597 1613194668.39393 1616005581.63478 1783002913.58927 1800339104.01514 2141013075.20846 1355122752.84671 1594019715.23264 1273487754.99733 1605333846.49831 2101057330.62118 2156136191.2430897 2081581163.47052 1439156903.86891 1064640916.32217 1399721305.56708 1580052099.07192 1794007549.31255 1065515986.22898 1319398378.59652 2268956076.55163 1721906436.08742 1172661272.40916 1699643364.38689 2073035046.66608 1154247464.07978 1773073531.90506 1863738142.17949 1239350314.32017 1791631005.40971 1799927722.01585 1953972684.59668 1015995837.17873 1983637245.4955 1374097612.71506 1160190843.8677 1532115965.37113 2171471330.9536 1223158827.38179 2173778180.84959 1453507821.51137 2097630039.27391 1851857452.87115 2148039970.49839 1011356987.30514 1061800342.84799 2061306639.48685 
1714175187.95391 1065614779.89715 1591772162.81995 1341505043.17147 1860828061.25407 1266549293.84402 1832050692.54505 2223163742.78642 1381401276.98255 1492428924.79794 2035257460.41626 2315364652.612 1978966826.32602 1257059198.21477 1004483224.09945 0 1001791224.06092 1460257141.18476 1648299396.22275 1710929826.14217 1061204960.69984 1040980864.93116 1835773041.67342 2154779160.28698 2174733874.0306797 1407310562.38672 1092666244.65067 2067429931.14084 1277952459.82802 1313528296.75225 1513969637.23084 1598183010.4248 1575857895.11872 2133075836.81011 2047225926.40571 2157929925.59516 2080644385.5570698 1466662516.35141 1050167471.104 1283776106.46401 1380906916.83741 1043140077.43547 2078711527.14179 1228410159.05848 1533787519.17127 1847075351.183 1722165765.2292 2133911032.64381 2109579032.26335 2086905932.38038 1865472433.04504 2125842546.75358 1438565075.57997 1311017148.26351 1706745294.8262 1288942909.74307 1817136312.10616 2075161267.53412 2055393410.9761 1306614381.14657 2114907635.10407 1184105744.64646 1143524334.68885 1686631592.82884 1077097939.37107 1258125329.34098 1948954590.0165 1902543346.85522 1139212555.83672 1174979095.63921 1652775618.77083 2059757365.14377 1916538761.80748 1340986472.46456 1663069614.36938 1591015913.89755 2115235371.34142 1879703311.7615 1508165641.68371 1790520370.60717 1416298994.85996 1178713011.91876 1719371023.60364 1582579029.37441 1712293267.86765 1845892573.09638 1332744122.65142 2164674067.96715 2072644721.0977998 2205768118.45352 1904249369.24281 1189642323.62811 2043960175.30511 2097765656.04149 2204750547.14807 1585951625.30146 1928147991.44746 1806094100.74155 2143455797.0420501 
1817310048.98899 2067406003.95807 1299767670.44048 1398137178.26065 1587315480.81027 1940518485.33126 1827757807.99952 1938845303.76559 1597242270.3071 1955145939.86115 1033466236.35534 2049391559.11396 2063953090.86512 1369052516.1938 2006274448.1603699 1001791224.06092 0 1009997633.36638 2039158241.2786498 1349931193.74731 1196231303.71719 1697949207.96677 2141815208.18276 1324996426.53012 2119306017.77373 2267504093.15635 1819332598.0257 2219864106.18655 2181960578.43557 2210816670.03036 2184682404.21605 1368834543.69395 1666677683.27575 2043254831.6430101 1564537643.23515 1479579792.05263 2151560757.56415 1918527412.49039 2051958695.1649199 1389931685.09568 2063061815.19957 1523924441.67771 2179779837.30674 1373917937.22615 2130024739.09445 1198032781.80924 1354797400.62075 1132119808.58289 1755196810.63215 1804742404.32493 2035565734.52098 2176385575.59842 1890638469.67003 1275403439.11109 1703739008.77241 1421253006.46946 1393516767.67103 2190170250.86718 1127816033.10264 2113116411.04316 1113116411.04315 1676076410.31123 1643930963.66799 1476224544.84363 2078889163.43199 1646615728.97944 2098116886.66787 1881302663.56515 1735292666.70713 1853778461.43897 2198062354.42261 1973393899.43773 1472778058.33702 1162318345.07325 1532162264.38179 2085623340.4823 2024813953.05148 1847131779.70579 1303184739.79794 1892746226.43572 2204902722.86228 1243927765.31689 2149409323.15265 2013839272.8081799 1063595636.04806 2083319086.54302 1050006479.50328 1816137373.39014 1530215497.26057 1203976894.3926 1802646770.10832 2012577971.5779 1499430487.59396 2231877175.96609 1336161444.57322 1832988087.14396 2111771713.37051 2058034740.04114 2179291205.84875 
1698847744.78114 1871815950.32086 1628781449.91232 1913077871.00923 1940404387.17385 2182429426.67035 1941983026.00412 1426638270.87594 2051891623.5269299 1244879830.10056 2043463869.72172 1406311366.29051 1906714478.85559 1363592705.31015 2034935973.6610198 1460257141.18476 1009997633.36638 0 1029160607.91227 1946036650.60797 1173637053.59567 1985886173.69833 2179839764.80333 2086370353.78892 2180636536.0173397 2153281694.71638 2136945477.73247 1849582603.36274 1631143855.21382 1718253108.83657 1808310657.42851 1173253538.87484 1572082676.97319 1033257198.27663 2038349901.94774 1615721956.43226 2042549457.0384998 1960574645.52909 2193620140.81127 2080503995.48311 1826631079.49077 1671624193.4471 1937590175.22436 2105819285.34449 1330065756.47344 1881414974.07308 1394856729.82821 2047932089.89938 2173451267.65504 1501342494.27362 2197310925.5422897 2148381812.58563 1440745679.40497 2136177579.26713 2125081617.11658 2069051103.97409 1298508717.29821 1387995036.25606 1625556809.2515 1414279980.40051 2121702094.0532699 1640833307.60679 1099379209.97845 1646753795.45603 1119875714.76091 1812533879.26754 1817122015.65452 1777943846.29189 2084453072.75909 1066751859.55854 1624218536.91348 1682132596.06851 1808433546.66764 1184744735.08283 1758549098.24448 2053346488.86383 1043564981.66081 1066302937.06017 1610930557.48278 1282175966.94918 1766169482.62512 1532300121.42624 1894298235.10339 1139677578.85523 1882121038.79737 1562073797.516 2060004112.86966 1957911529.15173 1586736249.48482 1369539508.43061 1457135713.81052 1200114812.32042 1669604060.18481 2163404084.19859 1392923679.48252 2171425212.66191 1896442229.31262 1910215452.83079 1269409940.45419 
2061554216.0138798 1909008936.63909 1158725259.54999 1497071835.53056 1887320329.71782 2275954325.32352 2120859825.06847 1576998763.88081 1022731015.61466 2041272298.1851401 1692272378.08661 1797766366.9738 2168556741.79323 1534687574.36116 1005775365.74875 1648299396.22275 2039158241.2786498 1029160607.91227 0 1004978900.63994 1997501140.65619 1424058318.94472 1282237658.07801 1208279747.46866 2164614257.02885 2122369032.93468 2131043945.3575299 1488925264.48632 2105624408.72487 1808666918.64133 1342934891.95575 2025326513.71979 1626198580.77209 2051075227.1974 2205454520.51683 1921460011.85297 1013388849.12623 1738941861.93244 1814841935.45684 2051782309.18307 2026767174.7859402 1025906590.13825 1834024931.64716 1826333751.8684 1387341352.26825 1874155229.71058 1694373829.09314 2131583134.25806 2220470022.99123 2069262684.1423602 1284859312.31449 2233590777.62754 1880600399.25368 1773518952.6921 1121165943.36642 1534222525.32777 1020473254.33069 2103296867.7753 1928991106.41594 1728706999.77895 1092541486.141 1584479585.95656 1315950692.21982 1728156886.01381 2016935295.31223 1467867248.49052 1623551057.84172 2180971858.43313 2111077194.67291 2095912467.47081 1994320782.84882 2117532266.55341 1502609634.09647 1181459391.65981 1590046996.52186 2244307370.12361 1423283827.40954 1100633423.67822 2179200490.5184803 1864449903.99775 2130539374.04207 1204254427.11507 1979465348.64167 1147251680.36465 1650118614.04626 1483388478.87895 2058410381.51264 1432963253.55069 2179048437.72668 1760600754.35298 1489915483.29614 2071935743.49534 2073094769.83665 1426649969.93762 2258316887.30179 1142264604.74964 1298383637.22194 1856505571.81293 1057118183.41341 
1296683850.58084 2190441639.65209 1246032631.28838 1014418422.30806 1476984590.23427 2148440452.43318 2066861985.85409 1639544605.82117 2027709916.2546 2068318960.7234101 2025481498.4092302 1571902362.36469 1689328817.65963 2086606846.99078 1330969056.9516 1710929826.14217 1349931193.74731 1946036650.60797 1004978900.63994 0 1009500771.4658 1784137773.3811 1322834335.77032 1673737683.69419 1809748587.31852 1666832440.21608 1213800269.58082 2074237405.87212 1347180277.2401 1683414305.04112 1435061528.51298 1020347613.07985 2041234413.57599 1141777403.3754 1852598850.0004 2071470509.76178 1071470509.76177 1185889082.79049 1684046290.94508 1321887663.28733 1546132583.36874 2030885490.7781901 1765632664.15787 1701678496.88407 1858344882.35281 2108167282.52735 1914888957.71696 1132974821.37622 2057874843.02931 1314656589.7262 2265759656.44687 2080086761.4612198 1951241219.22633 2150707735.00829 1382257311.449 2146485628.2676501 2025452154.9706302 2069493950.2258801 2166334504.7056503 1157635941.19989 1279433419.60847 1619619488.08224 1428534041.10734 1296019581.77182 1472021491.57469 1860396175.3378 1047111501.33046 2060304849.8808599 1518918977.76568 1913286449.73455 1306752465.89665 1526724652.4175 1699184539.80089 1660650868.09577 2114094444.97054 1317485233.31228 1825462666.0709 1331960371.22398 1521758558.28381 1987926034.76946 2018172190.61089 2115884965.9626398 1619243351.25473 1928209697.84619 2074680526.45694 2140954901.9214702 2175189037.79696 2226304810.95455 1174069537.08674 2101548485.4879203 1591719384.32781 1314008999.71367 1307316914.0448 1848636431.60892 1869400440.83388 2147243505.38958 1667500884.45976 2175260313.2895103 1557901711.67972 
1473843619.42419 1190265156.86709 1994897301.98723 1396037224.19041 1904768087.44746 2083765499.7034998 2106235607.97404 2158946794.90771 1751768132.83723 1155199246.84803 1717336375.29133 2114667572.79882 1249416497.55515 1077106075.52498 1990826586.25033 1061204960.69984 1196231303.71719 1173637053.59567 1997501140.65619 1009500771.4658 0 1004659733.26396 1905850904.19938 1904266400.7289 1296824441.02392 2090415781.3566499 1334098319.81412 1065685100.2705 1390389497.84197 2096228461.9815798 1250985293.82186 1842188062.01132 1372497891.67625 2080913957.59953 1714908118.58327 1272311023.28718 1823650403.88356 1960545545.30641 1121608762.40126 1620496637.62014 1438417197.94728 1266483197.73635 1734554614.72475 1034326606.87523 1150885501.8734 1436159069.31023 1089521697.68631 1931669984.92457 1048374071.56351 2050584800.71318 2098910612.88654 1437857210.96584 1498758724.9963 2058870118.27451 1523623461.01664 1880923572.11993 1929952722.6968 1485111372.54689 1381764617.06055 1547034087.35588 1155299522.47268 1531710084.78518 1668368615.71542 1789266379.55968 1493360463.30236 1822502391.27772 2056612272.7962599 2077692895.7929401 1336999336.46319 1303555333.66103 1485114071.84939 1521435764.81388 1337670257.67246 1949460597.25392 1257667472.36128 1823465173.46025 1797812298.83606 1038767697.69665 1141512172.79885 2008771532.6055999 1008671419.14509 1147771182.09306 1270956065.51251 1939118639.34161 2173478299.10693 1199215635.31249 1812599029.80245 1830771876.00712 1801488854.10478 2181549345.97117 1610534394.38591 1231727557.64009 1039769929.96297 2205140581.29105 1563245785.5522 1373940679.44477 2061503447.71668 1745611178.39573 1509106213.64524 
1899120131.88761 1957507318.76483 1259824311.58062 1062309633.39316 1608140403.98423 2156077325.03066 1145503025.63588 1371024908.18241 1385292313.50071 1150342361.09862 1025231603.97737 1829207321.75994 2206352501.59949 1727318619.96609 1770492867.41315 1040980864.93116 1697949207.96677 1985886173.69833 1424058318.94472 1784137773.3811 1004659733.26396 0 1017840142.05227 2033714949.96546 2091523038.10896 2113350333.05063 1330402114.61678 1088619651.96448 1600133938.70913 1091568728.71762 1950447696.24553 1405525536.48474 2085836786.89358 1917054956.19232 1809414978.70309 1452352870.50623 1221604155.68317 1640525870.33518 2091148336.03516 2115396111.72891 2116550041.13989 1608281955.96309 2042242725.87045 2038986340.13919 2155545235.13736 2269113789.2894897 2094181430.9502702 1562170108.77566 1745054481.8668 1045925067.44922 2070953788.9401 1559882250.33498 2077072756.0684 1388207981.76792 2042188054.98875 1534651146.75131 2174456424.07782 1713581993.83759 1918072432.91788 1878467856.64461 1432459965.33437 1965282116.24317 2140207613.7002 2100189538.99057 1934160205.9115 1740979384.79137 1155208283.14358 2168401631.69398 2094817975.98151 2092788553.8683 1180295529.20532 1247583268.42922 1458358350.82075 1527803115.74341 2222542563.28729 1714853314.26655 1994864861.59465 1425749004.98955 1548883032.90503 1672714158.31264 2013331152.40905 2116915699.38883 2205733454.95446 1479390287.77017 2172210505.32557 2075084454.16505 2192100791.64113 1742571541.84233 1779714617.80581 1776289847.9605 1626677457.94261 1031179173.03411 2044429663.2269301 1817663474.23722 2154226623.27466 2131164726.07159 1074640805.39934 1673544876.735 2077763910.5327 
2048830764.60624 1148160357.29759 1328473956.32955 1117537942.58292 2117467144.8971 1953494821.14942 1080618486.36777 2086893684.99557 2165002412.0735703 1469474587.07664 1630211526.90061 1357283201.87037 1626888565.43173 1748744023.85616 1780200694.31326 1835773041.67342 2141815208.18276 2179839764.80333 1282237658.07801 1322834335.77032 1905850904.19938 1017840142.05227 0 1015874807.91319 1242829178.96771 1436543280.88588 2060574925.86908 2063140375.56499 1028986577.849 2034645997.01347 1725822736.55898 2058367100.18405 1389686149.28696 1971561250.37169 1774133775.35608 1847931778.75219 1132530049.08186 2128811396.31039 1409985036.12173 2029090088.47437 2056767254.52107 2059974033.5245 1024402583.81818 1197850081.22786 1415436262.21865 1435244021.02105 1101434722.89985 1230524966.66303 1529103710.24632 1486689883.18106 1086387819.09774 1809639059.3998 2132301065.25816 2085398712.32593 1024347912.93648 1883038216.44576 1606196801.95724 2165009324.65206 2108843399.36122 1112228539.30359 1344163647.72533 2194253773.0736103 2088766179.23554 1989101725.18751 1152956834.07524 1446180292.77584 1994665398.58195 2161245836.83912 2127306483.4130602 1985049628.56208 1288474474.69018 2133910539.08217 2118096632.73029 1593443293.72953 1948847017.69752 1705508734.72298 2168695987.23941 1743158081.6222 2077167880.38873 1902266001.40327 2141826356.43783 1729055787.83751 2031000669.7177901 1066709674.42306 2067075323.71484 2052189761.27543 2228404772.9704 1757128619.21357 2165839389.56371 2107856400.16778 2056773954.71749 1751885449.33253 1623552736.90546 2133090977.4242501 1638996148.14415 2144041171.5799 1497184039.02373 1479683031.83006 2062958969.34707 
