23
MapLocation12 MapLocation24 MapLocation17 MapLocation34 MapLocation23 MapLocation36 MapLocation6 MapLocation5 MapLocation18 MapLocation28 MapLocation47 MapLocation8 MapLocation7 MapLocation39 MapLocation10 MapLocation37 MapLocation11 MapLocation43 MapLocation20 MapLocation19 MapLocation42 MapLocation25 MapLocation29
0 1097525856.04374 1450572545.06546 2386090072.32106 1553708802.66768 2347190540.39478 1784765020.19425 2158715373.0229397 2364339823.56953 2461678308.59184 1296768281.59263 2272791250.87646 2158715373.0229397 2296796784.91059 2206030946.07526 1193770115.17265 2194579646.21428 1770793192.8292 2269277003.92463 1272574797.27579 2365461924.90055 2284950808.45987 1052676487.28391 
1097525856.04374 0 1101371761.4448 2114257742.52418 1868129697.87051 1249664684.35104 1401350751.75981 1321953138.97131 1786015934.42002 1555747488.54042 2394294137.6363697 2394357918.0401697 1803335794.50758 2155050074.52928 1397452912.95085 1759825397.3206 1539262500.58788 1745854177.34931 2033591134.86338 1961762949.4859 1834851620.40226 1762720220.54814 2150202343.32765 
1450572545.06546 1101371761.4448 0 1012885981.07938 1740446032.35142 1391161300.53223 1571872923.62021 1551807606.38485 1633058004.61166 1471277448.27393 2065064843.24669 2144915721.5381002 1923158074.76189 1720086000.49345 1377512739.11579 2165247643.91184 1164438112.87021 1634649239.51521 1118490725.60283 1835869196.43 1900443187.39735 1295894529.22183 1361003771.75852 
2386090072.32106 2114257742.52418 1012885981.07938 0 1110931332.70672 1727782105.29708 2426044250.215 2278346798.16954 2389922219.33067 1421699933.18624 1922102996.23616 1883792350.13289 1311020751.85019 2115484698.8641 1652034854.37479 1192319957.14841 1597593256.70242 2317024329.05803 1846375164.44213 2385819246.72715 1958468100.01981 2308780510.30121 1841586586.50311 
1553708802.66768 1868129697.87051 1740446032.35142 1110931332.70672 0 1107036518.26908 2088221967.21844 2284516696.29552 1349393256.39188 2309852698.29571 1682677569.50401 1461286485.92649 1586881409.28428 2110911596.96749 1454222557.96659 1206789066.56668 1932455951.18664 2461575761.1921597 1260628751.51492 1499450968.27561 1786356999.29157 1435951491.24906 1910320396.18541 
2347190540.39478 1249664684.35104 1391161300.53223 1727782105.29708 1107036518.26908 0 1086228386.21187 2086228386.21188 1182430128.11888 1240906383.55751 1985835571.61911 1144693233.68913 1424123388.84686 2364127144.65478 1326507268.23681 1368652051.80161 2349764641.37285 1701568733.60598 1436015043.30695 1989993712.66269 2238412252.70058 1262091422.08023 1409403219.60494 
1784765020.19425 1401350751.75981 1571872923.62021 2426044250.215 2088221967.21844 1086228386.21187 0 1000000000.00001 1481268510.13163 1842210135.48717 1000000000.00001 2000000000.00002 1640034068.39976 1821425984.7433 2103232443.20352 1974232788.10409 1821641254.47458 2358888391.90103 1567594599.46984 1162580639.03935 1990414313.88996 2104346701.89993 1702108631.78546 
2158715373.0229397 1321953138.97131 1551807606.38485 2278346798.16954 2284516696.29552 2086228386.21188 1000000000.00001 0 1270858520.70328 1805132322.57922 1385225569.10855 1732427382.56011 1338125466.76046 1616290965.85426 1321648577.69108 1361274934.11404 2362084465.15567 1358888391.90102 1900226602.37803 1816494460.38641 1487307605.20185 2333804422.78749 2488608357.27109 
2364339823.56953 1786015934.42002 1633058004.61166 2389922219.33067 1349393256.39188 1182430128.11888 1481268510.13163 1270858520.70328 0 1046152480.2422 2211062507.24141 1243247876.78075 1078901467.48048 2160364630.3754 1653717948.26015 1461217703.87783 1167334513.25397 2182933607.79674 2325468239.34687 1196515136.73128 2165550703.97731 1360349877.3777 1316003271.35137 
2461678308.59184 1555747488.54042 1471277448.27393 1421699933.18624 2309852698.29571 1240906383.55751 1842210135.48717 1805132322.57922 1046152480.2422 0 1164910026.99921 1304785022.8297 2125053947.72268 1861222901.28803 1687958594.65 2298248243.13863 2213486993.49617 1970200453.97687 2589768173.87676 1214075606.9923 1340905816.08214 2359140424.78768 2362155751.59357 
1296768281.59263 2394294137.6363697 2065064843.24669 1922102996.23616 1682677569.50401 1985835571.61911 1000000000.00001 1385225569.10855 2211062507.24141 1164910026.99921 0 1000000000.00001 1202500793.3796 2283963956.27452 2124224210.20651 2393568135.05471 1830402942.74838 2436871040.15936 1582879724.68821 1033693973.68871 1270099647.7546 2071073366.09536 1822663160.79183 
2272791250.87646 2394357918.0401697 2144915721.5381002 1883792350.13289 1461286485.92649 1144693233.68913 2000000000.00002 1732427382.56011 1243247876.78075 1304785022.8297 1000000000.00001 0 1000000000.00001 1820602343.07241 1926512477.86094 1393568135.0547 1875796329.03447 1444918840.51212 1687834319.06956 1000216453.60067 1093719019.01145 1071073366.09535 1312879761.64556 
2158715373.0229397 1803335794.50758 1923158074.76189 1311020751.85019 1586881409.28428 1424123388.84686 1640034068.39976 1338125466.76046 1078901467.48048 2125053947.72268 1202500793.3796 1000000000.00001 0 1081463162.89492 2119083039.31289 2220706611.96393 2246235980.73445 1298962153.80549 2367112906.3808203 1835410683.79447 1086649236.49683 2071073366.09536 1604402224.95101 
2296796784.91059 2155050074.52928 1720086000.49345 2115484698.8641 2110911596.96749 2364127144.65478 1821425984.7433 1616290965.85426 2160364630.3754 1861222901.28803 2283963956.27452 1820602343.07241 1081463162.89492 0 1037619876.41797 2049880707.32058 2155054811.11147 1976688368.86126 2060713182.58681 1750348018.97714 2168112399.3917503 1406738430.43838 1244120297.62668 
2206030946.07526 1397452912.95085 1377512739.11579 1652034854.37479 1454222557.96659 1326507268.23681 2103232443.20352 1321648577.69108 1653717948.26015 1687958594.65 2124224210.20651 1926512477.86094 2119083039.31289 1037619876.41797 0 1012260830.90261 1398507418.79518 1875736983.65847 1763756931.15966 1090530236.5178 1761693647.94765 1326218919.18145 1766614835.84702 
1193770115.17265 1759825397.3206 2165247643.91184 1192319957.14841 1206789066.56668 1368652051.80161 1974232788.10409 1361274934.11404 1461217703.87783 2298248243.13863 2393568135.05471 1393568135.0547 2220706611.96393 2049880707.32058 1012260830.90261 0 1000809531.04163 1743951582.72932 1640543640.76064 2102791067.4204102 1578303940.24294 2202236409.45295 2246446602.45656 
2194579646.21428 1539262500.58788 1164438112.87021 1597593256.70242 1932455951.18664 2349764641.37285 1821641254.47458 2362084465.15567 1167334513.25397 2213486993.49617 1830402942.74838 1875796329.03447 2246235980.73445 2155054811.11147 1398507418.79518 1000809531.04163 0 1015599094.54277 1381711392.78351 2363849649.98525 2350777908.71085 1388253928.6407 1993396664.25679 
1770793192.8292 1745854177.34931 1634649239.51521 2317024329.05803 2461575761.1921597 1701568733.60598 2358888391.90103 1358888391.90102 2182933607.79674 1970200453.97687 2436871040.15936 1444918840.51212 1298962153.80549 1976688368.86126 1875736983.65847 1743951582.72932 1015599094.54277 0 1200947009.67724 1860472344.17542 2378124186.46487 1280767910.65301 1129719965.37007 
2269277003.92463 2033591134.86338 1118490725.60283 1846375164.44213 1260628751.51492 1436015043.30695 1567594599.46984 1900226602.37803 2325468239.34687 2589768173.87676 1582879724.68821 1687834319.06956 2367112906.3808203 2060713182.58681 1763756931.15966 1640543640.76064 1381711392.78351 1200947009.67724 0 2315388828.10266 2275704638.36593 1518658491.46171 1998542459.58724 
1272574797.27579 1961762949.4859 1835869196.43 2385819246.72715 1499450968.27561 1989993712.66269 1162580639.03935 1816494460.38641 1196515136.73128 1214075606.9923 1033693973.68871 1000216453.60067 1835410683.79447 1750348018.97714 1090530236.5178 2102791067.4204102 2363849649.98525 1860472344.17542 2315388828.10266 0 1092887127.62476 2071289819.6960201 1921753302.08849 
2365461924.90055 1834851620.40226 1900443187.39735 1958468100.01981 1786356999.29157 2238412252.70058 1990414313.88996 1487307605.20185 2165550703.97731 1340905816.08214 1270099647.7546 1093719019.01145 1086649236.49683 2168112399.3917503 1761693647.94765 1578303940.24294 2350777908.71085 2378124186.46487 2275704638.36593 1092887127.62476 0 1448061223.12555 1919570033.42812 
2284950808.45987 1762720220.54814 1295894529.22183 2308780510.30121 1435951491.24906 1262091422.08023 2104346701.89993 2333804422.78749 1360349877.3777 2359140424.78768 2071073366.09536 1071073366.09535 2071073366.09536 1406738430.43838 1326218919.18145 2202236409.45295 1388253928.6407 1280767910.65301 1518658491.46171 2071289819.6960201 1448061223.12555 0 1569408370.92975 
1052676487.28391 2150202343.32765 1361003771.75852 1841586586.50311 1910320396.18541 1409403219.60494 1702108631.78546 2488608357.27109 1316003271.35137 2362155751.59357 1822663160.79183 1312879761.64556 1604402224.95101 1244120297.62668 1766614835.84702 2246446602.45656 1993396664.25679 1129719965.37007 1998542459.58724 1921753302.08849 1919570033.42812 1569408370.92975 0 
