50
MapLocation67 MapLocation40 MapLocation8 MapLocation97 MapLocation27 MapLocation44 MapLocation65 MapLocation0 MapLocation1 MapLocation2 MapLocation13 MapLocation79 MapLocation68 MapLocation14 MapLocation49 MapLocation80 MapLocation35 MapLocation58 MapLocation66 MapLocation20 MapLocation82 MapLocation93 MapLocation39 MapLocation17 MapLocation81 MapLocation91 MapLocation51 MapLocation10 MapLocation86 MapLocation61 MapLocation73 MapLocation85 MapLocation88 MapLocation48 MapLocation42 MapLocation4 MapLocation3 MapLocation74 MapLocation83 MapLocation24 MapLocation70 MapLocation72 MapLocation45 MapLocation6 MapLocation5 MapLocation55 MapLocation37 MapLocation98 MapLocation78 MapLocation77
0 1018102273.71291 2021233916.14354 2054917771.6061401 1920308551.80514 1890511267.44504 1546556777.75074 1591023654.36264 2321154048.38008 1753337132.35821 1264702559.34658 1119631528.20964 1861614024.41068 1532773134.0171 1954146522.40708 2167694186.94243 1212510365.89415 1034833705.37049 1805646716.22825 1404585202.52566 2092184099.7277498 2022028120.39313 1375199803.21973 1937784053.14878 2134246294.4890199 2295217350.11104 2091671941.0588698 2231591207.50949 1569444014.48259 1957385926.37689 1673067168.61049 2328936348.48695 1701502764.03936 1558615387.95467 2329696032.74148 1473061110.66333 1432144278.93147 1654182379.6889 2204845857.63693 1190821133.12173 1433195313.59115 2044398949.31481 1370649021.24388 1557674940.67538 2071559135.16079 1462186181.05042 1225402965.57136 1249733067.40695 1529314118.77171 1015092420.30294 
1018102273.71291 0 1003131642.43063 1887595835.61155 1763926701.48144 1403984025.22942 1716813583.67598 2131678822.0546398 1936869501.07499 1670076891.26307 1414505381.75005 2137733801.9225502 2101754262.75425 1070598996.30044 1965306319.22154 1965683887.38741 1542482342.56212 2052935979.0834 1321392653.81369 1095247999.59028 1698370581.48144 1105695864.66925 1481521169.70823 1874291606.09598 1134639477.25762 2230460349.76769 2119665024.07334 1246628399.14893 1700390674.41875 1877379407.63196 1060497396.56989 1511419869.04731 1079433560.61092 2114912103.7586498 2311282176.33881 1639497707.65373 2184587519.5797 2320949397.79318 1891321991.54118 2153079858.83825 2052728924.90906 2095070321.22266 1262850809.33893 1732952618.51111 1053456861.44788 1739222261.60105 1263069809.63972 2067041944.7572298 2322926757.00382 1998143269.51004 
2021233916.14354 1003131642.43063 0 1024575824.096 2073081930.34024 1355453365.88061 1058701468.20634 2086421499.4689898 1487339008.67908 2347107007.71348 1392039780.45613 2133356360.83154 2306740699.79294 1734060229.72052 1603473728.44044 1296625406.37705 1906189292.27818 1762364692.98092 1045160709.39338 1074519522.07336 1665240972.35291 1593183965.56299 2365070483.9368896 1559836575.20303 1617325649.48429 1594613109.09906 2146399351.3316503 2204318586.24113 1300354413.39706 1237260962.88407 1753848876.31669 2175328935.8714 1316802101.75752 1533813827.41076 2215135737.7593603 2114697433.6448598 1711128717.5495 1496475439.23869 2158050074.39802 2155447065.6392097 1049597282.47843 2121804648.4809701 1044936108.10895 1125889912.38301 1936416491.19791 1091251436.3136 1323423022.63401 1063910302.3266 1391613657.25608 1477429961.2466 
2054917771.6061401 1887595835.61155 1024575824.096 0 1048506106.24424 1662155088.99819 1881700987.46461 1462029389.54776 1448733734.39931 1359474543.49443 1730683782.47679 1618478326.89722 1282164875.69694 1149660779.83611 2196972419.06451 2321201230.47305 2170781238.4629803 1827377567.40969 2069736533.48938 1830513403.75674 1433490388.65477 1943164477.31426 1470571818.49613 1344056969.34428 2158979225.4892797 1988475083.6894 1188493481.22944 2230795609.6560297 2092521502.39238 1083860772.89957 1719138147.9436 2182598844.18963 1327231701.00941 1628234925.86214 1833314974.26524 1700181516.51048 1102443610.83672 1763050117.47638 1342305378.852 2266404978.41121 1690822773.31733 1564356847.29299 1732204347.75356 1897616250.38356 1154003451.16336 1464146078.49457 1436546491.20385 1917586284.34549 1747785986.12535 1039825351.3032 
1920308551.80514 1763926701.48144 2073081930.34024 1048506106.24424 0 1000939785.35401 2074279890.8182201 2124500352.4091601 1212605743.48358 1706858513.24877 1444084677.05048 1231367754.12463 1770576552.62303 1239093848.22899 1981738979.88558 2402819292.65076 1406501192.19013 2307858819.18845 1818515321.62674 1837641264.73868 2093790140.68365 1133933023.68419 2151994891.24187 1230064781.4333 2373089109.4179897 2249853525.6618 1606941576.92666 1417034456.18961 2092704485.9881701 1307848263.16403 1966824072.62055 1946156532.697 2230868528.91706 2051122581.43231 1057380038.69531 1452932989.7871 2150949717.0809603 1058241912.18601 1114360379.18284 1692568489.05086 2340402465.56014 2312176832.02326 1141443298.654 1300314851.3066 1900042208.33994 1168978131.246 1726190808.64992 1361530571.20279 1693155087.2666 1450602885.61973 
1890511267.44504 1403984025.22942 1355453365.88061 1662155088.99819 1000939785.35401 0 1073340105.46421 1785170365.32632 2126067592.68481 1440331553.94022 1429851179.20103 1946382498.54032 2176893218.81841 1431748681.3559 1428186854.63755 1495595724.59213 2166553642.52141 2280142642.90553 1842026499.211 2278809871.4290304 2187502918.25253 1471540471.23291 1442538112.24632 2231004566.78731 1878595759.50966 1443262013.77675 1289740265.26874 1508538019.03157 1651342656.26596 1240269329.45303 2151753090.3325 1109179801.18249 1276165690.8638 1753381630.41974 1872795557.41663 1521021418.07531 1851905160.06444 1611767220.0158 1780321163.34978 2189587611.95956 2132793170.36416 1761589164.56454 1123591358.66933 1932624341.87057 1077186084.71171 2120564735.9749799 1644875453.31188 2242307204.99619 2221071177.42262 1266698169.84217 
1546556777.75074 1716813583.67598 1058701468.20634 1881700987.46461 2074279890.8182201 1073340105.46421 0 1027720031.26265 2027720031.26266 1834999510.97166 2164743699.25847 1507191283.39606 2218212900.80467 1457196747.66164 1525821804.64457 1913477174.55207 1314974106.03564 1314616649.54265 1896293046.67046 2133220990.2796998 2261163179.7205696 1260752731.73743 1434693277.38664 1986622808.70257 1439044629.59551 2173936564.68925 1334897615.2724 2096995930.4324899 2214069301.3312597 1802147504.38451 1078412984.86829 1336899563.25068 1998351778.52853 2106161850.82835 1652452569.2148 1492157576.06793 1172995266.15227 1480347629.40944 1618253366.23497 1209161531.6561 2108298750.68477 1080146576.9505 2103637576.31529 1381198227.41786 1150846346.17975 1047224630.51077 1292715939.69851 1906134692.70184 1403938476.81592 1803033017.10296 
1591023654.36264 2131678822.0546398 2086421499.4689898 1462029389.54776 2124500352.4091601 1785170365.32632 1027720031.26265 0 1000000000.00001 1345989131.70202 1137023667.99582 1228575555.12719 1407711061.91905 1061079825.7542 2116588240.6294398 1589520023.80289 2088070648.9081001 1764777311.27132 1923383373.42296 2269169828.3811197 2158013487.30214 1557162765.96642 1118153321.71108 2124247404.7424102 1776600832.16593 1813060724.96889 1349983556.16098 1137131150.29259 1270582724.59499 2245962842.7639 1240410167.5542 2258560610.69895 2113920362.71343 1078441819.5657 1444960332.7686 1253725456.37757 1802416437.85435 1498313756.06285 1010139973.22632 1456368318.72041 1778975484.99966 1368669600.17618 1932597319.05936 1714589546.48867 2178566377.4424 1865799567.12827 2320435970.9611597 1167252872.41671 1869739293.2686 2283410231.0661297 
2321154048.38008 1936869501.07499 1487339008.67908 1448733734.39931 1212605743.48358 2126067592.68481 2027720031.26266 1000000000.00001 0 1000000000.00001 1531771992.44817 1717877151.8603 2017078313.51264 1504611240.97721 1322309925.31222 1985934306.11476 1416935186.27195 1899569204.34354 1918913820.18166 2300558663.3540697 1426280019.82572 2298191797.73665 1856218488.51875 1838475170.06683 1874415938.12052 2138788385.02957 2212476918.6040096 2137131150.2926 1602580927.79159 1371384264.93145 2111433207.52427 1622987672.77072 1450123817.61379 1794244948.79076 2269985782.17889 2034857641.24645 1674142481.30941 1068147859.21622 1662003912.91558 1130332915.25835 1127796722.07656 1889146452.56993 1511192255.76199 1888133596.61622 1977621436.64904 2155679872.11245 2436672556.14421 1749242583.31495 1714730308.66316 1498464943.597 
1753337132.35821 1670076891.26307 2347107007.71348 1359474543.49443 1706858513.24877 1440331553.94022 1834999510.97166 1345989131.70202 1000000000.00001 0 1001146052.10366 1731117771.82973 2107622317.41326 1516601024.43101 1803096862.65615 2237131407.83984 1680977343.3075 2078738904.68006 1652833941.47274 1506019756.31223 1636889614.82817 2231645950.89092 2156105195.59003 2247588142.5581703 2195786580.66337 1138788385.02956 1319574519.01397 2105229862.9312701 1619410281.17783 2199494990.42342 1111433207.52426 2194711809.69603 1230316994.53981 1624326959.50059 2325054164.48636 2089639914.18679 2127646935.42459 1571254588.76018 1163353129.45273 2130309845.2595 2127796722.07657 1564928875.72648 1720195650.98173 1617936626.59441 1112683154.19158 1255855571.39988 2260058455.1756496 2099367985.7744 1016751137.00617 1076632706.47729 
1264702559.34658 1414505381.75005 1392039780.45613 1730683782.47679 1444084677.05048 1429851179.20103 2164743699.25847 1137023667.99582 1531771992.44817 1001146052.10366 0 1041923987.97059 1106476265.3096 1272253538.96276 1790674976.51028 1294033605.3795 2088788837.17797 1077592852.5764 1965327932.95763 1643195504.74113 1259228482.99759 1659606536.50091 1154959143.48637 2161053226.5177 1318052448.34434 1835224984.79047 1771250732.72598 1265597326.36424 1214795350.95417 1986156544.6757 2112579259.6279202 1889363551.23396 2111576768.4572902 1076098225.30956 1489692969.007 1516225099.94286 1911159837.07579 1384481928.94723 2147163641.22214 2160663242.17978 1148144033.0415 1419201621.58965 2235210675.61172 1469038096.28773 2113829206.29524 1555879455.08453 1998796614.62745 2214342619.58894 1901625022.1556 1356244969.83163 
1119631528.20964 2137733801.9225502 2133356360.83154 1618478326.89722 1231367754.12463 1946382498.54032 1507191283.39606 1228575555.12719 1717877151.8603 1731117771.82973 1041923987.97059 0 1025686214.81539 2056841481.2691998 1602431048.61781 1256597485.95079 2247516367.27992 1218827110.62822 2149444076.9499702 1058836838.75818 1785029472.30556 1588259926.84059 1501559902.11731 2444310646.02235 1411985565.33054 1695162697.27941 1967093849.17281 2156240402.52529 1494759889.93987 1130096426.91125 1623478392.99251 1699463790.20115 2296344668.68303 1497377712.93453 2245350319.88755 1536869214.45858 2343727283.5808 2284186120.5012703 1939833858.59237 1300113727.85719 1634659862.40239 1803838027.32006 1895278244.9165 1657580523.38444 2241288554.80458 2366266568.0829096 2155885411.55296 2239482714.73296 1363084411.48047 1719788545.89463 
1861614024.41068 2101754262.75425 2306740699.79294 1282164875.69694 1770576552.62303 2176893218.81841 2218212900.80467 1407711061.91905 2017078313.51264 2107622317.41326 1106476265.3096 1025686214.81539 0 1031155266.45381 1496199509.63179 1627605338.54635 1697743832.48088 1073809472.59799 1860032881.84169 2084523053.57357 1067207992.31148 1399926715.91763 1413906823.54206 1761869727.89675 1223340441.43839 1782360080.12749 1846435783.24073 2158683269.91185 1261230484.55336 1163671959.19132 2259651300.93749 1483720731.48616 2153019306.58718 1350278992.69188 1222466123.49923 1386494830.5056 2026556255.5236201 1763468074.19923 1786093143.7197 2173009997.10859 1669799284.27382 1475209046.51769 1431727817.43425 1483385494.41749 2049672889.7003102 1632862199.4183 1130199196.73757 2055572867.03931 1298516620.1086 2144299671.73629 
1532773134.0171 1070598996.30044 1734060229.72052 1149660779.83611 1239093848.22899 1431748681.3559 1457196747.66164 1061079825.7542 1504611240.97721 1516601024.43101 1272253538.96276 2056841481.2691998 1031155266.45381 0 1055508414.87524 1496167815.29921 2271629220.40924 1611658834.06246 2391991650.11413 1374748851.83876 1406329179.81961 1420942017.00142 1150175228.30687 1564800959.8487 1211039577.17431 1632919520.60594 1087231047.88293 2138507796.76952 2244601752.45448 2194827225.64513 1946046534.01848 1197480784.94475 1342625315.78559 1476613691.86221 1712963012.77949 2211317317.2681704 2252104390.67283 1626722427.96477 1997103255.43871 1975887372.02482 1323444272.16206 1306939780.17359 1449130596.32783 2224336873.14645 1211317317.26816 1405311388.7538 1345104285.4976 1636065002.57205 1308945126.57417 1322317071.63577 
1954146522.40708 1965306319.22154 1603473728.44044 2196972419.06451 1981738979.88558 1428186854.63755 1525821804.64457 2116588240.6294398 1322309925.31222 1803096862.65615 1790674976.51028 1602431048.61781 1496199509.63179 1055508414.87524 0 1004027666.09761 1973894637.71857 1991277079.99502 2054523059.5833201 1491565777.83534 1921593092.92786 1860802403.13755 1199519550.38301 2200004114.15915 1934524712.90706 1483705854.36909 1406267095.20421 1218282606.70879 2065505822.19332 1248928262.40435 1288765184.94752 2195493663.88066 1191298548.43917 1258212595.29361 2367455688.83971 2379300398.3551702 1843888827.88907 1338203700.07887 1270326452.40822 1676367613.18713 1761448261.63595 1711536467.31054 1099845824.09936 2256933004.91291 1870758640.74959 1037479957.4031 1324047717.88285 1626461042.45046 1498267546.40558 1682671402.46896 
2167694186.94243 1965683887.38741 1296625406.37705 2321201230.47305 2402819292.65076 1495595724.59213 1913477174.55207 1589520023.80289 1985934306.11476 2237131407.83984 1294033605.3795 1256597485.95079 1627605338.54635 1496167815.29921 1004027666.09761 0 1050847325.69962 2079536582.35132 2341786115.77043 1710190420.79548 1347064291.78812 1787890030.85435 2203547216.48062 1915055176.22498 1214545593.07724 2310366465.58731 1983644213.93401 2222310272.8064003 2366962103.46493 1569926970.30478 1230880394.44087 2104538833.33456 1100343717.89307 2135822261.0408 1979955130.84543 1831667264.10882 1837665351.11201 2225847179.71538 1388161373.79578 1315106746.41218 2275534420.10152 2302407007.50956 1995275371.43422 2393961114.51446 1307415211.90463 2041507623.50071 1457629452.30694 1756781141.47194 1902043736.83135 1992834160.92181 
1212510365.89415 1542482342.56212 1906189292.27818 2170781238.4629803 1406501192.19013 2166553642.52141 1314974106.03564 2088070648.9081001 1416935186.27195 1680977343.3075 2088788837.17797 2247516367.27992 1697743832.48088 2271629220.40924 1973894637.71857 1050847325.69962 0 1028689256.6517 1670328732.84438 1290833176.89851 2105110250.06371 2320624405.55573 1440626572.84636 1367489258.78919 1290112507.55012 2267333305.34892 1321102361.90706 1433432346.87269 2224483395.30772 1530286859.26922 1121029635.9283 1897579376.85726 1956769517.28674 2188881754.4701 1534329199.17847 1187304575.98029 2078164746.65279 1433531055.11882 1486326326.49829 1429866717.87741 2074831901.15463 2145595209.6405602 2244724084.32575 2231751001.90418 1420538862.45652 2215066599.0546904 1701425929.22372 2070438544.33147 2214463068.6188602 1187557708.95566 
1034833705.37049 2052935979.0834 1762364692.98092 1827377567.40969 2307858819.18845 2280142642.90553 1314616649.54265 1764777311.27132 1899569204.34354 2078738904.68006 1077592852.5764 1218827110.62822 1073809472.59799 1611658834.06246 1991277079.99502 2079536582.35132 1028689256.6517 0 1044698634.91616 2131581648.5901299 1599378725.69039 2196532263.79515 1978007609.77624 1787038434.97217 1453092099.66251 2103864078.6687799 1103490741.20429 1196757502.139 1623503119.13003 2173403678.96585 1252356598.60917 2170015893.1873903 1600218125.92441 1494695317.67019 1355602242.58929 1648756440.99885 2459348130.6012 1249616907.00244 1342601124.44186 2185634744.5499496 1621148174.31255 1582557303.80297 1366188349.78086 1476937329.82909 1824916444.14555 1399753334.26836 1066482510.2718 1136749767.01254 1348452332.18278 1648987837.73761 
1805646716.22825 1321392653.81369 1045160709.39338 2069736533.48938 1818515321.62674 1842026499.211 1896293046.67046 1923383373.42296 1918913820.18166 1652833941.47274 1965327932.95763 2149444076.9499702 1860032881.84169 2391991650.11413 2054523059.5833201 2341786115.77043 1670328732.84438 1044698634.91616 0 1090607238.19179 1232841992.89301 1151833628.87899 1895752624.48265 2246915015.08265 2179672942.76138 2169925642.83383 2148189376.12045 1554266104.28729 1696061805.20642 2282421672.27745 1185978297.50643 2333069818.0738897 1977001819.88422 2195295323.91483 1450593030.68323 1933078914.92801 2130986724.01836 2294315541.9186 1281972867.52444 2321137558.29917 1565952819.13491 1832250748.92163 1638204372.28295 1693674716.58665 2039108853.04619 1734279538.05232 1684602012.82124 1835092567.09683 1794714261.43324 1335745232.50072 
1404585202.52566 1095247999.59028 1074519522.07336 1830513403.75674 1837641264.73868 2278809871.4290304 2133220990.2796998 2269169828.3811197 2300558663.3540697 1506019756.31223 1643195504.74113 1058836838.75818 2084523053.57357 1374748851.83876 1491565777.83534 1710190420.79548 1290833176.89851 2131581648.5901299 1090607238.19179 0 1190386452.19312 1816607905.10856 2248015337.45685 2047277886.96773 2159433241.20266 1813343138.05095 1390407303.26909 1989074522.00156 1821743145.82013 2051340776.11982 2155745396.16017 1564693912.35461 1808680981.35864 1953999630.39874 1860059335.8994 2215702034.6364803 1284890444.82262 1774568956.67672 1952754635.91798 1695291355.60447 2044140227.66706 1352464576.5937 1600586499.58593 2200409434.45637 1256432207.96088 1723955711.73106 1845485805.6543 1642613578.19566 1793492913.17253 1121682891.6202 
2092184099.7277498 1698370581.48144 1665240972.35291 1433490388.65477 2093790140.68365 2187502918.25253 2261163179.7205696 2158013487.30214 1426280019.82572 1636889614.82817 1259228482.99759 1785029472.30556 1067207992.31148 1406329179.81961 1921593092.92786 1347064291.78812 2105110250.06371 1599378725.69039 1232841992.89301 1190386452.19312 0 1045332494.26436 1436557746.24853 1673492301.1392 1533080458.35829 1884547478.3601 1412394008.04667 1408520033.75116 1167010860.33731 1781563261.50663 1604123646.34177 2217174442.22159 1857858248.31521 1313339108.5495 1200465590.67489 1862398487.8391 1903353265.48991 1894999817.49753 1894749026.17086 1276104722.29138 2075398766.56936 1540852443.11867 1640035840.49654 1046896822.72634 1110316833.54082 2104600569.52384 1870155484.97758 2071005409.7462 1589537980.25759 1077091679.42481 
2022028120.39313 1105695864.66925 1593183965.56299 1943164477.31426 1133933023.68419 1471540471.23291 1260752731.73743 1557162765.96642 2298191797.73665 2231645950.89092 1659606536.50091 1588259926.84059 1399926715.91763 1420942017.00142 1860802403.13755 1787890030.85435 2320624405.55573 2196532263.79515 1151833628.87899 1816607905.10856 1045332494.26436 0 1018061867.55768 1933801771.92474 1494137923.01221 1177523524.12697 1157020693.70241 1966296798.89854 1138681092.10194 1723365084.13329 1211076897.05454 1417319963.66816 1955323228.35925 1926679356.63986 2172844757.22126 1995605549.79869 1078891654.91045 1950365080.31877 1557092415.3978 1509373249.11134 2189837234.92085 2216709822.32889 1218849915.25974 1382514182.83794 2155649327.8051796 1887413637.04137 1560274014.59287 2376466364.28727 1490055112.37415 2101655594.12275 
1375199803.21973 1481521169.70823 2365070483.9368896 1470571818.49613 2151994891.24187 1442538112.24632 1434693277.38664 1118153321.71108 1856218488.51875 2156105195.59003 1154959143.48637 1501559902.11731 1413906823.54206 1150175228.30687 1199519550.38301 2203547216.48062 1440626572.84636 1978007609.77624 1895752624.48265 2248015337.45685 1436557746.24853 1018061867.55768 0 1006094083.03133 1628036416.24115 1952201165.43779 1650442882.71705 1982701033.37816 2136470250.54563 1127809521.05282 2229138764.61222 1319907496.52948 2079107923.1926 1624440215.93772 2373785170.87719 2165720112.06168 2096953522.46813 2077304461.35823 1733120395.33328 2076959836.98997 1945621885.65158 2214063051.79463 2236911782.81742 1698596102.35411 1452473946.90946 1964080409.30938 1922816050.66215 2285406194.12779 2231403641.6322002 1258996154.96885 
1937784053.14878 1874291606.09598 1559836575.20303 1344056969.34428 1230064781.4333 2231004566.78731 1986622808.70257 2124247404.7424102 1838475170.06683 2247588142.5581703 2161053226.5177 2444310646.02235 1761869727.89675 1564800959.8487 2200004114.15915 1915055176.22498 1367489258.78919 1787038434.97217 2246915015.08265 2047277886.96773 1673492301.1392 1933801771.92474 1006094083.03133 0 1143024327.98469 2077446435.0564299 1289245889.37724 1830662474.58193 1253055256.27284 1887478195.90096 1911751453.95622 1216295317.06612 2195821185.7021103 1620261721.78675 2253704350.5230002 2143560439.91921 1599494955.35442 1591595440.38581 1368465013.52679 2170061034.05254 1576402016.45166 1207968968.7633 1437026122.85617 1985142227.47905 1998617167.82333 1509447800.12387 2319828699.98171 1532578639.68022 2183750467.4191704 1938822830.3238 
2134246294.4890199 1134639477.25762 1617325649.48429 2158979225.4892797 2373089109.4179897 1878595759.50966 1439044629.59551 1776600832.16593 1874415938.12052 2195786580.66337 1318052448.34434 1411985565.33054 1223340441.43839 1211039577.17431 1934524712.90706 1214545593.07724 1290112507.55012 1453092099.66251 2179672942.76138 2159433241.20266 1533080458.35829 1494137923.01221 1628036416.24115 1143024327.98469 0 1095820872.51007 2096194209.9745603 1144244483.82097 2161719196.2286596 2097313538.76678 1803645052.66224 1532384302.87891 1370566313.11432 2251039325.2957897 1362841607.24287 1538403366.58752 1185078793.02458 2359217031.87998 1468992244.43662 1307271839.88652 1896282159.36707 1251590862.85994 2397490286.59655 1659336725.18409 1867841975.73846 2146662764.28511 1880200733.84467 1709454675.28676 1693710006.04682 1119153874.18608 
2295217350.11104 2230460349.76769 1594613109.09906 1988475083.6894 2249853525.6618 1443262013.77675 2173936564.68925 1813060724.96889 2138788385.02957 1138788385.02956 1835224984.79047 1695162697.27941 1782360080.12749 1632919520.60594 1483705854.36909 2310366465.58731 2267333305.34892 2103864078.6687799 2169925642.83383 1813343138.05095 1884547478.3601 1177523524.12697 1952201165.43779 2077446435.0564299 1095820872.51007 0 1000373337.46449 2051650086.35108 1878744663.72166 1952541698.28008 1749966426.13648 1730988575.17006 2219908999.5016 1464881268.30451 2174243002.17537 1828412874.42951 1000941298.53698 1422936874.36301 2058553689.5142798 1566172607.91347 2081654008.24926 2309636912.58224 1784297459.04424 1470885721.43517 1689313891.55966 1845570647.99118 1895900665.97197 1604932204.27687 2111837096.9554 1333194021.23954 
2091671941.0588698 2119665024.07334 2146399351.3316503 1188493481.22944 1606941576.92666 1289740265.26874 1334897615.2724 1349983556.16098 2212476918.6040096 1319574519.01397 1771250732.72598 1967093849.17281 1846435783.24073 1087231047.88293 1406267095.20421 1983644213.93401 1321102361.90706 1103490741.20429 2148189376.12045 1390407303.26909 1412394008.04667 1157020693.70241 1650442882.71705 1289245889.37724 2096194209.9745603 1000373337.46449 0 1051276748.88659 2046527749.4700298 2030902207.28587 1715278418.13251 1234501433.43954 1966252890.04667 1068904910.15961 2034191715.82499 2405558700.3085804 1718899534.39955 2238700218.15149 1501027499.47821 1082144003.34566 2090707015.72676 1854753784.49023 1412073688.73654 1496956280.84218 2046730900.10462 1489580247.42466 2169973251.47609 2103434911.5380502 2139755474.81169 2228318832.53264 
2231591207.50949 1246628399.14893 2204318586.24113 2230795609.6560297 1417034456.18961 1508538019.03157 2096995930.4324899 1137131150.29259 2137131150.2926 2105229862.9312701 1265597326.36424 2156240402.52529 2158683269.91185 2138507796.76952 1218282606.70879 2222310272.8064003 1433432346.87269 1196757502.139 1554266104.28729 1989074522.00156 1408520033.75116 1966296798.89854 1982701033.37816 1830662474.58193 1144244483.82097 2051650086.35108 1051276748.88659 0 1193828849.98096 1715051632.40435 1892764203.8512 2285778182.32613 2309023657.55007 2120181659.0462 2099662921.39434 1695138127.13107 2199374524.34352 1745762005.93737 1834037980.52315 1476246943.48188 2148626250.63624 1240123535.75836 2159101831.53186 2344630081.4215603 2300085260.5968103 1540894227.95856 1666275302.66509 1548949748.30123 1088478725.9251 1391297419.12347 
1569444014.48259 1700390674.41875 1300354413.39706 2092521502.39238 2092704485.9881701 1651342656.26596 2214069301.3312597 1270582724.59499 1602580927.79159 1619410281.17783 1214795350.95417 1494759889.93987 1261230484.55336 2244601752.45448 2065505822.19332 2366962103.46493 2224483395.30772 1623503119.13003 1696061805.20642 1821743145.82013 1167010860.33731 1138681092.10194 2136470250.54563 1253055256.27284 2161719196.2286596 1878744663.72166 2046527749.4700298 1193828849.98096 0 1008660729.49281 2125990284.87771 1540976999.65624 1838607426.23353 1239804302.19282 1098539545.21941 2128147557.89138 1650712120.69538 2274105645.79787 1806345672.12691 2216448433.19202 2218758369.18896 1424439406.64645 1920521013.36266 1968967928.21844 1475086721.00675 1483195279.65089 2235529498.02386 1362147659.904 1185055333.63947 2161763715.60597 
1957385926.37689 1877379407.63196 1237260962.88407 1083860772.89957 1307848263.16403 1240269329.45303 1802147504.38451 2245962842.7639 1371384264.93145 2199494990.42342 1986156544.6757 1130096426.91125 1163671959.19132 2194827225.64513 1248928262.40435 1569926970.30478 1530286859.26922 2173403678.96585 2282421672.27745 2051340776.11982 1781563261.50663 1723365084.13329 1127809521.05282 1887478195.90096 2097313538.76678 1952541698.28008 2030902207.28587 1715051632.40435 1008660729.49281 0 1117329555.3849 1132959087.38061 1794669670.08385 2175071925.15587 2107200274.71222 1941985678.56337 2017433829.8432999 2087778454.8076 2282282044.1827097 1207787703.69921 1437864995.12444 2182409515.12503 1452364354.42925 2363150875.26708 1844281451.35401 1338240081.77668 1584958662.96683 2110533893.21384 2084734500.71613 1153102986.11316 
1673067168.61049 1060497396.56989 1753848876.31669 1719138147.9436 1966824072.62055 2151753090.3325 1078412984.86829 1240410167.5542 2111433207.52427 1111433207.52426 2112579259.6279202 1623478392.99251 2259651300.93749 1946046534.01848 1288765184.94752 1230880394.44087 1121029635.9283 1252356598.60917 1185978297.50643 2155745396.16017 1604123646.34177 1211076897.05454 2229138764.61222 1911751453.95622 1803645052.66224 1749966426.13648 1715278418.13251 1892764203.8512 2125990284.87771 1117329555.3849 0 1187399528.40022 1513878309.78659 1405931094.24861 1546115064.37931 1250909137.67491 1286565852.2644 2170181269.17828 1886721867.34736 2137086666.19479 2032044064.10784 2157036156.34609 1772182356.44647 1368932825.75814 2113954258.01777 1955379855.54763 1320740041.59241 1652970167.14117 1262429360.43393 1127729627.33422 
2328936348.48695 1511419869.04731 2175328935.8714 2182598844.18963 1946156532.697 1109179801.18249 1336899563.25068 2258560610.69895 1622987672.77072 2194711809.69603 1889363551.23396 1699463790.20115 1483720731.48616 1197480784.94475 2195493663.88066 2104538833.33456 1897579376.85726 2170015893.1873903 2333069818.0738897 1564693912.35461 2217174442.22159 1417319963.66816 1319907496.52948 1216295317.06612 1532384302.87891 1730988575.17006 1234501433.43954 2285778182.32613 1540976999.65624 1132959087.38061 1187399528.40022 0 1004195115.44149 1907183566.59731 2375582011.86992 1363497707.6106 2307760678.66704 2064810922.51232 1620899139.20843 1761216322.497 1145043608.36548 1677095890.27046 1130392827.76245 2287480008.576 2150563084.3148003 1390497489.67831 1103533382.91559 2182502736.48935 2165173485.6824503 2184365875.78152 
1701502764.03936 1079433560.61092 1316802101.75752 1327231701.00941 2230868528.91706 1276165690.8638 1998351778.52853 2113920362.71343 1450123817.61379 1230316994.53981 2111576768.4572902 2296344668.68303 2153019306.58718 1342625315.78559 1191298548.43917 1100343717.89307 1956769517.28674 1600218125.92441 1977001819.88422 1808680981.35864 1857858248.31521 1955323228.35925 2079107923.1926 2195821185.7021103 1370566313.11432 2219908999.5016 1966252890.04667 2309023657.55007 1838607426.23353 1794669670.08385 1513878309.78659 1004195115.44149 0 1035478543.14773 2144721636.69383 1789250989.30265 1625282959.8945 1994288687.1997 2217338440.3957 1236010677.29254 1559293059.44331 1749702870.523 1089425230.26306 1634233950.14539 1469160299.3953 2228778505.84227 1293995144.38187 2205378962.42649 2247068131.54598 2234552172.7070904 
1558615387.95467 2114912103.7586498 1533813827.41076 1628234925.86214 2051122581.43231 1753381630.41974 2106161850.82835 1078441819.5657 1794244948.79076 1624326959.50059 1076098225.30956 1497377712.93453 1350278992.69188 1476613691.86221 1258212595.29361 2135822261.0408 2188881754.4701 1494695317.67019 2195295323.91483 1953999630.39874 1313339108.5495 1926679356.63986 1624440215.93772 1620261721.78675 2251039325.2957897 1464881268.30451 1068904910.15961 2120181659.0462 1239804302.19282 2175071925.15587 1405931094.24861 1907183566.59731 1035478543.14773 0 1109243093.5461 1775619201.36656 1547139355.74385 2355265977.13806 2088581792.79202 1770560987.2333 1204916446.06741 2348887311.96529 1159112450.30216 1208871980.4018 1771313272.56926 2105132253.75542 1880321025.81983 2154776914.15259 1298436207.40019 1573606257.6734 
2329696032.74148 2311282176.33881 2215135737.7593603 1833314974.26524 1057380038.69531 1872795557.41663 1652452569.2148 1444960332.7686 2269985782.17889 2325054164.48636 1489692969.007 2245350319.88755 1222466123.49923 1712963012.77949 2367455688.83971 1979955130.84543 1534329199.17847 1355602242.58929 1450593030.68323 1860059335.8994 1200465590.67489 2172844757.22126 2373785170.87719 2253704350.5230002 1362841607.24287 2174243002.17537 2034191715.82499 2099662921.39434 1098539545.21941 2107200274.71222 1546115064.37931 2375582011.86992 2144721636.69383 1109243093.5461 0 1295012045.14001 2295012045.1400204 1568641923.45102 1447830566.60897 2295500159.88037 2233806336.21769 1441096423.2677 1645245451.11301 1529403621.98844 1488515226.9969 1353206084.02622 1526634733.49961 1169405269.225 1308303027.48019 2135617827.76409 
1473061110.66333 1639497707.65373 2114697433.6448598 1700181516.51048 1452932989.7871 1521021418.07531 1492157576.06793 1253725456.37757 2034857641.24645 2089639914.18679 1516225099.94286 1536869214.45858 1386494830.5056 2211317317.2681704 2379300398.3551702 1831667264.10882 1187304575.98029 1648756440.99885 1933078914.92801 2215702034.6364803 1862398487.8391 1995605549.79869 2165720112.06168 2143560439.91921 1538403366.58752 1828412874.42951 2405558700.3085804 1695138127.13107 2128147557.89138 1941985678.56337 1250909137.67491 1363497707.6106 1789250989.30265 1775619201.36656 1295012045.14001 0 1000000000.00001 1045983293.79197 1619874799.65659 1800114169.3184 1603156407.38869 2315110718.34796 2271965132.10296 2233541945.7667503 1000000000.00001 1408773007.63095 1938546565.1527 1050787131.31826 1072888777.18062 2212252841.01223 
1432144278.93147 2184587519.5797 1711128717.5495 1102443610.83672 2150949717.0809603 1851905160.06444 1172995266.15227 1802416437.85435 1674142481.30941 2127646935.42459 1911159837.07579 2343727283.5808 2026556255.5236201 2252104390.67283 1843888827.88907 1837665351.11201 2078164746.65279 2459348130.6012 2130986724.01836 1284890444.82262 1903353265.48991 1078891654.91045 2096953522.46813 1599494955.35442 1185078793.02458 1000941298.53698 1718899534.39955 2199374524.34352 1650712120.69538 2017433829.8432999 1286565852.2644 2307760678.66704 1625282959.8945 1547139355.74385 2295012045.1400204 1000000000.00001 0 1216875410.47517 2053351071.91348 1643074859.34246 1592580594.50009 2253141843.10277 1780502562.22172 1233541945.76674 1698804646.245 1272125671.02584 2286582139.04075 2050787131.31827 1110895798.41842 1915967579.56456 
1654182379.6889 2320949397.79318 1496475439.23869 1763050117.47638 1058241912.18601 1611767220.0158 1480347629.40944 1498313756.06285 1068147859.21622 1571254588.76018 1384481928.94723 2284186120.5012703 1763468074.19923 1626722427.96477 1338203700.07887 2225847179.71538 1433531055.11882 1249616907.00244 2294315541.9186 1774568956.67672 1894999817.49753 1950365080.31877 2077304461.35823 1591595440.38581 2359217031.87998 1422936874.36301 2238700218.15149 1745762005.93737 2274105645.79787 2087778454.8076 2170181269.17828 2064810922.51232 1994288687.1997 2355265977.13806 1568641923.45102 1045983293.79197 1216875410.47517 0 1034564022.99884 1415938720.52813 1287744303.9683 1984240670.1864 1309946906.50118 2346673270.0117598 2045983293.79198 1087532012.89623 1368524696.92799 1155290712.23375 1568967873.34635 2115040902.99526 
2204845857.63693 1891321991.54118 2158050074.39802 1342305378.852 1114360379.18284 1780321163.34978 1618253366.23497 1010139973.22632 1662003912.91558 1163353129.45273 2147163641.22214 1939833858.59237 1786093143.7197 1997103255.43871 1270326452.40822 1388161373.79578 1486326326.49829 1342601124.44186 1281972867.52444 1952754635.91798 1894749026.17086 1557092415.3978 1733120395.33328 1368465013.52679 1468992244.43662 2058553689.5142798 1501027499.47821 1834037980.52315 1806345672.12691 2282282044.1827097 1886721867.34736 1620899139.20843 2217338440.3957 2088581792.79202 1447830566.60897 1619874799.65659 2053351071.91348 1034564022.99884 0 1181226940.1421 2091465484.5657802 2378809573.4025 2255803677.83684 2218672159.23574 1531831901.61466 2122096035.89507 2403088719.92683 1660567281.30223 1816938269.38143 1963248589.82943 
1190821133.12173 2153079858.83825 2155447065.6392097 2266404978.41121 1692568489.05086 2189587611.95956 1209161531.6561 1456368318.72041 1130332915.25835 2130309845.2595 2160663242.17978 1300113727.85719 2173009997.10859 1975887372.02482 1676367613.18713 1315106746.41218 1429866717.87741 2185634744.5499496 2321137558.29917 1695291355.60447 1276104722.29138 1509373249.11134 2076959836.98997 2170061034.05254 1307271839.88652 1566172607.91347 1082144003.34566 1476246943.48188 2216448433.19202 1207787703.69921 2137086666.19479 1761216322.497 1236010677.29254 1770560987.2333 2295500159.88037 1800114169.3184 1643074859.34246 1415938720.52813 1181226940.1421 0 1105849783.16078 2264161384.76341 1901749383.19174 1273989189.6371 1112401527.24785 1113812216.3237 2416224098.6930904 2145769662.92407 1714332161.88455 1737638386.29459 
1433195313.59115 2052728924.90906 1049597282.47843 1690822773.31733 2340402465.56014 2132793170.36416 2108298750.68477 1778975484.99966 1127796722.07656 2127796722.07657 1148144033.0415 1634659862.40239 1669799284.27382 1323444272.16206 1761448261.63595 2275534420.10152 2074831901.15463 1621148174.31255 1565952819.13491 2044140227.66706 2075398766.56936 2189837234.92085 1945621885.65158 1576402016.45166 1896282159.36707 2081654008.24926 2090707015.72676 2148626250.63624 2218758369.18896 1437864995.12444 2032044064.10784 1145043608.36548 1559293059.44331 1204916446.06741 2233806336.21769 1603156407.38869 1592580594.50009 1287744303.9683 2091465484.5657802 1105849783.16078 0 1172337531.78424 1457989023.54248 1456608038.6914 1518119082.96214 1383297964.0986 1865582818.519 1443571817.64225 2164506832.36308 1075660409.17407 
2044398949.31481 2095070321.22266 2121804648.4809701 1564356847.29299 2312176832.02326 1761589164.56454 1080146576.9505 1368669600.17618 1889146452.56993 1564928875.72648 1419201621.58965 1803838027.32006 1475209046.51769 1306939780.17359 1711536467.31054 2302407007.50956 2145595209.6405602 1582557303.80297 1832250748.92163 1352464576.5937 1540852443.11867 2216709822.32889 2214063051.79463 1207968968.7633 1251590862.85994 2309636912.58224 1854753784.49023 1240123535.75836 1424439406.64645 2182409515.12503 2157036156.34609 1677095890.27046 1749702870.523 2348887311.96529 1441096423.2677 2315110718.34796 2253141843.10277 1984240670.1864 2378809573.4025 2264161384.76341 1172337531.78424 0 1203141382.05992 1376269593.34201 2230992923.13025 1464806413.50039 2347309159.34934 1303627272.03433 2021923842.94189 1029306529.01187 
1370649021.24388 1262850809.33893 1044936108.10895 1732204347.75356 1141443298.654 1123591358.66933 2103637576.31529 1932597319.05936 1511192255.76199 1720195650.98173 2235210675.61172 1895278244.9165 1431727817.43425 1449130596.32783 1099845824.09936 1995275371.43422 2244724084.32575 1366188349.78086 1638204372.28295 1600586499.58593 1640035840.49654 1218849915.25974 2236911782.81742 1437026122.85617 2397490286.59655 1784297459.04424 1412073688.73654 2159101831.53186 1920521013.36266 1452364354.42925 1772182356.44647 1130392827.76245 1089425230.26306 1159112450.30216 1645245451.11301 2271965132.10296 1780502562.22172 1309946906.50118 2255803677.83684 1901749383.19174 1457989023.54248 1203141382.05992 0 1157087180.81355 1871777871.16849 1293253010.26307 2233926210.67804 2108846410.43555 2436549765.36503 2232447911.07179 
1557674940.67538 1732952618.51111 1125889912.38301 1897616250.38356 1300314851.3066 1932624341.87057 1381198227.41786 1714589546.48867 1888133596.61622 1617936626.59441 1469038096.28773 1657580523.38444 1483385494.41749 2224336873.14645 2256933004.91291 2393961114.51446 2231751001.90418 1476937329.82909 1693674716.58665 2200409434.45637 1046896822.72634 1382514182.83794 1698596102.35411 1985142227.47905 1659336725.18409 1470885721.43517 1496956280.84218 2344630081.4215603 1968967928.21844 2363150875.26708 1368932825.75814 2287480008.576 1634233950.14539 1208871980.4018 1529403621.98844 2233541945.7667503 1233541945.76674 2346673270.0117598 2218672159.23574 1273989189.6371 1456608038.6914 1376269593.34201 1157087180.81355 0 1553966413.03675 1692620348.59519 2406866699.0918303 2189800214.70961 2344437744.18516 1327670947.81278 
2071559135.16079 1053456861.44788 1936416491.19791 1154003451.16336 1900042208.33994 1077186084.71171 1150846346.17975 2178566377.4424 1977621436.64904 1112683154.19158 2113829206.29524 2241288554.80458 2049672889.7003102 1211317317.26816 1870758640.74959 1307415211.90463 1420538862.45652 1824916444.14555 2039108853.04619 1256432207.96088 1110316833.54082 2155649327.8051796 1452473946.90946 1998617167.82333 1867841975.73846 1689313891.55966 2046730900.10462 2300085260.5968103 1475086721.00675 1844281451.35401 2113954258.01777 2150563084.3148003 1469160299.3953 1771313272.56926 1488515226.9969 1000000000.00001 1698804646.245 2045983293.79198 1531831901.61466 1112401527.24785 1518119082.96214 2230992923.13025 1871777871.16849 1553966413.03675 0 1172422320.1814 1989081907.77057 2050787131.31827 2072888777.18063 2152357390.18908 
1462186181.05042 1739222261.60105 1091251436.3136 1464146078.49457 1168978131.246 2120564735.9749799 1047224630.51077 1865799567.12827 2155679872.11245 1255855571.39988 1555879455.08453 2366266568.0829096 1632862199.4183 1405311388.7538 1037479957.4031 2041507623.50071 2215066599.0546904 1399753334.26836 1734279538.05232 1723955711.73106 2104600569.52384 1887413637.04137 1964080409.30938 1509447800.12387 2146662764.28511 1845570647.99118 1489580247.42466 1540894227.95856 1483195279.65089 1338240081.77668 1955379855.54763 1390497489.67831 2228778505.84227 2105132253.75542 1353206084.02622 1408773007.63095 1272125671.02584 1087532012.89623 2122096035.89507 1113812216.3237 1383297964.0986 1464806413.50039 1293253010.26307 1692620348.59519 1172422320.1814 0 1635659223.83931 2155161738.6402 1771286467.51841 1027508890.09903 
