47
53 2 75 78 46 64 25 70 17 42 5 86 54 14 62 87 77 99 52 38 94 68 55 13 58 76 47 36 34 91 43 4 7 80 98 56 83 61 48 21 11 82 12 24 28 63 57
0 6999.76607 10996.58356 19085.05934 20712.26895 20586.38737 24665.303 11179.65263 21014.43944 25598.58277 34752.66994 46626.71579 53937.17016 57651.88345 57810.3579 56689.28887 55895.5403 56355.81518 53449.06983 48428.21494 49295.25156 45082.53517 43643.46261 48714.55522 38145.23011 37820.11619 50054.68858 57226.46046 72362.56634 63029.10709 57521.52606 71461.57304 37280.94496 32067.14269 25643.7003 24857.84997 31897.04218 18662.65611 16925.50587 36874.69057 26375.28032 25471.04305 45502.13359 58206.08835 67225.23482 43297.6842 4304.07481 
6999.76607 0 15460.88047 22403.40253 21859.84629 20177.36801 20887.1534 18127.49343 27542.36827 30802.49414 39602.70739 52022.01938 59404.45573 62945.25693 63059.25931 60921.94012 58867.3536 57443.6033 53651.94834 47425.31452 48198.64812 43572.28445 41033.21269 45160.29678 34122.90909 33334.29111 45065.52911 52162.52987 67527.30924 60356.59919 56013.43325 69634.27745 36603.20276 31176.13422 23643.1709 25565.91266 34244.91619 22438.73655 21209.36854 43696.89245 19698.48007 18520.92355 38662.08719 51274.82449 60765.49508 37484.97515 10981.08487 
10996.58356 15460.88047 0 8295.7688 11957.70149 14040.04505 22647.90061 13070.82909 23322.253 31169.45701 40414.60847 50696.41432 57634.59642 61668.58621 61923.04006 62744.25896 63704.95558 65929.22906 63613.21888 59145.81754 60038.44665 55949.10417 54639.77607 59635.28251 48928.45358 48426.14819 60410.87112 67539.61058 82834.55691 74023.43184 68354.19351 82345.44517 47958.25035 42849.9154 36633.52406 35161.94655 40892.4586 27007.38182 24860.41128 36111.56664 34676.59213 31131.54387 49567.39332 62680.43332 69095.63645 43826.80044 7870.68803 
19085.05934 22403.40253 8295.7688 0 6898.53238 11212.52322 22147.73113 20287.73573 29590.03746 38368.19446 47443.89413 56829.79118 63472.88307 67622.95336 67924.46265 69679.33987 71354.27085 74111.89395 71895.43677 67410.47355 68296.46158 64154.42723 62633.82292 67346.36967 56448.88869 55735.01163 67389.77232 74441.53521 89865.24379 82032.93507 76579.65298 90541.30426 56229.08647 51090.66398 44688.8801 43457.71192 48999.57349 35076.76281 32877.92197 39929.03611 40358.01127 35228.81031 51761.45455 64874.53652 69208.48772 43599.87694 16165.38926 
20712.26895 21859.84629 11957.70149 6898.53238 0 4728.07149 15881.83846 25017.41142 35074.17412 43126.43882 52371.06469 62467.66668 69297.7169 73384.00405 73657.15787 74699.86005 75510.67342 77000.54405 74151.1546 68801.84847 69627.81393 65181.00953 62889.81666 66872.59143 55703.04592 54632.37608 65664.64658 72553.33449 88072.21585 82215.03854 77649.06079 91394.29201 57749.37814 52425.3815 45329.13591 45561.65908 52248.55792 38519.90169 36464.9071 46492.4961 37514.49497 31149.77947 46147.07447 59160.4491 62669.33464 37070.62096 19055.80271 
20586.38737 20177.36801 14040.04505 11212.52322 4728.07149 0 11156.83311 26865.58963 37317.83019 44645.40228 53947.1097 64639.86448 71634.0344 75640.89483 75883.95749 76240.26862 76306.87374 76805.01059 73509.59329 67589.21175 68370.14039 63745.36193 60968.0701 64475.10407 53208.98369 51932.78772 62547.02265 69320.30492 84847.01697 80155.20092 76177.82862 89731.55757 56698.17196 51294.89492 43813.58358 45040.19043 52482.74407 39074.82824 37164.24037 49791.22294 33978.52947 27043.27245 41455.0305 54449.40773 58047.10008 32437.59378 19903.00935 
24665.303 20887.1534 22647.90061 22147.73113 15881.83846 11156.83311 0 33879.06116 44533.01141 50244.20241 59417.97237 71137.06599 78380.77035 82184.95848 82363.81849 81278.9422 79728.15521 77967.34771 73672.14107 66473.36948 67128.32536 62154.04113 58200.83732 60382.51033 49115.14316 47306.08359 56507.84428 62854.7506 78243.12706 76704.40382 74274.70323 87178.94668 56228.70204 50795.02216 42646.44432 46233.25341 55131.86266 42923.1622 41407.48296 58635.69722 27539.80755 18945.07667 30526.10137 43413.5168 47106.56609 21530.02613 25871.8791 
11179.65263 18127.49343 13070.82909 20287.73573 25017.41142 26865.58963 33879.06116 0 10665.03521 18157.801 27361.83797 37789.78563 44850.00774 48810.58197 49042.32577 49686.12847 51078.70353 54670.22833 53291.68916 50354.72873 51330.93595 47923.97331 48170.0219 54427.59323 44879.74587 45191.43983 57805.60319 64968.04014 79568.65213 67069.44834 59914.58224 74030.63427 39300.53753 34808.91318 30571.17158 26037.05483 29453.16997 15706.6908 13405.46903 25760.89354 36874.14385 36639.43871 56673.99845 69383.03784 78174.66327 53809.74633 8175.4472 
21014.43944 27542.36827 23322.253 29590.03746 35074.17412 37317.83019 44533.01141 10665.03521 0 10182.40173 18284.34481 27396.06267 34317.3075 38347.56941 38606.11564 40213.29295 43219.38234 49397.32829 49463.60526 48614.51866 49650.58204 47179.16848 49049.14762 56230.05411 48115.78457 49065.98262 61659.47739 68642.38621 82375.14024 66803.77777 58249.52337 72165.12949 38309.36588 34891.22533 33127.45743 25789.28584 25121.04944 14274.24786 12579.5736 16624.90818 44653.53564 45883.1717 66142.46627 78555.3006 88219.23995 64212.11973 18718.72221 
25598.58277 30802.49414 31169.45701 38368.19446 43126.43882 44645.40228 50244.20241 18157.801 10182.40173 0 9303.58662 21221.03544 28610.42182 32158.83432 32288.36633 31609.2393 33315.27135 39303.61359 39760.34831 39900.75721 40950.36793 39102.92911 42052.67569 49738.08129 43083.99633 44576.15951 56761.93225 63435.9932 76229.83626 58670.43485 49422.27295 63101.00384 30369.68411 27923.19824 28393.75658 19406.99711 15745.16624 10018.28154 10077.73849 20725.67927 44552.03829 47810.51811 67954.53292 79651.00256 90999.63849 68286.27388 24854.42713 
34752.66994 39602.70739 40414.60847 47443.89413 52371.06469 53947.1097 59417.97237 27361.83797 18284.34481 9303.58662 0 13113.4455 20418.42347 23555.93872 23611.52947 22330.56929 25207.42186 33932.20778 36059.43108 38595.24751 39628.72567 38970.75258 43376.81741 51433.69582 46604.78508 48562.14724 60020.72083 66247.01793 77812.85161 57847.44362 47577.0646 60495.70591 30967.04514 30120.6561 32969.71017 23283.03883 15282.33097 17555.09672 18420.35258 22267.55948 51697.14615 55878.95534 75764.0566 87015.17128 99124.74937 76994.56568 34152.26236 
46626.71579 52022.01938 50696.41432 56829.79118 62467.66668 64639.86448 71137.06599 37789.78563 27396.06267 21221.03544 13113.4455 0 7403.08719 11052.12966 11257.93431 15603.44218 24641.70489 38264.04814 42623.99091 47638.37043 48605.30466 49024.41465 54369.70042 62500.00804 58813.44085 60960.72526 71943.10387 77845.15683 88436.48994 66675.72081 55679.14228 67303.7174 41926.26709 42043.91805 45760.71558 36059.77163 26928.15228 30490.35156 31100.57546 22397.60099 64805.55607 68804.55776 88788.84314 100118.45078 112049.12339 89506.65697 45373.42928 
53937.17016 59404.45573 57634.59642 63472.88307 69297.7169 71634.0344 78380.77035 44850.00774 34317.3075 28610.42182 20418.42347 7403.08719 0 4281.00012 4714.83372 14369.83967 25875.21146 41067.54095 46385.82353 52516.38679 53431.87492 54393.86146 60173.873 68280.58685 65293.58386 67555.86183 78189.60802 83865.31761 93817.94296 71176.88064 59932.7315 70696.12428 47857.75243 48466.73846 52678.74078 43009.89479 33453.71174 37874.90581 38503.52558 26808.49063 72102.41453 76198.88866 96160.25841 107425.55265 119445.50985 96889.21109 52562.20833 
57651.88345 62945.25693 61668.58621 67622.95336 73384.00405 75640.89483 82184.95848 48810.58197 38347.56941 32158.83432 23555.93872 11052.12966 4281.00012 0 598.10116 12452.35054 24627.00002 40378.42575 46226.17844 53059.9397 53931.35275 55291.06338 61387.72563 69438.7133 67105.45108 69479.93611 79733.22098 85184.47868 94571.73341 71343.05362 59986.47172 70126.21343 49254.71691 50299.78255 55023.34403 45440.5382 35515.85963 41110.34955 41888.40995 31058.50537 75004.66746 79432.1781 99262.02909 110321.82415 122674.51785 100415.86018 56424.93485 
57810.3579 63059.25931 61923.04006 67924.46265 73657.15787 75883.95749 82363.81849 49042.32577 38606.11564 32288.36633 23611.52947 11257.93431 4714.83372 598.10116 0 11916.32951 24119.42962 39905.78431 45800.18273 52705.54189 53571.63311 54977.20878 61111.12561 69152.67059 66908.3225 69298.489 79495.52373 84915.84124 94231.91888 70942.30744 59576.9021 69655.15448 49007.08901 50112.0704 54911.35104 45347.27508 35372.65073 41165.69865 41974.67037 31520.4372 74983.09967 79474.88485 99275.28799 110294.29246 122711.7583 100521.16902 56624.67932 
56689.28887 60921.94012 62744.25896 69679.33987 74699.86005 76240.26862 81278.9422 49686.12847 40213.29295 31609.2393 22330.56929 15603.44218 14369.83967 12452.35054 11916.32951 0 12305.00272 28304.79005 34652.78495 42429.21382 43214.27395 45266.62205 51906.97067 59739.22213 58925.78228 61554.04812 70754.77082 75672.80813 83959.1596 59982.2812 48552.62321 58013.08135 40430.63492 42540.43616 48594.53132 39620.47352 29110.00696 38485.62363 39877.90559 37952.59899 70024.2574 75687.54947 94752.73979 104949.60247 118513.05942 97773.93952 56390.26431 
55895.5403 58867.3536 63704.95558 71354.27085 75510.67342 76306.87374 79728.15521 51078.70353 43219.38234 33315.27135 25207.42186 24641.70489 25875.21146 24627.00002 24119.42962 12305.00272 0 16089.63343 22862.80624 31558.41715 32227.71436 35025.57243 42112.6627 49555.7761 50389.75913 53227.81111 61154.14892 65482.47999 72690.39651 48183.70432 36756.69056 45729.44579 31831.32602 35123.75557 42395.67716 34722.41031 24736.37453 37251.16463 39147.7454 45390.16319 64604.92917 71401.16961 89332.86115 98542.47784 113164.60411 94178.94764 56534.86178 
56355.81518 57443.6033 65929.22906 74111.89395 77000.54405 76805.01059 77967.34771 54670.22833 49397.32829 39303.61359 33932.20778 38264.04814 41067.54095 40378.42575 39905.78431 28304.79005 16089.63343 0 7770.23635 18004.28585 18354.07173 22507.65887 29900.45899 36285.78665 39846.60549 42869.31625 48458.16689 51796.40074 57431.28291 32407.23564 21087.09096 29749.63213 23118.0661 28055.19811 36377.59544 31889.21463 25222.43797 39115.26242 41375.27738 56086.84561 58109.69015 66220.82287 81991.79692 89643.40731 105475.80883 89229.94696 58162.00826 
53449.06983 53651.94834 63613.21888 71895.43677 74151.1546 73509.59329 73672.14107 53291.68916 49463.60526 39760.34831 36059.43108 42623.99091 46385.82353 46226.17844 45800.18273 34652.78495 22862.80624 7770.23635 0 10401.14321 10654.50534 15130.87707 22452.94549 28561.56984 32757.50897 35794.8958 40774.99505 44026.64626 49952.59371 25351.108 13915.02619 24739.29742 17575.47157 22930.45787 31242.95436 28591.29177 24377.89511 37591.5547 39894.33194 58277.93796 52181.36727 60684.99716 75531.26066 82670.43879 98800.31094 83559.4086 55748.94117 
48428.21494 47425.31452 59145.81754 67410.47355 68801.84847 67589.21175 66473.36948 50354.72873 48614.51866 39900.75721 38595.24751 47638.37043 52516.38679 53059.9397 52705.54189 42429.21382 31558.41715 18004.28585 10401.14321 0 1050.91198 4955.69259 12087.45238 18346.9737 22639.55163 25670.01217 30459.49614 34087.99544 41573.19572 19262.75538 9650.97145 23714.82079 11196.76708 16382.2717 23930.13065 24359.8038 24270.66645 35180.17756 37398.94497 59972.6295 43196.95186 52086.02365 65827.96097 72513.05911 88859.47855 74653.20639 51335.58043 
49295.25156 48198.64812 60038.44665 68296.46158 69627.81393 68370.14039 67128.32536 51330.93595 49650.58204 40950.36793 39628.72567 48605.30466 53431.87492 53931.35275 53571.63311 43214.27395 32227.71436 18354.07173 10654.50534 1050.91198 0 5239.79246 12047.21582 17932.40029 22755.48501 25774.04673 30121.89717 33563.28448 40755.51116 18239.93797 8631.89075 22717.50508 12118.01572 17231.81459 24651.76231 25320.74598 25321.52132 36189.37928 38403.01536 61021.96792 43608.43068 52558.05799 66045.94247 72559.66321 88992.07529 75052.29804 52238.16545 
45082.53517 43572.28445 55949.10417 64154.42723 65181.00953 63745.36193 62154.04113 47923.97331 47179.16848 39102.92911 38970.75258 49024.41465 54393.86146 55291.06338 54977.20878 45266.62205 35025.57243 22507.65887 15130.87707 4955.69259 5239.79246 0 7397.77075 14546.22772 17706.97289 20741.47632 26264.07512 30498.08837 39445.57954 19636.63337 12469.06015 26398.20373 8870.39931 13195.29329 19932.12909 21953.54627 23974.17763 33278.95446 35399.81528 59594.21027 38373.79691 47349.0936 60874.40226 67606.31546 83910.9534 69814.15812 48228.36183 
43643.46261 41033.21269 54639.77607 62633.82292 62889.81666 60968.0701 58200.83732 48170.0219 49049.14762 42052.67569 43376.81741 54369.70042 60173.873 61387.72563 61111.12561 51906.97067 42112.6627 29900.45899 22452.94549 12087.45238 12047.21582 7397.77075 0 8130.31002 10916.52532 13873.39281 19041.85521 23825.36636 34455.16398 19399.79201 16565.39722 28987.23892 12474.09684 14213.4455 18035.81176 23261.23475 28095.0173 34793.5861 36683.72459 62775.94809 32900.20311 42168.30697 54325.95632 60527.94721 77057.17742 64077.68387 47214.06571 
48714.55522 45160.29678 59635.28251 67346.36967 66872.59143 64475.10407 60382.51033 54427.59323 56230.05411 49738.08129 51433.69582 62500.00804 68280.58685 69438.7133 69152.67059 59739.22213 49555.7761 36285.78665 28561.56984 18346.9737 17932.40029 14546.22772 8130.31002 0 11314.614 13185.46749 12291.98767 15955.089 26518.00826 16606.10349 18967.84548 28218.85173 20595.3258 21820.25046 23856.49532 30591.69301 36154.27955 41964.14123 43711.57903 70452.41254 33538.77449 42951.80378 52178.52713 56757.39392 73873.96443 63489.58189 52567.08318 
38145.23011 34122.90909 48928.45358 56448.88869 55703.04592 53208.98369 49115.14316 44879.74587 48115.78457 43083.99633 46604.78508 58813.44085 65293.58386 67105.45108 66908.3225 58925.78228 50389.75913 39846.60549 32757.50897 22639.55163 22755.48501 17706.97289 10916.52532 11314.614 0 3037.69995 13683.47343 20534.31618 34690.36898 27635.3277 27265.25621 38655.76331 18622.59705 16828.81873 14998.41248 23762.51361 31894.21013 34172.42633 35571.99439 63415.98165 22629.23171 32033.26499 43410.39227 49915.25231 66236.61064 53403.7483 42161.16972 
37820.11619 33334.29111 48426.14819 55735.01163 54632.37608 51932.78772 47306.08359 45191.43983 49065.98262 44576.15951 48562.14724 60960.72526 67555.86183 69479.93611 69298.489 61554.04812 53227.81111 42869.31625 35794.8958 25670.01217 25774.04673 20741.47632 13873.39281 13185.46749 3037.69995 0 12660.05758 19786.83102 34576.1699 29758.2235 30068.80072 41073.53328 21408.82229 19194.51737 16209.06444 25457.78109 34105.01319 35367.10384 36616.5659 64676.19118 20359.05216 29776.0999 40471.17673 46877.55252 63221.04918 50747.92932 41941.67647 
50054.68858 45065.52911 60410.87112 67389.77232 65664.64658 62547.02265 56507.84428 57805.60319 61659.47739 56761.93225 60020.72083 71943.10387 78189.60802 79733.22098 79495.52373 70754.77082 61154.14892 48458.16689 40774.99505 30459.49614 30121.89717 26264.07512 19041.85521 12291.98767 13683.47343 12660.05758 0 7185.22595 22476.28762 25821.65332 30922.15848 38042.29186 30504.92554 29947.32798 28619.9028 37411.18485 45049.87144 47819.18385 49159.84744 77088.42292 28997.54067 37824.15753 42789.96822 45656.53868 63111.60846 55688.9138 54251.18322 
57226.46046 52162.52987 67539.61058 74441.53521 72553.33449 69320.30492 62854.7506 64968.04014 68642.38621 63435.9932 66247.01793 77845.15683 83865.31761 85184.47868 84915.84124 75672.80813 65482.47999 51796.40074 44026.64626 34087.99544 33563.28448 30498.08837 23825.36636 15955.089 20534.31618 19786.83102 7185.22595 0 15527.58813 25036.09626 32538.27514 36981.17827 36007.66932 36134.64727 35532.70544 44033.24708 51102.54034 54695.08709 56105.68235 83894.2054 35511.34823 43994.71601 46616.12978 47612.26502 65271.94492 60403.46321 61429.37311 
72362.56634 67527.30924 82834.55691 89865.24379 88072.21585 84847.01697 78243.12706 79568.65213 82375.14024 76229.83626 77812.85161 88436.48994 93817.94296 94571.73341 94231.91888 83959.1596 72690.39651 57431.28291 49952.59371 41573.19572 40755.51116 39445.57954 34455.16398 26518.00826 34690.36898 34576.1699 22476.28762 15527.58813 0 25579.49048 36405.74823 34647.43299 46851.41015 48329.39619 49394.40824 56977.64791 62537.18129 68178.12814 69799.08427 96927.5911 51004.28504 59328.87198 59853.12283 58433.18188 75887.3165 74412.48751 76509.33603 
63029.10709 60356.59919 74023.43184 82032.93507 82215.03854 80155.20092 76704.40382 67069.44834 66803.77777 58670.43485 57847.44362 66675.72081 71176.88064 71343.05362 70942.30744 59982.2812 48183.70432 32407.23564 25351.108 19262.75538 18239.93797 19636.63337 19399.79201 16606.10349 27635.3277 29758.2235 25821.65332 25036.09626 25579.49048 0 11436.09658 12222.57951 28498.74078 32322.56217 37394.00679 41365.16684 43286.0385 52821.29741 54894.94421 79024.46528 50115.87638 59533.97098 68138.48399 71458.63301 88933.21927 79972.77599 66546.69841 
57521.52606 56013.43325 68354.19351 76579.65298 77649.06079 76177.82862 74274.70323 59914.58224 58249.52337 49422.27295 47577.0646 55679.14228 59932.7315 59986.47172 59576.9021 48552.62321 36756.69056 21087.09096 13915.02619 9650.97145 8631.89075 12469.06015 16565.39722 18967.84548 27265.25621 30068.80072 30922.15848 32538.27514 36405.74823 11436.09658 0 14116.58688 20628.57506 25512.64126 32371.01767 33883.033 33716.93207 44820.21527 47030.73192 69279.67887 49461.49149 58702.50388 70434.42202 75663.00452 92645.97218 80615.89226 60598.34338 
71461.57304 69634.27745 82345.44517 90541.30426 91394.29201 89731.55757 87178.94668 74030.63427 72165.12949 63101.00384 60495.70591 67303.7174 70696.12428 70126.21343 69655.15448 58013.08135 45729.44579 29749.63213 24739.29742 23714.82079 22717.50508 26398.20373 28987.23892 28218.85173 38655.76331 41073.53328 38042.29186 36981.17827 34647.43299 12222.57951 14116.58688 0 34743.36276 39556.9183 46067.71271 47999.5956 47355.98451 58889.88614 61113.05826 82536.24781 61284.61834 70682.56518 80206.1098 83680.74379 101152.91681 91693.08551 74624.64023 
37280.94496 36603.20276 47958.25035 56229.08647 57749.37814 56698.17196 56228.70204 39300.53753 38309.36588 30369.68411 30967.04514 41926.26709 47857.75243 49254.71691 49007.08901 40430.63492 31831.32602 23118.0661 17575.47157 11196.76708 12118.01572 8870.39931 12474.09684 20595.3258 18622.59705 21408.82229 30504.92554 36007.66932 46851.41015 28498.74078 20628.57506 34743.36276 0 5449.88193 13673.5857 13263.49192 15710.33446 24439.43375 26585.72553 50972.92271 34992.90089 43231.9185 58998.6158 67225.10967 82615.95054 66193.04479 40141.353 
32067.14269 31176.13422 42849.9154 51090.66398 52425.3815 51294.89492 50795.02216 34808.91318 34891.22533 27923.19824 30120.6561 42043.91805 48466.73846 50299.78255 50112.0704 42540.43616 35123.75557 28055.19811 22930.45787 16382.2717 17231.81459 13195.29329 14213.4455 21820.25046 16828.81873 19194.51737 29947.32798 36134.64727 48329.39619 32322.56217 25512.64126 39556.9183 5449.88193 0 8359.32491 9128.58352 15119.09587 20681.97923 22662.35453 48644.73128 30238.39473 38166.30244 54612.2939 63427.86067 78360.64002 61181.7383 35085.7086 
25643.7003 23643.1709 36633.52406 44688.8801 45329.13591 43813.58358 42646.44432 30571.17158 33127.45743 28393.75658 32969.71017 45760.71558 52678.74078 55023.34403 54911.35104 48594.53132 42395.67716 36377.59544 31242.95436 23930.13065 24651.76231 19932.12909 18035.81176 23856.49532 14998.41248 16209.06444 28619.9028 35532.70544 49394.40824 37394.00679 32371.01767 46067.71271 13673.5857 8359.32491 0 9704.38767 19665.40417 19200.9905 20574.31301 48492.44065 22282.07515 29879.15402 46942.45439 56437.83589 70769.89508 52909.22857 29178.54906 
24857.84997 25565.91266 35161.94655 43457.71192 45561.65908 45040.19043 46233.25341 26037.05483 25789.28584 19406.99711 23283.03883 36059.77163 43009.89479 45440.5382 45347.27508 39620.47352 34722.41031 31889.21463 28591.29177 24359.8038 25320.74598 21953.54627 23261.23475 30591.69301 23762.51361 25457.78109 37411.18485 44033.24708 56977.64791 41365.16684 33883.033 47999.5956 13263.49192 9128.58352 9704.38767 0 10520.35879 11555.2395 13545.54657 39991.78241 30422.92788 36699.11079 55191.74203 65383.67481 79000.11996 59464.51661 27293.70816 
31897.04218 34244.91619 40892.4586 48999.57349 52248.55792 52482.74407 55131.86266 29453.16997 25121.04944 15745.16624 15282.33097 26928.15228 33453.71174 35515.85963 35372.65073 29110.00696 24736.37453 25222.43797 24377.89511 24270.66645 25321.52132 23974.17763 28095.0173 36154.27955 31894.21013 34105.01319 45049.87144 51102.54034 62537.18129 43286.0385 33716.93207 47355.98451 15710.33446 15119.09587 19665.40417 10520.35879 0 13929.00057 16167.02623 35742.40698 40942.89584 47020.92268 65706.79682 75855.36235 89507.38211 69596.78186 33237.66983 
18662.65611 22438.73655 27007.38182 35076.76281 38519.90169 39074.82824 42923.1622 15706.6908 14274.24786 10018.28154 17555.09672 30490.35156 37874.90581 41110.34955 41165.69865 38485.62363 37251.16463 39115.26242 37591.5547 35180.17756 36189.37928 33278.95446 34793.5861 41964.14123 34172.42633 35367.10384 47819.18385 54695.08709 68178.12814 52821.29741 44820.21527 58889.88614 24439.43375 20681.97923 19200.9905 11555.2395 13929.00057 0 2302.77745 29310.15258 34602.25243 38335.209 58305.53336 69798.08814 81584.36425 59578.10343 19464.19639 
16925.50587 21209.36854 24860.41128 32877.92197 36464.9071 37164.24037 41407.48296 13405.46903 12579.5736 10077.73849 18420.35258 31100.57546 38503.52558 41888.40995 41974.67037 39877.90559 39147.7454 41375.27738 39894.33194 37398.94497 38403.01536 35399.81528 36683.72459 43711.57903 35571.99439 36616.5659 49159.84744 56105.68235 69799.08427 54894.94421 47030.73192 61113.05826 26585.72553 22662.35453 20574.31301 13545.54657 16167.02623 2302.77745 0 28206.01333 34578.30165 37759.92364 57879.70024 69593.61985 80978.265 58575.0271 17422.02919 
36874.69057 43696.89245 36111.56664 39929.03611 46492.4961 49791.22294 58635.69722 25760.89354 16624.90818 20725.67927 22267.55948 22397.60099 26808.49063 31058.50537 31520.4372 37952.59899 45390.16319 56086.84561 58277.93796 59972.6295 61021.96792 59594.21027 62775.94809 70452.41254 63415.98165 64676.19118 77088.42292 83894.2054 96927.5911 79024.46528 69279.67887 82536.24781 50972.92271 48644.73128 48492.44065 39991.78241 35742.40698 29310.15258 28206.01333 0 61275.40591 62188.46727 82352.33908 94932.32086 103902.63104 79288.5929 33819.96755 
26375.28032 19698.48007 34676.59213 40358.01127 37514.49497 33978.52947 27539.80755 36874.14385 44653.53564 44552.03829 51697.14615 64805.55607 72102.41453 75004.66746 74983.09967 70024.2574 64604.92917 58109.69015 52181.36727 43196.95186 43608.43068 38373.79691 32900.20311 33538.77449 22629.23171 20359.05216 28997.54067 35511.34823 51004.28504 50115.87638 49461.49149 61284.61834 34992.90089 30238.39473 22282.07515 30422.92788 40942.89584 34602.25243 34578.30165 61275.40591 0 9419.28288 24789.40025 35326.02866 48623.16145 31459.6269 30580.56389 
25471.04305 18520.92355 31131.54387 35228.81031 31149.77947 27043.27245 18945.07667 36639.43871 45883.1717 47810.51811 55878.95534 68804.55776 76198.88866 79432.1781 79474.88485 75687.54947 71401.16961 66220.82287 60684.99716 52086.02365 52558.05799 47349.0936 42168.30697 42951.80378 32033.26499 29776.0999 37824.15753 43994.71601 59328.87198 59533.97098 58702.50388 70682.56518 43231.9185 38166.30244 29879.15402 36699.11079 47020.92268 38335.209 37759.92364 62188.46727 9419.28288 0 20292.99093 32755.17829 43249.26109 23031.50809 29135.2098 
45502.13359 38662.08719 49567.39332 51761.45455 46147.07447 41455.0305 30526.10137 56673.99845 66142.46627 67954.53292 75764.0566 88788.84314 96160.25841 99262.02909 99275.28799 94752.73979 89332.86115 81991.79692 75531.26066 65827.96097 66045.94247 60874.40226 54325.95632 52178.52713 43410.39227 40471.17673 42789.96822 46616.12978 59853.12283 68138.48399 70434.42202 80206.1098 58998.6158 54612.2939 46942.45439 55191.74203 65706.79682 58305.53336 57879.70024 82352.33908 24789.40025 20292.99093 0 13145.66514 23839.59668 15492.91774 48896.82657 
58206.08835 51274.82449 62680.43332 64874.53652 59160.4491 54449.40773 43413.5168 69383.03784 78555.3006 79651.00256 87015.17128 100118.45078 107425.55265 110321.82415 110294.29246 104949.60247 98542.47784 89643.40731 82670.43879 72513.05911 72559.66321 67606.31546 60527.94721 56757.39392 49915.25231 46877.55252 45656.53868 47612.26502 58433.18188 71458.63301 75663.00452 83680.74379 67225.10967 63427.86067 56437.83589 65383.67481 75855.36235 69798.08814 69593.61985 94932.32086 35326.02866 32755.17829 13145.66514 0 17667.20493 25413.9276 61747.99483 
67225.23482 60765.49508 69095.63645 69208.48772 62669.33464 58047.10008 47106.56609 78174.66327 88219.23995 90999.63849 99124.74937 112049.12339 119445.50985 122674.51785 122711.7583 118513.05942 113164.60411 105475.80883 98800.31094 88859.47855 88992.07529 83910.9534 77057.17742 73873.96443 66236.61064 63221.04918 63111.60846 65271.94492 75887.3165 88933.21927 92645.97218 101152.91681 82615.95054 78360.64002 70769.89508 79000.11996 89507.38211 81584.36425 80978.265 103902.63104 48623.16145 43249.26109 23839.59668 17667.20493 0 25610.61331 70082.84858 
43297.6842 37484.97515 43826.80044 43599.87694 37070.62096 32437.59378 21530.02613 53809.74633 64212.11973 68286.27388 76994.56568 89506.65697 96889.21109 100415.86018 100521.16902 97773.93952 94178.94764 89229.94696 83559.4086 74653.20639 75052.29804 69814.15812 64077.68387 63489.58189 53403.7483 50747.92932 55688.9138 60403.46321 74412.48751 79972.77599 80615.89226 91693.08551 66193.04479 61181.7383 52909.22857 59464.51661 69596.78186 59578.10343 58575.0271 79288.5929 31459.6269 23031.50809 15492.91774 25413.9276 25610.61331 0 45635.21264 
4304.07481 10981.08487 7870.68803 16165.38926 19055.80271 19903.00935 25871.8791 8175.4472 18718.72221 24854.42713 34152.26236 45373.42928 52562.20833 56424.93485 56624.67932 56390.26431 56534.86178 58162.00826 55748.94117 51335.58043 52238.16545 48228.36183 47214.06571 52567.08318 42161.16972 41941.67647 54251.18322 61429.37311 76509.33603 66546.69841 60598.34338 74624.64023 40141.353 35085.7086 29178.54906 27293.70816 33237.66983 19464.19639 17422.02919 33819.96755 30580.56389 29135.2098 48896.82657 61747.99483 70082.84858 45635.21264 0 
