21
40 36 27 10 34 14 38 1 9 30 2 33 17 0 35 29 18 24 39 25 20
0 7316.02932 17507.15796 29654.64397 40723.39013 39957.49353 51281.41231 49543.80609 61623.8327 60825.58021 72611.98731 57250.00031 61214.68355 54928.91349 36598.10531 39907.0626 18086.1003 29800.59941 43908.55607 89629.24817 16195.66612 
7316.02932 0 12034.01035 24551.82849 35821.88405 33876.95488 44724.86458 45089.38417 58673.47939 58773.44415 70884.00937 57034.34201 62323.87697 57071.4382 38910.11525 39920.6918 22658.25441 26706.79108 36924.22789 86003.16751 22931.64403 
17507.15796 12034.01035 0 12518.68048 23787.87834 22471.28125 34057.25122 33095.2056 47322.88247 48136.6821 60419.57641 48418.44016 55354.01104 51804.70038 34816.51016 32230.30067 24563.66137 34895.30663 34920.62617 74193.47208 33667.34306 
29654.64397 24551.82849 12518.68048 0 11273.40343 11838.08473 24197.88937 20701.82806 36093.51357 38106.46046 50420.89577 41497.11924 50381.82018 49143.2607 34928.0981 27937.19335 31839.75146 45170.88536 36910.88486 62053.75287 45586.1106 
40723.39013 35821.88405 23787.87834 11273.40343 0 9333.68764 18753.05642 9673.14892 26691.76909 30333.35563 42248.66749 37397.96893 47879.47671 48988.42595 38288.04189 28154.85139 40400.54465 55390.06706 42294.44947 51149.85552 56445.45903 
39957.49353 33876.95488 22471.28125 11838.08473 9333.68764 0 12363.4623 17097.8427 35104.13639 39400.0557 51080.94009 46673.63458 56970.99793 57497.37109 45251.23708 36320.53141 43677.09231 49498.20516 33359.63371 57236.06962 56135.62087 
51281.41231 44724.86458 34057.25122 24197.88937 18753.05642 12363.4623 0 21540.05443 38574.35926 44596.77599 54968.97052 54660.04798 65736.16178 67581.20332 56810.21965 46901.3838 56031.0781 56028.55053 33512.96228 54971.4983 67458.79757 
49543.80609 45089.38417 33095.2056 20701.82806 9673.14892 17097.8427 21540.05443 0 18098.02014 23229.37748 34319.8369 33451.70145 44840.68603 47959.28449 40778.6515 28976.69341 46902.99651 65034.30339 50363.0151 41480.01459 64886.95648 
61623.8327 58673.47939 47322.88247 36093.51357 26691.76909 35104.13639 38574.35926 18098.02014 0 7843.67879 16406.89904 22665.80863 34154.01073 40684.11427 41006.79364 28684.6917 53963.79087 81264.0644 68437.892 28696.95254 75400.60908 
60825.58021 58773.44415 48136.6821 38106.46046 30333.35563 39400.0557 44596.77599 23229.37748 7843.67879 0 12337.21302 15092.08004 26393.15385 33397.42513 35948.22377 24324.90627 51038.701 82819.63773 72625.99342 32761.93608 73538.91577 
72611.98731 70884.00937 60419.57641 50420.89577 42248.66749 51080.94009 54968.97052 34319.8369 16406.89904 12337.21302 0 19808.27163 27705.69257 37071.46032 44590.3844 34389.01479 61602.16708 95146.30789 84429.48441 27380.37993 84680.04342 
57250.00031 57034.34201 48418.44016 41497.11924 37397.96893 46673.63458 54660.04798 33451.70145 22665.80863 15092.08004 19808.27163 0 11733.44391 18433.17892 25321.48447 17343.75948 43795.46945 83024.60865 78231.51534 46037.35744 67440.47263 
61214.68355 62323.87697 55354.01104 50381.82018 47879.47671 56970.99793 65736.16178 44840.68603 34154.01073 26393.15385 27705.69257 11733.44391 0 10295.74247 25427.11769 23148.4372 45427.65116 88927.42399 87280.8495 55046.27582 68991.9774 
54928.91349 57071.4382 51804.70038 49143.2607 48988.42595 57497.37109 67581.20332 47959.28449 40684.11427 33397.42513 37071.46032 18433.17892 10295.74247 0 18332.83527 21302.46756 37962.90791 83761.01559 85452.19974 64106.39245 60951.75285 
36598.10531 38910.11525 34816.51016 34928.0981 38288.04189 45251.23708 56810.21965 40778.6515 41006.79364 35948.22377 44590.3844 25321.48447 25427.11769 18332.83527 0 12543.94248 20021.43851 65543.03256 69431.1378 68702.1496 43577.02221 
39907.0626 39920.6918 32230.30067 27937.19335 28154.85139 36320.53141 46901.3838 28976.69341 28684.6917 24324.90627 34389.01479 17343.75948 23148.4372 21302.46756 12543.94248 0 27222.025 66233.66395 64577.64509 56834.39618 50536.40039 
18086.1003 22658.25441 24563.66137 31839.75146 40400.54465 43677.09231 56031.0781 46902.99651 53963.79087 51038.701 61602.16708 43795.46945 45427.65116 37962.90791 20021.43851 27222.025 0 47883.00731 58280.16198 82657.35442 23739.9739 
29800.59941 26706.79108 34895.30663 45170.88536 55390.06706 49498.20516 56028.55053 65034.30339 81264.0644 82819.63773 95146.30789 83024.60865 88927.42399 83761.01559 65543.03256 66233.66395 47883.00731 0 29819.06808 106386.69472 34894.19144 
43908.55607 36924.22789 34920.62617 36910.88486 42294.44947 33359.63371 33512.96228 50363.0151 68437.892 72625.99342 84429.48441 78231.51534 87280.8495 85452.19974 69431.1378 64577.64509 58280.16198 29819.06808 0 88325.56305 56773.74373 
89629.24817 86003.16751 74193.47208 62053.75287 51149.85552 57236.06962 54971.4983 41480.01459 28696.95254 32761.93608 27380.37993 46037.35744 55046.27582 64106.39245 68702.1496 56834.39618 82657.35442 106386.69472 88325.56305 0 103890.89524 
16195.66612 22931.64403 33667.34306 45586.1106 56445.45903 56135.62087 67458.79757 64886.95648 75400.60908 73538.91577 84680.04342 67440.47263 68991.9774 60951.75285 43577.02221 50536.40039 23739.9739 34894.19144 56773.74373 103890.89524 0 
