16
0x16 0x18 0x1 0x2e 0x13 0x6 0x2f 0x4 0x23 0xe 0xf 0xc 0x1c 0x24 0x19 0x15
0 71758.0 241418.0 266716.0 276556.0 306633.0 126220.0 203537.0 178866.0 174647.0 134350.0 140599.0 146971.0 234585.0 240579.0 11080.0 
71758.0 0 169660.0 194958.0 204798.0 234875.0 197978.0 275295.0 250624.0 246405.0 206108.0 212357.0 218729.0 306343.0 312337.0 82838.0 
241418.0 169660.0 0 25298.0 35138.0 65215.0 367638.0 444955.0 420284.0 416065.0 375768.0 382017.0 388389.0 476003.0 481997.0 252498.0 
266716.0 194958.0 25298.0 0 60436.0 90513.0 392936.0 470253.0 445582.0 441363.0 401066.0 407315.0 413687.0 501301.0 507295.0 277796.0 
276556.0 204798.0 35138.0 60436.0 0 100353.0 402776.0 480093.0 455422.0 451203.0 410906.0 417155.0 423527.0 511141.0 517135.0 287636.0 
306633.0 234875.0 65215.0 90513.0 100353.0 0 432853.0 510170.0 485499.0 481280.0 440983.0 447232.0 453604.0 541218.0 547212.0 317713.0 
126220.0 197978.0 367638.0 392936.0 402776.0 432853.0 0 77317.0 52646.0 101359.0 214990.0 221239.0 227611.0 315225.0 321219.0 115140.0 
203537.0 275295.0 444955.0 470253.0 480093.0 510170.0 77317.0 0 24671.0 178676.0 292307.0 298556.0 304928.0 392542.0 398536.0 192457.0 
178866.0 250624.0 420284.0 445582.0 455422.0 485499.0 52646.0 24671.0 0 154005.0 267636.0 273885.0 280257.0 367871.0 373865.0 167786.0 
174647.0 246405.0 416065.0 441363.0 451203.0 481280.0 101359.0 178676.0 154005.0 0 263417.0 269666.0 276038.0 363652.0 369646.0 163567.0 
134350.0 206108.0 375768.0 401066.0 410906.0 440983.0 214990.0 292307.0 267636.0 263417.0 0 6249.0 12621.0 100235.0 106229.0 123270.0 
140599.0 212357.0 382017.0 407315.0 417155.0 447232.0 221239.0 298556.0 273885.0 269666.0 6249.0 0 18870.0 106484.0 112478.0 129519.0 
146971.0 218729.0 388389.0 413687.0 423527.0 453604.0 227611.0 304928.0 280257.0 276038.0 12621.0 18870.0 0 87614.0 118850.0 135891.0 
234585.0 306343.0 476003.0 501301.0 511141.0 541218.0 315225.0 392542.0 367871.0 363652.0 100235.0 106484.0 87614.0 0 206464.0 223505.0 
240579.0 312337.0 481997.0 507295.0 517135.0 547212.0 321219.0 398536.0 373865.0 369646.0 106229.0 112478.0 118850.0 206464.0 0 229499.0 
11080.0 82838.0 252498.0 277796.0 287636.0 317713.0 115140.0 192457.0 167786.0 163567.0 123270.0 129519.0 135891.0 223505.0 229499.0 0 
