42
0x4b 0x1d 0x63 0x1f 0x4e 0x17 0x55 0x10 0x3b 0x35 0x14 0x45 0x5f 0x4f 0x11 0x2a 0x2d 0x13 0x9 0x5 0x2 0x50 0x32 0x57 0x3d 0x22 0x39 0x1 0x59 0x56 0x27 0x15 0x5e 0x23 0x3 0x2c 0x3c 0xb 0xc 0x1c 0xe 0x4a
0 148128.0 221893.0 272798.0 274317.0 385611.0 493236.0 545254.0 593261.0 647530.0 721263.0 721756.0 724733.0 781763.0 831328.0 875883.0 754839.0 745406.0 746360.0 821477.0 885878.0 704252.0 773512.0 790799.0 860353.0 822560.0 896266.0 510059.0 663346.0 682901.0 721756.0 750943.0 526016.0 507143.0 496015.0 584755.0 608343.0 611291.0 671273.0 687287.0 413323.0 55428.0 
148128.0 0 73765.0 124670.0 126189.0 237483.0 345108.0 397126.0 445133.0 499402.0 573135.0 573628.0 576605.0 633635.0 683200.0 727755.0 694747.0 597278.0 598232.0 673349.0 737750.0 556124.0 625384.0 642671.0 712225.0 674432.0 748138.0 361931.0 515218.0 534773.0 573628.0 602815.0 377888.0 359015.0 347887.0 436627.0 460215.0 463163.0 523145.0 539159.0 265195.0 92700.0 
221893.0 73765.0 0 50905.0 52424.0 163718.0 271343.0 323361.0 371368.0 425637.0 499370.0 499863.0 502840.0 559870.0 609435.0 653990.0 620982.0 523513.0 524467.0 599584.0 663985.0 482359.0 551619.0 568906.0 638460.0 600667.0 674373.0 288166.0 441453.0 461008.0 499863.0 529050.0 304123.0 285250.0 274122.0 362862.0 386450.0 389398.0 449380.0 465394.0 191430.0 166465.0 
272798.0 124670.0 50905.0 0 74855.0 186149.0 293774.0 345792.0 393799.0 448068.0 521801.0 522294.0 525271.0 582301.0 631866.0 676421.0 643413.0 545944.0 546898.0 622015.0 681292.0 504790.0 574050.0 591337.0 628439.0 623098.0 696804.0 310597.0 458943.0 483439.0 522294.0 551481.0 326554.0 307681.0 296553.0 385293.0 408881.0 411829.0 471811.0 487825.0 213861.0 217370.0 
274317.0 126189.0 52424.0 74855.0 0 187668.0 295293.0 347311.0 395318.0 449587.0 523320.0 523813.0 526790.0 583820.0 633385.0 677940.0 644932.0 547463.0 548417.0 623534.0 687935.0 506309.0 553645.0 592856.0 662410.0 624617.0 698323.0 312116.0 465403.0 484958.0 523813.0 553000.0 328073.0 309200.0 298072.0 386812.0 410400.0 413348.0 473330.0 489344.0 215380.0 218889.0 
385611.0 237483.0 163718.0 186149.0 187668.0 0 107625.0 159643.0 207650.0 261919.0 335652.0 336145.0 339122.0 396152.0 445717.0 490272.0 457264.0 359795.0 360749.0 435866.0 500267.0 318641.0 387901.0 405188.0 474742.0 436949.0 510655.0 124448.0 277735.0 297290.0 336145.0 365332.0 140405.0 121532.0 110404.0 199144.0 222732.0 225680.0 285662.0 301676.0 164256.0 330183.0 
493236.0 345108.0 271343.0 293774.0 295293.0 107625.0 0 52018.0 100025.0 154294.0 228027.0 228520.0 231497.0 288527.0 338092.0 382647.0 349639.0 252170.0 253124.0 328241.0 392642.0 211016.0 280276.0 297563.0 367117.0 329324.0 403030.0 16823.0 170110.0 189665.0 228520.0 257707.0 165072.0 146199.0 135071.0 223811.0 247399.0 250347.0 310329.0 326343.0 271881.0 437808.0 
545254.0 397126.0 323361.0 345792.0 347311.0 159643.0 52018.0 0 48007.0 102276.0 176009.0 176502.0 179479.0 236509.0 286074.0 330629.0 297621.0 200152.0 201106.0 276223.0 340624.0 158998.0 228258.0 245545.0 315099.0 277306.0 351012.0 68841.0 222128.0 223653.0 262508.0 291695.0 217090.0 198217.0 187089.0 275829.0 299417.0 302365.0 362347.0 378361.0 323899.0 489826.0 
593261.0 445133.0 371368.0 393799.0 395318.0 207650.0 100025.0 48007.0 0 150283.0 224016.0 224509.0 227486.0 284516.0 334081.0 378636.0 345628.0 248159.0 249113.0 324230.0 388631.0 207005.0 276265.0 293552.0 363106.0 325313.0 399019.0 116848.0 270135.0 271660.0 310515.0 339702.0 265097.0 246224.0 235096.0 323836.0 347424.0 350372.0 385269.0 396996.0 371906.0 537833.0 
647530.0 499402.0 425637.0 448068.0 449587.0 261919.0 154294.0 102276.0 150283.0 0 73733.0 74226.0 77203.0 134233.0 183798.0 228353.0 195345.0 97876.0 98830.0 173947.0 238348.0 120522.0 189782.0 143269.0 212823.0 175030.0 248736.0 171117.0 324404.0 325929.0 364784.0 393971.0 319366.0 300493.0 289365.0 378105.0 401693.0 404641.0 464623.0 480637.0 426175.0 592102.0 
721263.0 573135.0 499370.0 521801.0 523320.0 335652.0 228027.0 176009.0 224016.0 73733.0 0 493.0 3470.0 60500.0 110065.0 154620.0 121612.0 171351.0 172563.0 247680.0 312081.0 194255.0 263515.0 217002.0 286556.0 248763.0 322469.0 244850.0 398137.0 399662.0 438517.0 467704.0 393099.0 374226.0 363098.0 451838.0 475426.0 478374.0 538356.0 554370.0 499908.0 665835.0 
721756.0 573628.0 499863.0 522294.0 523813.0 336145.0 228520.0 176502.0 224509.0 74226.0 493.0 0 3963.0 60007.0 109572.0 154127.0 122105.0 171844.0 173056.0 248173.0 312574.0 194748.0 264008.0 217495.0 287049.0 249256.0 322962.0 245343.0 398630.0 400155.0 439010.0 468197.0 393592.0 374719.0 363591.0 452331.0 475919.0 478867.0 538849.0 554863.0 500401.0 666328.0 
724733.0 576605.0 502840.0 525271.0 526790.0 339122.0 231497.0 179479.0 227486.0 77203.0 3470.0 3963.0 0 63970.0 113535.0 158090.0 125082.0 174821.0 176033.0 251150.0 315551.0 197725.0 266976.0 220472.0 290026.0 252233.0 325939.0 248320.0 401607.0 403132.0 441987.0 471174.0 396569.0 377696.0 366568.0 455308.0 478896.0 481844.0 541826.0 555265.0 503378.0 669305.0 
781763.0 633635.0 559870.0 582301.0 583820.0 396152.0 288527.0 236509.0 284516.0 134233.0 60500.0 60007.0 63970.0 0 49565.0 94120.0 182112.0 231851.0 233063.0 308180.0 372581.0 254755.0 324015.0 277502.0 347056.0 309263.0 382969.0 305350.0 458637.0 460162.0 499017.0 528204.0 453599.0 434726.0 423598.0 512338.0 535926.0 538874.0 598856.0 614870.0 560408.0 726335.0 
831328.0 683200.0 609435.0 631866.0 633385.0 445717.0 338092.0 286074.0 334081.0 183798.0 110065.0 109572.0 113535.0 49565.0 0 143685.0 231677.0 281416.0 282628.0 357745.0 422146.0 304320.0 373580.0 327067.0 396621.0 358828.0 432534.0 354915.0 508202.0 509727.0 548582.0 577769.0 503164.0 484291.0 473163.0 561903.0 585491.0 588439.0 648421.0 664435.0 609973.0 775900.0 
875883.0 727755.0 653990.0 676421.0 677940.0 490272.0 382647.0 330629.0 378636.0 228353.0 154620.0 154127.0 158090.0 94120.0 143685.0 0 161527.0 325971.0 327183.0 402300.0 466701.0 348875.0 289787.0 366148.0 351327.0 403383.0 477089.0 399470.0 552757.0 554282.0 593137.0 622324.0 547719.0 528846.0 517718.0 606458.0 630046.0 632994.0 692976.0 698227.0 654528.0 820455.0 
754839.0 694747.0 620982.0 643413.0 644932.0 457264.0 349639.0 297621.0 345628.0 195345.0 121612.0 122105.0 125082.0 182112.0 231677.0 161527.0 0 173948.0 294175.0 369292.0 433693.0 315867.0 385127.0 338614.0 408168.0 370375.0 444081.0 366462.0 519749.0 521274.0 560129.0 589316.0 514711.0 495838.0 484710.0 573450.0 597038.0 599986.0 659968.0 675982.0 621520.0 787447.0 
745406.0 597278.0 523513.0 545944.0 547463.0 359795.0 252170.0 200152.0 248159.0 97876.0 171351.0 171844.0 174821.0 231851.0 281416.0 325971.0 173948.0 0 196706.0 271823.0 336224.0 218398.0 287658.0 241145.0 310699.0 272906.0 346612.0 268993.0 422280.0 423805.0 462660.0 491847.0 417242.0 398369.0 387241.0 475981.0 499569.0 502517.0 562499.0 553915.0 524051.0 689978.0 
746360.0 598232.0 524467.0 546898.0 548417.0 360749.0 253124.0 201106.0 249113.0 98830.0 172563.0 173056.0 176033.0 233063.0 282628.0 327183.0 294175.0 196706.0 0 75117.0 139518.0 219352.0 288612.0 242099.0 311653.0 273860.0 347566.0 269947.0 423234.0 424759.0 463614.0 492801.0 418196.0 399323.0 388195.0 476935.0 500523.0 503471.0 563453.0 579467.0 525005.0 690932.0 
821477.0 673349.0 599584.0 622015.0 623534.0 435866.0 328241.0 276223.0 324230.0 173947.0 247680.0 248173.0 251150.0 308180.0 357745.0 402300.0 369292.0 271823.0 75117.0 0 64401.0 294469.0 363729.0 317216.0 386770.0 348977.0 422683.0 345064.0 498351.0 499876.0 538731.0 567918.0 493313.0 474440.0 463312.0 552052.0 575640.0 578588.0 638570.0 654584.0 600122.0 766049.0 
885878.0 737750.0 663985.0 681292.0 687935.0 500267.0 392642.0 340624.0 388631.0 238348.0 312081.0 312574.0 315551.0 372581.0 422146.0 466701.0 433693.0 336224.0 139518.0 64401.0 0 358870.0 362017.0 381617.0 417632.0 413378.0 487084.0 409465.0 562752.0 564277.0 603132.0 632319.0 557714.0 538841.0 527713.0 616453.0 640041.0 642989.0 702971.0 718985.0 664523.0 830450.0 
704252.0 556124.0 482359.0 504790.0 506309.0 318641.0 211016.0 158998.0 207005.0 120522.0 194255.0 194748.0 197725.0 254755.0 304320.0 348875.0 315867.0 218398.0 219352.0 294469.0 358870.0 0 69260.0 263791.0 333345.0 295552.0 369258.0 227839.0 381126.0 382651.0 421506.0 450693.0 376088.0 357215.0 346087.0 434827.0 458415.0 461363.0 521345.0 537359.0 482897.0 648824.0 
773512.0 625384.0 551619.0 574050.0 553645.0 387901.0 280276.0 228258.0 276265.0 189782.0 263515.0 264008.0 266976.0 324015.0 373580.0 289787.0 385127.0 287658.0 288612.0 363729.0 362017.0 69260.0 0 333051.0 402605.0 364812.0 438518.0 297099.0 450386.0 451911.0 490766.0 519953.0 445348.0 426475.0 415347.0 504087.0 527675.0 530623.0 590605.0 606619.0 552157.0 718084.0 
790799.0 642671.0 568906.0 591337.0 592856.0 405188.0 297563.0 245545.0 293552.0 143269.0 217002.0 217495.0 220472.0 277502.0 327067.0 366148.0 338614.0 241145.0 242099.0 317216.0 381617.0 263791.0 333051.0 0 69554.0 215331.0 289037.0 314386.0 467673.0 469198.0 508053.0 537240.0 462635.0 443762.0 432634.0 521374.0 544962.0 547910.0 607892.0 623906.0 569444.0 735371.0 
860353.0 712225.0 638460.0 628439.0 662410.0 474742.0 367117.0 315099.0 363106.0 212823.0 286556.0 287049.0 290026.0 347056.0 396621.0 351327.0 408168.0 310699.0 311653.0 386770.0 417632.0 333345.0 402605.0 69554.0 0 284885.0 358591.0 383940.0 537227.0 538752.0 577607.0 606794.0 532189.0 513316.0 502188.0 590928.0 614516.0 617464.0 677446.0 691183.0 638998.0 804925.0 
822560.0 674432.0 600667.0 623098.0 624617.0 436949.0 329324.0 277306.0 325313.0 175030.0 248763.0 249256.0 252233.0 309263.0 358828.0 403383.0 370375.0 272906.0 273860.0 348977.0 413378.0 295552.0 364812.0 215331.0 284885.0 0 73706.0 346147.0 499434.0 500959.0 539814.0 569001.0 494396.0 475523.0 464395.0 553135.0 576723.0 579671.0 639653.0 655667.0 601205.0 767132.0 
896266.0 748138.0 674373.0 696804.0 698323.0 510655.0 403030.0 351012.0 399019.0 248736.0 322469.0 322962.0 325939.0 382969.0 432534.0 477089.0 444081.0 346612.0 347566.0 422683.0 487084.0 369258.0 438518.0 289037.0 358591.0 73706.0 0 419853.0 573140.0 574665.0 613520.0 642707.0 568102.0 549229.0 538101.0 626841.0 650429.0 653377.0 713359.0 729373.0 674911.0 840838.0 
510059.0 361931.0 288166.0 310597.0 312116.0 124448.0 16823.0 68841.0 116848.0 171117.0 244850.0 245343.0 248320.0 305350.0 354915.0 399470.0 366462.0 268993.0 269947.0 345064.0 409465.0 227839.0 297099.0 314386.0 383940.0 346147.0 419853.0 0 153287.0 172842.0 211697.0 240884.0 181895.0 163022.0 151894.0 240634.0 264222.0 267170.0 327152.0 343166.0 288704.0 454631.0 
663346.0 515218.0 441453.0 458943.0 465403.0 277735.0 170110.0 222128.0 270135.0 324404.0 398137.0 398630.0 401607.0 458637.0 508202.0 552757.0 519749.0 422280.0 423234.0 498351.0 562752.0 381126.0 450386.0 467673.0 537227.0 499434.0 573140.0 153287.0 0 175429.0 214284.0 243471.0 335182.0 316309.0 305181.0 393921.0 417509.0 420457.0 480439.0 496453.0 441991.0 607918.0 
682901.0 534773.0 461008.0 483439.0 484958.0 297290.0 189665.0 223653.0 271660.0 325929.0 399662.0 400155.0 403132.0 460162.0 509727.0 554282.0 521274.0 423805.0 424759.0 499876.0 564277.0 382651.0 451911.0 469198.0 538752.0 500959.0 574665.0 172842.0 175429.0 0 38855.0 68042.0 354737.0 335864.0 324736.0 413476.0 437064.0 440012.0 499994.0 516008.0 461546.0 627473.0 
721756.0 573628.0 499863.0 522294.0 523813.0 336145.0 228520.0 262508.0 310515.0 364784.0 438517.0 439010.0 441987.0 499017.0 548582.0 593137.0 560129.0 462660.0 463614.0 538731.0 603132.0 421506.0 490766.0 508053.0 577607.0 539814.0 613520.0 211697.0 214284.0 38855.0 0 29187.0 393592.0 374719.0 363591.0 452331.0 475919.0 478867.0 538849.0 554863.0 500401.0 666328.0 
750943.0 602815.0 529050.0 551481.0 553000.0 365332.0 257707.0 291695.0 339702.0 393971.0 467704.0 468197.0 471174.0 528204.0 577769.0 622324.0 589316.0 491847.0 492801.0 567918.0 632319.0 450693.0 519953.0 537240.0 606794.0 569001.0 642707.0 240884.0 243471.0 68042.0 29187.0 0 422779.0 403906.0 392778.0 481518.0 505106.0 508054.0 568036.0 584050.0 529588.0 695515.0 
526016.0 377888.0 304123.0 326554.0 328073.0 140405.0 165072.0 217090.0 265097.0 319366.0 393099.0 393592.0 396569.0 453599.0 503164.0 547719.0 514711.0 417242.0 418196.0 493313.0 557714.0 376088.0 445348.0 462635.0 532189.0 494396.0 568102.0 181895.0 335182.0 354737.0 393592.0 422779.0 0 18873.0 167851.0 256591.0 280179.0 283127.0 343109.0 359123.0 304661.0 470588.0 
507143.0 359015.0 285250.0 307681.0 309200.0 121532.0 146199.0 198217.0 246224.0 300493.0 374226.0 374719.0 377696.0 434726.0 484291.0 528846.0 495838.0 398369.0 399323.0 474440.0 538841.0 357215.0 426475.0 443762.0 513316.0 475523.0 549229.0 163022.0 316309.0 335864.0 374719.0 403906.0 18873.0 0 148978.0 237718.0 261306.0 264254.0 324236.0 340250.0 285788.0 451715.0 
496015.0 347887.0 274122.0 296553.0 298072.0 110404.0 135071.0 187089.0 235096.0 289365.0 363098.0 363591.0 366568.0 423598.0 473163.0 517718.0 484710.0 387241.0 388195.0 463312.0 527713.0 346087.0 415347.0 432634.0 502188.0 464395.0 538101.0 151894.0 305181.0 324736.0 363591.0 392778.0 167851.0 148978.0 0 88740.0 112328.0 115276.0 175258.0 191272.0 274660.0 440587.0 
584755.0 436627.0 362862.0 385293.0 386812.0 199144.0 223811.0 275829.0 323836.0 378105.0 451838.0 452331.0 455308.0 512338.0 561903.0 606458.0 573450.0 475981.0 476935.0 552052.0 616453.0 434827.0 504087.0 521374.0 590928.0 553135.0 626841.0 240634.0 393921.0 413476.0 452331.0 481518.0 256591.0 237718.0 88740.0 0 23588.0 26536.0 86518.0 102532.0 363400.0 529327.0 
608343.0 460215.0 386450.0 408881.0 410400.0 222732.0 247399.0 299417.0 347424.0 401693.0 475426.0 475919.0 478896.0 535926.0 585491.0 630046.0 597038.0 499569.0 500523.0 575640.0 640041.0 458415.0 527675.0 544962.0 614516.0 576723.0 650429.0 264222.0 417509.0 437064.0 475919.0 505106.0 280179.0 261306.0 112328.0 23588.0 0 50124.0 110106.0 126120.0 386988.0 552915.0 
611291.0 463163.0 389398.0 411829.0 413348.0 225680.0 250347.0 302365.0 350372.0 404641.0 478374.0 478867.0 481844.0 538874.0 588439.0 632994.0 599986.0 502517.0 503471.0 578588.0 642989.0 461363.0 530623.0 547910.0 617464.0 579671.0 653377.0 267170.0 420457.0 440012.0 478867.0 508054.0 283127.0 264254.0 115276.0 26536.0 50124.0 0 59982.0 75996.0 389936.0 555863.0 
671273.0 523145.0 449380.0 471811.0 473330.0 285662.0 310329.0 362347.0 385269.0 464623.0 538356.0 538849.0 541826.0 598856.0 648421.0 692976.0 659968.0 562499.0 563453.0 638570.0 702971.0 521345.0 590605.0 607892.0 677446.0 639653.0 713359.0 327152.0 480439.0 499994.0 538849.0 568036.0 343109.0 324236.0 175258.0 86518.0 110106.0 59982.0 0 16014.0 449918.0 615845.0 
687287.0 539159.0 465394.0 487825.0 489344.0 301676.0 326343.0 378361.0 396996.0 480637.0 554370.0 554863.0 555265.0 614870.0 664435.0 698227.0 675982.0 553915.0 579467.0 654584.0 718985.0 537359.0 606619.0 623906.0 691183.0 655667.0 729373.0 343166.0 496453.0 516008.0 554863.0 584050.0 359123.0 340250.0 191272.0 102532.0 126120.0 75996.0 16014.0 0 465932.0 631859.0 
413323.0 265195.0 191430.0 213861.0 215380.0 164256.0 271881.0 323899.0 371906.0 426175.0 499908.0 500401.0 503378.0 560408.0 609973.0 654528.0 621520.0 524051.0 525005.0 600122.0 664523.0 482897.0 552157.0 569444.0 638998.0 601205.0 674911.0 288704.0 441991.0 461546.0 500401.0 529588.0 304661.0 285788.0 274660.0 363400.0 386988.0 389936.0 449918.0 465932.0 0 357895.0 
55428.0 92700.0 166465.0 217370.0 218889.0 330183.0 437808.0 489826.0 537833.0 592102.0 665835.0 666328.0 669305.0 726335.0 775900.0 820455.0 787447.0 689978.0 690932.0 766049.0 830450.0 648824.0 718084.0 735371.0 804925.0 767132.0 840838.0 454631.0 607918.0 627473.0 666328.0 695515.0 470588.0 451715.0 440587.0 529327.0 552915.0 555863.0 615845.0 631859.0 357895.0 0 
