39
Location34 Location41 Location10 Location26 Location24 Location37 Location13 Location25 Location32 Location29 Location9 Location20 Location5 Location33 Location31 Location22 Location7 Location18 Location16 Location30 Location23 Location17 Location28 Location38 Location19 Location40 Location11 Location27 Location4 Location35 Location2 Location21 Location8 Location1 Location6 Location15 Location39 Location46 Location0
0 555.0 1022.0 1163.0 2520.0 3748.0 3339.0 3571.0 3665.0 3011.0 2751.0 3262.0 3436.0 3215.0 3720.0 4234.0 3703.0 3138.0 4512.0 3459.0 3856.0 4162.0 3483.0 2918.0 2001.0 3014.0 3095.0 2412.0 2096.0 3392.0 4909.0 2911.0 4235.0 3443.0 4022.0 2844.0 5066.0 2484.0 1059.0 
555.0 0 1577.0 1718.0 1965.0 3193.0 3254.0 3022.0 3110.0 2456.0 2196.0 2707.0 2881.0 2660.0 3165.0 3679.0 3148.0 2933.0 3957.0 4014.0 4299.0 3993.0 4038.0 3473.0 2556.0 3569.0 3584.0 2967.0 2651.0 3947.0 4602.0 2356.0 4656.0 3998.0 4427.0 3399.0 4511.0 1929.0 1614.0 
1022.0 1577.0 0 141.0 1498.0 2726.0 2857.0 2797.0 3209.0 1989.0 1729.0 2240.0 2414.0 2577.0 2926.0 3212.0 2681.0 2116.0 3490.0 2437.0 2834.0 3140.0 3565.0 3150.0 3023.0 3096.0 2073.0 3156.0 3118.0 2370.0 4229.0 1889.0 3755.0 3735.0 3832.0 1822.0 4044.0 1462.0 2081.0 
1163.0 1718.0 141.0 0 1447.0 2675.0 2998.0 2938.0 3350.0 2130.0 1870.0 2381.0 2555.0 2718.0 3067.0 3353.0 2822.0 2257.0 3631.0 2296.0 2693.0 2999.0 3424.0 3099.0 3164.0 2955.0 2214.0 3297.0 3169.0 2229.0 4334.0 2030.0 3806.0 3876.0 3889.0 1681.0 3993.0 1603.0 2222.0 
2520.0 1965.0 1498.0 1447.0 0 1228.0 1637.0 1773.0 1911.0 2481.0 2741.0 2254.0 2110.0 3059.0 3564.0 2904.0 2373.0 3210.0 3248.0 2331.0 2334.0 2028.0 2217.0 1652.0 2569.0 3250.0 3571.0 2226.0 4616.0 3152.0 3353.0 2487.0 3677.0 3037.0 3072.0 3128.0 3312.0 2960.0 3579.0 
3748.0 3193.0 2726.0 2675.0 1228.0 0 409.0 545.0 683.0 1253.0 1513.0 1026.0 882.0 1831.0 2336.0 1676.0 1145.0 1982.0 2020.0 1103.0 1106.0 800.0 2055.0 2004.0 2457.0 2940.0 2385.0 3454.0 5844.0 4380.0 2125.0 3715.0 2847.0 2875.0 1844.0 3498.0 2084.0 2946.0 4807.0 
3339.0 3254.0 2857.0 2998.0 1637.0 409.0 0 232.0 744.0 1040.0 1128.0 617.0 791.0 1740.0 2177.0 1267.0 736.0 1573.0 1929.0 1512.0 1197.0 1209.0 2116.0 1595.0 2048.0 3023.0 2446.0 3141.0 5435.0 4441.0 2186.0 4124.0 2784.0 2466.0 1435.0 3089.0 2145.0 2855.0 4398.0 
3571.0 3022.0 2797.0 2938.0 1773.0 545.0 232.0 0 512.0 808.0 1068.0 849.0 1023.0 1972.0 2265.0 1499.0 968.0 1805.0 2161.0 1648.0 1429.0 1345.0 1884.0 1827.0 2280.0 2791.0 2214.0 2909.0 5299.0 4209.0 1954.0 4260.0 2912.0 2698.0 1667.0 3321.0 1913.0 3087.0 4262.0 
3665.0 3110.0 3209.0 3350.0 1911.0 683.0 744.0 512.0 0 1220.0 1480.0 1261.0 1435.0 2384.0 2433.0 1911.0 1380.0 2217.0 2573.0 1786.0 1789.0 1483.0 2022.0 1971.0 2374.0 2879.0 2302.0 3421.0 5761.0 4297.0 2042.0 4382.0 2500.0 2842.0 2179.0 3733.0 1401.0 3499.0 4724.0 
3011.0 2456.0 1989.0 2130.0 2481.0 1253.0 1040.0 808.0 1220.0 0 260.0 771.0 945.0 1470.0 1457.0 1743.0 1212.0 997.0 1513.0 2356.0 2237.0 2053.0 2504.0 1939.0 1708.0 2659.0 1636.0 3307.0 5095.0 3631.0 2662.0 3878.0 3720.0 3160.0 2475.0 2513.0 2575.0 2279.0 4058.0 
2751.0 2196.0 1729.0 1870.0 2741.0 1513.0 1128.0 1068.0 1480.0 260.0 0 511.0 685.0 1210.0 1197.0 1483.0 952.0 737.0 1761.0 2276.0 2325.0 2019.0 2764.0 2199.0 1968.0 2411.0 1388.0 3059.0 4847.0 3383.0 2802.0 3618.0 3692.0 2900.0 2563.0 2253.0 2315.0 2019.0 3810.0 
3262.0 2707.0 2240.0 2381.0 2254.0 1026.0 617.0 849.0 1261.0 771.0 511.0 0 174.0 1123.0 1628.0 972.0 1353.0 956.0 1312.0 1765.0 1814.0 1508.0 2633.0 2212.0 2479.0 2476.0 1899.0 3570.0 5358.0 3894.0 2315.0 4129.0 3181.0 2389.0 2052.0 2764.0 1804.0 2238.0 4321.0 
3436.0 2881.0 2414.0 2555.0 2110.0 882.0 791.0 1023.0 1435.0 945.0 685.0 174.0 0 949.0 1454.0 1146.0 1527.0 1130.0 1138.0 1591.0 1988.0 1682.0 2807.0 2386.0 2653.0 2650.0 2073.0 3744.0 5470.0 4006.0 2489.0 4303.0 3355.0 2563.0 2226.0 2938.0 1978.0 2064.0 4449.0 
3215.0 2660.0 2577.0 2718.0 3059.0 1831.0 1740.0 1972.0 2384.0 1470.0 1210.0 1123.0 949.0 0 505.0 1415.0 1004.0 1947.0 1297.0 2540.0 2937.0 2631.0 3668.0 3103.0 2186.0 3199.0 2598.0 2921.0 5311.0 4593.0 2338.0 4466.0 3792.0 3000.0 3175.0 3463.0 2927.0 1115.0 4274.0 
3720.0 3165.0 2926.0 3067.0 3564.0 2336.0 2177.0 2265.0 2433.0 1457.0 1197.0 1628.0 1454.0 505.0 0 910.0 1441.0 1934.0 1284.0 3045.0 2986.0 3136.0 3717.0 3152.0 2691.0 3608.0 2585.0 3426.0 5816.0 4580.0 2325.0 4665.0 4163.0 3505.0 3612.0 3450.0 3432.0 1620.0 4779.0 
4234.0 3679.0 3212.0 3353.0 2904.0 1676.0 1267.0 1499.0 1911.0 1743.0 1483.0 972.0 1146.0 1415.0 910.0 0 531.0 1928.0 2194.0 2737.0 2464.0 2476.0 2807.0 2862.0 3315.0 3426.0 2871.0 3940.0 6330.0 4866.0 3235.0 5101.0 4023.0 3361.0 2702.0 3736.0 2776.0 1976.0 5293.0 
3703.0 3148.0 2681.0 2822.0 2373.0 1145.0 736.0 968.0 1380.0 1212.0 952.0 1353.0 1527.0 1004.0 1441.0 531.0 0 1689.0 2301.0 2248.0 1933.0 1945.0 2664.0 2331.0 2784.0 3363.0 2340.0 3409.0 5799.0 4335.0 2922.0 4570.0 3520.0 2830.0 2171.0 3205.0 2781.0 2119.0 4762.0 
3138.0 2933.0 2116.0 2257.0 3210.0 1982.0 1573.0 1805.0 2217.0 997.0 737.0 956.0 1130.0 1947.0 1934.0 1928.0 1689.0 0 1374.0 2373.0 2770.0 2464.0 3501.0 2936.0 2019.0 3032.0 2125.0 3796.0 5234.0 3770.0 3271.0 4005.0 4137.0 3345.0 3008.0 2990.0 2760.0 1282.0 4197.0 
4512.0 3957.0 3490.0 3631.0 3248.0 2020.0 1929.0 2161.0 2573.0 1513.0 1761.0 1312.0 1138.0 1297.0 1284.0 2194.0 2301.0 1374.0 0 2079.0 2476.0 2170.0 3545.0 2980.0 3221.0 3788.0 3149.0 4218.0 6608.0 5144.0 2889.0 5229.0 2879.0 3671.0 3364.0 4014.0 3116.0 2028.0 5571.0 
3459.0 4014.0 2437.0 2296.0 2331.0 1103.0 1512.0 1648.0 1786.0 2356.0 2276.0 1765.0 1591.0 2540.0 3045.0 2737.0 2248.0 2373.0 2079.0 0 729.0 1035.0 1466.0 901.0 1818.0 1837.0 2860.0 4531.0 4741.0 3791.0 3228.0 4326.0 2348.0 2286.0 2947.0 3889.0 2421.0 3655.0 3704.0 
3856.0 4299.0 2834.0 2693.0 2334.0 1106.0 1197.0 1429.0 1789.0 2237.0 2325.0 1814.0 1988.0 2937.0 2986.0 2464.0 1933.0 2770.0 2476.0 729.0 0 306.0 1681.0 1630.0 2547.0 2566.0 3173.0 4338.0 5470.0 4006.0 3231.0 3973.0 1741.0 2501.0 2632.0 4286.0 3150.0 4052.0 4433.0 
4162.0 3993.0 3140.0 2999.0 2028.0 800.0 1209.0 1345.0 1483.0 2053.0 2019.0 1508.0 1682.0 2631.0 3136.0 2476.0 1945.0 2464.0 2170.0 1035.0 306.0 0 1625.0 1936.0 2853.0 2658.0 3117.0 4254.0 5414.0 3950.0 2925.0 4279.0 2047.0 2445.0 2644.0 4272.0 2884.0 3746.0 4739.0 
3483.0 4038.0 3565.0 3424.0 2217.0 2055.0 2116.0 1884.0 2022.0 2504.0 2764.0 2633.0 2807.0 3668.0 3717.0 2807.0 2664.0 3501.0 3545.0 1466.0 1681.0 1625.0 0 565.0 1482.0 1033.0 1492.0 3163.0 3789.0 2325.0 2364.0 4704.0 1460.0 820.0 2809.0 5017.0 3373.0 4783.0 3204.0 
2918.0 3473.0 3150.0 3099.0 1652.0 2004.0 1595.0 1827.0 1971.0 1939.0 2199.0 2212.0 2386.0 3103.0 3152.0 2862.0 2331.0 2936.0 2980.0 901.0 1630.0 1936.0 565.0 0 917.0 1598.0 2057.0 3728.0 3840.0 2890.0 2929.0 4139.0 2025.0 1385.0 2244.0 4452.0 3322.0 4218.0 3267.0 
2001.0 2556.0 3023.0 3164.0 2569.0 2457.0 2048.0 2280.0 2374.0 1708.0 1968.0 2479.0 2653.0 2186.0 2691.0 3315.0 2784.0 2019.0 3221.0 1818.0 2547.0 2853.0 1482.0 917.0 0 1013.0 2036.0 3703.0 3387.0 3807.0 2908.0 4912.0 2942.0 2302.0 3161.0 4221.0 3775.0 3301.0 2350.0 
3014.0 3569.0 3096.0 2955.0 3250.0 2940.0 3023.0 2791.0 2879.0 2659.0 2411.0 2476.0 2650.0 3199.0 3608.0 3426.0 3363.0 3032.0 3788.0 1837.0 2566.0 2658.0 1033.0 1598.0 1013.0 0 1023.0 2694.0 3446.0 3018.0 1895.0 4235.0 2493.0 1853.0 3842.0 4548.0 4258.0 4314.0 2861.0 
3095.0 3584.0 2073.0 2214.0 3571.0 2385.0 2446.0 2214.0 2302.0 1636.0 1388.0 1899.0 2073.0 2598.0 2585.0 2871.0 2340.0 2125.0 3149.0 2860.0 3173.0 3117.0 1492.0 2057.0 2036.0 1023.0 0 1671.0 3459.0 1995.0 2918.0 3962.0 2952.0 2312.0 3881.0 3525.0 3703.0 3407.0 2874.0 
2412.0 2967.0 3156.0 3297.0 2226.0 3454.0 3141.0 2909.0 3421.0 3307.0 3059.0 3570.0 3744.0 2921.0 3426.0 3940.0 3409.0 3796.0 4218.0 4531.0 4338.0 4254.0 3163.0 3728.0 3703.0 2694.0 1671.0 0 2390.0 3666.0 4589.0 4713.0 3607.0 2815.0 4316.0 4978.0 4772.0 2586.0 1353.0 
2096.0 2651.0 3118.0 3169.0 4616.0 5844.0 5435.0 5299.0 5761.0 5095.0 4847.0 5358.0 5470.0 5311.0 5816.0 6330.0 5799.0 5234.0 6608.0 4741.0 5470.0 5414.0 3789.0 3840.0 3387.0 3446.0 3459.0 2390.0 0 1464.0 3719.0 5007.0 3729.0 2969.0 4000.0 4850.0 7162.0 4580.0 3155.0 
3392.0 3947.0 2370.0 2229.0 3152.0 4380.0 4441.0 4209.0 4297.0 3631.0 3383.0 3894.0 4006.0 4593.0 4580.0 4866.0 4335.0 3770.0 5144.0 3791.0 4006.0 3950.0 2325.0 2890.0 3807.0 3018.0 1995.0 3666.0 1464.0 0 2255.0 4259.0 3785.0 3145.0 5134.0 3910.0 5698.0 3832.0 4451.0 
4909.0 4602.0 4229.0 4334.0 3353.0 2125.0 2186.0 1954.0 2042.0 2662.0 2802.0 2315.0 2489.0 2338.0 2325.0 3235.0 2922.0 3271.0 2889.0 3228.0 3231.0 2925.0 2364.0 2929.0 2908.0 1895.0 2918.0 4589.0 3719.0 2255.0 0 2340.0 3586.0 3184.0 3621.0 2653.0 3443.0 3391.0 4220.0 
2911.0 2356.0 1889.0 2030.0 2487.0 3715.0 4124.0 4260.0 4382.0 3878.0 3618.0 4129.0 4303.0 4466.0 4665.0 5101.0 4570.0 4005.0 5229.0 4326.0 3973.0 4279.0 4704.0 4139.0 4912.0 4235.0 3962.0 4713.0 5007.0 4259.0 2340.0 0 3244.0 4036.0 4593.0 3711.0 5783.0 3351.0 3970.0 
4235.0 4656.0 3755.0 3806.0 3677.0 2847.0 2784.0 2912.0 2500.0 3720.0 3692.0 3181.0 3355.0 3792.0 4163.0 4023.0 3520.0 4137.0 2879.0 2348.0 1741.0 2047.0 1460.0 2025.0 2942.0 2493.0 2952.0 3607.0 3729.0 3785.0 3586.0 3244.0 0 792.0 1349.0 3557.0 3433.0 3847.0 3176.0 
3443.0 3998.0 3735.0 3876.0 3037.0 2875.0 2466.0 2698.0 2842.0 3160.0 2900.0 2389.0 2563.0 3000.0 3505.0 3361.0 2830.0 3345.0 3671.0 2286.0 2501.0 2445.0 820.0 1385.0 2302.0 1853.0 2312.0 2815.0 2969.0 3145.0 3184.0 4036.0 792.0 0 2141.0 4349.0 4193.0 4115.0 2384.0 
4022.0 4427.0 3832.0 3889.0 3072.0 1844.0 1435.0 1667.0 2179.0 2475.0 2563.0 2052.0 2226.0 3175.0 3612.0 2702.0 2171.0 3008.0 3364.0 2947.0 2632.0 2644.0 2809.0 2244.0 3161.0 3842.0 3881.0 4316.0 4000.0 5134.0 3621.0 4593.0 1349.0 2141.0 0 2208.0 3580.0 2498.0 2963.0 
2844.0 3399.0 1822.0 1681.0 3128.0 3498.0 3089.0 3321.0 3733.0 2513.0 2253.0 2764.0 2938.0 3463.0 3450.0 3736.0 3205.0 2990.0 4014.0 3889.0 4286.0 4272.0 5017.0 4452.0 4221.0 4548.0 3525.0 4978.0 4850.0 3910.0 2653.0 3711.0 3557.0 4349.0 2208.0 0 4568.0 3284.0 3813.0 
5066.0 4511.0 4044.0 3993.0 3312.0 2084.0 2145.0 1913.0 1401.0 2575.0 2315.0 1804.0 1978.0 2927.0 3432.0 2776.0 2781.0 2760.0 3116.0 2421.0 3150.0 2884.0 3373.0 3322.0 3775.0 4258.0 3703.0 4772.0 7162.0 5698.0 3443.0 5783.0 3433.0 4193.0 3580.0 4568.0 0 3100.0 6125.0 
2484.0 1929.0 1462.0 1603.0 2960.0 2946.0 2855.0 3087.0 3499.0 2279.0 2019.0 2238.0 2064.0 1115.0 1620.0 1976.0 2119.0 1282.0 2028.0 3655.0 4052.0 3746.0 4783.0 4218.0 3301.0 4314.0 3407.0 2586.0 4580.0 3832.0 3391.0 3351.0 3847.0 4115.0 2498.0 3284.0 3100.0 0 3543.0 
1059.0 1614.0 2081.0 2222.0 3579.0 4807.0 4398.0 4262.0 4724.0 4058.0 3810.0 4321.0 4449.0 4274.0 4779.0 5293.0 4762.0 4197.0 5571.0 3704.0 4433.0 4739.0 3204.0 3267.0 2350.0 2861.0 2874.0 1353.0 3155.0 4451.0 4220.0 3970.0 3176.0 2384.0 2963.0 3813.0 6125.0 3543.0 0 
