43
Location43 Location25 Location34 Location36 Location45 Location37 Location2 Location14 Location33 Location23 Location6 Location24 Location35 Location31 Location1 Location41 Location21 Location26 Location20 Location8 Location40 Location39 Location17 Location3 Location11 Location32 Location30 Location10 Location9 Location28 Location29 Location27 Location44 Location13 Location42 Location18 Location16 Location115 Location15 Location12 Location38 Location4 Location0
0 2683.0 5912.0 10276.0 7945.0 6936.0 9780.0 13837.0 13581.0 10445.0 7279.0 9606.0 12467.0 14730.0 15490.0 18364.0 23529.0 24628.0 21638.0 19119.0 17008.0 14550.0 14079.0 14944.0 16318.0 12550.0 8022.0 4849.0 6124.0 5459.0 6863.0 8939.0 11386.0 9621.0 9319.0 7861.0 5280.0 7323.0 16555.0 19945.0 14813.0 24604.0 1521.0 
2683.0 0 3229.0 7855.0 10628.0 9619.0 7875.0 11932.0 15074.0 13128.0 9962.0 11949.0 13818.0 17413.0 18173.0 21047.0 26212.0 27311.0 24321.0 21802.0 19691.0 17233.0 16762.0 17627.0 19001.0 14549.0 10705.0 7172.0 3441.0 8142.0 6698.0 7256.0 10123.0 8358.0 7014.0 6598.0 7963.0 9666.0 16724.0 22628.0 16812.0 27287.0 4204.0 
5912.0 3229.0 0 4626.0 7535.0 7232.0 7168.0 11225.0 11845.0 10741.0 6969.0 9562.0 11431.0 15026.0 15786.0 18660.0 23825.0 24924.0 21934.0 19415.0 17304.0 14846.0 16411.0 17276.0 18578.0 16588.0 12078.0 10401.0 6670.0 7791.0 9527.0 10485.0 13352.0 11587.0 10243.0 9827.0 7482.0 8229.0 14337.0 20241.0 18851.0 24900.0 7433.0 
10276.0 7855.0 4626.0 0 2909.0 3918.0 6762.0 10117.0 9485.0 6995.0 8379.0 4936.0 7285.0 10400.0 11160.0 14034.0 19199.0 20298.0 17308.0 14789.0 12678.0 10220.0 13723.0 14374.0 15962.0 12724.0 7452.0 7363.0 9858.0 8791.0 9377.0 10277.0 13900.0 12135.0 10035.0 10375.0 6958.0 4915.0 13085.0 15615.0 15159.0 20274.0 10973.0 
7945.0 10628.0 7535.0 2909.0 0 1009.0 3853.0 7662.0 7222.0 4086.0 9438.0 4289.0 7150.0 9011.0 8251.0 11125.0 16290.0 17389.0 15575.0 11880.0 11081.0 9561.0 13064.0 15059.0 14065.0 14987.0 10129.0 9626.0 10583.0 5882.0 11640.0 12540.0 16163.0 14398.0 12298.0 12638.0 4049.0 2006.0 12438.0 14592.0 17422.0 17365.0 9466.0 
6936.0 9619.0 7232.0 3918.0 1009.0 0 2844.0 6901.0 8231.0 5095.0 8601.0 3280.0 6141.0 9772.0 9260.0 11428.0 16593.0 17692.0 14702.0 12183.0 10072.0 8552.0 12055.0 14050.0 13056.0 13978.0 9120.0 8617.0 11112.0 6891.0 10631.0 11945.0 15154.0 13389.0 11289.0 11629.0 3040.0 997.0 11429.0 13947.0 16413.0 17668.0 8457.0 
9780.0 7875.0 7168.0 6762.0 3853.0 2844.0 0 4057.0 8969.0 5833.0 9417.0 6124.0 8985.0 10118.0 10878.0 13752.0 18917.0 20016.0 17026.0 14507.0 12396.0 11396.0 14899.0 16894.0 15900.0 16822.0 11550.0 11461.0 11316.0 7717.0 13475.0 14375.0 17998.0 16233.0 14133.0 14473.0 5884.0 3841.0 14263.0 15333.0 19257.0 19992.0 11301.0 
13837.0 11932.0 11225.0 10117.0 7662.0 6901.0 4057.0 0 5444.0 8580.0 10502.0 8133.0 7042.0 9545.0 10305.0 13069.0 15306.0 16405.0 13415.0 13560.0 14801.0 15453.0 18956.0 20951.0 19957.0 20879.0 15607.0 15518.0 15373.0 11774.0 17532.0 18432.0 22055.0 20290.0 18190.0 18530.0 9941.0 7898.0 13832.0 18300.0 23314.0 16381.0 15358.0 
13581.0 15074.0 11845.0 9485.0 7222.0 8231.0 8969.0 5444.0 0 3136.0 9636.0 9463.0 6602.0 10875.0 11635.0 9743.0 11980.0 13079.0 13689.0 8180.0 10617.0 16783.0 20286.0 22281.0 21287.0 22209.0 16937.0 16848.0 15655.0 13104.0 18862.0 19762.0 23385.0 21620.0 19520.0 19860.0 11271.0 9228.0 14492.0 13642.0 24644.0 16731.0 15102.0 
10445.0 13128.0 10741.0 6995.0 4086.0 5095.0 5833.0 8580.0 3136.0 0 6500.0 8375.0 9738.0 9849.0 9089.0 10847.0 13234.0 14183.0 12527.0 11248.0 8811.0 13647.0 17150.0 19145.0 18151.0 19073.0 13801.0 13712.0 12519.0 9968.0 15726.0 16626.0 20249.0 18484.0 16384.0 16724.0 8135.0 6092.0 11356.0 10506.0 21508.0 14159.0 11966.0 
7279.0 9962.0 6969.0 8379.0 9438.0 8601.0 9417.0 10502.0 9636.0 6500.0 0 5321.0 7190.0 11463.0 11545.0 14419.0 19584.0 20683.0 17693.0 15174.0 13063.0 12063.0 15566.0 17561.0 17729.0 17489.0 14673.0 12128.0 10053.0 10040.0 14142.0 15042.0 18665.0 16900.0 14800.0 15140.0 9647.0 7604.0 10096.0 16000.0 19924.0 20659.0 8800.0 
9606.0 11949.0 9562.0 4936.0 4289.0 3280.0 6124.0 8133.0 9463.0 8375.0 5321.0 0 2861.0 7134.0 7894.0 10768.0 14263.0 15362.0 12372.0 11523.0 11302.0 9988.0 13491.0 15336.0 14342.0 12746.0 10066.0 9903.0 12398.0 10111.0 9399.0 11453.0 13922.0 12157.0 11363.0 11249.0 4326.0 2283.0 8149.0 14219.0 15181.0 15338.0 11127.0 
12467.0 13818.0 11431.0 7285.0 7150.0 6141.0 8985.0 7042.0 6602.0 9738.0 7190.0 2861.0 0 4273.0 5033.0 7907.0 13072.0 13493.0 10503.0 8662.0 9433.0 10181.0 13684.0 15679.0 14685.0 15607.0 10335.0 12528.0 14749.0 10442.0 12260.0 14314.0 16783.0 15018.0 14224.0 13258.0 7187.0 5144.0 10094.0 12350.0 18042.0 13469.0 13988.0 
14730.0 17413.0 15026.0 10400.0 9011.0 9772.0 10118.0 9545.0 10875.0 9849.0 11463.0 7134.0 4273.0 0 760.0 3634.0 8799.0 9898.0 6908.0 4389.0 5838.0 9602.0 9411.0 11406.0 10620.0 12282.0 9558.0 11741.0 13972.0 12661.0 11425.0 12725.0 12510.0 14429.0 15273.0 12223.0 9450.0 9405.0 14367.0 8755.0 13769.0 9874.0 16251.0 
15490.0 18173.0 15786.0 11160.0 8251.0 9260.0 10878.0 10305.0 11635.0 9089.0 11545.0 7894.0 5033.0 760.0 0 2874.0 8039.0 9138.0 7324.0 3629.0 6066.0 8842.0 10035.0 12030.0 11036.0 11958.0 10318.0 11105.0 14732.0 13421.0 11763.0 11965.0 13134.0 14457.0 16033.0 12983.0 10210.0 8645.0 14725.0 8827.0 14393.0 10634.0 17011.0 
18364.0 21047.0 18660.0 14034.0 11125.0 11428.0 13752.0 13069.0 9743.0 10847.0 14419.0 10768.0 7907.0 3634.0 2874.0 0 5165.0 6264.0 8778.0 6503.0 8940.0 11348.0 12909.0 14592.0 13910.0 14520.0 10342.0 13979.0 17606.0 15833.0 14349.0 14839.0 16008.0 17331.0 18907.0 15857.0 13084.0 11381.0 17009.0 5953.0 16955.0 8662.0 19885.0 
23529.0 26212.0 23825.0 19199.0 16290.0 16593.0 18917.0 15306.0 11980.0 13234.0 19584.0 14263.0 13072.0 8799.0 8039.0 5165.0 0 1099.0 3613.0 9122.0 11061.0 11177.0 11918.0 12205.0 11211.0 14779.0 15507.0 19144.0 22771.0 18070.0 19514.0 20004.0 20577.0 22496.0 24072.0 21022.0 18249.0 16546.0 11844.0 11118.0 14568.0 6275.0 25050.0 
24628.0 27311.0 24924.0 20298.0 17389.0 17692.0 20016.0 16405.0 13079.0 14183.0 20683.0 15362.0 13493.0 9898.0 9138.0 6264.0 1099.0 0 3132.0 8641.0 9962.0 10078.0 11437.0 11724.0 10730.0 15208.0 16606.0 20243.0 23870.0 19169.0 20613.0 21103.0 21676.0 23595.0 25171.0 22121.0 19348.0 17645.0 10745.0 12217.0 14087.0 5794.0 26149.0 
21638.0 24321.0 21934.0 17308.0 15575.0 14702.0 17026.0 13415.0 13689.0 12527.0 17693.0 12372.0 10503.0 6908.0 7324.0 8778.0 3613.0 3132.0 0 5509.0 7946.0 8876.0 8305.0 8592.0 9256.0 12964.0 15316.0 17253.0 20880.0 16179.0 17801.0 18113.0 18686.0 20605.0 22181.0 19131.0 16358.0 14655.0 12375.0 11115.0 10955.0 8926.0 23159.0 
19119.0 21802.0 19415.0 14789.0 11880.0 12183.0 14507.0 13560.0 8180.0 11248.0 15174.0 11523.0 8662.0 4389.0 3629.0 6503.0 9122.0 8641.0 5509.0 0 2437.0 8603.0 12106.0 14101.0 13107.0 14029.0 13947.0 14734.0 18361.0 16234.0 15392.0 15594.0 16493.0 18086.0 19662.0 16612.0 13839.0 12274.0 11096.0 10502.0 16464.0 8551.0 20640.0 
17008.0 19691.0 17304.0 12678.0 11081.0 10072.0 12396.0 14801.0 10617.0 8811.0 13063.0 11302.0 9433.0 5838.0 6066.0 8940.0 11061.0 9962.0 7946.0 2437.0 0 6166.0 9669.0 11664.0 11908.0 11592.0 13944.0 12623.0 16250.0 13797.0 13171.0 13483.0 14056.0 15975.0 17551.0 14501.0 11728.0 11069.0 9303.0 8065.0 14027.0 9184.0 18529.0 
14550.0 17233.0 14846.0 10220.0 9561.0 8552.0 11396.0 15453.0 16783.0 13647.0 12063.0 9988.0 10181.0 9602.0 8842.0 11348.0 11177.0 10078.0 8876.0 8603.0 6166.0 0 3503.0 5498.0 5742.0 5426.0 9378.0 11297.0 13792.0 12123.0 10823.0 11025.0 14354.0 13517.0 15093.0 12043.0 9748.0 7705.0 15469.0 5395.0 9989.0 13092.0 16071.0 
14079.0 16762.0 16411.0 13723.0 13064.0 12055.0 14899.0 18956.0 20286.0 17150.0 15566.0 13491.0 13684.0 9411.0 10035.0 12909.0 11918.0 11437.0 8305.0 12106.0 9669.0 3503.0 0 1995.0 2239.0 4659.0 7011.0 9694.0 13321.0 8620.0 10242.0 10554.0 11739.0 13046.0 14622.0 11572.0 11781.0 11208.0 18972.0 8828.0 6486.0 10525.0 15600.0 
14944.0 17627.0 17276.0 14374.0 15059.0 14050.0 16894.0 20951.0 22281.0 19145.0 17561.0 15336.0 15679.0 11406.0 12030.0 14592.0 12205.0 11724.0 8592.0 14101.0 11664.0 5498.0 1995.0 0 4234.0 6654.0 6922.0 10559.0 14186.0 9485.0 10929.0 11419.0 12604.0 13911.0 15487.0 12437.0 12646.0 13053.0 20967.0 8639.0 8481.0 12116.0 16465.0 
16318.0 19001.0 18578.0 15962.0 14065.0 13056.0 15900.0 19957.0 21287.0 18151.0 17729.0 14342.0 14685.0 10620.0 11036.0 13910.0 11211.0 10730.0 9256.0 13107.0 11908.0 5742.0 2239.0 4234.0 0 6898.0 9250.0 11933.0 15560.0 10859.0 12303.0 12793.0 13366.0 15285.0 16861.0 13811.0 14020.0 12059.0 19973.0 11067.0 7243.0 8286.0 17839.0 
12550.0 14549.0 16588.0 12724.0 14987.0 13978.0 16822.0 20879.0 22209.0 19073.0 17489.0 12746.0 15607.0 12282.0 11958.0 14520.0 14779.0 15208.0 12964.0 14029.0 11592.0 5426.0 4659.0 6654.0 6898.0 0 5272.0 8909.0 11846.0 9105.0 8503.0 8341.0 9526.0 10833.0 12409.0 9359.0 10938.0 12981.0 20895.0 8567.0 8051.0 13076.0 13387.0 
8022.0 10705.0 12078.0 7452.0 10129.0 9120.0 11550.0 15607.0 16937.0 13801.0 14673.0 10066.0 10335.0 9558.0 10318.0 10342.0 15507.0 16606.0 15316.0 13947.0 13944.0 9378.0 7011.0 6922.0 9250.0 5272.0 0 3637.0 7264.0 6289.0 4007.0 5531.0 7434.0 8409.0 8565.0 6549.0 6080.0 8123.0 16941.0 13839.0 8457.0 16582.0 9543.0 
4849.0 7172.0 10401.0 7363.0 9626.0 8617.0 11461.0 15518.0 16848.0 13712.0 12128.0 9903.0 12528.0 11741.0 11105.0 13979.0 19144.0 20243.0 17253.0 14734.0 12623.0 11297.0 9694.0 10559.0 11933.0 8909.0 3637.0 0 3731.0 3744.0 4136.0 4222.0 6537.0 4772.0 7030.0 5134.0 5577.0 7620.0 16852.0 15560.0 11086.0 20219.0 6370.0 
6124.0 3441.0 6670.0 9858.0 10583.0 11112.0 11316.0 15373.0 15655.0 12519.0 10053.0 12398.0 14749.0 13972.0 14732.0 17606.0 22771.0 23870.0 20880.0 18361.0 16250.0 13792.0 13321.0 14186.0 15560.0 11846.0 7264.0 3731.0 0 4701.0 5745.0 7257.0 10268.0 8503.0 6403.0 7355.0 9308.0 10115.0 13283.0 19187.0 13371.0 23846.0 7645.0 
5459.0 8142.0 7791.0 8791.0 5882.0 6891.0 7717.0 11774.0 13104.0 9968.0 10040.0 10111.0 10442.0 12661.0 13421.0 15833.0 18070.0 19169.0 16179.0 16234.0 13797.0 12123.0 8620.0 9485.0 10859.0 9105.0 6289.0 3744.0 4701.0 0 5758.0 7966.0 10281.0 8516.0 7388.0 6756.0 8031.0 7888.0 14886.0 17448.0 12606.0 19145.0 6980.0 
6863.0 6698.0 9527.0 9377.0 11640.0 10631.0 13475.0 17532.0 18862.0 15726.0 14142.0 9399.0 12260.0 11425.0 11763.0 14349.0 19514.0 20613.0 17801.0 15392.0 13171.0 10823.0 10242.0 10929.0 12303.0 8503.0 4007.0 4136.0 5745.0 5758.0 0 3594.0 4523.0 6222.0 4558.0 4612.0 8005.0 9634.0 17548.0 15930.0 10114.0 20589.0 6518.0 
8939.0 7256.0 10485.0 10277.0 12540.0 11945.0 14375.0 18432.0 19762.0 16626.0 15042.0 11453.0 14314.0 12725.0 11965.0 14839.0 20004.0 21103.0 18113.0 15594.0 13483.0 11025.0 10554.0 11419.0 12793.0 8341.0 5531.0 4222.0 7257.0 7966.0 3594.0 0 3623.0 5542.0 5454.0 3672.0 8905.0 10948.0 18448.0 16420.0 10604.0 21079.0 7418.0 
11386.0 10123.0 13352.0 13900.0 16163.0 15154.0 17998.0 22055.0 23385.0 20249.0 18665.0 13922.0 16783.0 12510.0 13134.0 16008.0 20577.0 21676.0 18686.0 16493.0 14056.0 14354.0 11739.0 12604.0 13366.0 9526.0 7434.0 6537.0 10268.0 10281.0 4523.0 3623.0 0 1919.0 3865.0 3525.0 12114.0 14157.0 22071.0 16993.0 11789.0 21652.0 11041.0 
9621.0 8358.0 11587.0 12135.0 14398.0 13389.0 16233.0 20290.0 21620.0 18484.0 16900.0 12157.0 15018.0 14429.0 14457.0 17331.0 22496.0 23595.0 20605.0 18086.0 15975.0 13517.0 13046.0 13911.0 15285.0 10833.0 8409.0 4772.0 8503.0 8516.0 6222.0 5542.0 1919.0 0 3798.0 5444.0 10349.0 12392.0 20306.0 18912.0 13096.0 23571.0 9276.0 
9319.0 7014.0 10243.0 10035.0 12298.0 11289.0 14133.0 18190.0 19520.0 16384.0 14800.0 11363.0 14224.0 15273.0 16033.0 18907.0 24072.0 25171.0 22181.0 19662.0 17551.0 15093.0 14622.0 15487.0 16861.0 12409.0 8565.0 7030.0 6403.0 7388.0 4558.0 5454.0 3865.0 3798.0 0 3050.0 8249.0 10292.0 18440.0 20488.0 14672.0 25147.0 9166.0 
7861.0 6598.0 9827.0 10375.0 12638.0 11629.0 14473.0 18530.0 19860.0 16724.0 15140.0 11249.0 13258.0 12223.0 12983.0 15857.0 21022.0 22121.0 19131.0 16612.0 14501.0 12043.0 11572.0 12437.0 13811.0 9359.0 6549.0 5134.0 7355.0 6756.0 4612.0 3672.0 3525.0 5444.0 3050.0 0 8589.0 10632.0 18546.0 17438.0 11622.0 22097.0 7516.0 
5280.0 7963.0 7482.0 6958.0 4049.0 3040.0 5884.0 9941.0 11271.0 8135.0 9647.0 4326.0 7187.0 9450.0 10210.0 13084.0 18249.0 19348.0 16358.0 13839.0 11728.0 9748.0 11781.0 12646.0 14020.0 10938.0 6080.0 5577.0 9308.0 8031.0 8005.0 8905.0 12114.0 10349.0 8249.0 8589.0 0 2043.0 11275.0 14877.0 13373.0 19324.0 6801.0 
7323.0 9666.0 8229.0 4915.0 2006.0 997.0 3841.0 7898.0 9228.0 6092.0 7604.0 2283.0 5144.0 9405.0 8645.0 11381.0 16546.0 17645.0 14655.0 12274.0 11069.0 7705.0 11208.0 13053.0 12059.0 12981.0 8123.0 7620.0 10115.0 7888.0 9634.0 10948.0 14157.0 12392.0 10292.0 10632.0 2043.0 0 10432.0 12962.0 15416.0 17621.0 8844.0 
16555.0 16724.0 14337.0 13085.0 12438.0 11429.0 14263.0 13832.0 14492.0 11356.0 10096.0 8149.0 10094.0 14367.0 14725.0 17009.0 11844.0 10745.0 12375.0 11096.0 9303.0 15469.0 18972.0 20967.0 19973.0 20895.0 16941.0 16852.0 13283.0 14886.0 17548.0 18448.0 22071.0 20306.0 18440.0 18546.0 11275.0 10432.0 0 12328.0 23330.0 15417.0 18076.0 
19945.0 22628.0 20241.0 15615.0 14592.0 13947.0 15333.0 18300.0 13642.0 10506.0 16000.0 14219.0 12350.0 8755.0 8827.0 5953.0 11118.0 12217.0 11115.0 10502.0 8065.0 5395.0 8828.0 8639.0 11067.0 8567.0 13839.0 15560.0 19187.0 17448.0 15930.0 16420.0 16993.0 18912.0 20488.0 17438.0 14877.0 12962.0 12328.0 0 11002.0 12101.0 21466.0 
14813.0 16812.0 18851.0 15159.0 17422.0 16413.0 19257.0 23314.0 24644.0 21508.0 19924.0 15181.0 18042.0 13769.0 14393.0 16955.0 14568.0 14087.0 10955.0 16464.0 14027.0 9989.0 6486.0 8481.0 7243.0 8051.0 8457.0 11086.0 13371.0 12606.0 10114.0 10604.0 11789.0 13096.0 14672.0 11622.0 13373.0 15416.0 23330.0 11002.0 0 10475.0 15650.0 
24604.0 27287.0 24900.0 20274.0 17365.0 17668.0 19992.0 16381.0 16731.0 14159.0 20659.0 15338.0 13469.0 9874.0 10634.0 8662.0 6275.0 5794.0 8926.0 8551.0 9184.0 13092.0 10525.0 12116.0 8286.0 13076.0 16582.0 20219.0 23846.0 19145.0 20589.0 21079.0 21652.0 23571.0 25147.0 22097.0 19324.0 17621.0 15417.0 12101.0 10475.0 0 26125.0 
1521.0 4204.0 7433.0 10973.0 9466.0 8457.0 11301.0 15358.0 15102.0 11966.0 8800.0 11127.0 13988.0 16251.0 17011.0 19885.0 25050.0 26149.0 23159.0 20640.0 18529.0 16071.0 15600.0 16465.0 17839.0 13387.0 9543.0 6370.0 7645.0 6980.0 6518.0 7418.0 11041.0 9276.0 9166.0 7516.0 6801.0 8844.0 18076.0 21466.0 15650.0 26125.0 0 
