6
Location4 Location1 Location2 Location5 Location9 Location0
0 459.0 602.0 483.0 550.0 450.0 
459.0 0 395.0 414.0 481.0 601.0 
602.0 395.0 0 275.0 242.0 634.0 
483.0 414.0 275.0 0 67.0 459.0 
550.0 481.0 242.0 67.0 0 392.0 
450.0 601.0 634.0 459.0 392.0 0 
