97
74 107 112 146 128 65 52 46 12 120 137 33 105 29 57 89 125 35 64 151 38 69 60 110 148 83 90 143 80 28 9 4 108 67 160 7 86 68 22 103 27 106 123 117 66 14 115 81 13 131 119 141 20 34 30 6 58 32 134 138 77 42 127 114 48 99 156 140 121 47 82 149 94 45 21 152 88 93 147 49 41 167 196 175 188 164 173 198 170 178 169 171 197 180 199 186 31
0 11.2304 12.3 14.0754 18.2989 13.1179 27.3344 28.5367 33.8769 33.3204 39.6948 39.6635 42.6382 37.4009 45.2199 31.423 32.8735 31.0353 32.8823 35.8512 38.1556 33.6463 28.4819 24.3251 14.8525 18.0574 23.2022 28.5039 32.4768 38.5939 44.4889 39.5563 52.7909 51.8793 49.3967 49.1157 54.4148 53.2934 61.5113 62.5164 63.8825 73.5271 71.1819 72.193 61.323 67.7889 62.6327 62.2427 64.5125 62.3752 60.8786 61.8354 73.3945 57.3848 46.4312 47.623 50.1671 46.9595 41.2938 39.4898 20.0809 11.3361 17.3829 23.2574 27.3891 37.4085 42.4784 37.9059 27.4678 26.7143 46.4079 51.5024 54.194 54.2975 58.5452 41.8938 43.4776 64.1598 65.3591 67.1881 72.1323 372.1266 440.2128 503.2859 759.2713 944.7862 1034.9536 1130.2827 1176.2057 810.952 847.6628 947.5897 840.9406 677.0521 530.7542 445.7595 5.7044 
11.2304 0 1.113 3.2828 13.0983 12.592 17.1676 18.3791 23.1423 23.0461 29.0789 29.8547 32.8745 28.2931 38.2041 26.0163 30.4837 29.1139 31.7622 33.4608 38.223 35.4081 31.515 31.2513 23.588 28.7545 34.4322 39.7205 43.5053 49.4318 55.406 49.8376 62.9495 61.3274 58.428 57.1593 62.4237 60.7937 69.63 70.731 73.0158 82.5099 79.6292 80.0256 66.5382 72.0813 65.2376 63.8167 65.7205 63.1025 61.0376 61.1546 72.0885 53.8422 47.3201 49.5134 52.6576 52.1707 46.4185 44.8465 19.8608 15.996 11.6336 31.0536 32.4917 42.8645 48.5616 46.8255 37.1252 36.5316 56.2621 61.1173 63.5099 63.2361 66.9827 52.9463 54.704 74.5938 75.6285 77.2148 82.5629 363.7853 435.9585 499.6131 751.1082 935.2036 1025.4378 1120.4973 1165.7898 800.7472 836.6694 936.431 829.7339 666.0492 520.0522 434.6572 6.7444 
12.3 1.113 0 2.7175 13.3282 13.3384 16.4589 17.6646 22.0323 21.9593 27.9714 28.7935 31.8138 27.2902 37.3693 25.3909 30.1411 28.8292 31.5403 33.0999 38.0839 35.4517 31.708 31.821 24.3725 29.7165 35.4972 40.7731 44.5067 50.3969 56.3825 50.7218 63.8089 62.0976 59.1515 57.7733 63.0274 61.3437 70.2388 71.3497 73.7399 83.2106 80.2681 80.594 66.8393 72.2801 65.2753 63.7542 65.6186 62.9576 60.8405 60.8753 71.7327 53.3012 47.2275 49.5136 52.7091 52.4968 46.7505 45.2065 19.8617 16.5488 11.1947 32.0937 33.3881 43.7547 49.4814 47.8952 38.2245 37.635 57.3616 62.2084 64.5894 64.2998 68.0215 54.0493 55.7626 75.4872 76.4978 78.0501 83.4536 363.2205 435.8673 499.5818 750.5604 934.4653 1024.7088 1119.7291 1164.9235 799.916 835.6931 935.4091 828.6499 664.9408 519.1369 433.6536 7.8511 
14.0754 3.2828 2.7175 0 11.215 12.4256 13.8867 15.0988 21.4116 21.743 27.3911 28.7805 31.7913 27.6759 38.4317 27.0775 32.332 31.1043 33.8902 35.2572 40.5198 38.0494 34.3884 34.494 26.8616 31.8598 37.2126 42.5548 46.5125 52.5193 58.4677 53.0425 66.1757 64.602 61.7103 60.4232 65.6838 64.0275 72.8923 73.9969 76.298 85.7924 82.9016 83.2699 69.548 74.9567 67.859 66.2538 68.079 65.373 63.1962 63.1238 73.8621 55.1077 49.7047 52.0724 55.3055 55.2101 49.4648 47.9233 22.4459 19.2262 13.3524 32.2257 32.7931 43.1038 48.9395 48.2087 38.8801 38.358 57.9896 62.7182 64.9715 64.5412 68.0747 55.3945 57.499 77.7854 78.8448 80.4583 85.7568 360.5412 433.2587 497.0179 747.8736 931.9235 1022.1565 1117.2241 1162.5769 797.5054 833.6268 933.5167 827.1362 663.7533 516.8981 431.6868 8.9571 
18.2989 13.0983 13.3282 11.215 0 6.8221 13.4368 14.3279 29.1369 30.4254 34.8677 37.6174 40.5174 37.3433 49.012 38.2459 43.4593 42.157 44.8482 46.4078 51.3177 48.3336 44.1301 42.1924 33.109 35.6445 38.4228 43.8619 48.8935 55.4207 61.0174 57.2097 70.4565 69.9999 67.6434 67.3907 72.6912 71.4845 79.8018 80.8123 82.0805 91.7506 89.4779 90.4621 78.6216 84.5475 78.1348 76.8587 78.7945 76.1966 74.1335 74.2033 85.034 66.2984 60.3919 62.4863 65.5413 64.2 58.4533 56.7666 32.8822 27.5565 24.4853 26.831 24.6997 34.4871 40.5367 42.7914 35.1923 34.9781 53.5593 57.7291 59.456 58.5102 61.3255 54.1385 58.1252 81.4389 82.8384 84.9005 89.3725 353.8699 423.2798 486.7722 740.9858 927.0406 1017.1564 1112.7037 1159.4331 793.8642 832.4701 933.4 829.0348 667.1798 514.6351 431.2246 12.9635 
13.1179 12.592 13.3384 12.4256 6.8221 0 19.6894 20.697 33.1781 33.9042 39.1078 41.0347 44.0261 40.0906 50.6821 38.575 42.4599 40.9141 43.3024 45.4728 49.3315 45.5956 40.8618 37.4429 27.85 29.4173 31.679 37.1057 42.2458 48.8278 54.3522 50.8715 64.0884 63.9471 61.787 61.9654 67.253 66.2739 74.2838 75.2481 76.1082 85.8101 83.78 85.0336 74.3967 80.7348 75.1046 74.3118 76.4279 74.0539 72.2586 72.7436 83.9518 66.2577 58.1032 59.7533 62.5458 60.01 54.3174 52.5392 30.7132 23.7309 24.0321 20.8754 20.4046 30.6861 36.5521 36.9877 28.7588 28.4697 47.4408 51.8207 53.7631 53.0467 56.2414 47.3795 51.308 74.9071 76.3717 78.5305 82.8195 359.8488 427.1539 490.3194 746.8524 933.5022 1023.5908 1119.2369 1166.1661 800.5423 839.2906 940.1788 835.566 673.37 521.4381 438.0199 8.9549 
27.3344 17.1676 16.4589 13.8867 13.4368 19.6894 0 1.2147 18.7573 21.0654 23.6933 27.7951 30.3685 28.8211 41.8403 34.4167 41.8146 41.0909 44.1857 44.4338 51.1515 49.8441 46.9625 48.2116 40.7431 45.377 49.8445 55.2815 59.7024 65.9153 71.7737 66.7609 79.9421 78.4829 75.594 74.1987 79.4404 77.676 86.6559 87.777 90.1821 99.6662 96.7116 96.9502 82.3378 87.2271 79.2332 76.9684 78.4878 75.4881 72.9293 72.163 82.0147 61.7048 60.4438 63.3786 66.8843 68.1608 62.4659 61.0362 34.5174 32.9527 24.2405 40.2516 37.8112 47.1856 53.2732 56.2279 48.4382 48.159 66.9664 71.1653 72.8803 71.8892 74.5667 66.8176 69.9994 91.4488 92.5789 94.2665 99.4229 346.9155 422.2323 486.4552 734.2919 918.037 1008.2703 1103.3486 1148.894 783.7237 820.5922 920.9888 815.896 653.7743 503.4389 418.9595 21.7074 
28.5367 18.3791 17.6646 15.0988 14.3279 20.697 1.2147 0 18.9152 21.3585 23.6493 27.9553 30.4609 29.1566 42.2667 35.1853 42.7052 42.0193 45.1285 45.2949 52.1059 50.8864 48.065 49.4027 41.9565 46.5824 51.0067 56.4465 60.8905 67.1128 72.9661 67.9725 81.1552 79.6965 76.8042 75.3936 80.633 78.8574 87.849 88.972 91.3924 100.8738 97.9099 98.1339 83.4414 88.2853 80.2202 77.903 79.3965 76.3752 73.7879 72.9664 82.736 62.3268 61.3944 64.3706 67.8951 69.2818 63.593 62.1729 35.6021 34.1476 25.295 41.1588 38.5257 47.7909 53.8788 57.0958 49.4221 49.1587 67.8859 72.0431 73.7175 72.6866 75.2971 67.9 71.1467 92.6577 93.7907 95.4805 100.6318 345.7437 421.329 485.5956 733.1246 916.8249 1007.0592 1102.1344 1147.686 782.511 819.4273 919.8616 814.8702 652.8524 502.2449 417.8188 22.9026 
33.8769 23.1423 22.0323 21.4116 29.1369 33.1781 18.7573 18.9152 0 3.2836 5.9798 9.0423 11.6549 10.7386 24.0912 21.2507 30.2608 30.4198 33.5805 32.0953 40.361 41.4006 40.6973 46.313 42.3335 49.5625 56.637 61.6701 64.5692 69.8005 75.8828 68.8475 81.2588 78.103 74.4646 71.3228 76.2132 73.6812 83.2866 84.5378 88.6942 97.5689 93.5936 92.6616 74.593 77.9283 68.2538 64.9029 65.8892 62.5464 59.536 57.9057 66.5287 45.3429 49.1554 52.9412 56.7997 61.4737 56.2448 55.288 29.0055 33.0695 20.093 53.5978 53.4157 63.4843 69.4797 69.6154 60.2101 59.6452 79.3419 84.1163 86.3826 85.9247 89.3498 75.7523 76.6383 93.3372 93.9171 94.8556 101.1642 354.0318 436.2524 501.0776 741.4226 921.2645 1011.6894 1105.8621 1148.9297 784.7387 817.2803 915.9278 807.6362 643.2112 502.1782 414.6837 29.8814 
33.3204 23.0461 21.9593 21.743 30.4254 33.9042 21.0654 21.3585 3.2836 0 6.7221 7.1956 10.1409 7.8304 21.1258 18.061 27.122 27.3589 30.4977 28.888 37.2222 38.4645 38.0116 44.1342 40.7366 48.2644 55.6875 60.6015 63.223 68.2595 74.3399 67.0386 79.2731 75.8983 72.1776 68.831 73.6601 71.0492 80.6936 81.9559 86.3087 95.0856 91.0017 89.9441 71.5872 74.7998 65.0398 61.647 62.6177 59.2694 56.2539 54.6257 63.299 42.167 45.9553 49.7843 53.6568 58.603 53.4458 52.5454 26.6264 31.4552 18.3599 53.9337 54.28 64.4687 70.4078 69.8324 60.1516 59.534 79.2834 84.1622 86.5449 86.2146 89.8136 75.0307 75.5047 91.3867 91.8873 92.7203 99.1692 357.1649 439.5042 504.3044 744.5429 924.0889 1014.5294 1108.6169 1151.424 787.3494 819.3631 917.7543 808.9392 644.0809 504.546 416.6628 29.7656 
39.6948 29.0789 27.9714 27.3911 34.8677 39.1078 23.6933 23.6493 5.9798 6.7221 0 6.0318 7.3881 9.8136 22.1659 23.1168 32.249 32.774 35.8049 33.6283 42.2471 44.1349 44.1414 50.7122 47.4585 54.9568 62.2772 67.2366 69.9271 74.9813 81.0618 73.7372 85.9183 82.4362 78.6619 75.136 79.8912 77.1823 86.8686 88.1441 92.7043 101.38 97.1698 95.9298 76.9621 79.7184 69.4967 65.7222 66.4517 62.9906 59.801 57.7406 65.5363 44.0558 50.5909 54.6466 58.5711 64.3483 59.3454 58.5446 33.1186 38.1771 25.0818 59.5737 59.2855 69.3 75.3149 75.5949 66.1725 65.5999 85.3068 90.0915 92.3622 91.9009 95.3072 81.52 82.1633 98.042 98.5115 99.2924 105.8063 352.4794 437.3275 502.4235 739.7759 918.4042 1008.8777 1102.7906 1145.2049 781.2869 812.7944 911.0777 802.2318 637.5012 498.1961 410.0445 35.8223 
39.6635 29.8547 28.7935 28.7805 37.6174 41.0347 27.7951 27.9553 9.0423 7.1956 6.0318 0 3.0206 4.3376 16.1537 18.3588 27.3335 28.1008 30.99 28.4155 37.1429 39.5845 40.1924 47.7311 45.6018 53.5553 61.4337 66.1616 68.3471 73.0241 79.0758 71.2883 83.0785 79.1813 75.259 71.3299 75.933 73.0675 82.7974 84.092 89.0462 97.4943 93.0672 91.5591 71.9826 74.4021 63.9478 60.0194 60.665 57.1752 53.9428 51.7926 59.505 38.0251 45.1897 49.3625 53.3052 59.7645 54.966 54.3014 30.0685 36.4276 23.5169 60.8713 61.4276 71.6381 77.5641 76.6773 66.8147 66.1564 85.9153 90.871 93.3364 93.0906 96.7871 80.9994 80.9151 95.2303 95.5447 96.1165 102.8878 358.0695 443.3507 508.426 745.3142 923.2859 1013.7903 1107.5214 1149.3971 785.7271 816.1709 913.9473 804.0924 638.5434 502.1609 413.2474 36.5038 
42.6382 32.8745 31.8138 31.7913 40.5174 44.0261 30.3685 30.4609 11.6549 10.1409 7.3881 3.0206 0 6.2056 15.3937 19.9966 28.7182 29.6625 32.4211 29.5233 38.2895 41.1511 42.1135 50.0518 48.271 56.3127 64.2857 68.969 71.0474 75.6256 81.6639 73.7478 85.3914 81.3355 77.3544 73.2405 77.7575 74.8098 84.5511 85.8548 91.0079 99.3335 94.792 93.125 73.1321 75.2325 64.5251 60.3838 60.8846 57.3468 54.0324 51.6527 58.8641 37.3278 45.9968 50.2814 54.2308 61.2388 56.587 56.0075 32.4418 39.1474 26.3335 63.8915 64.4124 74.6089 80.5443 79.6963 69.8208 69.1582 88.9162 93.8799 96.352 96.1105 99.8066 83.8888 83.6775 97.543 97.799 98.2871 105.1553 357.6902 444.2663 509.4685 744.857 922.1865 1012.7147 1106.3049 1147.8246 784.3125 814.1782 911.7405 801.5494 635.7993 500.4685 411.1877 39.5199 
37.4009 28.2931 27.2902 27.6759 37.3433 40.0906 28.8211 29.1566 10.7386 7.8304 9.8136 4.3376 6.2056 0 13.3532 14.0444 22.9964 23.7809 26.6558 24.0981 32.8152 35.2703 36.0003 43.8476 42.2395 50.3869 58.5338 63.1177 65.0348 69.5189 75.5461 67.5677 79.1861 75.1463 71.18 67.1396 71.7039 68.8068 78.5418 79.8398 84.8846 93.2734 88.8026 87.2521 67.6496 70.1207 59.7504 55.9177 56.6383 53.1798 50.0015 48.0107 56.1245 34.7808 40.927 45.0684 49.008 55.4394 50.6672 50.0258 26.2486 33.1909 20.6028 59.3106 60.468 70.7761 76.6125 74.9015 64.7871 64.0764 83.8024 88.8558 91.4426 91.341 95.2275 78.2195 77.7418 91.3376 91.5954 92.0953 98.9509 362.2338 446.6207 511.5642 749.5052 927.6197 1018.1224 1111.8588 1153.6962 790.0528 820.3072 917.9353 807.7083 641.7952 506.4273 417.3422 34.7502 
45.2199 38.2041 37.3693 38.4317 49.012 50.6821 41.8403 42.2667 24.0912 21.1258 22.1659 16.1537 15.3937 13.3532 0 14.394 19.4016 21.1508 22.8423 18.7162 26.8565 31.5045 34.382 44.5383 45.947 54.5974 63.5601 67.4713 68.1874 71.63 77.4129 68.5156 78.7844 73.7008 69.415 64.2822 68.2494 64.9258 74.5785 75.9113 82.0618 89.6319 84.5604 82.1737 60.7429 61.8036 50.5222 45.9411 46.1675 42.5698 39.145 36.4829 43.479 21.9488 32.9463 37.4887 41.3703 50.3531 46.5169 46.3864 28.8224 38.0148 27.9112 68.254 70.6548 81.0305 86.6399 83.0928 72.462 71.6199 90.9728 96.2514 99.1487 99.4296 103.7628 83.3025 81.2708 90.7624 90.6009 90.5216 97.9671 372.4998 459.4909 524.5795 759.5299 935.4896 1026.0785 1119.2655 1159.5734 796.6575 824.0782 920.4234 807.8166 640.1018 511.8122 420.8336 43.9407 
31.423 26.0163 25.3909 27.0775 38.2459 38.575 34.4167 35.1853 21.2507 18.061 23.1168 18.3588 19.9966 14.0444 14.394 0 9.1419 9.7436 12.6975 10.8528 19.2056 21.2268 22.2364 31.1363 31.6329 40.2545 49.1726 53.1425 54.0777 57.839 63.7306 55.1731 66.1742 61.7164 57.632 53.2984 57.7703 54.8139 64.5548 65.8583 71.0967 79.3473 74.7992 73.2079 53.8454 56.7745 47.0091 43.7922 44.9318 41.702 38.8877 37.8126 47.6494 28.0652 27.905 31.7338 35.6201 41.4099 36.6273 36.0146 14.527 23.63 14.6648 54.6549 57.8071 68.13 73.5321 69.0942 58.3517 57.4783 76.6984 82.0094 84.9684 85.3493 89.8166 68.927 67.1114 78.2887 78.3785 78.6713 85.7554 375.2106 456.2007 520.6573 762.5766 941.4896 1031.9727 1125.8075 1167.7389 804.0833 834.1106 931.4205 820.2814 653.4111 520.4449 431.0695 30.9198 
32.8735 30.4837 30.1411 32.332 43.4593 42.4599 41.8146 42.7052 30.2608 27.122 32.249 27.3335 28.7182 22.9964 19.4016 9.1419 0 2.0922 3.7196 3.0193 10.1014 12.5676 14.9896 25.5332 28.7777 37.3818 46.6915 49.9491 49.866 52.7647 58.4113 49.3044 59.3831 54.3614 50.1168 45.2571 49.4865 46.3616 56.0975 57.4158 63.0881 71.0277 66.2686 64.4328 44.7198 47.6779 38.1683 35.3168 36.7056 33.6736 31.1717 30.8104 41.6051 24.5462 19.0519 22.6853 26.5394 32.5224 27.994 27.577 12.9631 22.8012 18.9838 55.8013 60.2028 70.2817 75.2932 69.0273 58.0665 57.0915 75.4978 80.9301 84.1345 84.8742 89.7119 66.0216 62.98 71.3656 71.2317 71.2316 78.6033 384.2848 464.0337 528.2567 771.6648 950.5811 1041.0721 1134.8528 1176.5354 813.0108 842.368 939.2594 827.1764 659.4613 529.1226 439.234 33.9352 
31.0353 29.1139 28.8292 31.1043 42.157 40.9141 41.0909 42.0193 30.4198 27.3589 32.774 28.1008 29.6625 23.7809 21.1508 9.7436 2.0922 0 3.2026 4.8484 10.1953 11.4947 13.2678 23.5721 26.6858 35.2902 44.5994 47.8656 47.8243 50.7931 56.4698 47.4238 57.6728 52.7824 48.5796 43.8968 48.2355 45.1946 54.9381 56.2489 61.7273 69.8036 65.1536 63.4804 44.2508 47.5667 38.4387 35.8844 37.415 34.4976 32.1492 32.0468 43.0501 26.4764 19.4188 22.7514 26.5181 31.6664 26.9247 26.3839 11.0262 20.8064 17.7659 53.8732 58.3997 68.4379 73.4036 66.9983 56.0321 55.0523 73.4191 78.8538 82.0653 82.8189 87.6729 63.9355 60.9407 69.6919 69.6103 69.6875 76.9868 384.423 463.3148 527.4439 771.8264 951.1777 1041.6514 1135.5295 1177.4626 813.8267 843.5936 940.6428 828.8115 661.2514 530.1306 440.496 32.295 
32.8823 31.7622 31.5403 33.8902 44.8482 43.3024 44.1857 45.1285 33.5805 30.4977 35.8049 30.99 32.4211 26.6558 22.8423 12.6975 3.7196 3.2026 0 4.5037 7.0109 8.8629 11.7964 22.7958 27.1132 35.5514 44.9107 47.8673 47.4035 49.9773 55.5179 46.26 56.0249 50.8587 46.58 41.6096 45.7966 42.6532 52.3867 53.7061 59.4354 67.328 62.552 60.7181 41.1666 44.3783 35.2527 32.7853 34.3821 31.5373 29.3071 29.4578 40.6985 25.2792 16.2715 19.5495 23.3173 28.8182 24.2767 23.8797 12.8273 22.1961 20.6138 55.385 60.267 70.1885 75.0168 68.0429 57.0585 56.0499 74.0425 79.5023 82.7911 83.6678 88.636 63.9594 60.4832 67.9546 67.7626 67.6914 75.1268 387.5994 466.3853 530.4666 774.9985 954.1869 1044.67 1138.4924 1180.2437 816.6956 846.0731 942.9157 830.6588 662.7464 532.8398 442.9316 34.5556 
35.8512 33.4608 33.0999 35.2572 46.4078 45.4728 44.4338 45.2949 32.0953 28.888 33.6283 28.4155 29.5233 24.0981 18.7162 10.8528 3.0193 4.8484 4.5037 0 8.7668 12.7954 16.2789 27.2905 31.2485 39.7793 49.1227 52.2101 51.8622 54.4801 60.0199 50.7456 60.3774 55.0768 50.756 45.5676 49.5857 46.324 56.0199 57.3481 63.3564 71.0357 66.0955 63.9959 43.6138 46.0913 36.1589 33.0012 34.2487 31.1205 28.4957 27.9503 38.6333 21.6284 17.0688 21.0191 24.9434 32.0458 27.8951 27.6899 15.8727 25.6455 21.923 58.7208 63.1967 73.2588 78.2436 71.8028 60.8305 59.8438 78.097 83.5425 86.783 87.5765 92.4618 68.3004 64.9519 72.26 72.0104 71.847 79.3632 385.9782 466.5908 530.8873 773.3226 951.6702 1042.1847 1135.8265 1177.131 813.7809 842.4662 939.065 826.4617 658.3743 529.5961 439.2746 36.9543 
38.1556 38.223 38.0839 40.5198 51.3177 49.3315 51.1515 52.1059 40.361 37.2222 42.2471 37.1429 38.2895 32.8152 26.8565 19.2056 10.1014 10.1953 7.0109 8.7668 0 6.6292 12.2615 23.5213 30.0713 37.9326 47.211 49.4878 48.1277 49.7812 54.9385 45.3107 53.7679 47.9537 43.5287 37.8407 41.5397 38.1311 47.7447 49.0792 55.4715 62.8135 57.704 55.4049 34.8537 37.5784 28.244 25.8596 27.5694 24.8796 22.9281 23.685 35.3435 23.0839 9.295 12.6017 16.4387 23.5095 19.805 19.9116 18.6225 26.9918 27.3747 59.8669 65.3547 75.0268 79.5863 71.5693 60.6245 59.569 76.7024 82.1848 85.6144 86.734 91.9101 65.4502 60.9669 65.3754 64.9069 64.4567 72.1969 394.3859 473.3095 537.3296 781.7645 960.4201 1050.9298 1144.5913 1185.8464 822.5374 850.9091 947.2401 833.9682 665.2437 538.2684 447.6786 40.449 
33.6463 35.4081 35.4517 38.0494 48.3336 45.5956 49.8441 50.8864 41.4006 38.4645 44.1349 39.5845 41.1511 35.2703 31.5045 21.2268 12.5676 11.4947 8.8629 12.7954 6.6292 0 5.9171 16.935 24.0631 31.61 40.8176 42.9397 41.5 43.2024 48.4263 38.8626 47.803 42.3246 37.9808 32.8021 36.9371 33.7941 43.5306 44.8485 50.6139 58.4651 53.7112 51.986 33.2699 37.4315 29.8297 28.7178 30.8927 28.7421 27.4279 28.9615 40.8176 29.712 12.8602 14.1795 17.2577 20.2166 15.4472 15.0177 15.6054 22.3113 25.6082 54.4525 60.4012 69.8172 74.1565 65.551 54.6596 53.5854 70.3447 75.8265 79.2952 80.4963 85.7447 58.8655 54.3412 59.5893 59.2742 59.0596 66.6154 395.0649 471.308 535.0206 782.4982 962.5049 1052.9612 1146.9254 1188.9571 825.3008 854.9344 951.7519 839.2453 670.984 541.6151 451.7945 36.6408 
28.4819 31.515 31.708 34.3884 44.1301 40.8618 46.9625 48.065 40.6973 38.0116 44.1414 40.1924 42.1135 36.0003 34.382 22.2364 14.9896 13.2678 11.7964 16.2789 12.2615 5.9171 0 11.4 18.162 25.7239 34.9676 37.2518 36.138 38.3179 43.7766 34.4669 44.4099 39.5727 35.427 31.1404 35.7738 33.0498 42.7273 44.0036 48.8948 57.3133 53.0293 51.9649 35.3766 40.5728 34.2455 33.7943 36.1412 34.222 33.1206 34.8234 46.6948 35.2135 18.5465 19.1813 21.7114 21.3191 15.766 14.6341 12.5297 17.2099 22.938 48.6978 54.8478 64.1304 68.3787 59.6361 48.7508 47.6746 64.48 69.9625 73.4156 74.5943 79.8322 53.2521 49.1151 56.4244 56.36 56.5068 63.7383 393.2628 467.3936 530.8863 780.6996 961.9063 1052.3095 1146.5559 1189.3462 825.3578 856.2916 953.6498 842.075 674.4482 542.2784 453.2834 31.9461 
24.3251 31.2513 31.821 34.494 42.1924 37.4429 48.2116 49.4027 46.313 44.1342 50.7122 47.7311 50.0518 43.8476 44.5383 31.1363 25.5332 23.5721 22.7958 27.2905 23.5213 16.935 11.4 0 10.1104 15.3934 24.2225 26.0208 24.7437 27.2329 32.9042 24.0503 35.3485 31.7901 28.2226 26.0089 31.2323 29.548 38.4496 39.5832 42.643 51.8477 48.5576 48.7761 37.1611 44.051 40.5943 41.5744 44.2509 42.9706 42.5092 44.852 56.7146 46.571 28.351 27.6258 28.9829 22.9612 17.5175 15.5958 17.6747 15.2725 26.497 40.5823 47.7518 56.2088 59.868 49.7561 39.1286 38.0156 53.7156 59.1863 62.7277 64.0991 69.4944 41.9323 37.7532 47.5009 47.8414 48.5867 55.1693 395.0346 464.4379 527.3511 782.3586 965.8299 1056.1285 1150.877 1194.9762 830.4542 863.4953 961.6491 851.3461 684.4868 548.4366 460.7509 29.2393 
14.8525 23.588 24.3725 26.8616 33.109 27.85 40.7431 41.9565 42.3335 40.7366 47.4585 45.6018 48.271 42.2395 45.947 31.6329 28.7777 26.6858 27.1132 31.2485 30.0713 24.0631 18.162 10.1104 0 8.6834 17.9193 21.525 22.7987 27.5246 33.604 26.72 39.5933 37.7406 34.9239 34.282 39.5826 38.4471 46.7031 47.7285 49.497 59.0552 56.467 57.354 47.208 54.1613 50.3995 50.9757 53.5387 51.9574 51.1204 52.9757 64.8529 52.2776 36.6085 36.6342 38.4445 33.0659 27.6187 25.704 17.1254 9.2825 22.378 30.9224 37.774 46.5113 50.4655 41.5152 30.6008 29.5314 46.9424 52.4091 55.7387 56.7321 61.8521 37.4437 35.6335 51.4545 52.3127 53.7314 59.3859 386.7786 454.508 517.3311 773.9828 958.7732 1048.9958 1144.085 1189.1921 824.2652 859.2002 958.2178 849.5985 684.034 543.1875 456.8187 20.2235 
18.0574 28.7545 29.7165 31.8598 35.6445 29.4173 45.377 46.5824 49.5625 48.2644 54.9568 53.5553 56.3127 50.3869 54.5974 40.2545 37.3818 35.2902 35.5514 39.7793 37.9326 31.61 25.7239 15.3934 8.6834 0 9.3627 12.8949 15.015 20.6805 26.6809 21.5914 34.846 34.5686 32.6516 33.8508 38.994 38.705 45.729 46.5793 46.7769 56.4945 54.7954 56.5842 50.031 57.6687 55.5365 56.8568 59.5744 58.3579 57.8876 60.1294 72.0108 60.5399 43.6293 43.0184 44.2744 36.7111 31.8657 29.8928 25.7786 17.2008 30.0716 26.2688 34.2382 41.7489 44.9522 34.3629 23.791 22.6713 38.7702 44.2525 47.692 48.901 54.2101 28.7605 27.3649 46.1061 47.3423 49.2807 54.0774 389.2521 453.262 515.5942 776.2051 962.6385 1052.7734 1148.218 1194.2618 828.9987 865.4059 964.9523 857.1764 692.0986 548.7432 463.3026 23.7423 
23.2022 34.4322 35.4972 37.2126 38.4228 31.679 49.8445 51.0067 56.637 55.6875 62.2772 61.4337 64.2857 58.5338 63.5601 49.1726 46.6915 44.5994 44.9107 49.1227 47.211 40.8176 34.9676 24.2225 17.9193 9.3627 0 5.4541 10.9352 17.6873 22.8129 21.3921 33.865 35.6146 34.8464 37.8199 42.5471 43.0614 48.6287 49.271 47.7574 57.3635 56.6914 59.3771 56.2057 64.2491 63.3141 65.1004 67.8953 66.9021 66.638 69.0716 80.9268 69.8914 52.5728 51.6559 52.5975 43.8096 39.495 37.5528 34.8221 25.6848 37.9616 21.7428 30.469 36.1588 38.3987 26.1656 16.4674 15.3585 29.5343 35.0143 38.519 39.8865 45.3311 19.7938 20.2865 43.7507 45.476 48.0501 51.5452 389.9462 449.9447 511.7578 776.513 964.7982 1054.8238 1150.679 1197.8445 832.1994 870.4336 970.6702 864.0822 699.7676 552.9883 468.744 28.3861 
28.5039 39.7205 40.7731 42.5548 43.8619 37.1057 55.2815 56.4465 61.6701 60.6015 67.2366 66.1616 68.969 63.1177 67.4713 53.1425 49.9491 47.8656 47.8673 52.2101 49.4878 42.9397 37.2518 26.0208 21.525 12.8949 5.4541 0 6.3187 12.8908 17.5867 17.5658 29.2923 31.8124 31.5998 35.4348 39.8285 40.7853 45.4716 46.002 43.7352 53.2096 52.9719 56.0516 54.9107 63.1797 63.2824 65.5472 68.4144 67.7039 67.7277 70.4577 82.2213 72.4473 54.058 52.6913 53.2351 43.3942 39.6159 37.7424 38.649 30.0014 42.6454 25.7637 34.5721 39.2093 40.7387 27.1822 18.9733 17.9658 28.35 33.7237 37.4113 39.1946 44.8696 16.0924 15.0081 38.6664 40.5043 43.2398 46.384 394.9481 453.5569 515.111 781.4037 970.0678 1060.0756 1155.9912 1203.2699 837.5967 875.8734 976.0533 869.2363 704.6474 558.4411 474.153 33.7739 
32.4768 43.5053 44.5067 46.5125 48.8935 42.2458 59.7024 60.8905 64.5692 63.223 69.9271 68.3471 71.0474 65.0348 68.1874 54.0777 49.866 47.8243 47.4035 51.8622 48.1277 41.5 36.138 24.7437 22.7987 15.015 10.9352 6.3187 0 6.7529 12.1313 11.34 23.0477 25.5317 25.5062 29.7931 33.9527 35.169 39.3636 39.8496 37.4183 46.893 46.6865 49.8636 49.895 58.2938 59.2872 61.9945 64.9144 64.4939 64.8187 67.8509 79.4485 71.2116 51.7052 49.86 49.98 39.2346 36.0341 34.2674 39.5851 31.9214 44.9517 32.06 40.8663 45.4607 46.8043 32.8096 25.1975 24.2152 32.4999 37.6548 41.4381 43.5458 49.3378 18.054 13.1186 32.8444 34.5419 37.1351 40.677 400.8812 459.8549 521.3656 787.4346 975.6144 1065.6589 1161.4374 1208.2721 842.7573 880.1356 979.8841 872.1585 706.8297 563.1213 478.1602 38.0078 
38.5939 49.4318 50.3969 52.5193 55.4207 48.8278 65.9153 67.1128 69.8005 68.2595 74.9813 73.0241 75.6256 69.5189 71.63 57.839 52.7647 50.7931 49.9773 54.4801 49.7812 43.2024 38.3179 27.2329 27.5246 20.6805 17.6873 12.8908 6.7529 0 6.0829 6.5873 16.4169 19.6924 20.4496 25.8157 29.3355 31.1213 34.0574 34.4024 31.1845 40.5061 40.6866 44.2449 46.7441 55.2677 57.5825 60.8623 63.8229 63.7805 64.4786 67.8486 79.1568 72.7221 52.1958 49.8071 49.3921 37.6178 35.325 33.7601 43.5563 36.8045 49.9022 38.6281 47.4352 51.5756 52.5249 37.9926 31.3349 30.4126 36.0059 40.7957 44.609 47.0497 52.9009 20.2258 12.1076 26.1356 27.7938 30.3931 34.0066 407.6332 466.0469 527.3805 794.1841 982.2762 1072.3335 1168.0601 1214.6785 849.2495 886.0848 985.5257 877.0947 711.147 569.3477 483.9452 44.2115 
44.4889 55.406 56.3825 58.4677 61.0174 54.3522 71.7737 72.9661 75.8828 74.3399 81.0618 79.0758 81.6639 75.5461 77.4129 63.7306 58.4113 56.4698 55.5179 60.0199 54.9385 48.4263 43.7766 32.9042 33.604 26.6809 22.8129 17.5867 12.1313 6.0829 0 9.8349 13.4611 18.8305 20.8868 27.3297 29.9278 32.3479 33.5177 33.6279 28.9431 37.6993 38.78 42.9926 48.5738 57.111 60.5687 64.264 67.2333 67.465 68.4153 71.9878 83.0526 77.7094 56.7335 54.0395 53.2819 40.9384 39.3321 37.9271 49.5202 42.8848 55.9819 42.7627 51.5098 54.7263 55.067 40.0326 34.7672 33.9548 36.2853 40.593 44.3572 47.0875 52.9129 20.0759 10.3653 21.1449 23.137 26.1715 28.8011 412.4863 468.9761 529.9743 798.855 987.6103 1077.6321 1173.4851 1220.403 854.881 892.0747 991.5858 883.1572 717.1011 575.2101 489.9787 50.0677 
39.5563 49.8376 50.7218 53.0425 57.2097 50.8715 66.7609 67.9725 68.8475 67.0386 73.7372 71.2883 73.7478 67.5677 68.5156 55.1731 49.3044 47.4238 46.26 50.7456 45.3107 38.8626 34.4669 24.0503 26.72 21.5914 21.3921 17.5658 11.34 6.5873 9.8349 0 13.2547 14.2771 14.2394 19.2481 22.9351 24.5735 28.0572 28.5185 26.3657 35.9814 35.4285 38.5238 40.1627 48.6901 51.2494 54.7145 57.6818 57.7932 58.6595 62.1857 73.3149 67.9672 46.9018 44.2168 43.5296 31.3991 29.5358 28.1034 41.3325 35.8445 48.7624 43.0502 51.8222 56.7727 58.1326 43.9597 36.5213 35.5262 42.5157 47.3561 51.1699 53.5747 59.4226 26.8108 18.4516 24.7757 25.8186 27.693 32.7352 410.5197 471.0959 532.6765 797.3196 984.2282 1074.3587 1169.8043 1215.6188 850.4778 885.9137 984.7679 875.2524 708.5339 569.8212 483.4831 45.2596 
52.7909 62.9495 63.8089 66.1757 70.4565 64.0884 79.9421 81.1552 81.2588 79.2731 85.9183 83.0785 85.3914 79.1861 78.7844 66.1742 59.3831 57.6728 56.0249 60.3774 53.7679 47.803 44.4099 35.3485 39.5933 34.846 33.865 29.2923 23.0477 16.4169 13.4611 13.2547 0 7.5537 11.5906 18.8653 19.4133 22.7201 21.168 21.0248 15.4996 24.3239 25.3746 29.8469 39.0835 47.383 52.9719 57.5101 60.4264 61.3205 62.9011 66.9463 77.1456 75.2716 53.3141 49.8005 48.1192 34.998 35.2941 34.4568 53.0139 48.5128 61.1858 55.044 63.8515 67.783 68.3841 53.4473 47.6193 46.7311 49.5716 53.6669 57.3805 60.2278 66.0145 33.3891 23.497 12.1526 12.7223 14.4452 19.9055 423.5939 482.2031 543.3296 810.2965 997.482 1087.61 1183.0556 1228.7318 863.665 898.5244 996.9639 886.4201 718.7503 582.7767 495.9261 58.4952 
51.8793 61.3274 62.0976 64.602 69.9999 63.9471 78.4829 79.6965 78.103 75.8983 82.4362 79.1813 81.3355 75.1463 73.7008 61.7164 54.3614 52.7824 50.8587 55.0768 47.9537 42.3246 39.5727 31.7901 37.7406 34.5686 35.6146 31.8124 25.5317 19.6924 18.8305 14.2771 7.5537 0 4.4954 11.5203 11.9133 15.1665 14.6924 14.8619 12.2593 21.9735 21.1597 24.5614 31.5455 39.8788 45.4723 50.0998 53.0008 53.994 55.6871 59.8147 69.8154 68.7952 46.7153 42.9946 41.08 27.9245 28.8155 28.2153 49.3203 46.098 58.22 57.314 66.0743 70.9908 72.1693 57.6791 50.7242 49.7466 54.9827 59.4017 63.175 65.8664 71.7031 38.806 29.1957 17.5273 16.9608 16.9586 24.2908 423.795 485.365 546.8926 810.7732 996.5011 1086.711 1181.824 1226.5904 861.8643 895.2267 993.0714 881.5171 713.1961 580.1922 492.403 57.5338 
49.3967 58.428 59.1515 61.7103 67.6434 61.787 75.594 76.8042 74.4646 72.1776 78.6619 75.259 77.3544 71.18 69.415 57.632 50.1168 48.5796 46.58 50.756 43.5287 37.9808 35.427 28.2226 34.9239 32.6516 34.8464 31.5998 25.5062 20.4496 20.8868 14.2394 11.5906 4.4954 0 7.2871 9.0537 11.6375 13.8719 14.4368 14.5885 24.1433 22.163 24.5345 28.0814 36.5477 41.4568 45.926 48.847 49.7324 51.3463 55.4329 65.5578 64.3 42.2218 38.5184 36.657 23.5058 24.3229 23.7453 45.5557 42.9164 54.7194 56.5752 65.246 70.7495 72.3007 58.1989 50.5635 49.5394 56.3699 61.0144 64.8166 67.3701 73.2226 40.3528 31.1117 22.0197 21.3828 21.1149 28.6723 421.5124 484.7862 546.5724 808.6083 993.614 1083.8602 1178.8198 1223.1956 858.6167 891.3977 989.0454 877.217 708.7703 576.6337 488.5062 54.9849 
49.1157 57.1593 57.7733 60.4232 67.3907 61.9654 74.1987 75.3936 71.3228 68.831 75.136 71.3299 73.2405 67.1396 64.2822 53.2984 45.2571 43.8968 41.6096 45.5676 37.8407 32.8021 31.1404 26.0089 34.282 33.8508 37.8199 35.4348 29.7931 25.8157 27.3297 19.2481 18.8653 11.5203 7.2871 0 5.3008 5.3767 12.4735 13.5784 17.8329 26.2547 22.5581 23.0787 21.2449 29.7815 34.1831 38.6449 41.5628 42.4858 44.1691 48.3147 58.3099 57.7576 35.6434 31.735 29.6403 16.5029 18.1393 17.9463 42.3346 41.2463 52.0898 59.2005 67.6477 73.9769 76.0361 62.5441 54.0942 53.0197 61.7457 66.6038 70.4176 72.8115 78.6564 46.0337 37.2521 28.7139 27.7167 26.7771 34.7816 420.8994 487.0631 549.2359 808.1687 991.7618 1082.0792 1176.7196 1220.245 856.006 887.4076 984.5161 871.8084 702.8176 573.332 484.36 54.489 
54.4148 62.4237 63.0274 65.6838 72.6912 67.253 79.4404 80.633 76.2132 73.6601 79.8912 75.933 77.7575 71.7039 68.2494 57.7703 49.4865 48.2355 45.7966 49.5857 41.5397 36.9371 35.7738 31.2323 39.5826 38.994 42.5471 39.8285 33.9527 29.3355 29.9278 22.9351 19.4133 11.9133 9.0537 5.3008 0 3.8628 7.2182 8.3844 14.0469 21.5773 17.4341 17.783 19.6947 27.9721 34.189 39.1843 42.0053 43.3574 45.4062 49.7477 59.0747 60.3576 38.3664 34.1677 31.5897 18.8798 21.7468 21.9216 47.2766 46.4899 57.1538 64.0836 72.602 78.6851 80.5498 66.7599 58.6637 57.6069 65.3259 70.0215 73.8274 76.3483 82.2013 49.3649 40.1652 27.3914 25.9172 24.2803 32.5413 426.181 492.1059 554.1805 813.458 996.8807 1087.2112 1181.7856 1225.078 860.9456 891.8288 988.6506 875.3414 705.8582 578.0521 488.717 59.7894 
53.2934 60.7937 61.3437 64.0275 71.4845 66.2739 77.676 78.8574 73.6812 71.0492 77.1823 73.0675 74.8098 68.8068 64.9258 54.8139 46.3616 45.1946 42.6532 46.324 38.1311 33.7941 33.0498 29.548 38.4471 38.705 43.0614 40.7853 35.169 31.1213 32.3479 24.5735 22.7201 15.1665 11.6375 5.3767 3.8628 0 9.7437 11.056 17.7559 24.7127 20.0019 19.288 16.4594 24.9104 30.4872 35.3925 38.2317 39.5283 41.5509 45.8865 55.2664 56.5768 34.635 30.3877 27.7508 15.1595 18.429 18.8109 44.8827 44.8018 54.9417 64.3209 72.6991 79.2017 81.3402 67.9108 59.3879 58.3077 67.0866 71.917 75.7302 78.1479 83.9951 51.3189 42.4083 31.1916 29.7631 28.1397 36.4037 424.5632 491.9658 554.2525 811.9006 994.6609 1085.0215 1179.4526 1222.3808 858.3979 888.725 985.3487 871.7555 702.1283 575.2283 485.5698 58.5322 
61.5113 69.63 70.2388 72.8923 79.8018 74.2838 86.6559 87.849 83.2866 80.6936 86.8686 82.7974 84.5511 78.5418 74.5785 64.5548 56.0975 54.9381 52.3867 56.0199 47.7447 43.5306 42.7273 38.4496 46.7031 45.729 48.6287 45.4716 39.3636 34.0574 33.5177 28.0572 21.168 14.6924 13.8719 12.4735 7.2182 9.7437 0 1.3368 9.8961 15.0838 10.3084 10.8595 20.9916 28.2672 36.6566 42.1574 44.7978 46.6343 49.0706 53.572 61.9987 65.3624 43.7105 39.3017 36.3059 24.4502 28.1361 28.5545 54.3973 53.7044 64.3307 70.3186 78.938 84.608 86.1656 71.9783 64.4337 63.4074 69.6529 74.0938 77.8672 80.5541 86.3926 53.49 43.882 25.9522 23.8707 21.2791 29.5132 433.3716 498.5058 560.3857 820.6351 1004.0701 1094.4064 1188.9473 1232.0734 868.0244 898.4528 994.9846 881.0262 710.9862 584.9563 495.2862 66.923 
62.5164 70.731 71.3497 73.9969 80.8123 75.2481 87.777 88.972 84.5378 81.9559 88.1441 84.092 85.8548 79.8398 75.9113 65.8583 57.4158 56.2489 53.7061 57.3481 49.0792 44.8485 44.0036 39.5832 47.7285 46.5793 49.271 46.002 39.8496 34.4024 33.6279 28.5185 21.0248 14.8619 14.4368 13.5784 8.3844 11.056 1.3368 0 8.8959 13.7471 9.062 10.1097 22.0602 29.1691 37.7864 43.3272 45.9468 47.8268 50.2943 54.8056 63.1451 66.6702 45.037 40.6221 37.6096 25.7861 29.4613 29.8652 55.6304 54.8246 65.5349 70.9866 79.6328 85.1776 86.6507 72.371 64.9739 63.9566 69.8399 74.2207 77.9838 80.7049 86.5361 53.6542 43.9809 25.1991 23.0333 20.3097 28.4969 434.4439 499.1935 561.0087 821.6912 1005.2649 1095.5954 1190.1628 1233.3481 869.2764 899.775 996.3192 882.3552 712.2898 586.2481 496.6116 67.9518 
63.8825 73.0158 73.7399 76.298 82.0805 76.1082 90.1821 91.3924 88.6942 86.3087 92.7043 89.0462 91.0079 84.8846 82.0618 71.0967 63.0881 61.7273 59.4354 63.3564 55.4715 50.6139 48.8948 42.643 49.497 46.7769 47.7574 43.7352 37.4183 31.1845 28.9431 26.3657 15.4996 12.2593 14.5885 17.8329 14.0469 17.7559 9.8961 8.8959 0 9.721 9.9114 14.9237 30.8868 38.0596 46.509 51.9421 54.6194 56.3605 58.6896 63.1435 71.8186 74.3229 52.3872 48.138 45.4119 32.9034 35.6689 35.6773 59.7014 57.4802 69.1118 69.3907 78.1749 82.754 83.6287 68.8266 62.4985 61.5564 65.0437 69.0507 72.7347 75.6337 81.3959 48.8779 38.9694 16.6316 14.283 11.4144 19.6184 435.9325 497.2208 558.5473 822.9584 1008.2012 1098.4486 1193.3918 1237.571 873.097 905.1860999999999 1002.3473 889.3628 719.8826 590.8526 502.1661 69.4997 
73.5271 82.5099 83.2106 85.7924 91.7506 85.8101 99.6662 100.8738 97.5689 95.0856 101.38 97.4943 99.3335 93.2734 89.6319 79.3473 71.0277 69.8036 67.328 71.0357 62.8135 58.4651 57.3133 51.8477 59.0552 56.4945 57.3635 53.2096 46.893 40.5061 37.6993 35.9814 24.3239 21.9735 24.1433 26.2547 21.5773 24.7127 15.0838 13.7471 9.721 0 6.3597 12.0852 34.1239 39.8309 49.9595 55.7559 58.1886 60.4051 63.1124 67.6876 75.2549 80.1585 58.6957 54.2363 51.0994 39.5257 43.1408 43.4509 68.5705 66.8552 78.2074 78.9303 87.7273 92.0501 92.707 77.7315 71.8349 70.9183 73.2643 76.9744 80.5726 83.5908 89.2691 57.2546 47.3311 21.2262 18.3774 14.4295 20.4232 445.6155 506.5049 567.6501 832.6623 1017.6187 1107.8899 1202.7207 1246.4964 882.2025 913.3908 1010.0506 896.0133 725.6811 599.5716 510.2594 79.1255 
71.1819 79.6292 80.2681 82.9016 89.4779 83.78 96.7116 97.9099 93.5936 91.0017 97.1698 93.0672 94.792 88.8026 84.5604 74.7992 66.2686 65.1536 62.552 66.0955 57.704 53.7112 53.0293 48.5576 56.467 54.7954 56.6914 52.9719 46.6865 40.6866 38.78 35.4285 25.3746 21.1597 22.163 22.5581 17.4341 20.0019 10.3084 9.062 9.9114 6.3597 0 6.0558 27.885 33.4713 43.6863 49.5166 51.9129 54.1901 56.9565 61.5451 68.9461 74.3207 53.1026 48.5844 45.3181 34.2364 38.2758 38.7848 64.6923 63.7676 74.5872 78.4225 87.1596 92.1391 93.2098 78.53 71.8703 70.8989 74.9407 78.962 82.6455 85.5445 91.3073 58.7636 48.8647 25.1927 22.4853 18.7995 25.8462 443.2438 506.5234 568.0295 830.4425 1014.3052 1104.6293 1199.2196 1242.3738 878.3319 908.5616 1004.8678 890.3078 719.6954 595.2277 505.361 76.6772 
72.193 80.0256 80.594 83.2699 90.4621 85.0336 96.9502 98.1339 92.6616 89.9441 95.9298 91.5591 93.125 87.2521 82.1737 73.2079 64.4328 63.4804 60.7181 63.9959 55.4049 51.986 51.9649 48.7761 57.354 56.5842 59.3771 56.0516 49.8636 44.2449 42.9926 38.5238 29.8469 24.5614 24.5345 23.0787 17.783 19.288 10.8595 10.1097 14.9237 12.0852 6.0558 0 23.4806 28.1947 38.9929 44.9247 47.1735 49.662 52.5987 57.2084 64.0198 70.6513 50.0168 45.4252 41.9301 31.9532 36.6039 37.4018 64.0374 64.0459 74.1759 81.0957 89.7417 95.2469 96.6399 82.2368 75.0243 74.0146 79.277 83.4872 87.214 90.0284 95.8312 63.0674 53.2567 30.9809 28.3377 24.7451 31.9009 443.8104 509.3031 571.1028 831.1258 1013.8214 1104.2016 1198.5196 1240.9428 877.2141 906.2338 1002.0407 886.6597 715.5268 593.5499 502.9623 77.5475 
61.323 66.5382 66.8393 69.548 78.6216 74.3967 82.3378 83.4414 74.593 71.5872 76.9621 71.9826 73.1321 67.6496 60.7429 53.8454 44.7198 44.2508 41.1666 43.6138 34.8537 33.2699 35.3766 37.1611 47.208 50.031 56.2057 54.9107 49.895 46.7441 48.5738 40.1627 39.0835 31.5455 28.0814 21.2449 19.6947 16.4594 20.9916 22.0602 30.8868 34.1239 27.885 23.4806 0 8.5448 15.8618 21.6344 24.086 26.3079 29.1433 33.7488 41.2259 47.3919 27.8393 23.2606 19.4305 14.4222 20.1701 21.8752 47.8698 51.0652 58.2613 76.2973 84.1499 91.7045 94.5056 82.0101 72.6584 71.5418 82.3203 87.3383 91.1471 93.3903 99.2045 66.937 58.4224 46.4651 44.62 42.2415 50.4995 428.3165 501.5355 564.5114 815.7534 995.2681 1085.7717 1179.4365 1220.3138 857.251 884.1172 979.287 863.2679 692.0549 572.5382 480.7919 65.858 
67.7889 72.0813 72.2801 74.9567 84.5475 80.7348 87.2271 88.2853 77.9283 74.7998 79.7184 74.4021 75.2325 70.1207 61.8036 56.7745 47.6779 47.5667 44.3783 46.0913 37.5784 37.4315 40.5728 44.051 54.1613 57.6687 64.2491 63.1797 58.2938 55.2677 57.111 48.6901 47.383 39.8788 36.5477 29.7815 27.9721 24.9104 28.2672 29.1691 38.0596 39.8309 33.4713 28.1947 8.5448 0 12.1533 18.0374 19.726 22.7602 26.1339 30.6354 36.0037 45.8478 29.2369 25.0723 21.1582 21.1256 26.577 28.4645 52.7599 57.1058 62.9905 83.9107 91.5605 99.4163 102.4089 90.1964 80.6562 79.5341 90.7587 95.807 99.613 101.8227 107.6269 75.4461 66.9663 54.1472 52.134 49.4728 57.6063 431.9597 507.7964 571.0529 819.3426 997.2328 1087.8 1181.0688 1220.8853 858.337 883.3719 977.7371 860.3675 688.2536 572.8808 480.0523 72.0081 
62.6327 65.2376 65.2753 67.859 78.1348 75.1046 79.2332 80.2202 68.2538 65.0398 69.4967 63.9478 64.5251 59.7504 50.5222 47.0091 38.1683 38.4387 35.2527 36.1589 28.244 29.8297 34.2455 40.5943 50.3995 55.5365 63.3141 63.2824 59.2872 57.5825 60.5687 51.2494 52.9719 45.4723 41.4568 34.1831 34.189 30.4872 36.6566 37.7864 46.509 49.9595 43.6863 38.9929 15.8618 12.1533 0 5.9987 8.2292 10.7738 14.0233 18.576 25.3769 33.7229 19.124 15.8605 12.5945 20.0668 23.8194 25.7671 45.4163 51.4373 55.1503 81.1743 88.1578 96.8003 100.4046 89.467 79.2482 78.1216 91.5556 96.8377 100.5846 102.4714 108.1497 77.1725 69.6614 61.5308 59.8859 57.7545 66.0544 421.9758 501.1009 564.8501 809.2551 985.9818 1076.582 1169.639 1209.0271 846.6694 871.2461 965.589 848.4418 676.6757 560.9672 467.9309 66.1783 
62.2427 63.8167 63.7542 66.2538 76.8587 74.3118 76.9684 77.903 64.9029 61.647 65.7222 60.0194 60.3838 55.9177 45.9411 43.7922 35.3168 35.8844 32.7853 33.0012 25.8596 28.7178 33.7943 41.5744 50.9757 56.8568 65.1004 65.5472 61.9945 60.8623 64.264 54.7145 57.5101 50.0998 45.926 38.6449 39.1843 35.3925 42.1574 43.3272 51.9421 55.7559 49.5166 44.9247 21.6344 18.0374 5.9987 0 2.9694 4.7752 8.1055 12.6051 19.9134 28.0892 16.5791 14.6201 12.5917 23.3291 25.9841 27.8169 43.9766 50.9218 53.2136 81.8977 88.486 97.4809 101.373 91.1173 80.6474 79.528 93.8971 99.2552 102.9573 104.6897 110.2855 80.0162 72.9694 66.5748 65.0488 63.0791 71.3905 418.0589 499.1643 563.179 805.2403 981.1377 1071.7622 1164.651 1203.6572 841.4828 865.5292 959.7227 842.4489 670.6931 555.5459 462.2261 65.3571 
64.5125 65.7205 65.6186 68.079 78.7945 76.4279 78.4878 79.3965 65.8892 62.6177 66.4517 60.665 60.8846 56.6383 46.1675 44.9318 36.7056 37.415 34.3821 34.2487 27.5694 30.8927 36.1412 44.2509 53.5387 59.5744 67.8953 68.4144 64.9144 63.8229 67.2333 57.6818 60.4264 53.0008 48.847 41.5628 42.0053 38.2317 44.7978 45.9468 54.6194 58.1886 51.9129 47.1735 24.086 19.726 8.2292 2.9694 0 3.6381 7.2245 11.2496 17.2013 27.3206 18.4027 16.9839 15.3105 26.2983 28.8894 30.705 45.9354 53.1784 54.9356 84.456 90.9354 100.0175 103.9782 93.8723 83.359 82.2418 96.7634 102.1304 105.8256 107.5356 113.1176 82.9435 75.9296 69.3953 67.8341 65.8065 74.1151 418.5594 500.72 564.8481 805.6643 980.9457 1071.5897 1164.3333 1202.9669 840.9835 864.4043 958.3346 840.6441 668.6248 554.8066 461.1258 67.4783 
62.3752 63.1025 62.9576 65.373 76.1966 74.0539 75.4881 76.3752 62.5464 59.2694 62.9906 57.1752 57.3468 53.1798 42.5698 41.702 33.6736 34.4976 31.5373 31.1205 24.8796 28.7421 34.222 42.9706 51.9574 58.3579 66.9021 67.7039 64.4939 63.7805 67.465 57.7932 61.3205 53.994 49.7324 42.4858 43.3574 39.5283 46.6343 47.8268 56.3605 60.4051 54.1901 49.662 26.3079 22.7602 10.7738 4.7752 3.6381 0 3.607 7.8881 15.8255 23.7466 15.9678 15.3624 14.5153 26.6365 28.5282 30.2359 43.4236 51.0453 52.1462 82.8104 89.0664 98.3116 102.4189 92.7169 82.0873 80.9775 96.0158 101.4196 105.0801 106.6917 112.2141 82.5477 75.8632 70.7117 69.2691 67.4113 75.7219 415.0002 497.6984 561.9207 802.0852 977.3092 1067.9526 1160.7045 1199.4007 837.3775 860.9905 955.0606 837.68 665.9287 551.2523 457.7 65.1233 
60.8786 61.0376 60.8405 63.1962 74.1335 72.2586 72.9293 73.7879 59.536 56.2539 59.801 53.9428 54.0324 50.0015 39.145 38.8877 31.1717 32.1492 29.3071 28.4957 22.9281 27.4279 33.1206 42.5092 51.1204 57.8876 66.638 67.7277 64.8187 64.4786 68.4153 58.6595 62.9011 55.6871 51.3463 44.1691 45.4062 41.5509 49.0706 50.2943 58.6896 63.1124 56.9565 52.5987 29.1433 26.1339 14.0233 8.1055 7.2245 3.607 0 4.6113 14.6794 20.1453 14.5816 15.0367 15.1335 27.9539 29.1597 30.7365 41.5503 49.5905 49.8949 81.8182 87.82 97.232 101.4927 92.2309 81.4967 80.3968 95.9456 101.3797 105.0006 106.5098 111.9654 82.8535 76.5064 72.6457 71.3094 69.6014 77.8997 411.626 495.0481 559.3824 798.6748 973.7291 1064.3754 1157.1089 1195.7982 833.7712 857.4584 951.6174 834.4649 662.93 547.6533 454.1616 63.3674 
