97
X4 S6 D3 Y3 X1 Z6 Y4 S2 K1 A1 I5 A2 X0 C3 E5 O4 Y6 A7 R6 F6 J0 P2 I3 V6 C4 E3 R5 B4 M3 O5 Q0 L5 W6 T3 J1 G0 F4 X3 E1 M0 T2 W5 I1 L0 M4 P0 S1 X2 N1 B2 U6 U2 Z1 R3 F3 T5 Z4 J6 C7 M5 N2 C0 R4 G1 X6 Q6 M6 Q5 G3 K2 E4 I0 Y0 D0 A5 H0 B5 Q4 G4 D2 K4 W4 A6 Z3 W2 C6 V2 P5 P6 G6 J5 T6 A4 H6 F0 Z5 A0
0 10.11889 17.12476 16.22685 15.04256 12.64605 11.2756 10.13913 11.90543 16.30492 19.73387 12.65429 18.8962 10.97793 16.93887 18.53835 15.04468 14.8405 14.55473 11.25785 11.80547 18.63348 19.56518 19.72759 17.98573 19.63778 18.13693 11.62016 18.01299 16.53379 18.00481 15.7265 16.11143 18.36532 18.71178 16.41866 16.60695 10.84005 12.88755 13.66226 11.16088 10.89904 10.42174 13.94845 16.33792 10.96556 11.05893 19.27659 16.89115 18.48036 19.43685 12.28987 16.26075 12.74282 18.38183 11.2727 16.58151 11.96383 14.07528 19.02628 16.12323 14.09103 19.75112 14.74514 15.06106 13.54581 12.44635 11.70874 14.77092 10.12352 19.96558 11.76742 11.57282 19.93755 13.54655 11.51715 13.88031 17.39492 14.56202 15.44636 11.72572 19.24746 17.91669 19.06031 11.74219 10.48213 19.98726 12.49082 13.58228 15.73946 15.31258 13.55141 19.82448 11.43214 18.9177 11.09421 10.03967 
10.11889 0 10.00493 15.18034 16.3786 17.33718 15.8907 10.82574 12.99542 14.61875 16.5623 18.7164 18.526 19.04734 13.07685 18.50076 12.41539 12.29089 12.76291 17.7189 14.86333 19.92126 17.27972 12.02916 19.85469 12.8519 16.65515 14.95712 13.15058 15.05308 14.71587 10.7945 12.14501 16.97611 16.0737 11.29122 11.17639 12.19484 10.95745 18.68169 13.20048 15.01218 15.80961 17.86457 16.31287 13.84082 17.97048 12.9844 14.26759 15.71403 11.16006 15.4156 14.7845 18.10654 15.44634 12.40616 16.46592 12.98313 17.98398 18.98937 14.10751 11.03907 12.18776 14.34676 16.52737 15.4055 18.0038 13.1287 10.50672 15.27301 12.46385 11.20741 16.33528 12.28875 10.28424 19.22642 11.99835 13.00416 13.72458 16.61533 16.67286 15.99379 13.58477 10.39961 13.34955 10.54793 15.86261 10.33501 10.93532 10.41309 15.43401 16.28578 10.90954 19.83588 19.13589 12.26868 15.41609 
17.12476 10.00493 0 10.0589 14.53287 12.59454 17.43046 16.0778 19.68039 10.3696 10.50755 11.55576 10.69027 11.4196 15.626 15.20857 16.26467 11.35897 16.07405 14.14248 10.63208 13.70633 13.44612 10.73508 11.94298 13.33897 18.20797 11.03868 17.31635 17.8697 12.95663 15.40254 11.21783 14.76246 12.16439 11.62913 15.6087 16.27419 15.70914 12.98723 15.11196 13.00328 16.24826 17.66924 11.58968 12.77629 17.92751 15.88379 10.55473 16.04236 13.52447 13.82148 15.94799 17.24981 10.76213 18.40381 12.83802 12.41372 19.74951 11.1734 11.14337 18.79995 17.70769 16.38377 11.57763 16.48486 14.95445 16.42807 13.16833 13.2597 19.77989 12.78593 13.35216 10.78159 15.11584 10.15134 17.45724 19.93871 17.40897 14.75679 14.08547 10.48693 11.92222 10.60164 12.47786 19.56985 18.98252 12.39666 19.13985 19.03544 12.76645 17.8367 11.84211 11.92938 15.71648 17.31489 18.25593 
16.22685 15.18034 10.0589 0 10.42044 18.07116 17.45882 14.6872 18.70834 13.57557 11.54234 14.48291 11.94006 14.76872 11.33325 14.22998 15.11552 11.76988 19.15921 16.60448 19.25546 11.55185 14.89333 12.66964 12.91109 16.78332 13.44533 14.45872 13.0648 15.82482 10.67747 15.73786 10.92995 18.09514 14.22801 18.81574 17.6988 15.05768 11.50416 11.42205 19.03776 19.40864 14.21165 15.08657 15.25805 10.63114 10.57281 17.45931 11.86103 13.16666 16.67629 18.74331 18.95787 16.13695 16.43789 16.00227 12.09242 14.5118 14.41972 11.51174 12.27424 16.22045 16.35544 18.69087 14.43399 16.0362 12.69192 19.28822 13.84026 18.80563 14.77859 11.87427 16.66662 11.47602 16.16909 17.04609 12.72319 11.12258 18.54687 19.76521 10.72139 12.08706 16.84223 16.22882 16.15579 13.38955 11.55334 10.6625 13.79843 11.63039 12.16482 10.75363 19.09882 15.68759 18.36764 14.84981 16.34494 
15.04256 16.3786 14.53287 10.42044 0 10.0279 16.49443 12.59107 19.91576 13.80527 12.01758 18.77638 16.80417 16.57137 14.73948 11.34925 11.34129 10.58101 19.96907 19.63632 12.63893 11.75138 11.84047 16.5982 17.62528 12.23573 19.56687 15.62014 18.79175 14.3759 15.52302 17.93225 17.11214 13.52733 11.64315 19.78232 11.2653 18.71306 16.54584 10.31113 14.28852 12.94275 14.00503 10.38804 11.74032 15.41754 19.47485 13.01932 11.17487 12.35325 13.50013 18.1801 11.93109 19.23483 12.05477 14.38278 10.73763 14.65191 18.16418 16.66108 17.19586 13.61646 16.1691 17.17781 15.32354 17.07385 15.29524 18.55888 11.36863 19.91826 12.27487 11.49503 10.7872 11.31438 15.77209 14.11837 19.67083 10.40774 16.71854 17.81306 18.64013 14.96422 19.10386 18.42483 19.07123 11.03623 13.17347 14.97437 10.24328 15.96988 15.37417 14.03707 12.2183 10.79492 19.43072 15.60136 11.02465 
12.64605 17.33718 12.59454 18.07116 10.0279 0 10.25633 18.03841 14.68378 10.32526 12.0611 19.59654 16.73032 18.43093 11.29164 18.45027 13.9779 11.05139 14.41429 15.61373 12.22115 16.75549 14.49151 11.70968 11.53219 11.36448 10.52255 14.32827 19.90125 12.85452 14.64665 18.17277 12.26945 19.11297 11.66145 15.00003 15.32235 18.85231 15.42306 15.60929 12.01672 11.73328 15.74055 18.19841 13.44765 13.86314 12.32916 11.49212 18.05208 16.82856 16.30015 12.10094 17.43764 14.11942 15.17635 15.82272 11.89989 11.18366 16.47813 14.25218 14.93549 12.04069 14.65942 10.49008 15.69648 19.17046 15.93546 14.46904 12.60795 18.79973 11.09822 15.29682 10.88291 15.56676 11.9279 14.21882 13.74658 11.7458 11.75368 17.4086 13.01827 14.37824 17.90992 15.08087 19.69658 11.46694 15.42758 12.69607 10.75914 13.76664 15.11372 14.39163 18.28536 19.95335 16.2467 13.87663 14.75626 
11.2756 15.8907 17.43046 17.45882 16.49443 10.25633 0 10.03703 12.32288 17.1245 14.71034 12.28266 13.34064 17.13322 17.27505 17.24879 11.06052 14.6237 17.70147 11.85358 15.53243 10.61342 16.53283 11.36755 10.25185 12.80366 19.9794 11.32622 12.1631 10.99254 15.10893 18.11154 14.60164 17.94866 19.43681 19.94763 14.97822 15.77989 14.41239 12.94695 17.31691 11.50184 11.64508 11.05584 14.65155 10.71076 13.46994 14.60101 14.36554 16.20196 19.98923 11.38712 10.49193 15.09643 14.27947 12.48024 19.70731 19.36848 17.32887 15.11142 10.10616 16.93574 18.85159 12.51786 18.86744 18.51649 17.91596 14.4894 10.10057 19.30597 10.15836 13.95924 12.63042 13.2202 16.68227 14.96078 10.69073 19.88813 11.11455 12.96287 18.55013 19.63597 16.04112 16.23741 17.88191 15.86575 13.35609 15.56995 15.19693 10.30905 11.20376 18.54051 19.36296 13.24639 16.8854 17.32038 13.0177 
10.13913 10.82574 16.0778 14.6872 12.59107 18.03841 10.03703 0 10.03265 10.58701 12.28094 13.16296 11.86525 19.87395 14.01255 14.24258 14.73962 15.3156 17.91214 11.08118 12.73635 13.23484 18.70593 11.3493 19.33312 10.60117 14.82517 10.86144 12.37997 19.39143 15.97478 15.61295 10.34231 14.818 11.91897 14.50352 17.13449 15.38724 18.79314 19.06777 18.854 18.09915 15.60715 11.0504 12.39851 14.39087 14.13196 12.349 13.29398 13.012 12.82912 13.29287 11.29425 14.68648 15.01394 15.80431 14.01237 11.58347 18.81563 11.65069 18.8153 19.72473 19.37289 12.73712 17.18346 13.26382 11.04502 16.41871 15.12528 11.59504 18.67427 15.97063 11.17761 12.40639 10.30951 10.57798 15.04391 15.31631 19.2036 15.63703 10.07572 10.55045 14.07732 11.15859 16.15455 19.82131 14.89924 11.64041 11.27559 14.4431 14.56216 18.99335 16.41389 13.25271 14.75525 14.28019 10.313 
11.90543 12.99542 19.68039 18.70834 19.91576 14.68378 12.32288 10.03265 0 10.02226 17.49924 16.47953 16.63883 14.42685 10.7886 18.23364 16.18182 18.2823 15.65474 19.34574 16.66089 10.94716 19.83156 13.34661 15.49228 15.20696 19.15326 18.36664 14.76191 18.94224 19.72713 19.59002 14.16917 16.85076 19.89544 11.29939 16.99409 13.05179 11.92314 19.12533 16.42825 10.55211 16.0559 18.7814 18.5246 11.79108 14.2024 10.15461 13.08714 15.82628 10.25492 13.38498 10.71668 13.86316 15.99164 13.77778 17.15663 15.5007 19.49652 14.15789 15.74678 19.39983 13.25667 11.71731 15.52122 14.35321 18.66194 12.19287 16.17018 15.40248 14.32981 16.45119 14.71201 17.29471 14.90925 19.01054 15.03018 10.83327 10.51394 10.59409 11.58545 14.34647 13.07817 11.48603 16.63379 18.76836 13.58613 16.96173 19.94561 16.58425 14.77748 18.75181 19.74755 15.95965 17.47392 13.53853 18.48134 
16.30492 14.61875 10.3696 13.57557 13.80527 10.32526 17.1245 10.58701 10.02226 0 10.04359 16.47872 12.61297 13.96314 19.99172 13.51243 16.01259 18.38731 11.70408 17.78941 14.86837 12.5076 10.95812 13.35564 15.09131 15.13384 16.50036 19.89637 12.07712 10.47812 16.06454 14.75924 15.82506 19.8128 14.33437 19.01946 15.01927 12.43464 13.0882 17.2011 19.27154 17.18119 14.22802 10.95222 17.1234 10.2683 13.28988 17.24354 19.05973 17.1367 18.95905 10.24589 18.72694 11.36384 15.72908 19.61875 16.06993 16.90565 12.79473 16.01981 12.00775 13.91304 15.4494 17.84921 10.68062 11.51375 15.09152 15.79266 16.11121 10.93166 10.98434 15.08196 11.50996 10.412 12.1155 19.6797 15.55189 14.39029 17.02665 16.28403 12.03834 19.72535 14.28549 14.01816 18.41795 15.90007 15.8815 12.7347 11.14814 19.43731 11.72055 18.89849 17.52424 19.76741 13.48423 18.25326 14.61248 
19.73387 16.5623 10.50755 11.54234 12.01758 12.0611 14.71034 12.28094 17.49924 10.04359 0 10.05272 11.97987 17.09141 16.87489 16.93367 16.15344 15.60168 16.43499 16.50279 14.81008 14.12 19.91148 17.68714 18.63149 14.94412 12.8909 17.95119 18.17767 17.8298 14.79611 17.49773 10.96341 19.63257 13.54902 19.26106 18.91329 11.08386 18.99195 19.85954 16.30781 13.1669 18.7746 16.663 16.51477 14.19047 10.41592 12.54934 15.56592 12.60082 11.85586 13.631 18.48448 17.40623 12.84718 10.63807 19.75332 12.58675 13.58627 16.70697 12.4662 12.36414 15.0452 15.0031 14.45485 16.60457 13.30828 10.91828 17.90217 16.6082 14.0366 12.92477 10.81177 13.94805 16.19438 17.70707 19.22068 16.8024 13.89755 13.31322 16.29902 12.60899 15.1184 11.5681 17.73696 14.29749 12.13959 17.55866 10.95645 10.94782 16.94416 10.30898 18.20984 19.1702 15.52068 15.90177 10.39717 
12.65429 18.7164 11.55576 14.48291 18.77638 19.59654 12.28266 13.16296 16.47953 16.47872 10.05272 0 10.04888 14.41884 14.63856 19.76415 11.74161 16.08388 17.49035 12.06763 16.62329 17.76821 17.34004 19.55963 12.99124 17.36737 15.90362 14.10339 11.91358 11.70457 14.04442 10.65466 12.45997 18.253 13.43077 12.48817 12.45161 17.39395 17.68724 10.10325 18.55549 17.74926 13.98482 18.1531 16.20844 12.72847 12.04952 13.30545 12.83187 18.40199 19.78878 18.89877 10.05439 12.69729 18.30664 16.49225 19.75647 19.47235 13.24039 15.29021 19.65972 11.10512 15.50121 17.61323 17.24226 14.54935 12.00997 18.77815 11.44457 17.33676 12.63956 10.95892 16.786 16.53547 16.63637 12.37751 17.54165 14.52472 14.78087 16.39943 10.61808 17.92484 13.27514 13.67412 10.16852 18.4241 14.59243 15.92288 14.85671 18.98874 17.62154 12.20841 15.30392 19.60739 14.68485 19.79823 13.20339 
18.8962 18.526 10.69027 11.94006 16.80417 16.73032 13.34064 11.86525 16.63883 12.61297 11.97987 10.04888 0 10.12831 11.89991 12.51259 12.14498 16.96149 18.77261 16.49161 15.64927 13.38252 13.02912 19.15489 12.5065 15.5713 18.73239 10.27116 13.14768 11.53678 13.29659 15.81104 19.41466 19.26014 12.9656 15.94606 17.81052 11.62721 14.64652 13.72802 15.06351 11.00277 11.23329 12.94058 17.60244 10.1485 15.68982 19.92151 15.49854 13.79164 17.86311 13.99565 15.89366 12.93509 17.64764 17.13519 18.18957 14.57871 13.35883 12.94805 13.4238 11.05894 11.3384 12.01894 15.91164 19.44539 17.71104 14.06273 11.09544 11.17447 12.13227 10.49868 18.40453 15.16123 11.92338 14.85758 19.46537 17.88503 19.89782 14.51153 11.16621 13.20947 14.85752 17.26276 12.92421 16.92885 12.15043 16.56568 11.88711 19.05469 10.23685 19.15416 16.30943 19.04454 16.49527 15.08638 10.30248 
10.97793 19.04734 11.4196 14.76872 16.57137 18.43093 17.13322 19.87395 14.42685 13.96314 17.09141 14.41884 10.12831 0 10.02279 10.93573 17.58591 17.69108 12.96246 13.80235 11.10461 16.89426 11.59975 16.65062 13.01687 17.70589 17.20501 13.48362 17.75157 14.36625 13.76587 15.61344 13.5944 14.30185 19.1004 10.85397 13.52899 17.12207 10.62662 16.00416 10.69599 15.77088 16.04462 17.34794 11.44305 12.52292 14.81173 11.13929 19.39496 11.0784 19.36199 17.32195 19.81121 19.10797 16.4607 12.35349 17.78022 19.43097 18.01892 19.96004 14.06198 11.75619 16.81639 10.18342 14.00421 19.40348 10.89468 14.94071 13.35506 18.24717 12.97927 12.50444 19.98449 12.1799 12.09268 11.61633 15.71969 16.69605 19.48593 15.00443 16.53812 10.78752 18.68665 19.01374 16.91046 14.16412 14.97373 18.4821 11.28279 15.04398 16.26048 10.48846 12.46378 13.96859 16.4606 12.24781 11.98797 
16.93887 13.07685 15.626 11.33325 14.73948 11.29164 17.27505 14.01255 10.7886 19.99172 16.87489 14.63856 11.89991 10.02279 0 10.00961 13.05631 12.1667 11.43589 11.3897 18.77484 10.25338 19.49331 13.42638 15.79595 17.7051 17.96858 12.51035 10.61621 17.83923 16.7309 10.97382 13.85681 16.91821 14.96277 10.50312 11.14797 11.5948 13.85302 19.79097 19.67044 15.96318 15.31392 11.28933 17.94706 12.98113 18.4421 17.64105 19.26827 17.41889 16.26327 14.48863 11.00781 18.16806 14.9029 11.50869 15.02835 15.81586 11.51561 18.7136 14.80154 14.15017 13.39522 15.41195 14.1446 16.83322 10.72061 11.16312 19.8515 15.99256 17.82818 14.61185 16.04825 11.69903 14.65408 13.11909 10.7863 15.10436 15.45601 11.28705 13.60264 10.56901 15.41247 13.13418 19.49365 18.51841 14.17475 19.55797 11.64231 19.42992 16.39441 19.61454 12.57044 11.03702 12.45759 19.48098 10.96566 
18.53835 18.50076 15.20857 14.22998 11.34925 18.45027 17.24879 14.24258 18.23364 13.51243 16.93367 19.76415 12.51259 10.93573 10.00961 0 10.31648 12.26965 14.82698 11.60393 12.30514 19.97666 10.43065 18.56446 14.79733 16.9594 18.1362 10.74764 13.35023 10.70401 10.43079 13.1637 18.40209 19.10831 19.18256 13.42778 18.40523 14.05273 13.35641 10.75494 17.66374 11.0626 10.99443 11.90951 14.0052 13.47249 15.40231 10.81675 12.96909 16.47815 10.53185 11.9697 11.26703 13.63564 13.01287 13.67658 12.92528 13.80379 15.28932 10.96261 18.3048 11.02282 19.00267 16.72459 19.36569 15.30443 17.0202 13.46731 12.27932 16.99665 10.50871 19.1328 15.46104 17.87182 14.35583 15.39519 11.62025 13.78856 13.11147 15.6607 16.43923 19.15139 12.17682 17.02858 11.77496 19.4611 12.19426 11.46097 10.75983 14.95818 18.10147 14.86406 13.22476 17.59061 14.68292 19.23589 19.82258 
15.04468 12.41539 16.26467 15.11552 11.34129 13.9779 11.06052 14.73962 16.18182 16.01259 16.15344 11.74161 12.14498 17.58591 13.05631 10.31648 0 10.00194 14.47212 16.20816 16.33319 14.79965 14.48362 11.35019 14.11513 17.86169 11.10046 17.31585 16.66345 15.91078 19.16458 15.32443 13.24336 12.85767 18.3142 10.98073 14.96222 13.71503 14.30455 16.45755 11.93263 16.32081 16.75814 16.39906 18.54721 10.58221 10.83668 18.5404 10.1556 18.74385 17.57326 17.52693 12.09877 12.89659 13.93846 18.23358 12.03658 18.03396 12.86288 17.50659 14.08984 15.31222 16.34204 14.76186 19.98871 12.86466 15.98333 11.75924 16.57612 19.70271 15.03729 15.21691 10.21935 16.51191 13.21923 18.25172 18.3095 17.72378 12.99156 16.38909 12.22069 16.92696 14.92293 16.06129 14.76499 16.77466 11.31668 16.43307 14.11013 15.36745 18.67268 11.72356 12.14187 10.91736 12.88449 19.95873 19.53434 
14.8405 12.29089 11.35897 11.76988 10.58101 11.05139 14.6237 15.3156 18.2823 18.38731 15.60168 16.08388 16.96149 17.69108 12.1667 12.26965 10.00194 0 10.23414 13.15349 14.89794 16.50292 13.57575 18.39827 17.19271 17.26112 13.55432 15.92261 16.38828 15.40877 12.28179 12.4969 13.66986 18.19068 18.2927 12.15649 16.92198 11.45276 16.49449 15.8326 19.26947 18.107 12.45388 12.83486 16.01658 19.53245 14.20365 13.16562 12.74351 11.59621 15.2763 17.36783 17.60092 13.65666 12.13439 17.73936 12.89456 13.32848 16.22899 19.02018 10.92364 18.26851 19.47424 19.47904 12.18966 17.24891 18.19979 11.34307 19.39815 15.58066 17.8543 18.5564 19.51531 15.36827 15.51494 14.79266 17.37937 13.05791 16.08158 12.5751 13.73286 10.55257 12.74731 12.26141 17.02351 13.74282 11.24425 14.37415 16.9984 19.58624 15.55898 12.06226 13.79985 14.09085 10.44515 10.50406 19.69898 
14.55473 12.76291 16.07405 19.15921 19.96907 14.41429 17.70147 17.91214 15.65474 11.70408 16.43499 17.49035 18.77261 12.96246 11.43589 14.82698 14.47212 10.23414 0 10.03472 11.58831 10.27061 15.26304 19.69156 15.23668 17.59679 17.62276 11.35656 19.02928 12.40142 17.80129 12.34978 10.78434 17.8077 19.79146 18.41598 19.56665 10.22664 16.20804 10.79825 13.33983 11.39699 11.30827 16.86733 18.13252 12.05702 14.21973 10.87441 18.53904 18.51699 13.58324 12.62321 18.5633 17.36666 13.43863 15.48318 10.53493 17.25551 12.63796 19.69787 17.06677 12.90856 18.18082 10.7024 10.60506 18.59223 13.6671 17.96025 14.61645 11.08027 12.9809 12.86358 15.89796 13.17362 12.30449 17.83498 15.91436 15.01257 12.83946 16.84773 10.13592 13.74472 14.0939 13.61533 17.81283 11.93788 19.04788 13.13086 14.77459 10.59901 18.45714 15.41088 17.45812 15.0335 13.74027 16.10029 14.27508 
11.25785 17.7189 14.14248 16.60448 19.63632 15.61373 11.85358 11.08118 19.34574 17.78941 16.50279 12.06763 16.49161 13.80235 11.3897 11.60393 16.20816 13.15349 10.03472 0 10.34633 18.0097 12.22654 14.48342 17.87145 11.23667 11.77022 17.34546 12.62883 15.61499 17.45819 17.42968 18.27903 12.36862 12.44863 12.79203 13.62947 19.27951 13.78567 17.70343 15.18697 17.70107 14.62153 19.14486 19.77156 18.54198 17.66216 18.35148 18.18748 11.74151 19.56085 14.38413 19.13338 11.45933 17.34615 13.96052 15.50874 11.35737 11.26721 14.24013 12.8045 16.97874 16.05067 11.81569 12.2979 16.51818 13.43217 16.67071 14.12898 12.34172 17.19236 15.70277 19.33807 13.12865 14.19423 13.42384 18.32483 15.1572 15.82703 10.43491 11.14097 19.10673 19.22871 11.7749 17.41661 11.22357 19.89073 17.86769 12.57892 18.08074 15.24882 18.18304 13.5269 10.46958 12.49618 11.26557 14.67731 
11.80547 14.86333 10.63208 19.25546 12.63893 12.22115 15.53243 12.73635 16.66089 14.86837 14.81008 16.62329 15.64927 11.10461 18.77484 12.30514 16.33319 14.89794 11.58831 10.34633 0 10.06041 17.53353 18.49642 17.69343 15.89746 11.12553 13.39385 18.37115 13.57225 12.95554 11.55597 18.27027 14.25711 18.12122 10.37306 16.19166 10.2775 16.64588 17.37477 12.25052 11.29441 12.87627 12.50887 12.87336 17.27613 12.63182 13.48964 13.84058 13.90114 17.08274 11.62972 18.96516 15.509 17.08734 16.75202 14.85096 15.73173 15.57133 13.19888 16.3806 14.33092 15.34489 14.84219 16.06561 18.29779 14.47524 15.00421 12.49864 12.71089 11.45126 12.35362 16.28813 15.5439 15.56451 14.15453 16.16474 11.2454 10.5772 12.31414 17.02547 18.44247 18.33171 13.70347 19.61878 10.46384 15.26986 11.69889 19.15615 15.417 16.26196 19.2907 14.62471 12.5189 10.71546 19.7431 18.68435 
18.63348 19.92126 13.70633 11.55185 11.75138 16.75549 10.61342 13.23484 10.94716 12.5076 14.12 17.76821 13.38252 16.89426 10.25338 19.97666 14.79965 16.50292 10.27061 18.0097 10.06041 0 10.21675 14.53913 16.41507 11.76389 14.18405 11.69095 11.72034 13.3973 14.74105 11.64827 17.90586 15.82138 13.6421 13.09942 18.11944 14.16525 13.71873 16.69197 10.44159 11.52453 14.73886 17.65937 14.75339 11.41887 16.66609 11.87844 14.30627 15.62868 15.97294 11.1349 15.26787 14.21639 17.29488 18.67203 14.66785 14.59583 18.42124 16.92009 17.20357 10.30177 19.37325 16.24265 12.91637 19.69607 11.02267 14.45242 19.21999 15.18109 13.03371 15.45274 10.30516 19.00952 11.10762 12.04502 12.68545 10.55195 19.29007 12.35241 10.71871 14.73298 14.37435 16.42991 10.99745 10.3446 13.14405 17.254 16.55294 18.31657 18.60672 14.21827 12.64733 19.54354 14.98387 15.80549 12.32418 
19.56518 17.27972 13.44612 14.89333 11.84047 14.49151 16.53283 18.70593 19.83156 10.95812 19.91148 17.34004 13.02912 11.59975 19.49331 10.43065 14.48362 13.57575 15.26304 12.22654 17.53353 10.21675 0 10.01457 18.45416 15.32135 10.02431 17.31162 14.65184 13.78144 12.17199 19.38393 18.27734 13.01239 16.74446 17.14873 11.70637 18.5187 18.22979 18.57108 15.65872 12.16876 10.5273 11.54647 14.31475 15.48261 13.64517 12.87744 13.17699 13.95684 10.58668 12.97113 14.79254 16.48155 18.52223 17.06825 18.64923 11.67975 14.49145 12.48604 12.16486 18.93871 16.75949 13.89394 13.74617 12.83765 14.86556 17.98435 12.70876 19.1322 16.11549 18.45012 17.55524 12.07672 17.62245 17.78108 16.65249 14.25063 11.02036 18.35409 10.62341 18.27972 14.32772 18.23201 18.05044 11.85415 10.37137 10.95184 13.89489 15.26931 10.88658 17.04944 15.30132 11.89763 16.3158 11.23449 15.24997 
19.72759 12.02916 10.73508 12.66964 16.5982 11.70968 11.36755 11.3493 13.34661 13.35564 17.68714 19.55963 19.15489 16.65062 13.42638 18.56446 11.35019 18.39827 19.69156 14.48342 18.49642 14.53913 10.01457 0 10.00757 15.42381 12.66423 15.01315 16.00771 15.79883 11.73961 19.34124 12.20135 11.31029 14.70499 13.83674 12.60563 10.28009 11.48753 15.39349 12.35592 10.12479 12.78226 19.97538 16.84133 16.09361 18.60658 12.39728 18.57788 16.17372 15.90681 18.04378 18.09534 13.52076 10.45524 19.89004 14.37256 10.93801 14.20051 11.68484 19.53077 13.4693 14.06724 17.12746 14.02551 18.72258 13.95634 17.79616 11.28301 18.39337 19.48289 14.97758 12.31082 17.05503 12.90647 11.3054 13.99481 17.94519 17.18919 10.78782 14.82536 12.96812 18.21626 12.35482 10.61195 12.27264 19.53915 13.23973 11.64941 18.34605 11.14482 15.7571 12.69623 14.35258 17.95501 17.89607 10.3225 
17.98573 19.85469 11.94298 12.91109 17.62528 11.53219 10.25185 19.33312 15.49228 15.09131 18.63149 12.99124 12.5065 13.01687 15.79595 14.79733 14.11513 17.19271 15.23668 17.87145 17.69343 16.41507 18.45416 10.00757 0 10.18 19.42642 13.29421 16.02413 13.7472 18.4611 19.52171 12.82539 15.20669 12.3589 17.84234 14.9933 10.23781 14.15776 10.26989 16.59936 19.09971 17.52374 14.86433 11.14792 11.72566 17.00371 19.2481 15.80558 15.15389 17.51686 17.82933 14.60998 13.04681 18.24354 12.57667 16.21116 17.49522 14.14188 17.49484 19.22989 17.21838 19.70688 13.10484 15.95929 15.75125 13.24205 17.06946 12.01789 19.14365 13.16895 16.85366 10.18553 15.4475 17.8112 19.00399 15.57215 12.11084 12.63717 15.67497 16.97507 15.93738 19.59782 10.69605 12.12165 19.79502 19.28723 13.69014 10.50405 18.37483 13.51681 10.39656 16.42463 18.94307 16.71638 12.41868 18.76967 
19.63778 12.8519 13.33897 16.78332 12.23573 11.36448 12.80366 10.60117 15.20696 15.13384 14.94412 17.36737 15.5713 17.70589 17.7051 16.9594 17.86169 17.26112 17.59679 11.23667 15.89746 11.76389 15.32135 15.42381 10.18 0 10.34494 12.82943 10.76562 13.55897 17.20137 10.44843 13.0591 14.16069 16.16305 13.66432 16.16863 13.90978 16.97037 13.44087 17.71553 16.17494 14.32691 14.08474 13.32579 12.14394 19.91615 14.88177 18.20669 17.60654 15.92573 12.65377 15.64604 16.65474 12.94566 19.6461 14.0107 12.90708 12.07055 13.29435 16.94335 15.40178 13.98134 12.40038 10.99691 11.98155 19.36017 16.38387 11.18006 11.90106 15.85056 18.77279 18.25394 17.19207 19.361 12.2631 19.38143 12.93292 16.48285 14.46768 13.04788 11.72894 14.09263 13.27531 11.61702 11.86612 18.83937 10.84433 14.26125 11.88902 15.68319 18.23638 16.73268 15.99555 19.12056 19.7468 13.63938 
18.13693 16.65515 18.20797 13.44533 19.56687 10.52255 19.9794 14.82517 19.15326 16.50036 12.8909 15.90362 18.73239 17.20501 17.96858 18.1362 11.10046 13.55432 17.62276 11.77022 11.12553 14.18405 10.02431 12.66423 19.42642 10.34494 0 10.01683 13.33492 11.20113 18.69535 10.44517 12.41469 18.84468 15.84127 19.45127 12.28289 19.72339 18.81489 12.68464 14.87182 15.76303 13.31449 10.67383 16.07787 18.27723 10.37908 16.83311 10.37372 12.04834 14.83777 11.15302 15.68306 14.34285 19.22867 14.3642 11.03888 15.50645 19.38164 11.43569 17.24831 16.10935 19.40899 15.65333 19.62171 13.123 15.93252 15.33589 12.5668 12.44888 19.82116 17.23706 11.17843 10.39346 12.1539 19.11749 12.55006 16.11961 16.20027 13.93254 14.57274 16.38786 14.46282 19.14301 12.66669 11.01379 17.13087 16.32042 19.95204 12.44616 19.06375 13.8336 12.49748 12.4471 13.01579 12.12678 16.55414 
11.62016 14.95712 11.03868 14.45872 15.62014 14.32827 11.32622 10.86144 18.36664 19.89637 17.95119 14.10339 10.27116 13.48362 12.51035 10.74764 17.31585 15.92261 11.35656 17.34546 13.39385 11.69095 17.31162 15.01315 13.29421 12.82943 10.01683 0 10.06863 14.36876 16.80372 12.18305 14.12799 18.39646 17.37549 15.78999 14.99096 13.23828 10.39902 11.3205 12.58343 13.10189 19.325 19.74777 14.76844 15.95755 19.14716 12.66225 14.61486 11.82994 12.27688 13.01709 15.60426 11.2242 16.20403 18.07224 15.23535 14.24506 12.19195 18.88353 10.95991 10.1906 13.98626 14.74627 10.11092 15.96358 19.19956 14.31679 18.00429 15.79759 13.01668 16.06807 16.1303 15.07966 16.20756 14.18723 19.80907 19.5103 17.69858 18.51416 12.26061 12.09321 19.25791 16.90137 18.35937 18.90632 11.05056 10.40398 11.46983 19.01771 16.4036 18.42048 16.65747 19.27229 14.60924 11.07344 18.81156 
18.01299 13.15058 17.31635 13.0648 18.79175 19.90125 12.1631 12.37997 14.76191 12.07712 18.17767 11.91358 13.14768 17.75157 10.61621 13.35023 16.66345 16.38828 19.02928 12.62883 18.37115 11.72034 14.65184 16.00771 16.02413 10.76562 13.33492 10.06863 0 10.11617 13.78829 15.54195 10.32577 16.74589 16.75845 15.14993 15.90453 17.82152 12.97103 12.77642 19.67495 19.04274 18.68486 13.04773 11.28108 12.54701 10.6446 12.4216 18.81535 13.42994 15.87387 19.21764 19.79048 17.8166 16.61046 18.03253 17.24911 18.02953 15.0019 16.06977 14.36152 18.44547 12.40567 11.43213 17.57556 10.67673 15.37135 15.56489 18.03231 19.28781 18.51487 18.04914 18.46777 11.28749 18.67374 18.4489 15.59368 19.80234 10.76127 12.9795 17.17419 16.83577 18.49176 11.23749 19.98331 17.33546 18.94135 17.83578 13.59607 16.38339 10.47212 12.55821 17.44107 10.16642 13.03163 18.4007 12.00808 
16.53379 15.05308 17.8697 15.82482 14.3759 12.85452 10.99254 19.39143 18.94224 10.47812 17.8298 11.70457 11.53678 14.36625 17.83923 10.70401 15.91078 15.40877 12.40142 15.61499 13.57225 13.3973 13.78144 15.79883 13.7472 13.55897 11.20113 14.36876 10.11617 0 10.58139 17.08772 16.07603 11.09922 17.86939 12.64216 13.2487 15.34197 16.44522 12.86227 19.55021 18.0034 19.06329 15.81262 15.75075 17.24971 14.46448 18.79721 19.81567 12.97924 16.21914 12.33539 13.10287 19.69504 17.99034 15.12076 13.95276 17.15011 11.35333 14.5949 18.06084 18.83476 18.05549 18.63156 13.35164 19.16063 15.02134 13.99629 12.83607 15.02389 19.33401 18.03765 17.63941 18.07752 17.72739 11.03909 18.45883 13.6045 11.30155 18.86232 19.89144 16.94501 15.43507 18.32919 14.75732 17.20411 16.99202 12.65571 17.81067 12.39861 12.44299 11.94021 14.3564 12.99917 19.78593 10.81099 16.09927 
18.00481 14.71587 12.95663 10.67747 15.52302 14.64665 15.10893 15.97478 19.72713 16.06454 14.79611 14.04442 13.29659 13.76587 16.7309 10.43079 19.16458 12.28179 17.80129 17.45819 12.95554 14.74105 12.17199 11.73961 18.4611 17.20137 18.69535 16.80372 13.78829 10.58139 0 10.14464 18.93798 15.03805 18.59786 19.75218 18.18053 17.95719 11.92757 12.47574 16.19458 18.90904 14.77385 15.11997 19.58717 19.9265 18.25516 16.63954 12.16762 16.72249 19.42942 16.85611 15.98609 11.23263 16.14796 13.05698 18.53538 19.94517 16.22069 13.33993 15.12093 14.97689 18.38888 17.81659 15.40255 15.48144 11.05758 13.71776 13.55042 19.19762 17.07132 16.64028 13.95426 14.40467 18.59161 10.69429 14.01567 18.40521 13.02899 15.49752 11.2205 17.28674 11.53994 15.07059 14.36561 16.7201 19.90573 12.3459 14.34515 12.54587 13.89093 19.85347 12.60278 17.49028 14.21533 13.41424 19.98291 
15.7265 10.7945 15.40254 15.73786 17.93225 18.17277 18.11154 15.61295 19.59002 14.75924 17.49773 10.65466 15.81104 15.61344 10.97382 13.1637 15.32443 12.4969 12.34978 17.42968 11.55597 11.64827 19.38393 19.34124 19.52171 10.44843 10.44517 12.18305 15.54195 17.08772 10.14464 0 10.04405 14.80943 12.42148 10.6835 10.52028 10.24967 13.34642 14.88422 11.79029 15.83655 19.41955 17.22272 10.42258 16.84463 11.44607 11.91937 12.52182 14.54345 11.22757 19.56002 13.02869 17.95653 18.6638 19.99786 16.54388 13.86709 16.28706 13.21055 19.7137 16.38093 11.53304 10.83165 12.62858 14.04505 14.8713 14.04613 16.14701 10.83174 16.76945 10.78736 19.61488 17.4101 12.64827 17.7207 11.56007 18.32059 18.49653 19.49887 12.42606 13.26856 12.23369 15.79183 16.2283 16.25996 19.76283 16.05755 13.1114 16.84541 14.52807 13.72359 12.66012 17.27694 16.86207 10.73907 11.05215 
16.11143 12.14501 11.21783 10.92995 17.11214 12.26945 14.60164 10.34231 14.16917 15.82506 10.96341 12.45997 19.41466 13.5944 13.85681 18.40209 13.24336 13.66986 10.78434 18.27903 18.27027 17.90586 18.27734 12.20135 12.82539 13.0591 12.41469 14.12799 10.32577 16.07603 18.93798 10.04405 0 10.2027 14.41573 11.42366 15.27084 17.61504 14.71863 15.78204 13.06704 13.723 16.82871 10.33797 13.63769 19.75951 19.77599 18.42668 12.26559 12.49513 13.40761 17.46484 15.23305 13.53073 11.05251 15.12566 15.27691 13.43167 15.84005 16.95709 14.95454 15.32899 11.13079 18.17134 14.04424 10.57909 15.94298 16.66083 12.92321 15.19093 14.44451 18.77487 16.69026 15.9408 14.28442 10.90267 10.37968 17.82288 16.34824 18.91998 15.84647 14.51953 14.21199 12.83049 13.59869 10.7419 10.27783 18.9078 19.26789 11.84808 14.80595 15.22278 11.30285 14.88002 15.18479 19.70942 13.46052 
18.36532 16.97611 14.76246 18.09514 13.52733 19.11297 17.94866 14.818 16.85076 19.8128 19.63257 18.253 19.26014 14.30185 16.91821 19.10831 12.85767 18.19068 17.8077 12.36862 14.25711 15.82138 13.01239 11.31029 15.20669 14.16069 18.84468 18.39646 16.74589 11.09922 15.03805 14.80943 10.2027 0 10.50846 12.30584 14.82292 15.57032 14.50658 17.16973 17.69523 15.98624 15.6877 14.99761 17.12869 19.16619 10.9878 12.73232 17.65874 17.25516 14.6286 13.92322 13.96508 12.81164 15.12572 15.60692 17.79337 12.73511 12.74469 19.93078 15.72752 16.65686 16.28084 16.22009 15.48526 12.52044 12.6916 13.85036 12.67696 10.85522 17.19784 13.60553 18.25856 15.4274 13.69265 18.19959 18.29968 12.41901 16.98818 12.31131 14.27782 19.30571 13.96298 17.15025 14.72954 17.04943 17.44842 19.99261 12.56445 18.26794 14.33549 13.03216 17.12696 10.66166 14.46373 11.94008 11.3818 
18.71178 16.0737 12.16439 14.22801 11.64315 11.66145 19.43681 11.91897 19.89544 14.33437 13.54902 13.43077 12.9656 19.1004 14.96277 19.18256 18.3142 18.2927 19.79146 12.44863 18.12122 13.6421 16.74446 14.70499 12.3589 16.16305 15.84127 17.37549 16.75845 17.86939 18.59786 12.42148 14.41573 10.50846 0 10.05483 11.47307 19.53016 18.96961 14.8824 13.76894 13.44146 16.89025 13.09687 19.06798 11.94102 13.1566 15.50188 16.16991 16.38189 19.58299 12.44993 17.54106 14.71129 18.14323 10.8768 10.77524 16.98755 14.6567 14.6269 17.7446 10.48743 17.48528 16.36219 11.40025 19.18381 12.20263 19.98218 19.4336 16.5811 10.59016 12.3311 12.11705 16.36372 10.24655 13.88881 10.58459 10.60528 18.759 13.38811 16.83552 14.62138 16.77657 14.95478 14.92475 19.92865 15.21013 12.01279 13.04648 14.19127 14.63568 12.68943 15.16274 18.80296 13.32322 11.10439 12.63878 
16.41866 11.29122 11.62913 18.81574 19.78232 15.00003 19.94763 14.50352 11.29939 19.01946 19.26106 12.48817 15.94606 10.85397 10.50312 13.42778 10.98073 12.15649 18.41598 12.79203 10.37306 13.09942 17.14873 13.83674 17.84234 13.66432 19.45127 15.78999 15.14993 12.64216 19.75218 10.6835 11.42366 12.30584 10.05483 0 10.09474 16.75855 17.41395 17.52628 18.25077 14.58911 12.52667 12.36709 18.61404 13.20519 13.15387 15.69097 11.37714 10.88684 15.17559 16.11748 11.30352 18.37545 12.04653 13.80815 19.86078 10.14739 10.54806 17.35836 17.121 17.10712 13.16142 17.28656 12.54531 18.93656 19.80946 17.32347 14.28836 17.71216 11.33079 13.17437 19.66366 12.91885 16.478 12.67859 19.35768 10.79787 14.12864 13.37336 11.31164 12.44968 15.72785 13.93771 12.01269 16.50583 19.59442 12.21208 12.77028 10.77763 15.59883 16.53875 13.70216 15.81041 15.68151 18.07866 15.48743 
16.60695 11.17639 15.6087 17.6988 11.2653 15.32235 14.97822 17.13449 16.99409 15.01927 18.91329 12.45161 17.81052 13.52899 11.14797 18.40523 14.96222 16.92198 19.56665 13.62947 16.19166 18.11944 11.70637 12.60563 14.9933 16.16863 12.28289 14.99096 15.90453 13.2487 18.18053 10.52028 15.27084 14.82292 11.47307 10.09474 0 10.19066 17.37972 12.07609 15.01652 11.18919 14.08733 17.05321 14.32518 12.54717 16.02185 17.09094 19.66269 19.23298 18.46349 14.5705 13.42209 11.67953 17.86082 16.44402 10.62761 10.68794 16.77052 13.12801 11.87699 12.74492 18.80883 11.87678 16.18016 15.5152 10.85673 14.70849 13.89851 19.11333 11.77647 14.37887 15.98489 12.68766 17.20518 12.15932 17.60702 17.87641 17.85017 17.15527 12.78225 19.02472 14.95248 13.21856 13.17142 11.83243 11.76592 19.01871 19.57712 19.95895 16.40045 19.44986 19.16705 15.35968 16.98568 10.77649 10.61297 
10.84005 12.19484 16.27419 15.05768 18.71306 18.85231 15.77989 15.38724 13.05179 12.43464 11.08386 17.39395 11.62721 17.12207 11.5948 14.05273 13.71503 11.45276 10.22664 19.27951 10.2775 14.16525 18.5187 10.28009 10.23781 13.90978 19.72339 13.23828 17.82152 15.34197 17.95719 10.24967 17.61504 15.57032 19.53016 16.75855 10.19066 0 10.09588 13.00862 16.80076 13.87405 17.22499 18.86672 12.1736 15.21375 18.92342 16.34967 11.25067 15.0103 15.29769 10.91177 11.2766 16.09041 15.59274 11.68473 17.35164 19.80131 19.58798 11.97355 12.76599 13.34814 14.5617 13.04404 11.69649 13.99755 12.93514 14.80304 16.9761 14.85379 13.46977 18.52274 14.32963 16.9848 19.41445 16.67425 11.07641 14.98988 16.73085 17.13832 12.11849 15.11318 17.57918 17.55841 17.14558 13.77283 18.55657 18.54603 17.21682 11.58652 11.49004 17.50281 10.3145 12.40448 10.80664 13.8838 14.91695 
12.88755 10.95745 15.70914 11.50416 16.54584 15.42306 14.41239 18.79314 11.92314 13.0882 18.99195 17.68724 14.64652 10.62662 13.85302 13.35641 14.30455 16.49449 16.20804 13.78567 16.64588 13.71873 18.22979 11.48753 14.15776 16.97037 18.81489 10.39902 12.97103 16.44522 11.92757 13.34642 14.71863 14.50658 18.96961 17.41395 17.37972 10.09588 0 10.10963 17.85487 17.59037 15.75576 16.94229 15.15894 18.83772 19.07627 12.53203 14.91197 13.08344 13.0018 19.53968 17.80304 12.79237 14.36279 11.40161 10.73782 15.42469 19.03953 15.83776 10.33341 10.75761 16.81936 16.32085 17.26801 17.48828 15.31656 13.71562 19.02456 10.64488 14.30267 16.60742 13.80006 17.64342 14.16606 19.06542 14.71147 17.10795 13.12508 12.82072 11.03746 19.48054 17.50723 18.33152 18.2594 14.22227 19.25849 18.41634 17.80826 19.13348 16.63272 19.34429 17.26251 16.27487 12.48571 19.36649 14.53801 
13.66226 18.68169 12.98723 11.42205 10.31113 15.60929 12.94695 19.06777 19.12533 17.2011 19.85954 10.10325 13.72802 16.00416 19.79097 10.75494 16.45755 15.8326 10.79825 17.70343 17.37477 16.69197 18.57108 15.39349 10.26989 13.44087 12.68464 11.3205 12.77642 12.86227 12.47574 14.88422 15.78204 17.16973 14.8824 17.52628 12.07609 13.00862 10.10963 0 10.01322 13.99002 10.8434 16.90929 15.30919 15.16923 16.30626 14.87876 11.04219 17.00682 18.48319 17.16697 15.53876 14.03576 13.7317 12.60801 14.44928 13.17425 19.52948 14.55111 16.1723 18.99777 12.99046 12.43057 17.13268 15.20981 15.07267 15.51355 14.18284 14.65999 13.75142 15.22149 11.05119 11.5705 11.97836 10.04477 10.9436 12.31614 17.40049 17.38872 12.77312 12.36869 12.82942 11.81074 18.88864 19.51554 17.2951 11.41877 12.17365 19.30829 13.32479 14.95852 10.96877 11.6961 18.65219 13.76819 14.52864 
11.16088 13.20048 15.11196 19.03776 14.28852 12.01672 17.31691 18.854 16.42825 19.27154 16.30781 18.55549 15.06351 10.69599 19.67044 17.66374 11.93263 19.26947 13.33983 15.18697 12.25052 10.44159 15.65872 12.35592 16.59936 17.71553 14.87182 12.58343 19.67495 19.55021 16.19458 11.79029 13.06704 17.69523 13.76894 18.25077 15.01652 16.80076 17.85487 10.01322 0 10.07635 14.51477 15.07798 15.44704 19.29122 19.63959 17.94726 17.69923 13.35433 12.3995 12.22807 13.58092 10.63774 11.37947 18.01412 16.29614 18.65563 10.84242 14.12499 17.26187 11.16985 18.84408 10.23364 10.60168 18.43239 18.76231 14.22303 13.89402 12.25585 18.9417 16.16275 15.92846 14.56859 14.18755 17.54683 18.94587 12.36802 16.85302 17.8941 19.05524 14.00071 18.34479 12.81993 13.05738 14.3219 16.04304 13.00855 17.44003 10.12336 10.16895 19.27792 10.54803 12.0208 15.73844 19.13813 11.12807 
10.89904 15.01218 13.00328 19.40864 12.94275 11.73328 11.50184 18.09915 10.55211 17.18119 13.1669 17.74926 11.00277 15.77088 15.96318 11.0626 16.32081 18.107 11.39699 17.70107 11.29441 11.52453 12.16876 10.12479 19.09971 16.17494 15.76303 13.10189 19.04274 18.0034 18.90904 15.83655 13.723 15.98624 13.44146 14.58911 11.18919 13.87405 17.59037 13.99002 10.07635 0 10.22703 17.19506 12.18204 19.40966 19.2386 12.4944 10.33879 13.40043 16.60906 16.4838 19.70241 13.89706 11.48833 16.02996 12.58633 17.1151 14.33044 12.18118 13.00312 11.26311 13.69473 16.27383 17.83807 18.00778 14.72631 13.52438 14.33333 17.69335 19.01802 14.13791 10.28545 15.87 12.81204 10.42234 11.68209 12.63581 14.62819 10.42173 16.93112 16.5685 10.8634 17.18757 14.49518 17.0869 16.18281 18.54263 19.87299 15.91905 14.24151 19.2569 11.94051 13.74428 16.23551 11.17277 10.84999 
10.42174 15.80961 16.24826 14.21165 14.00503 15.74055 11.64508 15.60715 16.0559 14.22802 18.7746 13.98482 11.23329 16.04462 15.31392 10.99443 16.75814 12.45388 11.30827 14.62153 12.87627 14.73886 10.5273 12.78226 17.52374 14.32691 13.31449 19.325 18.68486 19.06329 14.77385 19.41955 16.82871 15.6877 16.89025 12.52667 14.08733 17.22499 15.75576 10.8434 14.51477 10.22703 0 10.21426 16.69946 11.53473 15.55731 11.8498 13.46848 11.93268 17.19157 11.88932 19.80018 12.5014 13.90075 15.60141 19.02067 14.42554 10.3387 15.41655 18.63349 15.36987 11.2298 15.4417 15.91876 11.04266 11.90891 12.1692 13.48678 17.63051 16.41395 13.85025 19.24781 19.55235 19.5897 12.56248 17.1017 17.59989 14.70335 14.70835 16.28745 14.68089 17.57228 17.14937 15.88512 11.92278 17.41816 14.53719 13.49788 16.6801 14.85228 18.38262 18.82803 15.33482 12.16826 16.10571 17.47428 
13.94845 17.86457 17.66924 15.08657 10.38804 18.19841 11.05584 11.0504 18.7814 10.95222 16.663 18.1531 12.94058 17.34794 11.28933 11.90951 16.39906 12.83486 16.86733 19.14486 12.50887 17.65937 11.54647 19.97538 14.86433 14.08474 10.67383 19.74777 13.04773 15.81262 15.11997 17.22272 10.33797 14.99761 13.09687 12.36709 17.05321 18.86672 16.94229 16.90929 15.07798 17.19506 10.21426 0 10.01643 15.22166 16.11151 10.63617 18.12306 15.04884 11.37043 17.6164 14.98224 10.75102 18.26547 12.4832 17.0661 18.90453 16.10336 10.43415 10.25648 19.48102 12.5063 15.02256 12.31584 10.43398 17.38934 11.22759 19.97986 19.89639 14.64467 19.35265 19.59081 10.21837 10.40429 12.44068 19.87922 13.22882 15.88219 15.52228 19.13385 11.9099 18.71467 12.48422 19.24197 16.89593 14.90388 13.40253 16.50209 16.16486 11.87898 17.97408 16.96336 15.8635 16.63523 18.11504 14.10058 
16.33792 16.31287 11.58968 15.25805 11.74032 13.44765 14.65155 12.39851 18.5246 17.1234 16.51477 16.20844 17.60244 11.44305 17.94706 14.0052 18.54721 16.01658 18.13252 19.77156 12.87336 14.75339 14.31475 16.84133 11.14792 13.32579 16.07787 14.76844 11.28108 15.75075 19.58717 10.42258 13.63769 17.12869 19.06798 18.61404 14.32518 12.1736 15.15894 15.30919 15.44704 12.18204 16.69946 10.01643 0 10.3386 12.85778 19.34484 15.67047 16.52385 14.11118 14.28309 19.08391 19.16216 17.64203 12.03441 12.8822 12.43392 19.03811 16.34097 19.36466 16.75572 17.76975 13.18124 14.58582 13.0751 16.23981 15.45541 17.83239 11.7561 14.81588 13.63961 18.74056 16.62957 14.90133 14.18263 10.48527 12.4555 15.35728 14.09413 17.62208 19.80353 19.31878 18.10782 11.79467 10.61563 12.66033 18.0395 17.2727 19.73762 19.8142 16.6806 17.78955 19.6869 18.09855 14.57247 15.80489 
10.96556 13.84082 12.77629 10.63114 15.41754 13.86314 10.71076 14.39087 11.79108 10.2683 14.19047 12.72847 10.1485 12.52292 12.98113 13.47249 10.58221 19.53245 12.05702 18.54198 17.27613 11.41887 15.48261 16.09361 11.72566 12.14394 18.27723 15.95755 12.54701 17.24971 19.9265 16.84463 19.75951 19.16619 11.94102 13.20519 12.54717 15.21375 18.83772 15.16923 19.29122 19.40966 11.53473 15.22166 10.3386 0 10.25981 17.34497 14.6386 19.41019 15.37507 16.36846 15.39911 18.35378 13.7808 17.86611 18.6035 19.90341 11.39584 10.56006 14.52586 19.92273 18.22235 12.1279 17.18908 13.50379 12.47472 18.71838 19.12388 14.95583 11.10192 11.62298 12.08655 16.56596 15.46389 17.01123 19.80199 13.38638 17.98523 14.12223 11.31642 13.84796 10.85763 18.69452 11.79088 13.58899 15.50517 14.07182 12.27312 19.36795 18.46153 18.8271 15.33013 13.95972 13.77857 15.47876 14.34756 
