20
B1 V0 W0 X0 S1 H1 G0 F1 G1 F0 O0 S0 Q1 C0 I0 Q0 E0 D0 H0 A0
0 2.2361 11.1803 12.0416 20.0 34.4819 31.8904 46.6476 55.2268 61.2209 61.7171 58.8218 53.0094 41.4367 48.5489 70.2353 22.627399999999998 24.0832 37.9473 6.0 
2.2361 0 9.4868 10.0 18.0278 32.28 31.1127 45.4863 54.0833 60.3075 60.8769 59.203 54.0093 42.7551 50.4777 72.0694 24.7588 26.0192 39.5601 8.0623 
11.1803 9.4868 0 11.4018 18.0278 25.0599 23.0217 36.4005 45.0 51.6236 52.345 54.4518 51.9711 42.5441 53.7587 74.4043 30.4138 35.2278 49.0408 17.1172 
12.0416 10.0 11.4018 0 8.0623 25.02 34.0 45.9674 54.4518 61.7171 62.6259 65.7647 62.3939 51.923 60.4649 81.9878 34.6554 32.7567 44.1022 16.6433 
20.0 18.0278 18.0278 8.0623 0 21.8403 38.8973 48.8262 57.0088 64.8999 66.0379 72.2496 69.8713 59.7746 68.5055 90.05 42.5206 38.6264 48.1664 24.0832 
34.4819 32.28 25.0599 25.02 21.8403 0 32.28 34.7131 41.4367 50.2892 51.923 67.6831 70.6612 64.2028 77.9872 97.6729 55.4707 57.5587 69.029 40.2616 
31.8904 31.1127 23.0217 34.0 38.8973 32.28 0 16.2788 24.3516 29.4109 29.8329 35.5106 39.4081 36.0555 53.8516 70.214 40.3113 53.2259 68.4763 36.6197 
46.6476 45.4863 36.4005 45.9674 48.8262 34.7131 16.2788 0 8.6023 16.1245 17.4642 38.833 48.6004 49.0408 68.1542 82.2982 56.5685 69.0797 84.0952 51.8845 
55.2268 54.0833 45.0 54.4518 57.0088 41.4367 24.3516 8.6023 0 9.0554 11.0 39.6232 51.8845 54.3415 73.9797 86.539 64.3273 77.4726 92.5743 60.4152 
61.2209 60.3075 51.6236 61.7171 64.8999 50.2892 29.4109 16.1245 9.0554 0 2.2361 34.9857 49.3356 54.0833 74.0608 84.4808 67.6757 82.365 97.7548 66.0303 
61.7171 60.8769 52.345 62.6259 66.0379 51.923 29.8329 17.4642 11.0 2.2361 0 33.121 47.8017 53.0094 73.0068 82.9699 67.4166 82.4924 97.9439 66.4003 
58.8218 59.203 54.4518 65.7647 72.2496 67.6831 35.5106 38.833 39.6232 34.9857 33.121 0 17.2627 28.3019 46.4866 51.3517 52.4976 71.6101 86.8332 60.9262 
53.0094 54.0093 51.9711 62.3939 69.8713 70.6612 39.4081 48.6004 51.8845 49.3356 47.8017 17.2627 0 13.8924 29.5466 35.171 40.7185 60.4152 74.793 53.4603 
41.4367 42.7551 42.5441 51.923 59.7746 64.2028 36.0555 49.0408 54.3415 54.0833 53.0094 28.3019 13.8924 0 20.0 34.2053 26.9258 46.6154 60.9016 41.0 
48.5489 50.4777 53.7587 60.4649 68.5055 77.9872 53.8516 68.1542 73.9797 74.0608 73.0068 46.4866 29.5466 20.0 0 22.1359 26.9258 43.0465 53.9351 45.618 
70.2353 72.0694 74.4043 81.9878 90.05 97.6729 70.214 82.2982 86.539 84.4808 82.9699 51.3517 35.171 34.2053 22.1359 0 49.0408 64.6297 74.0608 67.624 
22.627399999999998 24.7588 30.4138 34.6554 42.5206 55.4707 40.3113 56.5685 64.3273 67.6757 67.4166 52.4976 40.7185 26.9258 26.9258 49.0408 0 19.6977 34.4093 18.868 
24.0832 26.0192 35.2278 32.7567 38.6264 57.5587 53.2259 69.0797 77.4726 82.365 82.4924 71.6101 60.4152 46.6154 43.0465 64.6297 19.6977 0 15.6205 18.1108 
37.9473 39.5601 49.0408 44.1022 48.1664 69.029 68.4763 84.0952 92.5743 97.7548 97.9439 86.8332 74.793 60.9016 53.9351 74.0608 34.4093 15.6205 0 32.311 
6.0 8.0623 17.1172 16.6433 24.0832 40.2616 36.6197 51.8845 60.4152 66.0303 66.4003 60.9262 53.4603 41.0 45.618 67.624 18.868 18.1108 32.311 0 
