49
C0 F0 N3 D3 K1 B2 X1 Q2 E0 O1 C3 V2 N0 B1 I0 Z1 B0 L3 S3 O0 K0 F1 A1 N2 T1 T3 W2 L0 U1 U2 U0 H0 M0 C1 X2 D1 M1 Z0 P0 R2 F3 V0 L1 S0 P3 H1 V1 P2 A0
0 10.0159 16.55416 10.81909 14.88017 12.01434 19.39217 10.88401 14.68535 11.50741 18.17841 12.17906 11.3016 12.26977 10.41147 18.5879 14.75037 15.37645 13.77461 14.05028 17.7173 15.93441 16.7409 10.97524 17.48522 13.39795 16.77284 16.77939 17.08931 14.90032 14.0955 18.08709 15.18264 17.02911 12.72475 13.49603 17.05521 14.50397 12.64073 16.1123 11.38594 11.86998 13.78431 12.46298 12.03374 12.74462 18.74392 19.07522 10.21744 
10.0159 0 10.02669 10.32439 17.29245 13.17681 12.09534 10.61059 11.7759 18.29917 10.77614 18.24811 18.60356 15.70988 10.67314 12.6177 15.85533 15.03004 11.94234 14.97161 11.00374 17.18018 17.32278 12.85178 14.63385 11.988 19.81913 17.78237 15.74183 12.67036 18.54313 16.07536 13.91788 18.40178 11.80673 18.30001 14.19144 16.56617 14.84797 15.75258 17.90825 14.92635 15.63792 11.84026 16.08005 13.2816 11.09797 10.32213 16.15952 
16.55416 10.02669 0 10.04024 15.0284 10.40188 10.69625 11.61001 11.43125 13.6711 19.88817 18.99032 12.06737 15.78429 14.26277 12.25915 13.16472 16.66713 13.67086 17.91395 18.35579 14.22528 17.37136 19.94351 13.85435 11.22784 14.99356 10.64022 16.66854 17.00488 17.14273 17.58458 13.22469 11.67236 16.75619 18.10161 13.10651 18.03502 18.85087 16.48977 15.38438 14.24536 14.39037 18.81103 13.96315 12.20716 14.68672 15.12287 16.87877 
10.81909 10.32439 10.04024 0 10.01199 12.05475 10.67904 17.14459 10.95284 12.59701 14.5746 15.54714 16.02636 15.3936 14.29649 16.81252 15.32878 10.95251 14.48111 13.54035 12.75975 14.52371 14.43624 11.43898 18.77068 14.77159 18.2848 17.75719 11.23954 18.04027 16.15933 14.78585 11.64388 10.48168 15.4565 13.77805 11.17597 10.40917 17.59493 16.51415 12.91948 17.43661 11.57071 14.72954 10.94162 19.82362 15.97132 16.11639 11.38556 
14.88017 17.29245 15.0284 10.01199 0 10.07653 10.66754 16.40856 19.24412 17.87695 12.82687 14.4569 14.48783 19.24905 16.39958 19.02913 17.37474 13.75498 12.66823 19.1817 11.6072 15.40778 10.18622 12.02343 19.49247 19.24781 12.24455 14.62351 11.29657 19.58833 13.65915 15.49802 11.4385 14.77563 16.91195 15.10974 12.98839 12.99585 10.41483 15.53335 12.77617 10.57393 14.18296 16.28552 10.75054 11.12314 18.39143 17.21999 13.63799 
12.01434 13.17681 10.40188 12.05475 10.07653 0 10.05775 17.0027 19.04923 17.59831 16.39179 12.6171 15.73171 10.24608 16.87216 12.55826 17.39432 12.66428 17.63659 18.44992 14.16847 16.73633 14.3959 14.49937 18.87165 17.12078 18.4595 19.10602 16.95472 18.02381 10.61366 18.02468 12.52909 13.89761 17.54051 10.81577 10.6548 16.27051 12.7739 19.65972 11.21887 18.08762 16.8743 17.62379 12.39326 11.33856 18.07712 13.43239 18.91861 
19.39217 12.09534 10.69625 10.67904 10.66754 10.05775 0 10.05446 17.24026 15.43829 17.79644 19.01885 13.20108 10.17728 13.86058 13.1473 11.26652 19.62974 11.53532 15.56875 15.06603 16.79716 18.74256 14.53382 10.45718 19.50069 18.86907 10.51901 19.20491 10.64909 10.35055 19.53369 17.74806 13.53387 10.3509 14.49936 10.54426 16.86783 15.70851 17.32346 18.00873 16.16444 17.15706 19.02961 10.80886 17.59193 13.22382 10.69485 12.49292 
10.88401 10.61059 11.61001 17.14459 16.40856 17.0027 10.05446 0 10.39321 12.18576 19.94747 10.61185 16.40886 13.52924 12.9712 19.82771 14.36858 12.61169 19.72374 10.99895 12.87808 13.2159 14.65956 17.74325 10.40993 16.6292 17.18273 19.12273 15.16166 10.80881 14.92241 18.32034 19.62304 12.05871 10.62427 15.50112 19.80658 17.05948 16.54958 12.96287 12.50764 19.46306 10.79937 13.00954 14.275 14.393 17.86501 16.84638 14.76599 
14.68535 11.7759 11.43125 10.95284 19.24412 19.04923 17.24026 10.39321 0 10.37229 13.81464 13.22399 15.73408 12.84922 10.55187 19.29004 16.78762 14.99514 17.85638 13.31398 13.29604 17.10616 13.48309 10.95184 16.08524 18.8429 15.73736 11.74754 17.08964 14.49296 12.68863 12.92725 11.83092 10.74559 14.40737 11.46498 12.94838 17.07606 14.23123 13.26422 14.4836 18.70144 12.52111 19.62546 17.08239 11.05502 11.76053 12.30085 15.55979 
11.50741 18.29917 13.6711 12.59701 17.87695 17.59831 15.43829 12.18576 10.37229 0 11.1979 12.72031 19.35062 13.75963 12.6732 18.67968 18.88032 11.59191 12.32388 15.4327 13.84156 18.75376 19.66951 16.87027 16.02115 19.51233 14.68436 19.57771 17.96528 17.92343 12.53451 11.74769 12.34627 12.65445 16.17324 11.57739 11.30895 17.32572 17.171 15.18001 11.39456 11.31568 15.79961 13.67461 12.35922 12.48117 14.11887 17.38837 11.66351 
18.17841 10.77614 19.88817 14.5746 12.82687 16.39179 17.79644 19.94747 13.81464 11.1979 0 10.33093 13.78253 12.56155 16.77987 12.73232 17.42741 12.88299 11.45756 15.78118 12.73607 10.5676 14.59388 15.08748 13.89036 14.70841 19.56683 18.54487 14.64047 12.62429 19.57808 16.80929 14.58492 19.4516 19.5017 16.38164 14.95866 12.95709 19.10404 10.51797 18.26993 16.98863 16.80547 19.97626 10.75411 13.64537 18.81562 17.20686 15.65946 
12.17906 18.24811 18.99032 15.54714 14.4569 12.6171 19.01885 10.61185 13.22399 12.72031 10.33093 0 11.37945 14.03254 11.63559 16.86409 12.18745 16.81181 19.36205 15.42242 17.93935 13.35643 13.27047 15.08951 13.50699 15.62832 14.38468 18.43305 19.66417 13.21779 19.31186 12.64065 11.57075 19.45407 14.24903 17.48438 16.65118 14.22673 12.0608 13.01798 13.48356 19.39138 19.18081 13.22254 12.914 19.13173 16.10438 13.54267 11.27215 
11.3016 18.60356 12.06737 16.02636 14.48783 15.73171 13.20108 16.40886 15.73408 19.35062 13.78253 11.37945 0 10.45443 14.84567 15.7458 10.46045 16.85611 11.0181 18.42865 17.47032 12.5379 12.36038 18.81625 13.63372 18.78555 13.73427 19.2001 18.96102 18.15455 16.37643 15.04588 18.29156 12.37745 18.77571 17.86609 15.41441 15.32225 17.68015 15.54913 15.1215 18.32001 19.13983 13.37671 17.01994 15.57403 19.74316 16.29511 18.70447 
12.26977 15.70988 15.78429 15.3936 19.24905 10.24608 10.17728 13.52924 12.84922 13.75963 12.56155 14.03254 10.45443 0 10.05387 11.03958 14.82423 16.32329 15.40851 14.26454 10.61006 12.34656 12.83703 13.05782 11.63389 15.56899 10.83857 17.96574 10.07443 10.47367 13.55652 13.74388 19.54343 12.34348 11.36434 16.17059 14.3692 12.30943 12.48533 17.4492 10.2236 18.74597 16.27897 15.1135 10.4762 11.72628 19.4835 19.85491 12.27062 
10.41147 10.67314 14.26277 14.29649 16.39958 16.87216 13.86058 12.9712 10.55187 12.6732 16.77987 11.63559 14.84567 10.05387 0 10.00561 13.35012 15.83815 10.42984 12.2982 16.76871 13.96645 17.97881 13.38874 19.55355 18.98787 16.49752 12.63537 14.68012 17.95746 14.82479 12.64696 12.21905 19.72199 11.07831 15.29251 19.19488 14.09416 11.45868 10.06489 12.87138 15.8483 19.40452 15.61726 16.86205 16.60535 19.91132 13.25806 19.29383 
18.5879 12.6177 12.25915 16.81252 19.02913 12.55826 13.1473 19.82771 19.29004 18.67968 12.73232 16.86409 15.7458 11.03958 10.00561 0 10.5674 17.98775 19.95886 18.31124 12.94582 14.48239 11.15945 15.83044 13.96984 13.59238 12.62629 13.20785 12.98299 12.62019 14.02714 11.22709 16.91773 15.54699 18.79366 14.234 14.22669 14.81338 12.21403 18.0845 14.78295 16.36146 13.77997 18.3212 17.93822 17.37784 17.79989 18.59921 11.65421 
14.75037 15.85533 13.16472 15.32878 17.37474 17.39432 11.26652 14.36858 16.78762 18.88032 17.42741 12.18745 10.46045 14.82423 13.35012 10.5674 0 10.1085 11.86359 13.82043 17.29041 12.18031 16.09676 15.99644 18.52937 16.70001 12.87237 14.25026 19.55705 10.67374 10.38379 10.64727 13.33998 16.51519 13.49606 19.19192 19.45883 10.99363 18.06638 14.30441 12.80701 13.91498 10.84128 10.67208 11.08287 15.36233 10.56641 13.9947 13.47684 
15.37645 15.03004 16.66713 10.95251 13.75498 12.66428 19.62974 12.61169 14.99514 11.59191 12.88299 16.81181 16.85611 16.32329 15.83815 17.98775 10.1085 0 11.13268 19.1203 19.14891 17.9596 15.121 19.12484 12.88975 19.29765 17.86099 12.10848 15.72453 13.92548 17.53951 19.71537 15.57906 19.94064 19.16593 17.32698 11.91429 19.73988 18.38725 15.96228 13.97628 13.68664 11.33034 15.6669 13.54503 13.78741 11.62111 18.37575 11.13299 
13.77461 11.94234 13.67086 14.48111 12.66823 17.63659 11.53532 19.72374 17.85638 12.32388 11.45756 19.36205 11.0181 15.40851 10.42984 19.95886 11.86359 11.13268 0 10.62204 12.65351 14.55384 13.93602 12.815 19.57658 10.63223 12.82699 19.65345 11.73149 16.22253 17.23385 17.29472 12.58481 19.63193 12.23447 12.1824 14.87827 12.93301 17.34898 16.63896 17.11813 12.32634 12.1309 19.72744 14.40555 13.39001 17.18701 11.57971 19.93022 
14.05028 14.97161 17.91395 13.54035 19.1817 18.44992 15.56875 10.99895 13.31398 15.4327 15.78118 15.42242 18.42865 14.26454 12.2982 18.31124 13.82043 19.1203 10.62204 0 10.21633 18.23341 10.46962 19.42947 11.53796 15.06243 14.32668 10.53463 15.81411 12.05998 11.99583 17.13496 18.43121 19.59539 11.84555 17.42 11.69853 19.41754 15.69651 14.20003 17.62418 17.98151 18.46411 18.21533 13.93148 11.50317 18.47319 10.48493 16.02723 
17.7173 11.00374 18.35579 12.75975 11.6072 14.16847 15.06603 12.87808 13.29604 13.84156 12.73607 17.93935 17.47032 10.61006 16.76871 12.94582 17.29041 19.14891 12.65351 10.21633 0 10.95215 17.11673 19.89342 11.17541 14.84905 18.05716 16.18359 16.29657 13.4972 14.61834 19.87782 16.50181 18.10245 14.66266 19.4284 19.76649 17.50873 15.18961 17.44903 14.91246 19.80392 14.32675 16.33992 11.85173 18.76643 19.46013 15.62884 17.67468 
15.93441 17.18018 14.22528 14.52371 15.40778 16.73633 16.79716 13.2159 17.10616 18.75376 10.5676 13.35643 12.5379 12.34656 13.96645 14.48239 12.18031 17.9596 14.55384 18.23341 10.95215 0 10.228 16.4834 19.43445 12.12684 10.44995 11.87656 16.31578 11.36772 11.80272 15.01946 11.12683 17.88857 16.10996 18.16673 19.45513 16.00658 17.88994 19.0149 19.58088 12.37303 11.39659 16.85357 18.57434 16.65574 10.51487 12.85109 19.623 
16.7409 17.32278 17.37136 14.43624 10.18622 14.3959 18.74256 14.65956 13.48309 19.66951 14.59388 13.27047 12.36038 12.83703 17.97881 11.15945 16.09676 15.121 13.93602 10.46962 17.11673 10.228 0 10.08201 16.3636 16.84126 15.40743 13.02041 13.58731 12.63115 19.30727 13.7146 10.22952 19.60157 15.8513 13.08148 15.61128 16.89341 15.94456 15.94716 10.09813 10.2532 12.43792 17.77123 14.31344 15.8153 18.28418 19.47476 14.28415 
10.97524 12.85178 19.94351 11.43898 12.02343 14.49937 14.53382 17.74325 10.95184 16.87027 15.08748 15.08951 18.81625 13.05782 13.38874 15.83044 15.99644 19.12484 12.815 19.42947 19.89342 16.4834 10.08201 0 10.22804 13.1974 18.30244 16.84423 15.71786 17.58932 15.37413 11.75439 16.57491 19.26354 18.40589 19.34915 11.62168 14.22585 10.73455 10.25504 10.35019 18.39043 13.71448 15.27118 19.84934 16.06397 12.14828 13.04377 16.8173 
17.48522 14.63385 13.85435 18.77068 19.49247 18.87165 10.45718 10.40993 16.08524 16.02115 13.89036 13.50699 13.63372 11.63389 19.55355 13.96984 18.52937 12.88975 19.57658 11.53796 11.17541 19.43445 16.3636 10.22804 0 10.28936 13.09178 11.89971 14.25276 14.1665 12.99433 11.12721 16.05778 11.61077 17.61253 12.76783 16.37059 11.57897 18.74627 16.23571 11.33431 18.31002 16.56869 12.52555 16.58112 15.16718 10.68974 17.91816 19.67558 
13.39795 11.988 11.22784 14.77159 19.24781 17.12078 19.50069 16.6292 18.8429 19.51233 14.70841 15.62832 18.78555 15.56899 18.98787 13.59238 16.70001 19.29765 10.63223 15.06243 14.84905 12.12684 16.84126 13.1974 10.28936 0 10.02786 12.19218 16.4478 12.27864 16.69807 14.96662 15.71677 19.01126 18.55552 15.28193 12.96487 19.08807 10.20068 12.05886 15.35319 19.68654 10.53197 16.44486 16.311 18.99801 18.03738 13.97395 19.22722 
16.77284 19.81913 14.99356 18.2848 12.24455 18.4595 18.86907 17.18273 15.73736 14.68436 19.56683 14.38468 13.73427 10.83857 16.49752 12.62629 12.87237 17.86099 12.82699 14.32668 18.05716 10.44995 15.40743 18.30244 13.09178 10.02786 0 11.04189 11.26944 18.39194 13.24486 13.90822 15.36696 17.53808 16.33916 15.80331 11.05215 12.25506 14.81834 11.89185 12.36909 12.00957 19.12653 16.32572 19.75888 16.89351 11.70305 19.23125 11.36513 
16.77939 17.78237 10.64022 17.75719 14.62351 19.10602 10.51901 19.12273 11.74754 19.57771 18.54487 18.43305 19.2001 17.96574 12.63537 13.20785 14.25026 12.10848 19.65345 10.53463 16.18359 11.87656 13.02041 16.84423 11.89971 12.19218 11.04189 0 10.30259 16.01533 14.17785 14.63954 14.01961 18.19297 13.91952 14.80686 16.86546 10.7548 15.90526 16.59175 10.45775 17.38868 10.30522 17.00598 13.17977 13.73199 11.73669 12.23632 14.75317 
17.08931 15.74183 16.66854 11.23954 11.29657 16.95472 19.20491 15.16166 17.08964 17.96528 14.64047 19.66417 18.96102 10.07443 14.68012 12.98299 19.55705 15.72453 11.73149 15.81411 16.29657 16.31578 13.58731 15.71786 14.25276 16.4478 11.26944 10.30259 0 10.57416 14.1088 19.59289 13.53523 19.96779 16.24938 12.53651 13.85385 13.53511 17.57401 17.28836 11.08683 11.93966 16.45671 15.1409 11.31789 16.39057 11.81521 15.99701 11.5886 
14.90032 12.67036 17.00488 18.04027 19.58833 18.02381 10.64909 10.80881 14.49296 17.92343 12.62429 13.21779 18.15455 10.47367 17.95746 12.62019 10.67374 13.92548 16.22253 12.05998 13.4972 11.36772 12.63115 17.58932 14.1665 12.27864 18.39194 16.01533 10.57416 0 10.03802 10.4549 18.886 18.61566 14.47563 16.37592 14.2545 18.97899 19.64699 12.57286 12.64233 17.53215 11.47944 17.5124 12.17643 12.09532 15.63512 16.43028 11.57182 
14.0955 18.54313 17.14273 16.15933 13.65915 10.61366 10.35055 14.92241 12.68863 12.53451 19.57808 19.31186 16.37643 13.55652 14.82479 14.02714 10.38379 17.53951 17.23385 11.99583 14.61834 11.80272 19.30727 15.37413 12.99433 16.69807 13.24486 14.17785 14.1088 10.03802 0 10.38727 17.1085 16.75043 10.53964 17.20203 19.79111 11.93881 12.80149 15.29726 15.3603 14.60042 17.10442 17.98416 11.49513 17.60219 13.9809 11.66735 12.43565 
18.08709 16.07536 17.58458 14.78585 15.49802 18.02468 19.53369 18.32034 12.92725 11.74769 16.80929 12.64065 15.04588 13.74388 12.64696 11.22709 10.64727 19.71537 17.29472 17.13496 19.87782 15.01946 13.7146 11.75439 11.12721 14.96662 13.90822 14.63954 19.59289 10.4549 10.38727 0 10.19523 13.86202 16.88977 19.39527 13.82494 11.988 11.21476 18.13586 16.44262 14.66603 11.54 15.99257 14.36474 11.74915 15.20669 11.93718 18.18353 
15.18264 13.91788 13.22469 11.64388 11.4385 12.52909 17.74806 19.62304 11.83092 12.34627 14.58492 11.57075 18.29156 19.54343 12.21905 16.91773 13.33998 15.57906 12.58481 18.43121 16.50181 11.12683 10.22952 16.57491 16.05778 15.71677 15.36696 14.01961 13.53523 18.886 17.1085 10.19523 0 10.28473 19.84575 13.35656 13.97164 16.73741 19.73988 17.01909 10.697 16.16486 17.37988 11.8858 12.57875 17.31802 17.93182 16.1646 14.29179 
17.02911 18.40178 11.67236 10.48168 14.77563 13.89761 13.53387 12.05871 10.74559 12.65445 19.4516 19.45407 12.37745 12.34348 19.72199 15.54699 16.51519 19.94064 19.63193 19.59539 18.10245 17.88857 19.60157 19.26354 11.61077 19.01126 17.53808 18.19297 19.96779 18.61566 16.75043 13.86202 10.28473 0 10.50476 18.46618 17.778 11.88897 13.67723 11.63562 16.89222 19.45495 18.29104 15.39018 15.85021 11.37022 18.31561 13.82222 18.95144 
12.72475 11.80673 16.75619 15.4565 16.91195 17.54051 10.3509 10.62427 14.40737 16.17324 19.5017 14.24903 18.77571 11.36434 11.07831 18.79366 13.49606 19.16593 12.23447 11.84555 14.66266 16.10996 15.8513 18.40589 17.61253 18.55552 16.33916 13.91952 16.24938 14.47563 10.53964 16.88977 19.84575 10.50476 0 10.34333 15.57856 14.22165 15.98449 17.4406 12.56151 14.52322 18.12327 11.23395 12.25351 11.28254 14.31428 12.17681 10.61815 
13.49603 18.30001 18.10161 13.77805 15.10974 10.81577 14.49936 15.50112 11.46498 11.57739 16.38164 17.48438 17.86609 16.17059 15.29251 14.234 19.19192 17.32698 12.1824 17.42 19.4284 18.16673 13.08148 19.34915 12.76783 15.28193 15.80331 14.80686 12.53651 16.37592 17.20203 19.39527 13.35656 18.46618 10.34333 0 10.29153 12.12811 11.17774 16.92639 19.10162 13.72496 14.3659 16.0134 11.4769 13.24465 14.82305 14.73648 11.58467 
17.05521 14.19144 13.10651 11.17597 12.98839 10.6548 10.54426 19.80658 12.94838 11.30895 14.95866 16.65118 15.41441 14.3692 19.19488 14.22669 19.45883 11.91429 14.87827 11.69853 19.76649 19.45513 15.61128 11.62168 16.37059 12.96487 11.05215 16.86546 13.85385 14.2545 19.79111 13.82494 13.97164 17.778 15.57856 10.29153 0 12.17506 18.93107 17.41684 18.00322 12.27928 18.52905 18.7656 19.90229 17.53888 13.89934 18.80056 14.31491 
14.50397 16.56617 18.03502 10.40917 12.99585 16.27051 16.86783 17.05948 17.07606 17.32572 12.95709 14.22673 15.32225 12.30943 14.09416 14.81338 10.99363 19.73988 12.93301 19.41754 17.50873 16.00658 16.89341 14.22585 11.57897 19.08807 12.25506 10.7548 13.53511 18.97899 11.93881 11.988 16.73741 11.88897 14.22165 12.12811 12.17506 0 12.40473 13.8067 18.08493 15.96139 17.34122 16.86188 17.13163 19.01776 12.98978 17.83502 14.03178 
12.64073 14.84797 18.85087 17.59493 10.41483 12.7739 15.70851 16.54958 14.23123 17.171 19.10404 12.0608 17.68015 12.48533 11.45868 12.21403 18.06638 18.38725 17.34898 15.69651 15.18961 17.88994 15.94456 10.73455 18.74627 10.20068 14.81834 15.90526 17.57401 19.64699 12.80149 11.21476 19.73988 13.67723 15.98449 11.17774 18.93107 12.40473 0 10.97576 11.31844 13.72162 16.5263 13.70736 19.77336 16.22273 17.87933 19.84687 11.32454 
16.1123 15.75258 16.48977 16.51415 15.53335 19.65972 17.32346 12.96287 13.26422 15.18001 10.51797 13.01798 15.54913 17.4492 10.06489 18.0845 14.30441 15.96228 16.63896 14.20003 17.44903 19.0149 15.94716 10.25504 16.23571 12.05886 11.89185 16.59175 17.28836 12.57286 15.29726 18.13586 17.01909 11.63562 17.4406 16.92639 17.41684 13.8067 10.97576 0 10.30083 18.5464 18.18389 19.21728 19.60309 18.2897 15.61742 10.94979 17.00152 
11.38594 17.90825 15.38438 12.91948 12.77617 11.21887 18.00873 12.50764 14.4836 11.39456 18.26993 13.48356 15.1215 10.2236 12.87138 14.78295 12.80701 13.97628 17.11813 17.62418 14.91246 19.58088 10.09813 10.35019 11.33431 15.35319 12.36909 10.45775 11.08683 12.64233 15.3603 16.44262 10.697 16.89222 12.56151 19.10162 18.00322 18.08493 11.31844 10.30083 0 12.22146 14.78114 19.14831 13.32616 13.92226 12.23383 12.82406 19.06128 
11.86998 14.92635 14.24536 17.43661 10.57393 18.08762 16.16444 19.46306 18.70144 11.31568 16.98863 19.39138 18.32001 18.74597 15.8483 16.36146 13.91498 13.68664 12.32634 17.98151 19.80392 12.37303 10.2532 18.39043 18.31002 19.68654 12.00957 17.38868 11.93966 17.53215 14.60042 14.66603 16.16486 19.45495 14.52322 13.72496 12.27928 15.96139 13.72162 18.5464 12.22146 0 11.53215 17.68897 14.07776 16.70905 17.15678 17.06482 16.48743 
13.78431 15.63792 14.39037 11.57071 14.18296 16.8743 17.15706 10.79937 12.52111 15.79961 16.80547 19.18081 19.13983 16.27897 19.40452 13.77997 10.84128 11.33034 12.1309 18.46411 14.32675 11.39659 12.43792 13.71448 16.56869 10.53197 19.12653 10.30522 16.45671 11.47944 17.10442 11.54 17.37988 18.29104 18.12327 14.3659 18.52905 17.34122 16.5263 18.18389 14.78114 11.53215 0 12.89437 19.42757 17.73588 15.92824 18.45027 10.9687 
12.46298 11.84026 18.81103 14.72954 16.28552 17.62379 19.02961 13.00954 19.62546 13.67461 19.97626 13.22254 13.37671 15.1135 15.61726 18.3212 10.67208 15.6669 19.72744 18.21533 16.33992 16.85357 17.77123 15.27118 12.52555 16.44486 16.32572 17.00598 15.1409 17.5124 17.98416 15.99257 11.8858 15.39018 11.23395 16.0134 18.7656 16.86188 13.70736 19.21728 19.14831 17.68897 12.89437 0 10.21339 17.09568 12.27202 12.5768 10.90593 
12.03374 16.08005 13.96315 10.94162 10.75054 12.39326 10.80886 14.275 17.08239 12.35922 10.75411 12.914 17.01994 10.4762 16.86205 17.93822 11.08287 13.54503 14.40555 13.93148 11.85173 18.57434 14.31344 19.84934 16.58112 16.311 19.75888 13.17977 11.31789 12.17643 11.49513 14.36474 12.57875 15.85021 12.25351 11.4769 19.90229 17.13163 19.77336 19.60309 13.32616 14.07776 19.42757 10.21339 0 13.74934 17.29098 14.36838 10.37908 
12.74462 13.2816 12.20716 19.82362 11.12314 11.33856 17.59193 14.393 11.05502 12.48117 13.64537 19.13173 15.57403 11.72628 16.60535 17.37784 15.36233 13.78741 13.39001 11.50317 18.76643 16.65574 15.8153 16.06397 15.16718 18.99801 16.89351 13.73199 16.39057 12.09532 17.60219 11.74915 17.31802 11.37022 11.28254 13.24465 17.53888 19.01776 16.22273 18.2897 13.92226 16.70905 17.73588 17.09568 13.74934 0 10.62072 17.91974 14.3192 
18.74392 11.09797 14.68672 15.97132 18.39143 18.07712 13.22382 17.86501 11.76053 14.11887 18.81562 16.10438 19.74316 19.4835 19.91132 17.79989 10.56641 11.62111 17.18701 18.47319 19.46013 10.51487 18.28418 12.14828 10.68974 18.03738 11.70305 11.73669 11.81521 15.63512 13.9809 15.20669 17.93182 18.31561 14.31428 14.82305 13.89934 12.98978 17.87933 15.61742 12.23383 17.15678 15.92824 12.27202 17.29098 10.62072 0 18.79258 19.58826 
19.07522 10.32213 15.12287 16.11639 17.21999 13.43239 10.69485 16.84638 12.30085 17.38837 17.20686 13.54267 16.29511 19.85491 13.25806 18.59921 13.9947 18.37575 11.57971 10.48493 15.62884 12.85109 19.47476 13.04377 17.91816 13.97395 19.23125 12.23632 15.99701 16.43028 11.66735 11.93718 16.1646 13.82222 12.17681 14.73648 18.80056 17.83502 19.84687 10.94979 12.82406 17.06482 18.45027 12.5768 14.36838 17.91974 18.79258 0 10.37375 
10.21744 16.15952 16.87877 11.38556 13.63799 18.91861 12.49292 14.76599 15.55979 11.66351 15.65946 11.27215 18.70447 12.27062 19.29383 11.65421 13.47684 11.13299 19.93022 16.02723 17.67468 19.623 14.28415 16.8173 19.67558 19.22722 11.36513 14.75317 11.5886 11.57182 12.43565 18.18353 14.29179 18.95144 10.61815 11.58467 14.31491 14.03178 11.32454 17.00152 19.06128 16.48743 10.9687 10.90593 10.37908 14.3192 19.58826 10.37375 0 
