42
18 20 35 50 39 8 40 4 41 49 29 42 31 19 16 10 57 45 38 26 32 30 36 23 17 48 44 27 11 24 5 7 15 9 3 34 2 28 37 14 94 89
0 944053.5134 999601.9405 1471875.0268 1910973.5438 2974494.6529 3111323.0448000003 3184272.1599000003 3181442.3714000005 3421444.1227 3729300.1067000004 2628484.3993 2896688.2074 2210328.8191 3641865.1115 4854703.686 3067795.6262000003 4861081.9147 5003724.6234 7066420.4511 5718204.4365 6383027.838 5698534.7686 5018453.768999999 6117163.9706 5832219.5958 3631842.4655999998 4175131.3210000005 7032907.4457 4948798.9782 5199034.0991 4170168.8674999997 5835569.1329 5575334.8206 7869218.4988 7065141.2979 5512449.4469 6151461.1241 7396844.6313000005 2530548.0130000003 1601093.4016 1461090.5831 
944053.5134 0 55548.4271 527821.5134 966920.0304 2030441.1395 2167269.5314 2240218.6465000003 2237388.8580000005 2477390.6093 2785246.5933000003 1684430.8858999999 1952634.694 1266275.3057 3278100.5897000004 4490939.1642 2123742.1128000002 3917028.4013 4059671.11 6122366.937700001 4774150.9231 6949414.980799999 4754481.2552000005 4097276.7663000003 5195986.9679000005 5841480.9311 4575895.978999999 3681853.253 6888695.5516 5342237.9048 5254296.0531 5114222.3809 6036731.6262 4631281.3072 7013651.2513999995 6741767.6784 5189075.8274 5818931.948100001 6452791.117899999 3474601.5264 2545146.915 2405144.0965 
999601.9405 55548.4271 0 583369.9405 1022468.4575 2085989.5666 2222817.9585 2295767.0736000002 2292937.2851 2532939.0364 2840795.0204000003 1628882.4588 1897086.2669 1210726.8786 3333649.0168000003 4546487.5913 2179290.5399 3972576.8284 4115219.5371 6066818.510600001 4718602.496 7004963.4079 4810029.6822999995 4152825.1934 5251535.3950000005 5897029.358200001 4631444.406099999 3737401.6800999995 6944243.978699999 5286689.4777 5309844.4802 5169770.808 6092280.0533 4686829.734300001 7069199.6785 6686219.2513 5133527.4003 5772539.0775 6397242.6908 3530149.9535 2600695.3421 2460692.5236 
1471875.0268 527821.5134 583369.9405 0 439098.517 1502619.6261 1639448.018 1712397.1331 1709567.3446 1949569.0959 2257425.0799 2212252.3993 2480456.2074 1794096.8191 2750279.0763000003 3963117.6508 1595920.5994 3389206.8879 3531849.5966 5757791.278899999 5301972.4365 6421593.4673999995 4226659.7418 3569455.2528999997 4668165.4545 5313659.4177 4956066.5563 3154031.7396 6360874.0382 4976709.6606 4726474.5397 5581727.7024 5508910.1128 4103459.7938 6485829.738 7191578.976 5638887.125 5291110.4347 6396516.3822 3438282.6178 2508828.0064 2932965.6099000005 
1910973.5438 966920.0304 1022468.4575 439098.517 0 1941718.1431 2078546.535 2151495.6500999997 2148665.8616 2388667.6129 2696523.5969 2651350.9163 2919554.7244 2233195.3361 3189377.5933000003 4402216.1678 2035019.1164 3762690.8186999997 3092751.0796 5318692.761899999 5741070.953500001 6785106.717 4665758.2588 4008553.7698999997 5107263.9715 5752757.934699999 5395165.073299999 3593130.2566 6799972.555199999 5415808.1776 5165573.0567 6020826.2194 5948008.629799999 4542558.310799999 6924928.254999999 7630677.492999999 6077985.641999999 5730208.9517 5957417.8652 3877381.1348 2947926.5234 3372064.1269000005 
2974494.6529 2030441.1395 2085989.5666 1502619.6261 1941718.1431 0 136828.3919 209777.50699999998 206947.7185 446949.46979999996 754805.4537999999 1315226.5520000001 1583430.3601000002 1733382.1322 1247659.4501999998 2460498.0247 93300.9733 1886587.2618 2708462.9324999996 4711792.2311 4340344.2742 4918973.8412999995 2724040.1157 2066835.6268 3165545.8284 3811039.7916 3453446.9302000003 2212714.0424 5419556.341 3474090.0344999996 3223854.9135999996 4079108.0763 4006290.4867 2600840.1677 4983210.1119 5688959.3499 4136267.4989 3788490.8086 5786769.964699999 3193250.5195000004 2263795.9081 2668406.7409 
3111323.0448 2167269.5313999997 2222817.9584999997 1639448.018 2078546.535 136828.3919 0 72949.1151 343776.1104 583777.8617 891633.8457 1452054.9439 1720258.752 1870210.5241 1110831.0583000001 2323669.6328 230129.3652 2023415.6537 2845291.3244 4848620.623 4477172.6661 5055802.2332 2587211.7238 1930007.2349 3028717.4365 3674211.3997 3316618.5383 2075885.6505 5282727.9491 3337261.6426 3087026.5217 3942279.6844 4143118.8786 2464011.7758 4846381.72 5788408.6228 4273095.8908 3651662.4167 5923598.3566 3330078.9114000006 2400624.3000000003 2805235.1328000003 
3184272.1599 2240218.6465 2295767.0736 1712397.1331 2151495.6501 209777.50699999998 72949.1151 0 416725.2255 656726.9768000001 964582.9608 1525004.059 1793207.8671 1943159.6391999999 1183780.1734000002 2396618.7479 303078.4803 2096364.7688 2918240.4395 4921569.7381 4550121.7812 5128751.3483 2660160.8389 1857058.1198 2955768.3214 3601262.2846 3243669.4232 2148834.7656 5348420.995 3264312.5275 3014077.4066 4015228.7995 4216067.9936999995 2391062.6607 4773432.6049 5770416.8297999995 4217724.9788 3578713.3016 5996547.4717 3403028.0264999997 2473573.4151 2878184.2479 
3181442.3714 2237388.858 2292937.2851 1709567.3446 2148665.8616 206947.71850000002 343776.1104 416725.2255 0 240001.7513 775151.2257 1124956.9545 1393160.7626 1543112.5347 1454607.1687000003 2667445.7432000004 113646.7452 1679639.5433 2501515.214 4727456.8963 4360690.0461 4939319.6132 2930987.8342 2273783.3453 3372493.5469000004 4017987.5101 3660394.6487 2419661.7609 5626504.0594999995 3681037.753 3430802.6321 4286055.7948 3799342.7682 2807787.8862 5190157.8304 5498689.7524 3945997.9014 3995438.5271 5596500.3672 3400198.238 2470743.6266 2875354.4594 
3421444.1227 2477390.6093 2532939.0363999996 1949569.0959 2388667.6129 446949.4698 583777.8617 656726.9768000001 240001.7513 0 1015152.977 1364958.7058 1633162.5139000001 1783114.286 1694608.92 2907447.4945 353648.4965 1439637.792 2261513.4626999996 4487455.145 4600691.7974 5179321.364499999 3170989.5855 2513785.0966 3612495.2982 4257989.261399999 3900396.4 2659663.5121999998 5866505.810799999 3921039.5042999997 3670804.3833999997 4526057.5461 4039344.5195 3047789.6375 5430159.5817 5738691.5037 4185999.6527 4235440.2784 5836502.1185 3640199.9893 2710745.3779 3115356.2107 
3729300.1067 2785246.5933 2840795.0204 2257425.0799 2696523.5969 754805.4537999999 891633.8457 964582.9608 775151.2257 1015152.977 0 1883430.0592 2151633.8673 2301585.6394 2002464.904 3215303.4785 661504.4805 2454790.769 3276666.4396999995 5279995.738299999 4908547.7814 5487177.348499999 3478845.5694999998 2821641.0806 3920351.2822000002 4565845.2454 4208252.384 2967519.4962 6174361.7948 4228895.4883 3978660.3674 4833913.5301 4574493.9939 3355645.6215 5738015.5657 6257162.8571 4704471.0061 4543296.262399999 6354973.4719 3948055.9732999997 3018601.3619 3423212.1947 
2628484.3992999997 1684430.8858999999 1628882.4588 2212252.3992999997 2651350.9162999997 1315226.552 1452054.9438999998 1525004.059 1124956.9545 1364958.7058 1883430.0592 0 268203.8081 418155.5802 2562886.0022 3775724.5767 1221925.5787 2804596.4978 3626472.1685 5684347.8691 5468968.8796 6047598.446699999 4039266.6676999996 3382062.1788 4480772.3804 5126266.343599999 4768673.4821999995 3527940.5944 5741915.4864 3657807.0189 3908042.1398 5394334.6283 4924299.7227 3916066.7197 6298436.6639 5057336.7924999995 3504644.9414999997 4143656.6186999995 4768360.232 4508477.0715 3579022.4601 3983633.2929 
2896688.2073999997 1952634.694 1897086.2669 2480456.2073999997 2919554.7243999997 1583430.3601 1720258.7519999999 1793207.8671 1393160.7625999998 1633162.5138999997 2151633.8673 268203.8081 0 686359.3883 2831089.8103 4043928.3848 1490129.3868 3072800.3058999996 3894675.9765999992 5952551.6772 5737172.6877 6315802.254799999 4307470.4758 3650265.9869 4748976.1885 5394470.151699999 5036877.2902999995 3547147.786 6010119.2945 3926010.827 4176245.9479 5662538.4364 5192503.5308 4184270.5278 6566640.472 4789132.9843999995 3236441.1333999997 3875452.8105999995 4500156.4239 4776680.8796 3847226.2682 4251837.101 
2210328.8191 1266275.3057 1210726.8786 1794096.8191 2233195.3361 1733382.1322 1870210.5241 1943159.6392 1543112.5347 1783114.2859999998 2301585.6394 418155.5802 686359.3883 0 2981041.5824 4193880.1569 1640081.1589000002 3222752.0779999997 4044627.7487 5266192.2889 5887124.4598 6465754.0269 4457422.2479 3800217.759 4898927.9606 5544421.9238 5186829.0624 3946096.1746 6160071.0666000005 4075962.5991 4326197.720000001 5812490.2085 5342455.3029 4334222.2999 6716592.2441 5475492.3727 3922800.5217 4561812.1989 5186515.8122000005 4740876.8321 3811422.2207 3671419.4022000004 
3641865.1114999996 3278100.5897 3333649.0168 2750279.0763 3189377.5933 1247659.4502 1110831.0583000001 1183780.1734000002 1454607.1687 1694608.92 2002464.904 2562886.0022 2831089.8103 2981041.5824 0 1809591.3654999998 1340960.4235 3134246.712 3956122.3826999995 5959451.6813 5588003.7244 6166633.291499999 3698042.7821 3040838.2932 4139548.4948000005 4785042.458000001 3199230.5494999997 3186716.7088 5694187.2043 3610078.7368 3860313.8577 2831448.6261 4496848.8915 3574842.8341 4227353.3873 4677577.5645 5383926.9491 4762493.475 7034429.4149 4440909.9697 3511455.3583000004 3916066.1911000004 
4854703.686 4490939.1642 4546487.5912999995 3963117.6508 4402216.1678 2460498.0247 2323669.6328 2396618.7479 2667445.7432000004 2907447.4945000005 3215303.4785 3775724.5767 4043928.3848 4193880.1569 1809591.3654999998 0 2553798.998 4347085.2865 5168960.9572 7172290.2558 6800842.298900001 7379471.866 4910881.3566 4253676.867699999 5352387.0693 5997881.032499999 4412069.124 4399555.283299999 7503778.5698 5419670.102299999 5410696.1545 4641039.9916 6306440.257 4787681.4086 6036944.752799999 6487168.93 6596765.5236 5975332.0495 8205464.0484 5653748.544199999 4724293.9328000005 5128904.7656 
3067795.6262000003 2123742.1128000002 2179290.5399 1595920.5994 2035019.1164 93300.9733 230129.3652 303078.4803 113646.7452 353648.4965 661504.4805 1221925.5787 1490129.3868 1640081.1589 1340960.4235 2553798.998 0 1793286.2884999998 2615161.9592 4618491.2578 4247043.3009 4825672.868 2817341.0889999997 2160136.6001 3258846.8016999997 3904340.7649 3546747.9035 2306015.0157 5512857.3143 3567391.0078 3317155.8869 4172409.0496 3912989.5133999996 2694141.141 5076511.0852 5595658.3766 4042966.5256 3881791.7819 5693468.9914 3286551.4928 2357096.8814000003 2761707.7142000003 
4861081.9147 3917028.4013 3972576.8284 3389206.8879 3762690.8186999997 1886587.2618 2023415.6537 2096364.7688 1679639.5433 1439637.792 2454790.769 2804596.4978 3072800.3059 3222752.078 3134246.712 4347085.286499999 1793286.2885 0 821875.6707 3047817.353 4396033.3675999995 6618959.1565 4610627.3774999995 3953422.8886 5052133.0902 5697627.053400001 5340034.192 4099301.3042 7306143.6028 5360677.2963 5110442.1754 4130675.0007 5478982.3115 4487427.4295 6869797.373699999 7178329.2957 5625637.4447 5675078.0704 6960072.7327000005 4013592.1459999997 4150383.1699 4554994.0027 
5003724.6234 4059671.11 4115219.5371 3531849.5966 3092751.0796 2708462.9325 2845291.3244 2918240.4395 2501515.214 2261513.4627 3276666.4397 3626472.1684999997 3894675.9765999997 4044627.7487 3956122.3827 5168960.957199999 2615161.9592 821875.6707 0 2225941.6823 3574157.6969 6542338.9879 5432503.0482 4775298.5593 5874008.7609 6519502.724099999 6161909.8626999995 4921176.9749 8128019.273499999 6059229.743100001 5932317.8461 3308799.33 4974199.5954 5309303.100199999 7691673.044399999 7716763.6964 6164071.8454 6496953.7411 6138197.062 3343652.4069 4273107.0183 5376869.6734 
7066420.451100001 6122366.937700001 6066818.510600001 5757791.2789 5318692.7619 4711792.2310999995 4848620.623 4921569.7381 4727456.896299999 4487455.145 5279995.738299999 5684347.8691 5952551.6772 5266192.2889 5959451.681299999 7172290.255799999 4618491.2578 3047817.353 2225941.6823 0 1348216.0146 4316397.305600001 7428117.6391 6778627.857899999 5721814.614 6367308.5772 8165239.161299999 6924506.273499999 8467619.5326 6383511.065100001 6133275.944200001 5534741.0123 7200141.2776999995 7312632.3988 7247832.7941000005 6662219.1785 5109527.327500001 5748539.0047 6373242.618000001 5569594.089199999 6499048.700599999 7380198.971999999 
5718204.4365 4774150.9231 4718602.496 5301972.4365 5741070.9535 4340344.2742 4477172.6661 4550121.7812 4360690.0461 4600691.7974 4908547.7814 5468968.8796 5737172.6877 5887124.459799999 5588003.7244 6800842.2989 4247043.3009 4396033.3675999995 3574157.6969 1348216.0146 0 2968181.291 6079901.624500001 5472308.801 4373598.5994 5019092.5626 6858920.104400001 6553058.3166000005 7119403.518000001 5035295.050500001 4785059.9296 6882957.0269 7936558.1682 6941184.4419 8351499.194300001 5314003.1639 3761311.3129 4400322.9901 5025026.603399999 6917810.1038 6604140.1822999995 7008751.0151 
6383027.838 6949414.980799999 7004963.407899999 6421593.4673999995 6785106.717 4918973.8412999995 5055802.2332 5128751.3483 4939319.6132 5179321.364499999 5487177.348499999 6047598.446699999 6315802.254799999 6465754.026899999 6166633.291499999 7379471.865999999 4825672.868 6618959.156499999 6542338.9879 4316397.305600001 2968181.291 0 3111720.3335 5976697.497400001 7075407.699000001 6790463.324200001 6051124.4208 7131687.8837 10087584.809 8003476.341500001 7753241.220600001 8998081.917599998 8738662.3814 7519814.009 8579455.5214 8282184.4549 6729492.6039 7368504.2811 7993207.894400001 8112224.360799999 7182769.749399999 7587380.5822 
5698534.7686 4754481.2552000005 4810029.6822999995 4226659.7418 4665758.2588 2724040.1157 2587211.7238 2660160.8389 2930987.8342000004 3170989.5855000005 3478845.5695 4039266.6677 4307470.4758 4457422.2479 3698042.7821 4910881.3566 2817341.089 4610627.3775 5432503.0482 7428117.639100001 6079901.624500001 3111720.3335 0 2864977.1639 3963687.3655000003 3678742.9907 2939404.0873000002 4081864.194 7288706.4925999995 5924473.366400001 5674238.2455 6529491.4081999995 6730330.6024 5051223.4996 5467735.1879 8375620.3466 6860307.6146 6238874.1405 8510810.080400001 5917290.6352 4987836.023800001 5392446.8566 
5018453.769 4097276.7663 4152825.1933999998 3569455.2528999997 4008553.7698999997 2066835.6268 1930007.2349 1857058.1198 2273783.3453 2513785.0966000003 2821641.0806 3382062.1788 3650265.9869 3800217.759 3040838.2932 4253676.8677 2160136.6001 3953422.8886 4775298.5593 6778627.8579 5472308.801 5976697.497400001 2864977.1639 0 1098710.2016 1744204.1648 1386611.3034 1216887.0301 4423729.3287 4074793.4111 4325028.532000001 5872286.9193 6073126.1135 4248120.7805 6630490.7247 7627474.949599999 6074783.098599999 5435771.421399999 7709903.4176 4720379.5609 3790924.9495 4735242.367699999 
6117163.9706 5195986.9679000005 5251535.395 4668165.4545 5107263.9715 3165545.8284 3028717.4365 2955768.3214 3372493.5469000004 3612495.2982000005 3920351.2822000002 4480772.3804 4748976.1885 4898927.9606 4139548.4948 5352387.0693 3258846.8017 5052133.0902 5874008.7609 5721814.614 4373598.5994 7075407.699000001 3963687.3655000003 1098710.2016 0 645493.9632 2485321.505 2315597.2317000004 5060191.677 2976083.2095000003 3226318.3304000003 5726513.6226 7171836.3151 5346830.9821 7729200.9262999995 8726185.1512 7173493.3001999995 6534481.623 8808613.6192 5819089.7625 4889635.1511 5833952.5693 
5832219.5958 5841480.9311 5897029.3582 5313659.4177 5752757.9347 3811039.7916 3674211.3997 3601262.2846 4017987.5101 4257989.2614 4565845.2454 5126266.3436 5394470.1517 5544421.9238 4785042.458 5997881.0325 3904340.7649000003 5697627.053400001 6519502.7241 6367308.5772 5019092.5626 6790463.324200001 3678742.9907 1744204.1648 645493.9632 0 2200377.1302 2961091.1949 4414697.7138 2330589.2463 2580824.3672 5081019.6594 6746419.9248 5992324.9453 8374694.8895 9371679.1144 7818987.2634 7179975.5862 9350439.8209 6464583.7257 5535129.1143000005 6479446.5325 
3631842.4655999998 4575895.979 4631444.4061 4956066.5563 5395165.0733 3453446.9302000003 3316618.5383 3243669.4232 3660394.6487000003 3900396.4000000004 4208252.384 4768673.4822 5036877.2903 5186829.0624 3199230.5495 4412069.124 3546747.9035 5340034.192 6161909.8627 8165239.1613 6858920.1044 6051124.4208 2939404.0873000002 1386611.3034 2485321.505 2200377.1302 0 2603498.3335 5810340.6321 4530966.3765 4781201.497400001 6030679.175600001 7459737.4169 5634732.0839 7426583.936799999 7876808.114 7461394.402 6822382.7248 9096514.720999999 6106990.8643 5177536.252900001 5092933.048699999 
4175131.321 3681853.253 3737401.6801 3154031.7396 3593130.2566 2212714.0424 2075885.6505 2148834.7656 2419661.7609 2659663.5122 2967519.4962000004 3527940.5944000003 3547147.786 3946096.1746 3186716.7088 4399555.2833 2306015.0157000003 4099301.3042 4921176.9749 6924506.2735 6553058.3166000005 7131687.8837 4081864.194 1216887.0301 2315597.2317000004 2961091.1949 2603498.3335 0 3206842.2986 5290950.7661 5162912.1722 5763098.3189 6219004.5291 4539897.4263 6922267.3705 7864294.2733000005 6348981.541300001 5727548.0671999995 7999484.0071 3503492.5308 2574037.9194 4881120.7833 
7032907.445699999 6888695.5516 6944243.9787 6360874.0382 6799972.5552 5419556.341 5282727.9491 5348420.995 5626504.0594999995 5866505.810799999 6174361.794799999 5741915.4864 6010119.2945 6160071.0666 5694187.2043 7503778.5698 5512857.3143 7306143.602799999 8128019.273499999 8467619.5326 7119403.518000001 10087584.809 7288706.4925999995 4423729.3287 5060191.677 4414697.7138 5810340.6321 3206842.2986 0 2084108.4675 2334343.5884000002 4834538.8806 6499939.146 4838394.4019 7220764.3461 9554674.350300001 8001982.4993 8640994.1765 9103959.042100001 6710334.8294 5780880.218 6963227.9045 
4948798.9782 5342237.904800001 5286689.477700001 4976709.6606 5415808.1776 3474090.0345 3337261.6426 3264312.5275 3681037.753 3921039.5043 4228895.4883 3657807.0189 3926010.827 4075962.5991 3610078.7368 5419670.102299999 3567391.0078000003 5360677.2963 6059229.743100001 6383511.065100001 5035295.050500001 8003476.341500001 5924473.3664 4074793.4111 2976083.2095000003 2330589.2463 4530966.3765 5290950.7661 2084108.4675 0 250235.1209 2750430.4131 4415830.6785 5655375.1882 7099461.0592 7470565.8828 5917874.0318 6556885.709 7019850.5746 4897145.1216 3967690.5102000004 5088944.1311 
5199034.099099999 5254296.053099999 5309844.480199999 4726474.5397 5165573.0567 3223854.9136 3087026.5217 3014077.4066 3430802.6321000005 3670804.3834000006 3978660.3674000003 3908042.1398 4176245.9479 4326197.72 3860313.8577 5410696.154499999 3317155.8869000003 5110442.1754 5932317.846100001 6133275.944200001 4785059.9296 7753241.220600001 5674238.2455 4325028.532 3226318.3304000003 2580824.3672 4781201.497400001 5162912.1722 2334343.5884000002 250235.1209 0 3000665.534 4666065.7994 5405140.067299999 7349696.1801 7720801.0037 6168109.1527 6592790.7082 7270085.6955 5147380.2425 4217925.6311 5339179.251999999 
4170168.8674999997 5114222.380899999 5169770.807999999 5581727.702400001 6020826.219400001 4079108.0763000003 3942279.6844 4015228.7995 4286055.7948 4526057.5461 4833913.5301 5394334.6283 5662538.4364 5812490.2085 2831448.6261 4641039.9916 4172409.0496000005 4130675.0006999997 3308799.33 5534741.0123 6882957.0269 8998081.917599998 6529491.4081999995 5872286.9193 5726513.6226 5081019.6594 6030679.1756 5763098.3189 4834538.8806 2750430.4131 3000665.534 0 1665400.2654 6332936.5095999995 6709495.0882 6691935.7721 5139243.9211 5778255.5983 4269420.1615 4118515.0109 3189060.3995000003 4310314.0204 
5835569.1329 6036731.6262 6092280.0533 5508910.1128 5948008.6298 4006290.4867000002 4143118.8786000004 4216067.9937 3799342.7682 4039344.5195 4574493.9939 4924299.7227 5192503.5308 5342455.3029 4496848.8915 6306440.256999999 3912989.5134 5478982.3115 4974199.5954 7200141.2776999995 7936558.1682 8738662.3814 6730330.6024 6073126.1135 7171836.3151 6746419.924800001 7459737.416900001 6219004.5291 6499939.146000001 4415830.6785 4666065.799400001 1665400.2654 0 4667536.2442 5044094.8228 6380644.6653 4827952.814300001 5466964.4915000005 5934820.4269 5783915.2763 4854460.6649 5975714.2858 
5575334.820599999 4631281.3072 4686829.7343 4103459.7938 4542558.3108 2600840.1677 2464011.7758 2391062.6607 2807787.8862000005 3047789.6375000007 3355645.6215000004 3916066.7197 4184270.5278 4334222.2999 3574842.8341 4787681.4086 2694141.1410000003 4487427.429500001 5309303.1002 7312632.398800001 6941184.4419 7519814.009 5051223.4996 4248120.7805 5346830.982100001 5992324.9453 5634732.0839 4539897.4263 4838394.4019 5655375.1882 5405140.067299999 6332936.5095999995 4667536.2442 0 2382369.9442 7258661.805 6608787.6395 5969775.9623 8387610.1324 5794090.6872 4864636.0758 5269246.9086 
7869218.498799999 7013651.2513999995 7069199.678499999 6485829.738 6924928.255 4983210.1119 4846381.72 4773432.6049 5190157.830399999 5430159.581699999 5738015.565699999 6298436.663899999 6566640.471999999 6716592.244099999 4227353.3873 6036944.752799999 5076511.0852 6869797.3736999985 7691673.044399999 7247832.7941000005 8351499.194300001 8579455.5214 5467735.1879 6630490.7247 7729200.9263 8374694.8895 7426583.936799999 6922267.3705 7220764.3461 7099461.0592 7349696.1801 6709495.0882 5044094.8228 2382369.9442 0 4876291.8608 6428983.7118 7067995.3889999995 8345404.961300001 8176460.631399999 7247006.02 7651616.8527999995 
7065141.297900001 6741767.6784 6686219.2513 7191578.975999999 7630677.492999999 5688959.349899999 5788408.6228 5770416.8298 5498689.7524 5738691.503699999 6257162.857099999 5057336.7925 4789132.9844 5475492.3727 4677577.5645 6487168.93 5595658.376599999 7178329.295699999 7716763.6964 6662219.1785 5314003.1639 8282184.4549 8375620.3466 7627474.9496 8726185.1512 9371679.1144 7876808.114 7864294.2733 9554674.3503 7470565.8828 7720801.0037 6691935.7721 6380644.6653 7258661.805 4876291.8608 0 1552691.851 2191703.5282 3469113.1005 5639264.7322 6568719.3436 7205286.450800001 
5512449.4469 5189075.8274 5133527.4003 5638887.125 6077985.642 4136267.4989 4273095.8908 4217724.9788 3945997.9014 4185999.6527 4704471.0061 3504644.9414999997 3236441.1333999997 3922800.5217 5383926.9491 6596765.5236 4042966.5256 5625637.4447 6164071.8454 5109527.3275 3761311.3129 6729492.6039 6860307.6146 6074783.0986 7173493.3002 7818987.2634 7461394.402 6348981.541300001 8001982.4993 5917874.0318 6168109.1527 5139243.9211 4827952.814300001 6608787.6395 6428983.7118 1552691.851 0 639011.6772 1916421.2495 4967389.7471 5896844.3585 5652594.5998 
6151461.1241 5818931.948100001 5772539.077500001 5291110.4347 5730208.9517 3788490.8086 3651662.4167 3578713.3016 3995438.5271000005 4235440.2784 4543296.2624 4143656.6187 3875452.8106 4561812.1989 4762493.475 5975332.0495 3881791.7819000003 5675078.0704 6496953.7411 5748539.0047 4400322.9901 7368504.2811 6238874.1405 5435771.421399999 6534481.623 7179975.586199999 6822382.724799999 5727548.0671999995 8640994.1765 6556885.709 6592790.7082 5778255.5983 5466964.4915000005 5969775.9623 7067995.389 2191703.5282 639011.6772 0 2555432.9267 5606401.4243 6052286.716700001 6291606.277 
7396844.6313000005 6452791.1179 6397242.6908 6396516.3822 5957417.8652 5786769.964699999 5923598.3566 5996547.4717 5596500.3672 5836502.1185 6354973.471899999 4768360.232 4500156.4239 5186515.8122 7034429.414899999 8205464.0484 5693468.9914 6960072.732700001 6138197.062000001 6373242.618 5025026.603399999 7993207.8944 8510810.0804 7709903.4176 8808613.6192 9350439.8209 9096514.720999999 7999484.007099999 9103959.0421 7019850.5746 7270085.6955 4269420.1615 5934820.4269 8387610.1324 8345404.9613 3469113.1004999997 1916421.2495 2555432.9266999997 0 6883810.9966 7458480.561000001 7569015.8493 
2530548.0130000003 3474601.5264000003 3530149.9535000003 3438282.6178 3877381.1348 3193250.5195000004 3330078.9114000006 3403028.0265000006 3400198.2380000004 3640199.9893000005 3948055.9733 4508477.071500001 4776680.879600001 4740876.8321 4440909.9697 5653748.544199999 3286551.4928 4013592.1459999997 3343652.4069 5569594.089199999 6917810.1038 8112224.3608 5917290.6352 4720379.5609 5819089.7625 6464583.7257 6106990.8643 3503492.5308 6710334.829399999 4897145.1216 5147380.242500001 4118515.0109 5783915.2763 5794090.6872000005 8176460.6314 5639264.7322 4967389.7471 5606401.4243 6883810.9966 0 929454.6114 3991638.5961000007 
1601093.4016 2545146.915 2600695.3421 2508828.0064 2947926.5234 2263795.9081 2400624.3000000003 2473573.4151000003 2470743.6266000005 2710745.3779 3018601.3619000004 3579022.4601000003 3847226.2682000003 3811422.2207 3511455.3583000004 4724293.9328 2357096.8814000003 4150383.1699 4273107.018300001 6499048.7006 6604140.1823 7182769.7494 4987836.023800001 3790924.9495 4889635.1511 5535129.1143 5177536.2529 2574037.9194 5780880.218 3967690.5102000004 4217925.631100001 3189060.3995000003 4854460.6649 4864636.0758 7247006.02 6568719.343599999 5896844.358499999 6052286.716700001 7458480.561 929454.6114 0 3062183.9847 
1461090.5831 2405144.0965 2460692.5236 2932965.6099 3372064.1269 2668406.7409 2805235.1328000003 2878184.2479 2875354.4594000005 3115356.2107 3423212.1947000003 3983633.2929000002 4251837.101 3671419.4022 3916066.1911000004 5128904.7656000005 2761707.7142000003 4554994.0027 5376869.6734 7380198.972 7008751.0151 7587380.5822 5392446.8566 4735242.367699999 5833952.5693 6479446.532499999 5092933.048699999 4881120.7833 6963227.9045 5088944.1311 5339179.252 4310314.0204 5975714.2858 5269246.9086 7651616.8527999995 7205286.4508 5652594.5998 6291606.277 7569015.849300001 3991638.5960999997 3062183.9847 0 
