21
6 16 20 11 12 15 9 17 5 25 49 13 23 19 21 22 7 18 47 36 40
0 845498.0546 2059359.6635 2387796.9745 2673730.988 2910747.0888 3971380.319 3605424.9599 2926838.1146 4614444.3825 3658977.5392 4152460.8082999997 5086252.9645 3783933.5102 3176422.6054 2322368.6221999996 2743825.6191999996 2267149.8031 572734.7149 2673643.9165 10448.9295 
845498.0546 0 1418455.2585 1746892.5695 2032826.583 2337392.5953 3330475.914 4450923.0145 3751438.3102 5032581.3736 3412635.8499 3511556.4033 4240754.9099 2938435.4556 2876451.2302 2022397.247 2443854.244 3091749.9987000003 272763.3397 2032739.5115 835049.1251000001 
2059359.6635 1418455.2585 0 328437.311 614371.3245 918937.3368 1912020.6554999999 4054525.7367000002 4965299.9191 6114444.9064 4626497.458799999 2093101.1448 3259632.324 4356890.7140999995 4090312.8391000004 3236258.8559 3657715.8529 4305611.6076 1486624.9486 614284.253 2048910.7340000002 
2387796.9745 1746892.5695 328437.311 0 285934.0135 1247374.6478 1583583.3445 3726088.4257 4779942.2397 5786007.5954 4867248.491099999 1764663.8338 2931195.013 4685328.0251 4418750.1501 3564696.1669 3986153.1639 4634048.9186 1815062.2596 285846.942 2377348.045 
2673730.988 2032826.583 614371.3245 285934.0135 0 1533308.6613 1869517.358 4012022.4392 5065876.2532 6071941.608899999 5153182.5046 2050597.8473 3217129.0264999997 4971262.0386 4704684.1636 3850630.1803999995 4272087.177399999 4919982.9321 2100996.2731 571780.9554999999 2663282.0585 
2910747.0888 2337392.5953 918937.3368 1247374.6478 1533308.6612999998 0 2830957.9923 4973463.0735 5816687.3444 5591073.2239 5477884.884099999 3012038.4815999996 4178569.6607999997 3496927.3059 4941700.2644 4087646.2811999996 4509103.2782 5132750.7177 2338012.3739 1533221.5898 2900298.1593 
3971380.319 3330475.914 1912020.6554999999 1583583.3445 1869517.358 2830957.9923 0 2664964.5879 6363525.584199999 7369590.9399 6450831.835599999 3348247.1783 4514778.3575 6268911.3696 6002333.4946 5148279.5114 5569736.508400001 6217632.2631 3398645.6041 1869430.2865 3960931.3895 
3605424.9599 4450923.0145 4054525.7367000002 3726088.4257 4012022.4392 4973463.0735 2664964.5879 0 4859366.9993 6546973.267200001 4127227.5747 5490752.2595 6657283.4387 7389358.4701 6781847.5653 5895339.9333 6316796.930299999 5872574.763 4178159.6748 3440241.4837 3615873.8894 
2926838.1146 3751438.3101999997 4965299.9191 4779942.2397 5065876.2532 5816687.3444 6363525.584199999 4859366.9993 0 1687606.2679 732139.4246 3669826.5847 4836357.7639 6689873.765799999 6082362.861 3310126.7605 3731583.7575 5173090.0587 3478674.9705 5065789.1817 2916389.1851 
4614444.382499999 5032581.3736 6114444.9064 5786007.5954 6071941.6089 5591073.2239 7369590.9399 6546973.267200001 1687606.2679 0 2419745.6925 5357432.8526 6523964.0318 5546468.7166 7769969.1289 4997733.0284 5419190.0254 6860696.3266 5166281.2384 5500160.6534 4603995.453 
3658977.5392 3412635.8499 4626497.4588 4867248.4911 5153182.504600001 5477884.884099999 6450831.8356 4127227.5747 732139.4246 2419745.6925 0 3102584.6573 4269115.8365 6351071.3055 5743560.4007 4042266.1851 4463723.1821 5905229.4833 3139872.5102 5153095.4331 3648528.6097 
4152460.8082999997 3511556.4033 2093101.1448 1764663.8338 2050597.8473 3012038.4816 3348247.1783 5490752.259500001 3669826.5847 5357432.8526 3102584.6573 0 1166531.1792 4873819.7968 6183413.983899999 5329360.0007 5621866.6324000005 3170893.7235 3579726.0933999997 2050510.7758 4142011.8787999996 
5086252.9645 4240754.9099 3259632.324 2931195.013 3217129.0264999997 4178569.6608 4514778.3575 6657283.4387 4836357.7639 6523964.0318 4269115.836499999 1166531.1792 0 3707288.6176 7117206.1401 6263152.1569 6684609.153899999 4337424.9026999995 4513518.2496 3217041.9549999996 5075804.035 
3783933.5102 2938435.4556 4356890.7140999995 4685328.025099999 4971262.0386 3496927.3059 6268911.369599999 7389358.4701 6689873.765799999 5546468.7166 6351071.305500001 4873819.7968 3707288.6176 0 3908644.4341 4960832.7026 5382289.6996 6030185.454299999 3211198.7953 4415219.8182 3773484.5807 
3176422.6054 2876451.2302 4090312.8391000004 4418750.1501 4704684.163600001 4941700.2644 6002333.4946 6781847.5653 6082362.861 7769969.1289 5743560.4007 6183413.9839 7117206.1401 3908644.4341 0 4353321.797800001 4774778.7948 5422674.5495 2603687.8905 4704597.0921 3165973.6759 
2322368.6222 2022397.247 3236258.8559 3564696.1668999996 3850630.1803999995 4087646.2812 5148279.511399999 5895339.9333 3310126.7605 4997733.0284 4042266.1851 5329360.0007 6263152.1569 4960832.7025999995 4353321.7978 0 421456.997 2872429.9059 1749633.9072999998 3850543.1088999994 2311919.6927 
2743825.6192 2443854.244 3657715.8529000003 3986153.1639 4272087.1774 4509103.2782000005 5569736.5084 6316796.930299999 3731583.7575 5419190.0254 4463723.182099999 5621866.6324000005 6684609.153899999 5382289.6996 4774778.7948 421456.997 0 2450972.9089 2171090.9043 4272000.1059 2733376.6897 
2267149.8031 3091749.9987 4305611.6076 4634048.9185999995 4919982.9321 5132750.7177 6217632.263099999 5872574.763 5173090.0587 6860696.3266 5905229.4832999995 3170893.7235 4337424.9026999995 6030185.454299999 5422674.5495 2872429.9059 2450972.9089 0 2818986.659 4919895.860599999 2256700.8736 
572734.7149 272763.3397 1486624.9486 1815062.2596 2100996.2731 2338012.3739 3398645.6041 4178159.6748 3478674.9705 5166281.2384 3139872.5102 3579726.0933999997 4513518.2496 3211198.7953 2603687.8905 1749633.9072999998 2171090.9042999996 2818986.659 0 2100909.2016 562285.7854 
2673643.9165 2032739.5115 614284.253 285846.942 571780.9554999999 1533221.5898 1869430.2865 3440241.4837 5065789.1817 5500160.6534 5153095.433099999 2050510.7758 3217041.955 4415219.8182 4704597.0921 3850543.1089 4272000.1059 4919895.8606 2100909.2016000003 0 2663194.987 
10448.9295 835049.1251000001 2048910.7340000002 2377348.045 2663282.0585 2900298.1593 3960931.3894999996 3615873.8893999998 2916389.1851 4603995.453 3648528.6097 4142011.8788 5075804.035 3773484.5807 3165973.6759 2311919.6927 2733376.6897 2256700.8736 562285.7854 2663194.9869999997 0 
