24
5yzYewNOjD4D1V8ZP8q1 kgMLDXb5R3ORIfTilNFP W2denTwXnWz4qrXL3aFw 9l9bqgsSEgsSkszLK4O4 AzIG5crlJuxKgwAi8EiY nAg8OEdqlYhSIX9nv2SQ Wf5r5fLld7uYzA371YeY scUa5QdkUC7khfk1TYEx goJftIzc5FBlw9j9PMfL ZPdVSQmUt7J8A3Rehp7D lSssYFAkHCaiCgsVnBjZ qUHIoJ8btUij9h8nDU8R lDAnOMVYOYXzMCtINEX8 PyIlH9YicODghA6KwJUV CdlE2FMHtE23wbpleKPr B46pe0ii1rn1dcGCmje6 GGbfPZ5r9fRsb9JaMs6R Hp324dioHwKLfiZ19twT g2g8WLVxe9HOQYy10Bok RIFDgOYLizqUpmzvNX0Y Hzf5jjegIHlFM1NlD4mu IcKzxr7CcACAPE40T0L0 A9DFzQyemv4Vrp2lXMgz 7FWNmYu1sEzp7YpjhNM0
0 83.04742 93.39383 178.68709 165.02607 344.09831 348.20068 452.84462 494.53503 523.23373 601.87414 669.31776 758.32378 765.32288 681.7398 801.93008 838.2957 526.61563 523.9729 595.23875 635.19548 612.16307 143.51905 29.97519 
83.04742 0 74.97982 157.90588 82.70349 261.53043 265.79804 369.79805 419.12498 446.71512 521.29369 607.92685 693.16397 706.78739 634.46305 757.41016 806.05149 514.0158 515.19232 602.55899 650.79979 646.49916 209.02684 75.36562 
93.39383 74.97982 0 89.61552 118.23473 285.11085 287.91486 399.40772 474.94207 500.52604 565.44776 675.40739 757.88432 775.52658 707.4702 830.88429 880.97087 587.16489 587.5491 670.36234 715.36787 701.03632 161.31024 64.90212 
178.68709 157.90588 89.61552 0 163.76817 287.85779 288.66282 402.24337 510.23846 532.27567 582.13059 727.69395 804.14834 829.78938 773.05556 897.62043 955.6676 671.56732 673.04455 758.99348 804.79662 789.82447 188.64162 148.75392 
165.02607 82.70349 118.23473 163.76817 0 179.07236 183.21238 289.04183 357.35267 382.49008 448.27041 565.37072 644.47064 666.97774 609.80208 734.54208 796.68647 529.85257 534.72321 635.26025 690.03921 701.01978 276.83625 152.02622 
344.09831 261.53043 285.11085 287.85779 179.07236 0 6.66692 115.35425 250.11783 263.89894 295.92266 492.03615 551.14772 594.77112 576.8739 699.26341 789.09944 588.37596 600.00892 720.23643 785.34978 824.48965 446.14182 329.89237 
348.20068 265.79804 287.91486 288.66282 183.21238 6.66692 0 113.80332 253.59369 266.71096 296.26981 496.12167 554.37897 598.7469 582.03355 704.2476 794.66785 594.94276 606.61229 726.89566 792.01651 831.04088 448.76118 333.57514 
452.84462 369.79805 399.40772 402.24337 289.04183 115.35425 113.80332 0 188.85699 189.41067 189.0295 431.72707 474.58291 530.55504 539.48163 655.52728 760.558 609.50799 624.86586 753.32893 823.50281 880.83273 560.67459 441.05166 
494.53503 419.12498 474.94207 510.23846 357.35267 250.11783 253.59369 188.85699 0 32.15006 141.26491 245.38076 301.33331 346.69065 351.71141 466.67975 574.15155 465.35004 484.54382 618.3276 692.96773 775.21898 627.93371 494.1472 
523.23373 446.71512 500.52604 532.27567 382.49008 263.89894 266.71096 189.41067 32.15006 0 111.13241 242.69645 288.73413 341.17896 359.51138 470.33314 583.05332 490.80429 510.56035 644.64245 719.71647 804.58445 655.1121 521.9421 
601.87414 521.29369 565.44776 582.13059 448.27041 295.92266 296.26981 189.0295 141.26491 111.13241 0 302.57764 314.68524 386.69141 438.86387 536.96994 660.94224 599.47661 619.7665 753.99544 829.42685 915.71403 725.09324 596.29378 
669.31776 607.92685 675.40739 727.69395 565.37072 492.03615 496.12167 431.72707 245.38076 242.69645 302.57764 0 99.38096 103.2927 147.55885 234.39904 361.45015 401.91091 425.89335 550.48964 626.06571 746.04106 811.87466 677.56403 
758.32378 693.16397 757.88432 804.14834 644.47064 551.14772 554.37897 474.58291 301.33331 288.73413 314.68524 99.38096 0 88.0813 214.89366 257.32068 396.42594 494.56993 518.68182 639.09693 713.5831 838.62826 899.67498 764.70254 
765.32288 706.78739 775.52658 829.78938 666.97774 594.77112 598.7469 530.55504 346.69065 341.17896 386.69141 103.2927 88.0813 0 145.36948 169.25902 308.62821 439.94811 463.91189 576.34389 648.83096 780.63662 908.5075 775.00671 
681.7398 634.46305 707.4702 773.05556 609.80208 576.8739 582.03355 539.48163 351.71141 359.51138 438.86387 147.55885 214.89366 145.36948 0 125.00779 223.70172 296.95898 320.67816 430.97452 503.61009 635.63463 824.77392 695.96798 
801.93008 757.41016 830.88429 897.62043 734.54208 699.26341 704.2476 655.52728 466.67975 470.33314 536.96994 234.39904 257.32068 169.25902 125.00779 0 140.15862 368.56739 389.89367 474.83408 539.45851 683.52714 944.30873 817.28466 
838.2957 806.05149 880.97087 955.6676 796.68647 789.09944 794.66785 760.558 574.15155 583.05332 660.94224 361.45015 396.42594 308.62821 223.70172 140.15862 0 342.48488 358.13326 405.58283 457.85291 608.21472 976.24521 857.62193 
526.61563 514.0158 587.16489 671.56732 529.85257 588.37596 594.94276 609.50799 465.35004 490.80429 599.47661 401.91091 494.56993 439.94811 296.95898 368.56739 342.48488 0 24.12261 155.42281 231.7917 344.25467 655.26998 550.43204 
523.9729 515.19232 587.5491 673.04455 534.72321 600.00892 606.61229 624.86586 484.54382 510.56035 619.7665 425.89335 518.68182 463.91189 320.67816 389.89367 358.13326 24.12261 0 134.25027 210.14779 320.20385 649.93717 548.57897 
595.23875 602.55899 670.36234 758.99348 635.26025 720.23643 726.89566 753.32893 618.3276 644.64245 753.99544 550.48964 639.09693 576.34389 430.97452 474.83408 405.58283 155.42281 134.25027 0 76.54614 208.71939 705.71992 622.72967 
635.19548 650.79979 715.36787 804.79662 690.03921 785.34978 792.01651 823.50281 692.96773 719.71647 829.42685 626.06571 713.5831 648.83096 503.61009 539.45851 457.85291 231.7917 210.14779 76.54614 0 151.14211 735.74956 663.77235 
612.16307 646.49916 701.03632 789.82447 701.01978 824.48965 831.04088 880.83273 775.21898 804.58445 915.71403 746.04106 838.62826 780.63662 635.63463 683.52714 608.21472 344.25467 320.20385 208.71939 151.14211 0 687.82468 642.06088 
143.51905 209.02684 161.31024 188.64162 276.83625 446.14182 448.76118 560.67459 627.93371 655.1121 725.09324 811.87466 899.67498 908.5075 824.77392 944.30873 976.24521 655.26998 649.93717 705.71992 735.74956 687.82468 0 135.15127 
29.97519 75.36562 64.90212 148.75392 152.02622 329.89237 333.57514 441.05166 494.1472 521.9421 596.29378 677.56403 764.70254 775.00671 695.96798 817.28466 857.62193 550.43204 548.57897 622.72967 663.77235 642.06088 135.15127 0 
