96
xcisI0PJDdG9nIuyj3IS m1A3pMC42PQioFziqK5C yD8JCRUWcVAZxJ4ZDldr uNMLlt0W1KUwk2d6EP98 VuvjJGf6deKVAQ0JUD4i TpLamlzpT6GwerxzVsxr PIekFeWZsA6etqyFB2SF UkqILZ2p4EbRuMBIrGXp nyd0fM2XE4qmli1xfIwr 9zoM12ZWjXrKaszveCQH o85TEEBuzMbePdf5cbCv ML4pCjYl4gPEwSnvlRaD E59siIyngnj5PIsLeowv WErk2X2lm629vuxPHVtl BWhyt9wATIprZDhzxwVv 1tmkPhHujDQhTmW4oV7S WsVMGV8yZisK6ojnqzBE AmAHnr1XXkPpwJ6DUDIO JakuJordFcO229c3L5ct EY9cQTmyqhrzeZsobQa5 jVItWJkETNqrkY47Hghp 3rqlQRwe5izypHjXjWla kaVGl3oG0Ulg2MgkbJB8 kwA1qrRggH9YLKcVfIe5 2chOacZ5nNYuf6eeGFSW KjQNU2EAAYEZSeJWPxLM DF1KTiOHBIkswyjh8uB1 dvxgUZzwjHAP85QpElWp NXYVlLN4oRDZThND0BmP 4QLswP82Wvxw9Z42obzh PWUaVYPeofxjJdT472wG IxWh6LSiXwGUWSx9VJ39 NA24XhOMsROCBnUViAJT tX1uDaXm9hMlEKqU7m9j 2Cz4Y4eG1XIezf9qpdQl 48BAUsycKlkSkbOjYLFN 1wRG7TNgo9ui6iZBLuaw nsq4rhHWMCaIVcah5fcd Zzs5CIqF9Ll2avkxI78N MEVVMgbTLIgXdG4vAbeX N5YDsCDN1lKguyHbn4Zb ELEJN8tWDJT7mLhCdqW3 Tr6dOTuKB3EM5juuJxqy C6w7afZujemehEooILjN MSj6zOuZ0EoAKjP4wXXW x5UVX06335fM5pfCNBMU Dwi7fYT8wa9I4Kzyto4Y EkRPPDhcu5ww6XulSOgx W9TKm0U6bNDZ1Aok7hNH Vh6ScHVb39wz7CmKwIuA 89uQTJVvGaob2884UTbx o1oGR6O0WpnFD6HgjJm1 SNmFiRdCmf8vg1yMqr30 Osa2UT4anhyBl7doUFs5 RuUdtXtfFCKpaLUcmsqg a06qeiApctGnC1GMtGuJ nKDJ3ylOzub2eWcHnAhq ANdko3dYAy7a2BOq7wpm uaR7l3Qhn4FRAnSeVURz EVtx7khff7Fs8yuuQKJx 4S2YiI3VYPKghkl95iqK GzSNGBn4EPemDLEWXNxx zforAf5jhSPEL0aOiCeo dsndgEJWfBsFA2I3Hgqf 3M9YkxmgHhrzhCgskWR0 CofLnw0Ss4pVGWmPS5oO cUanhOambcNkocePqfvx KOLHrmR3FKDMdl4SYdK9 g0ywcwildP9K6oBendJq iFXIyHTPBX7ivXxsV1VM VXU331oDUcuzaGGUYIl9 cYMPcE5UNSzOtkRY62gr irZyMKazQALnyfoOCtbL fp0tOLe2bgMhAVnspvYT gRC6QGMaofieuDp4DxNK yKQw7YXCNsthb1VWEFur 7yt9hKqOEGabqtqIEmdH q4nqG9N45SSRxndw48Xl WZsO2i9GZwvMYoV9SyKS 6WGzUhXeOltLDbkIvTzq 804aK8wEArkuheeUiB4R LXqfTqJggDSh6mykPyz3 060q0aISPODkGeAbYbQ6 ukPtLY7YueARRkX8hPaS 7qCgmo7DrrfnVQIWnbiV eUyNsK7nwP1YPac54CbU U7iVliqmXRkLwyPSNdfv ChEnlTNCMoqxBfyzEzW7 zvH9G6FQ1xC7CVezs43e YmmIBqqdn3Z6PuFXWNHi YIxKvTpWMaQKGFtD5BDH 1JawjZrawLlOCGN1EB0O 8RfB73Lw8C9LbSwIxA9Q ETjjZI7uk2pIvhwlFJmu iwJGcbQH2bifG6D82Iel PlmPdVeiiHQg3JYZCDWt
0 60.22165 70.21074 104.08468 162.12278 142.42755 244.03314 272.48454 331.30036 428.82109 447.50758 551.98 597.60056 732.06958 774.78487 735.04614 714.95866 737.72264 751.69135 770.21501 850.28518 902.98319 933.09785 932.21173 859.95235 892.69335 924.92267 808.8889 745.70269 660.39601 648.17308 692.04033 581.46644 567.32527 561.27872 556.6352 626.51839 647.46828 728.42152 771.57768 797.68492 790.71644 866.46994 897.48166 850.94698 844.84513 803.20926 742.49726 926.87043 1068.7672 1100.64769 788.23373 676.35236 663.93296 541.40748 416.25123 471.23737 412.12453 384.91761 447.31295 426.32843 401.34819 312.59181 269.72032 222.59495 153.69919 159.81509 211.6127 238.20104 272.31395 328.07265 253.24962 205.35064 344.33541 567.83892 476.21963 422.94629 429.13631 395.47759 406.84584 449.25592 550.16688 530.73235 556.82779 571.73601 627.70827 652.12327 658.96242 695.60235 732.1302 749.50311 531.85978 268.80308 141.10565 211.40338 45.966 
60.22165 0 42.48813 53.53077 123.53074 119.03155 221.52776 249.81623 308.37492 422.1252 437.74404 540.83784 593.7811 716.73134 785.48835 755.25587 736.33207 761.79321 779.33703 799.46441 877.8287 930.98866 963.20276 967.21603 895.6969 932.39588 966.61587 852.80562 784.95804 698.92455 686.74504 736.11095 628.07165 619.33155 615.9846 611.33293 682.56247 702.23437 783.32624 828.47117 855.19634 848.70987 923.40258 953.75472 906.18253 898.96461 856.76167 793.74423 974.66376 1113.36617 1142.46132 814.55814 701.08648 684.97554 559.08099 439.76707 505.68148 451.11195 430.75243 496.67567 479.53992 455.69678 370.94214 324.56725 279.7697 210.09493 209.70451 258.83205 278.91273 311.53981 363.79987 279.24647 207.02299 354.58044 607.36015 534.58216 482.27181 489.33519 455.66976 467.01827 509.35304 610.3582 590.56296 615.80694 630.10157 687.32963 711.80166 719.16365 755.68899 792.31376 809.58109 590.48599 326.31905 193.75847 224.58778 104.57013 
70.21074 42.48813 0 91.20428 163.22134 161.42851 263.55229 291.729 350.09206 464.54927 480.2319 583.30402 636.1246 758.93664 825.99238 793.2156 773.89347 798.40787 814.5282 833.96119 913.11575 966.10044 997.38065 998.88723 926.92438 961.19221 994.04274 878.53382 813.99918 728.39047 716.17689 761.69006 651.51607 637.27365 630.32905 625.69279 694.69376 716.4352 797.27375 838.9145 864.31913 856.7069 933.71481 965.32347 919.55557 914.04429 872.65208 812.53991 997.05679 1138.58456 1169.83223 850.32157 737.40685 722.61122 597.65775 476.22866 537.36055 480.07916 454.77683 517.52354 496.05429 470.69981 378.82815 339.06326 290.61773 222.6968 229.9725 281.52037 306.41551 340.08356 394.52896 314.25004 248.20871 394.7132 636.13501 542.00111 486.81044 488.09538 454.71088 463.17388 504.38638 606.38348 592.50161 621.27988 637.35951 690.1946 714.3522 717.29828 749.9859 787.82856 809.34208 578.64985 313.44565 176.39516 183.79427 114.98223 
104.08468 53.53077 91.20428 0 72.20915 79.15213 175.76398 203.31075 260.86032 382.66334 396.22174 497.81089 554.88164 670.85044 755.84609 733.45808 715.6373 743.38081 764.16524 785.74684 862.16423 915.58595 949.73727 958.75004 888.24856 929.24134 965.71054 854.99997 781.82921 695.39505 683.3331 738.97422 634.80129 633.95407 635.27029 630.62638 704.20276 721.26228 802.34473 851.55347 879.71858 874.5162 946.37516 975.17157 925.53027 916.1925 873.07238 806.40023 981.65139 1115.73421 1141.2845 797.98812 683.58989 664.26487 536.35488 423.52011 499.23614 450.23148 438.26937 508.19064 497.08795 475.39658 399.80255 346.73809 307.08375 237.64685 227.95883 271.78347 283.64039 313.62766 360.86455 269.09731 179.35625 328.4718 605.53737 562.38702 513.44192 525.91273 492.22644 505.97296 548.99149 648.71964 623.63067 645.20148 657.53119 719.07255 743.76839 755.29839 795.07015 830.57384 843.95901 635.00806 372.76339 243.8426 274.93876 141.40239 
162.12278 123.53074 163.22134 72.20915 0 41.95924 107.01596 133.32085 189.68529 317.68677 329.1713 429.08508 489.51046 599.97188 698.95378 685.3765 668.93921 699.20997 723.75443 746.97479 820.65403 874.1597 910.49437 925.58011 856.66894 902.89385 942.08201 835.98819 756.36039 670.07692 658.27395 721.65152 623.63639 633.57974 641.39962 636.8174 713.00822 726.20401 806.65662 861.38362 891.4898 888.20509 955.54253 981.94904 929.58015 917.28607 873.11663 801.79025 968.33743 1095.7622 1116.63571 755.70923 640.89611 617.87493 488.64844 385.52307 472.5077 431.78702 431.3739 505.30252 502.70684 484.41001 423.29974 362.45884 331.26256 265.5838 244.64184 278.51535 278.67266 303.55158 342.12451 244.75294 137.15872 280.07956 583.35027 581.58207 538.21567 558.65993 525.35823 542.64559 586.2944 683.13369 649.99319 665.84285 675.15317 742.63918 767.50419 785.45145 830.27493 863.76269 870.85205 679.85529 423.27124 302.68509 347.01546 188.3787 
142.42755 119.03155 161.42851 79.15213 41.95924 0 103.42264 131.95824 190.90204 304.57295 319.22604 421.94724 476.68735 597.82884 676.96978 657.0663 639.79568 668.68647 691.37184 713.8626 788.86412 842.36023 877.69736 890.31618 820.79482 865.37919 903.83845 796.58886 718.49932 632.09845 620.21233 681.83082 582.71832 591.71713 599.45325 594.87242 671.11722 684.24488 764.70115 819.50605 849.69513 846.52887 913.63287 939.99377 887.63207 875.41377 831.28274 760.24212 927.92296 1056.69038 1078.73849 724.25408 609.55431 588.51044 459.92102 351.52816 434.65394 391.83839 389.80643 463.51261 460.77169 442.6057 383.36015 321.44933 291.86732 227.69945 204.40923 236.83441 236.79429 262.07043 302.01152 205.43198 103.47249 251.32845 544.46354 540.635 498.23973 520.47977 487.37196 505.6686 549.40016 645.16623 610.14949 625.01054 633.92747 702.18934 727.06213 746.26013 792.33362 825.23797 830.8991 645.53729 392.70813 278.83875 342.36949 160.17099 
244.03314 221.52776 263.55229 175.76398 107.01596 103.42264 0 28.56305 87.54057 211.43207 222.18024 322.36738 382.80748 495.49401 597.30606 592.48159 577.70232 610.63264 639.41979 664.42322 734.31471 787.60864 826.27506 848.56355 782.12159 834.65933 877.07435 778.09557 690.71207 605.81243 594.5499 667.53978 580.01496 605.33178 622.51762 618.1339 696.58357 703.83766 782.06947 844.16946 876.78449 876.40241 936.26107 958.88727 903.07456 886.6319 841.45671 764.38068 916.91853 1034.49851 1049.19846 668.9085 554.5913 527.42192 398.17037 310.81072 410.79597 383.76267 400.49412 477.14301 487.20923 474.67165 437.8512 369.26752 352.65599 298.45662 264.89598 280.13889 262.96405 277.21142 299.0059 203.4115 93.27784 195.14627 525.03047 583.7272 550.06888 582.05583 550.31707 572.54602 616.04855 706.31255 661.33259 668.11401 672.66149 747.90935 772.62559 800.25155 852.46795 882.327 879.41708 719.85226 478.41747 375.40084 445.62029 254.8878 
272.48454 249.81623 291.729 203.31075 133.32085 131.95824 28.56305 0 58.97765 188.47488 197.22245 295.84298 358.5468 467.59007 577.65258 577.85184 563.93478 598.03138 628.62734 654.31812 722.41785 775.5157 815.11344 840.26251 774.90327 829.64071 873.09898 776.75496 686.99256 602.89566 591.87144 667.78521 583.9098 613.47935 633.04344 628.72977 707.43775 713.1437 790.54201 854.3902 887.56163 887.90141 945.74914 967.34605 910.73195 893.19817 847.85319 769.36975 917.32815 1031.51914 1044.08788 656.95711 543.20767 514.19981 385.55711 306.23413 410.0099 387.8066 409.37958 486.08285 499.33769 488.27847 456.94718 387.41469 373.71954 321.93637 286.86311 298.44365 277.83379 289.14312 305.79048 213.24363 110.22184 188.2655 524.5627 599.42059 567.98188 602.10195 570.77899 593.81902 637.15062 725.92869 678.69917 683.49922 686.95301 763.71045 788.32778 817.96001 871.57098 900.64585 895.63282 742.48174 503.91269 403.04435 474.04926 282.49958 
331.30036 308.37492 350.09206 260.86032 189.68529 190.90204 87.54057 58.97765 0 147.50088 149.89954 242.59882 310.848 410.28944 539.68783 551.21546 539.30227 575.7439 610.09268 637.11986 701.01279 753.47211 794.93311 826.10161 763.28582 822.44116 867.92786 777.42302 683.15338 601.25316 590.8042 672.25811 596.32809 634.1602 658.27809 654.12339 732.97202 735.60816 811.05165 878.16579 912.34812 914.11648 967.82239 987.30805 929.234 909.55882 864.01382 782.98606 921.09561 1027.96991 1036.06517 635.74806 523.97499 491.15513 365.35856 305.25657 414.76925 402.60112 433.24602 509.24007 528.49826 520.31844 499.32178 428.57198 420.09254 372.72554 335.44132 340.80926 314.66192 320.592 327.43107 243.1864 156.36568 187.62287 528.61743 634.76054 607.63512 645.60156 615.14917 639.61427 682.51434 768.2883 716.91732 717.91597 719.25295 798.67442 823.03331 856.46821 912.66126 940.17294 931.08711 790.4897 557.5437 460.50312 532.78577 340.03399 
428.82109 422.1252 464.54927 382.66334 317.68677 304.57295 211.43207 188.47488 147.50088 0 28.16996 126.40038 172.22058 310.12738 392.25326 408.16801 398.11087 436.56485 474.80228 503.17802 561.80329 613.35901 656.45545 694.37086 635.4734 700.56925 748.80174 669.39999 568.62639 492.41602 483.32282 573.50583 516.8276 573.05133 608.05553 604.45937 681.33853 675.97477 744.83759 818.84138 855.03519 860.50005 902.81083 916.89425 856.16042 831.80632 786.52017 701.20648 816.96808 910.15311 911.38022 497.19009 388.944 352.10823 233.01448 216.35524 327.41563 339.88438 391.03703 460.01806 494.40706 494.84122 507.13043 436.92198 446.80641 419.70016 377.27996 361.1467 321.56946 311.3971 290.88254 244.6796 224.23869 132.62601 433.43706 613.94165 601.39435 651.04208 624.74498 653.60058 693.57275 766.28682 702.44157 691.6498 686.70524 772.01424 795.05737 839.65945 903.3865 925.20329 903.35328 809.17831 607.85947 537.8053 639.54307 423.41904 
447.50758 437.74404 480.2319 396.22174 329.1713 319.22604 222.18024 197.22245 149.89954 28.16996 0 104.59889 161.58704 287.20061 392.54639 417.27633 408.69885 448.26744 488.38784 517.26423 573.04283 623.92109 667.88063 708.83779 651.51084 718.29359 767.17362 690.4666 588.57405 513.85718 505.06641 596.46618 542.40764 599.9959 635.5417 631.97478 708.67843 702.86492 771.17633 845.60038 881.89453 887.57921 929.08363 942.70148 881.78326 856.9937 811.79086 726.14652 838.49538 928.60358 927.92166 509.00949 403.07603 364.35371 249.81534 242.68157 352.964 367.30547 419.06599 487.74557 522.49082 523.00652 534.71965 464.35491 473.29909 444.54759 402.33522 387.68682 348.664 339.13009 319.0524 271.51221 244.46588 160.6403 457.43593 642.10896 629.45568 678.86598 652.41272 681.13218 721.24834 794.34077 730.60819 719.76207 714.71412 800.09975 823.11524 867.82508 931.54558 953.37086 931.38709 836.64489 633.04743 559.93985 657.37664 444.21254 
551.98 540.83784 583.30402 497.81089 429.08508 421.94724 322.36738 295.84298 242.59882 126.40038 104.59889 0 85.57721 183.76436 332.92007 388.08157 385.60189 428.11847 474.69559 504.89607 547.73744 595.0005 641.64972 694.54198 644.9109 718.46375 769.84131 707.71634 601.5711 536.12043 529.15363 625.65909 589.49452 657.8101 698.98888 695.822 769.78375 759.19332 821.88194 899.67087 936.7519 944.68648 978.23541 987.88891 925.86458 897.94957 853.68373 766.38393 856.6793 930.16074 920.52294 487.50827 394.6461 349.94821 262.80665 304.01721 404.13276 433.6646 493.463 555.93807 597.18988 601.5853 625.3775 556.45511 570.02605 545.55875 502.99528 484.45889 443.25688 429.62303 400.97382 367.6938 349.01104 251.10493 495.59344 720.21919 713.75127 766.75896 742.01645 771.84276 810.60813 878.26104 810.14287 794.12778 786.09714 873.17183 895.25844 944.77251 1011.26 1030.38362 1002.47987 927.58105 733.27504 663.94678 761.51101 548.71271 
597.60056 593.7811 636.1246 554.88164 489.51046 476.68735 382.80748 358.5468 310.848 172.22058 161.58704 85.57721 0 181.10799 247.39088 307.31123 307.06024 350.03341 398.55343 428.91671 466.69912 512.69788 559.86108 616.28137 569.9912 645.98854 698.18077 644.1873 536.83769 478.04956 472.40274 570.56831 548.13103 624.24749 669.94881 667.20546 737.65646 722.93204 780.2261 860.10341 897.55835 907.36425 934.07442 940.59453 878.15687 848.13861 804.91345 717.22585 792.48631 857.17447 843.86303 408.1991 322.40813 276.01846 210.71039 286.81316 371.69195 413.70575 479.66625 534.10205 581.24646 589.90601 629.06687 563.53707 584.78321 570.1548 527.374 500.93007 456.9589 437.47626 398.87944 386.55629 392.25421 268.84682 449.50527 706.1353 707.31882 764.58962 742.6 773.78376 810.13121 869.63866 796.69392 774.9565 763.82727 851.82326 872.72789 927.1279 996.39635 1012.22635 978.0361 928.56761 753.70052 698.39096 808.93154 588.42104 
732.06958 716.73134 758.93664 670.85044 599.97188 597.82884 495.49401 467.59007 410.28944 310.12738 287.20061 183.76436 181.10799 0 330.08109 434.57001 442.5948 484.36082 536.31043 565.87875 583.67244 621.02152 669.48417 740.09232 705.56295 786.24691 839.47594 801.30963 693.83231 644.4235 640.19021 738.65336 725.61796 804.09048 850.59732 847.91637 917.62589 901.74565 956.58299 1037.24457 1074.78161 1085.3734 1108.52239 1112.89134 1050.38205 1018.85828 976.66182 889.1492 946.91369 993.07403 969.14949 535.20115 472.9711 425.73236 387.58003 466.69696 552.43073 594.49965 659.62854 715.167 761.78338 769.63528 803.10716 735.54638 751.85362 729.15359 686.52844 666.53656 624.40779 608.57382 574.78857 549.951 531.23458 432.24417 625.42266 886.51361 885.78861 941.59428 918.3812 948.97456 986.48917 1048.9624 977.04223 955.97944 944.93447 1032.93062 1053.82321 1108.09084 1177.08443 1193.24653 1159.0122 1104.40886 916.54403 847.13939 939.7199 730.97507 
774.78487 785.48835 825.99238 755.84609 698.95378 676.96978 597.30606 577.65258 539.68783 392.25326 392.54639 332.92007 247.39088 330.08109 0 129.37709 148.70028 179.99334 230.08659 255.89502 256.53723 291.1552 339.58478 413.40552 387.22517 470.05666 523.08608 507.85813 405.96284 384.56595 385.36111 475.71573 506.36976 599.20224 654.74591 653.57246 707.09942 680.1533 715.3646 797.47219 834.22547 849.69391 852.41846 847.95434 786.93393 751.04745 713.89499 630.66325 644.23613 670.24261 641.3014 216.78256 200.84842 166.91753 242.99099 375.17356 393.26851 461.00573 531.82641 555.83649 614.01869 633.60265 709.5471 658.4293 696.02342 704.93667 665.20076 624.03711 579.04516 549.23881 494.22318 529.05449 578.72003 431.39429 407.67939 732.42013 754.87304 819.77694 806.56398 839.39198 867.16605 900.98318 818.45493 781.46066 761.85917 847.11324 863.30889 929.56035 1003.95641 1009.44184 957.74452 983.7108 867.17877 847.11739 982.0306 754.10563 
735.04614 755.25587 793.2156 733.45808 685.3765 657.0663 592.48159 577.85184 551.21546 408.16801 417.27633 388.08157 307.31123 434.57001 129.37709 0 24.70252 51.73328 103.67623 132.07993 159.66136 207.85946 253.76103 310.20994 271.00926 351.8981 405.17782 379.95873 276.86328 257.61695 259.46713 347.19671 386.21488 480.51223 537.20793 536.45319 585.19605 556.29237 587.98559 669.88469 706.40921 722.38919 723.30282 718.58352 657.6077 621.67224 584.64967 501.8324 519.31346 558.84829 539.08379 102.01263 80.96134 71.51849 197.15843 319.27202 302.87355 374.36196 441.69367 452.72109 512.24628 534.99151 622.46339 579.6552 623.15827 643.4042 607.06673 560.43319 517.6402 484.75837 426.30448 482.0704 554.23422 405.8323 291.96172 624.80299 653.76362 719.80057 710.086 742.76391 766.85622 791.73212 707.7059 667.09269 645.61872 728.99635 743.93724 812.19687 887.0939 890.16724 835.33086 880.80424 789.8385 788.15237 934.20851 707.9226 
714.95866 736.33207 773.89347 715.6373 668.93921 639.79568 577.70232 563.93478 539.30227 398.11087 408.69885 385.60189 307.06024 442.5948 148.70028 24.70252 0 43.06456 93.89699 123.89411 164.51717 215.3094 259.38199 309.30715 265.00104 344.16829 397.26684 365.21865 260.43326 236.13736 237.41568 327.03284 362.6293 456.75248 513.31619 512.50752 562.0829 533.67718 566.88383 648.92919 685.61776 701.25731 703.96598 700.19098 638.90157 603.39151 565.65697 482.04513 506.90463 553.22971 536.92065 102.01941 56.47231 51.39705 180.31122 298.77581 278.76434 350.34895 417.37014 428.01867 487.54515 510.32035 598.16195 555.90046 599.80959 621.05399 585.12594 538.02299 495.5517 462.43429 403.79892 461.77141 536.6697 388.95929 267.6729 600.19635 629.06133 695.10027 685.42663 718.09824 742.15414 767.22025 683.25799 642.90119 621.61149 705.25281 720.38896 788.37159 863.22041 866.63596 812.40655 856.11788 766.02064 765.86845 912.92677 687.11737 
737.72264 761.79321 798.40787 743.38081 699.20997 668.68647 610.63264 598.03138 575.7439 436.56485 448.26744 428.11847 350.03341 484.36082 179.99334 51.73328 43.06456 0 52.23509 81.52391 125.37291 177.77952 219.89159 266.50738 222.19907 301.94041 355.13612 328.37648 226.01101 213.18165 216.4325 299.79254 347.65526 442.42208 499.66798 499.23194 544.01808 513.53002 541.63767 623.18623 659.40128 675.95784 674.30771 668.67471 608.00733 571.71679 535.37839 453.56648 467.64571 510.43811 493.88456 60.74425 61.6942 84.65381 212.54222 322.18343 287.51235 359.12282 423.03178 425.91761 485.61057 510.06745 603.32412 565.38048 611.46427 637.05621 602.71458 554.03817 512.91706 479.07307 420.03948 484.67697 565.25582 419.27028 258.62531 593.59363 626.39361 692.7191 685.0786 717.49 739.34804 758.73745 674.07273 631.21527 608.52089 690.27794 704.2655 773.80044 848.88231 850.26425 793.16835 851.34102 774.59867 781.82145 932.07509 708.01241 
751.69135 779.33703 814.5282 764.16524 723.75443 691.37184 639.41979 628.62734 610.09268 474.80228 488.38784 474.69559 398.55343 536.31043 230.08659 103.67623 93.89699 52.23509 0 30.36826 98.60848 151.65389 186.9749 221.0549 171.66905 250.27276 303.37361 277.80269 177.955 178.41153 183.97105 258.2075 319.09403 413.40746 470.9221 470.90528 510.15802 477.63215 500.41287 581.21745 616.89361 634.27625 628.66939 621.49013 561.43087 524.55618 489.48566 409.5903 415.68666 459.7052 445.86215 40.72393 86.17 125.40679 244.73436 340.65829 288.77594 358.70028 417.76422 411.27583 470.47696 496.69051 595.69795 563.30809 611.76043 642.67688 610.57873 560.23506 521.17407 486.72888 427.8819 500.35087 588.01242 445.4914 239.23528 572.15879 609.30946 675.61376 670.3908 702.34017 721.53874 734.38544 649.27893 603.83921 579.70915 659.061 671.7732 742.73773 817.86455 817.1008 757.18303 830.86408 770.23348 786.68521 940.60281 719.61787 
770.21501 799.46441 833.96119 785.74684 746.97479 713.8626 664.42322 654.31812 637.11986 503.17802 517.26423 504.89607 428.91671 565.87875 255.89502 132.07993 123.89411 81.52391 30.36826 0 83.55529 133.70234 163.99177 191.65237 141.33574 220.42356 273.6124 253.53138 158.12252 172.26324 179.56236 244.37191 315.20856 408.41484 465.79987 466.08049 501.1085 467.13595 485.43545 565.38078 600.51096 618.58211 609.3771 600.65593 541.31118 503.89538 470.20185 392.42893 388.4939 429.44678 415.629 46.46898 114.25637 155.30391 271.98316 362.45579 303.23583 371.59441 427.63245 415.76967 474.3086 501.45122 603.41863 574.21631 623.77682 657.35953 626.46165 575.44048 537.52484 502.92029 444.43783 520.2252 610.7049 469.89243 242.8055 571.57305 611.36206 677.4607 673.73669 705.32336 722.83432 731.43145 646.23376 599.16405 574.10628 651.51874 663.27181 735.12818 810.15805 807.83933 745.89543 830.25537 779.34092 800.68617 956.24186 737.07702 
850.28518 877.8287 913.11575 862.16423 820.65403 788.86412 734.31471 722.41785 701.01279 561.80329 573.04283 547.73744 466.69912 583.67244 256.53723 159.66136 164.51717 125.37291 98.60848 83.55529 0 53.50904 94.86871 156.90032 140.22464 222.16906 273.40796 290.36545 214.68023 249.24564 257.89328 309.15951 392.20816 483.5601 540.46647 541.08985 570.28959 534.26139 543.90211 621.21794 654.79253 674.36525 655.90962 642.56291 586.01946 547.35783 518.18623 447.08326 406.38173 414.31454 385.50558 65.46127 179.93568 210.02468 336.92748 438.79019 385.79977 454.74414 511.18749 498.17398 556.32388 583.85598 686.70687 657.74793 707.18813 739.98858 708.48066 657.80768 619.24221 584.7253 525.99457 598.91617 685.4234 541.48763 325.28008 650.45091 692.16289 758.0401 755.26406 786.60902 802.96786 807.69703 722.5834 673.81208 647.71128 722.22391 732.5046 805.4672 880.15432 875.40223 810.13942 908.69866 862.82455 883.60969 1038.44411 818.05395 
902.98319 930.98866 966.10044 915.58595 874.1597 842.36023 787.60864 775.5157 753.47211 613.35901 623.92109 595.0005 512.69788 621.02152 291.1552 207.85946 215.3094 177.77952 151.65389 133.70234 53.50904 0 48.46765 131.49461 141.55598 215.54888 262.39417 302.2712 242.49601 289.63638 299.30388 339.056 430.83956 519.74144 575.85974 576.81154 600.54547 563.02914 565.76127 640.46073 672.62861 693.20952 668.05504 651.53101 597.45208 558.30897 532.6462 467.21776 402.54382 389.57489 352.32236 118.71383 233.39166 262.31712 389.96438 492.15806 436.93771 505.07078 559.70694 542.98815 600.3156 628.49126 733.37175 706.67651 756.7597 791.04242 760.1221 709.14195 671.099 636.51812 577.94331 651.9679 738.92324 594.94659 370.83339 689.89135 734.00362 799.45194 798.10309 829.023 843.69184 843.80432 758.98918 708.61685 681.59283 753.10741 762.02269 835.738 909.90174 902.97151 835.06748 947.10346 910.27831 934.25884 1089.93698 870.36259 
933.09785 963.20276 997.38065 949.73727 910.49437 877.69736 826.27506 815.11344 794.93311 656.45545 667.88063 641.64972 559.86108 669.48417 339.58478 253.76103 259.38199 219.89159 186.9749 163.99177 94.86871 48.46765 0 91.80981 123.98194 185.77701 227.84984 284.99931 242.10695 301.46881 312.182 338.0535 438.26899 523.39724 578.18767 579.51742 596.98146 558.14445 553.96284 625.73564 656.45001 677.84886 646.92874 627.85702 576.10633 536.81198 514.34291 454.65467 370.90886 345.40779 305.06405 159.35454 271.90611 304.44326 430.11257 526.39541 463.66401 529.63243 580.4741 557.78903 613.59475 642.58825 750.27796 727.67981 778.90408 816.40856 787.06228 735.3757 698.82077 664.14374 606.17012 683.96055 774.45824 632.4662 388.17276 696.55627 743.67887 808.32491 808.96589 839.19643 851.50768 845.78687 761.61359 709.55218 681.58819 749.45636 756.87028 831.1284 904.51063 895.31301 824.94253 951.64063 928.10968 958.42488 1116.03834 899.12372 
932.21173 967.21603 998.88723 958.75004 925.58011 890.31618 848.56355 840.26251 826.10161 694.37086 708.83779 694.54198 616.28137 740.09232 413.40552 310.20994 309.30715 266.50738 221.0549 191.65237 156.90032 131.49461 91.80981 0 73.23952 99.82773 136.8001 211.26535 199.67711 276.61952 288.59911 287.70683 398.82521 475.2924 526.92325 528.85477 536.18109 495.87195 482.03383 549.50758 578.33022 600.54631 563.64104 542.31134 492.93996 453.72378 434.82754 383.0252 280.62075 259.0286 229.29946 208.34927 305.76194 346.40203 462.19796 540.42488 461.62107 521.22283 563.0771 529.03329 580.98088 611.06896 722.78408 708.60917 761.63475 805.64585 780.06113 727.34877 694.55876 660.11991 604.38487 689.9153 788.45157 653.41941 369.25484 651.00789 702.86024 765.50343 769.64803 798.40413 806.52257 791.26327 708.74223 654.46256 625.29839 687.07011 692.27045 766.83034 838.73805 826.50718 753.24909 900.55662 900.88296 943.95181 1104.88347 895.30608 
859.95235 895.6969 926.92438 888.24856 856.66894 820.79482 782.12159 774.90327 763.28582 635.4734 651.51084 644.9109 569.9912 705.56295 387.22517 271.00926 265.00104 222.19907 171.66905 141.33574 140.22464 141.55598 123.98194 73.23952 0 83.09737 135.87873 161.94215 128.04739 203.38011 215.36377 219.84245 327.8349 407.37101 460.48512 462.15118 475.01599 435.63635 429.98841 502.22315 533.4198 554.54673 526.74882 509.97883 456.07457 416.88884 392.18971 330.69746 266.24666 288.24143 276.70446 171.31312 250.83196 294.9923 402.46164 472.45765 390.02568 448.53018 489.83947 456.39995 508.9852 538.93235 650.19473 635.40317 688.40184 732.53531 707.22453 654.46 622.08793 587.7234 532.40457 619.20056 719.51626 587.20276 296.05795 582.50763 632.91884 696.24357 699.37078 728.56714 738.02703 726.80624 643.37416 590.13084 561.56626 627.15939 633.94189 708.33364 781.38368 771.60799 700.97161 834.56408 828.36986 870.71445 1031.6977 822.71129 
892.69335 932.39588 961.19221 929.24134 902.89385 865.37919 834.65933 829.64071 822.44116 700.56925 718.29359 718.46375 645.98854 786.24691 470.05666 351.8981 344.16829 301.94041 250.27276 220.42356 222.16906 215.54888 185.77701 99.82773 83.09737 0 53.29377 117.71955 147.49788 233.85585 245.94739 214.64085 331.35978 397.1493 445.0548 447.47307 446.55397 405.55988 385.54761 450.87042 479.07155 501.48862 463.8643 443.03722 393.13996 353.9119 335.39083 287.40732 186.99895 211.71457 214.53931 253.66279 324.05734 369.98003 468.50057 523.89036 430.75868 481.34499 512.69285 468.11237 515.15627 545.73358 659.572 653.68939 707.72599 757.59041 736.12243 683.15637 654.7787 621.24639 569.09456 660.90986 766.34758 641.3889 325.11444 572.41386 627.7823 688.12462 695.22545 722.47529 727.03828 704.46175 623.68148 568.1065 538.26302 595.31773 599.08549 673.55861 744.40624 730.58198 656.07999 815.77501 836.10474 890.81082 1053.75439 853.18779 
924.92267 966.61587 994.04274 965.71054 942.08201 903.83845 877.07435 873.09898 867.92786 748.80174 767.17362 769.84131 698.18077 839.47594 523.08608 405.17782 397.26684 355.13612 303.37361 273.6124 273.40796 262.39417 227.84984 136.8001 135.87873 53.29377 0 124.01609 186.39759 272.14191 283.84832 236.3322 353.01587 408.92184 452.54823 455.41476 445.16946 403.80531 373.39808 431.99548 457.34506 480.57642 434.8857 410.4989 364.99392 326.37475 313.95873 278.99237 144.07335 161.43325 175.84759 306.85605 375.92377 422.18369 517.64547 566.88162 469.63979 515.91625 541.81622 491.68218 534.94343 565.53973 679.86972 679.12512 733.39953 786.1768 766.89758 714.09742 687.98191 655.07726 604.86602 698.65084 806.19964 685.09646 360.17366 581.60968 639.5705 697.54988 707.09752 732.93976 734.35701 704.44519 626.09815 569.50483 539.13345 589.61337 591.17963 665.09264 733.87929 717.1712 640.25227 817.45949 854.39475 916.06422 1079.6112 884.33003 
808.8889 852.80562 878.53382 854.99997 835.98819 796.58886 778.09557 776.75496 777.42302 669.39999 690.4666 707.71634 644.1873 801.30963 507.85813 379.95873 365.21865 328.37648 277.80269 253.53138 290.36545 302.2712 284.99931 211.26535 161.94215 117.71955 124.01609 0 107.66753 177.21539 186.99402 116.84891 231.20111 285.12397 330.1214 332.80309 328.86501 287.84397 270.94456 340.78778 371.54882 392.85151 366.3054 352.21391 296.01824 257.15824 230.4151 171.78692 148.99341 260.76472 294.712 297.43952 328.41083 375.58254 446.48081 472.40507 367.30361 405.17686 424.17562 370.07785 411.59165 442.14645 556.48011 558.00793 612.30576 667.04308 649.80433 597.36715 573.9498 542.04741 495.01791 591.28596 702.04763 590.97384 253.44538 458.6807 515.95794 574.6319 583.50152 609.71279 612.30402 587.06027 506.80607 450.91793 420.93463 477.75771 481.93002 556.46162 627.84422 615.24216 542.30005 698.80164 730.51568 794.44329 958.16527 767.26547 
745.70269 784.95804 813.99918 781.82921 756.36039 718.49932 690.71207 686.99256 683.15338 568.62639 588.57405 601.5711 536.83769 693.83231 405.96284 276.86328 260.43326 226.01101 177.955 158.12252 214.68023 242.49601 242.10695 199.67711 128.04739 147.49788 186.39759 107.66753 0 86.46812 98.49664 96.66777 199.80149 281.48731 336.08185 337.41682 358.05628 320.80477 330.01453 408.70982 443.30209 461.95399 451.34004 443.53746 383.62278 346.61111 312.13872 234.99198 255.67918 344.90828 360.27998 204.36427 221.15127 268.17874 341.80402 380.76554 283.88401 333.99452 368.04679 329.72607 381.30774 411.39493 523.34047 511.60482 565.18775 612.5733 589.84851 536.87093 507.6294 473.95889 421.59678 513.72193 620.16713 499.1976 177.87666 455.64386 505.11298 568.75933 571.42884 600.77837 611.01955 603.76684 519.5136 467.72082 440.08488 510.61157 519.68704 593.28578 667.55265 661.45903 595.48157 709.65164 701.34093 748.12235 910.27346 706.62938 
660.39601 698.92455 728.39047 695.39505 670.07692 632.09845 605.81243 602.89566 601.25316 492.41602 513.85718 536.12043 478.04956 644.4235 384.56595 257.61695 236.13736 213.18165 178.41153 172.26324 249.24564 289.63638 301.46881 276.61952 203.38011 233.85585 272.14191 177.21539 86.46812 0 12.22487 94.69175 143.21296 236.16776 293.58727 293.82907 332.00114 300.49862 330.79917 412.91915 449.744 465.14402 471.32647 471.15842 408.93186 375.64319 335.03076 248.95513 324.64192 428.72771 446.64106 215.67319 184.99593 227.26541 273.37116 297.071 197.56996 248.32578 286.46752 256.55152 312.15398 341.12967 449.75528 432.18205 485.05312 529.68792 505.55224 452.62683 422.2039 388.31122 335.34847 427.2591 534.06362 415.77398 93.13055 401.24357 444.36885 509.84742 508.67596 539.44928 554.28888 559.36151 474.16902 426.91653 402.05422 480.6759 493.39881 564.35245 639.47381 638.86843 580.21853 659.46241 627.91883 667.34115 828.50955 621.88897 
648.17308 686.74504 716.17689 683.3331 658.27395 620.21233 594.5499 591.87144 590.8042 483.32282 505.06641 529.15363 472.40274 640.19021 385.36111 259.46713 237.41568 216.4325 183.97105 179.56236 257.89328 299.30388 312.182 288.59911 215.36377 245.94739 283.84832 186.99402 98.49664 12.22487 0 98.50799 135.71549 229.55233 287.05781 287.13496 327.71413 297.22561 330.39654 412.63689 449.65703 464.55229 473.09014 473.99874 411.63381 378.98885 337.71126 251.01703 333.65851 439.94882 458.53503 222.05898 184.96462 225.88505 266.35116 286.28276 185.79338 236.1083 274.48011 245.62634 301.67819 330.45944 438.56998 420.35673 473.14629 517.5526 493.34393 440.42194 409.98192 376.09616 323.20271 415.29433 522.36328 404.9926 80.95743 392.64604 434.83236 500.47974 498.80511 529.73673 545.16602 551.89369 466.6982 420.17898 395.77519 475.35331 488.56344 559.01626 634.15163 634.30827 576.76939 651.11455 616.67845 655.35358 816.43604 609.66721 
692.04033 736.11095 761.69006 738.97422 721.65152 681.83082 667.53978 667.78521 672.25811 573.50583 596.46618 625.65909 570.56831 738.65336 475.71573 347.19671 327.03284 299.79254 258.2075 244.37191 309.15951 339.056 338.0535 287.70683 219.84245 214.64085 236.3322 116.84891 96.66777 94.69175 98.50799 0 117.15322 187.71839 240.75162 242.34611 261.6721 225.10589 242.27566 323.47813 359.60949 376.37643 377.55486 376.53868 314.38457 280.95305 240.52737 155.20783 249.54304 377.26518 410.3905 290.60454 278.15853 321.50132 363.18468 367.4409 258.04884 289.99785 307.37058 255.41985 300.62596 331.22695 445.25834 442.80325 497.08455 550.67581 532.99303 480.52683 457.32904 425.67665 379.86318 476.93459 588.9216 484.73049 143.66992 363.31326 415.73836 477.88129 482.84441 511.10393 518.84319 507.83057 423.93201 371.50076 343.61563 414.12344 423.6105 496.9723 571.41015 566.25586 502.10244 614.80284 621.48562 679.73676 843.28088 650.46561 
581.46644 628.07165 651.51607 634.80129 623.63639 582.71832 580.01496 583.9098 596.32809 516.8276 542.40764 589.49452 548.13103 725.61796 506.36976 386.21488 362.6293 347.65526 319.09403 315.20856 392.20816 430.83956 438.26899 398.82521 327.8349 331.35978 353.01587 231.20111 199.80149 143.21296 135.71549 117.15322 0 94.77957 152.1547 151.93519 201.07903 177.9269 232.61429 311.97254 349.43621 359.77805 388.82922 400.43195 339.37605 315.52926 270.06013 186.75991 346.94018 488.20163 525.9033 357.66108 306.94938 340.41444 338.12977 301.07937 189.44973 196.28118 197.33186 138.88657 183.87851 214.41818 328.23138 326.81321 381.10881 436.77286 421.72023 370.06371 351.21838 321.75867 283.03729 381.29379 495.61499 410.47782 102.0821 259.06464 305.72277 370.06738 371.73147 401.36813 413.3962 416.22713 331.02919 284.75019 261.06752 342.90543 357.75977 426.29066 501.32215 504.00761 451.6416 516.6247 504.92412 563.32217 727.00857 538.78291 
567.32527 619.33155 637.27365 633.95407 633.57974 591.71713 605.33178 613.47935 634.1602 573.05133 599.9959 657.8101 624.24749 804.09048 599.20224 480.51223 456.75248 442.42208 413.40746 408.41484 483.5601 519.74144 523.39724 475.2924 407.37101 397.1493 408.92184 285.12397 281.48731 236.16776 229.55233 187.71839 94.77957 0 57.51477 57.66781 113.57751 102.9828 177.12612 246.17351 282.04014 287.77333 333.75116 353.87502 297.84452 283.71389 239.64891 175.61767 369.73163 525.21281 573.64693 451.57951 400.79734 432.61326 417.63012 357.89574 254.01346 234.80407 204.98721 128.7995 142.05715 170.10095 280.87087 299.45411 351.61299 415.4805 409.63125 362.30431 354.92457 331.65119 307.89807 401.97863 515.46911 455.09946 191.8525 175.84734 230.94662 291.12642 298.48461 325.33268 331.26753 324.25475 239.28547 190.74993 166.37196 248.50044 264.1104 331.71188 406.68213 410.2897 361.13119 428.24752 448.84742 526.66832 689.52389 522.37435 
561.27872 615.9846 630.32905 635.27029 641.39962 599.45325 622.51762 633.04344 658.27809 608.05553 635.5417 698.98888 669.94881 850.59732 654.74591 537.20793 513.31619 499.66798 470.9221 465.79987 540.46647 575.85974 578.18767 526.92325 460.48512 445.0548 452.54823 330.1214 336.08185 293.58727 287.05781 240.75162 152.1547 57.51477 0 4.65263 74.69972 86.25012 167.35589 221.69427 254.53081 255.89111 314.68767 340.65266 290.38855 283.78621 243.3227 197.23268 398.51015 558.54279 611.83421 509.06863 457.19528 487.92573 466.26178 395.99365 298.2594 268.25341 225.03884 149.7745 138.77727 160.31463 259.89517 291.62863 340.29885 407.68449 407.80554 364.54899 364.34116 345.50845 331.00483 419.84427 530.64816 485.1283 247.06727 129.43276 190.18603 245.1641 256.94617 281.06549 282.20241 267.9794 183.44512 133.42895 108.91293 192.36747 209.21216 275.10795 349.90447 354.92265 309.68024 374.07922 417.12298 506.84143 667.4582 515.56536 
556.6352 611.33293 625.69279 630.62638 636.8174 594.87242 618.1339 628.72977 654.12339 604.45937 631.97478 695.822 667.20546 847.91637 653.57246 536.45319 512.50752 499.23194 470.90528 466.08049 541.08985 576.81154 579.51742 528.85477 462.15118 447.47307 455.41476 332.80309 337.41682 293.82907 287.13496 242.34611 151.93519 57.66781 4.65263 0 78.85929 90.90161 172.00838 226.11881 258.83235 260.00726 319.20295 345.25834 295.03967 288.41093 247.89298 201.25536 402.371 562.20199 615.185 509.18555 456.32965 486.7122 463.89949 392.6745 295.5179 264.72227 220.90404 145.83452 134.17357 155.66213 255.42658 286.98127 335.6821 403.04478 403.1553 359.92522 359.81858 341.09158 326.90047 415.51718 526.22254 481.27765 245.92762 126.32245 186.63186 242.17518 253.52965 277.92209 279.63102 266.99556 182.26185 133.08831 109.29936 193.60521 210.84807 276.08522 350.76908 356.33762 311.98097 372.46457 413.12807 502.40795 663.10888 510.92463 
626.51839 682.56247 694.69376 704.20276 713.00822 671.11722 696.58357 707.43775 732.97202 681.33853 708.67843 769.78375 737.65646 917.62589 707.09942 585.19605 562.0829 544.01808 510.15802 501.1085 570.28959 600.54547 596.98146 536.18109 475.01599 446.55397 445.16946 328.86501 358.05628 332.00114 327.71413 261.6721 201.07903 113.57751 74.69972 78.85929 0 41.3658 106.97092 148.43877 180.20251 181.19773 242.62002 271.22806 225.62576 225.50093 190.40876 169.77268 368.76521 532.16365 592.35941 546.20358 506.99703 541.44877 531.1864 467.98796 366.80199 341.47536 299.73717 224.33697 210.74889 229.14152 318.31736 358.22802 404.10418 472.91024 476.25989 435.08465 437.21793 419.41549 405.70212 494.20073 604.44676 559.40069 302.27694 165.65702 229.76138 271.87794 291.30329 309.45922 300.03794 259.28402 183.16769 125.89339 95.25852 152.6224 162.31005 235.30461 309.86708 306.95108 250.65357 372.74063 461.00745 562.17044 719.46832 580.59046 
647.46828 702.23437 716.4352 721.26228 726.20401 684.24488 703.83766 713.1437 735.60816 675.97477 702.86492 759.19332 722.93204 901.74565 680.1533 556.29237 533.67718 513.53002 477.63215 467.13595 534.26139 563.02914 558.14445 495.87195 435.63635 405.55988 403.80531 287.84397 320.80477 300.49862 297.22561 225.10589 177.9269 102.9828 86.25012 90.90161 41.3658 0 81.1324 143.26983 179.07005 185.51324 232.61152 255.96217 204.27136 198.02056 158.94977 129.05547 329.39773 492.44501 551.707 512.71106 479.41436 515.81536 514.25657 460.57524 355.06069 337.68236 303.76489 227.07633 224.30937 246.55526 343.99771 377.85782 426.19479 493.83795 493.95565 450.18874 448.29144 427.80545 408.49627 500.52682 612.78395 557.80018 279.99616 199.23261 263.22935 309.26354 326.85843 346.66759 339.31363 300.64966 224.00186 166.80935 136.19031 191.54635 199.02861 273.04433 346.8985 341.21876 279.72927 414.04283 494.06877 590.11271 749.32293 601.72609 
728.42152 783.32624 797.27375 802.34473 806.65662 764.70115 782.06947 790.54201 811.05165 744.83759 771.17633 821.88194 780.2261 956.58299 715.3646 587.98559 566.88383 541.63767 500.41287 485.43545 543.90211 565.76127 553.96284 482.03383 429.98841 385.54761 373.39808 270.94456 330.01453 330.79917 330.39654 242.27566 232.61429 177.12612 167.35589 172.00838 106.97092 81.1324 0 82.27202 119.53324 134.4038 158.03733 176.83329 123.20191 118.68817 84.67328 99.37709 275.74572 438.99631 504.57185 531.87082 515.34582 555.60057 569.75433 528.52699 419.44895 410.0994 381.57599 304.95063 305.31282 327.67038 423.40533 458.88936 506.86412 574.75497 575.08566 531.14573 528.40192 507.0355 485.02302 578.65891 691.64538 630.54225 331.17628 272.57444 336.62347 376.25688 397.24536 413.88417 400.92984 346.30419 279.77001 223.73236 194.36973 221.10703 219.39657 292.40663 360.4834 345.06084 271.38291 461.09602 567.80778 668.47257 826.32147 682.6424 
771.57768 828.47117 838.9145 851.55347 861.38362 819.50605 844.16946 854.3902 878.16579 818.84138 845.60038 899.67087 860.10341 1037.24457 797.47219 669.88469 648.92919 623.18623 581.21745 565.38078 621.21794 640.46073 625.73564 549.50758 502.22315 450.87042 431.99548 340.78778 408.70982 412.91915 412.63689 323.47813 311.97254 246.17351 221.69427 226.11881 148.43877 143.26983 82.27202 0 37.56242 53.2444 94.93326 128.24685 100.99281 123.28206 118.63988 174.14173 316.07894 473.68043 545.23822 611.84951 597.56993 637.86895 649.97702 603.07162 495.96988 480.94249 445.41105 369.00636 359.16528 377.22476 460.41512 504.98582 549.00905 618.42059 623.62295 583.2919 585.57005 567.20262 550.79468 641.30589 752.34011 701.05624 411.93678 299.54097 360.68213 387.70715 413.65526 424.42581 403.42294 331.01296 280.86603 231.6089 207.65852 199.37861 188.59793 253.22414 312.21298 289.19556 209.47503 442.89891 587.19774 698.84065 851.40078 725.61272 
