24
rks vac wij txd lfo nnf yix rqh qpe szm rwk upz rga tyl oam umf idl jsh wrz vch vya aea vbj zcf
0 21.124 23.7839 27.47376 32.68513 37.83118 39.5152 47.17998 52.6255 68.44574 72.86991 80.43221 72.51802 58.42454 52.488699999999994 62.38295 37.95758 57.00506 72.87253 99.49553 100.00694 97.02578 97.87676 10.12587 
21.124 0 3.81477 7.09673 13.99673 19.08804 21.66867 26.06579 40.35557 59.75018 69.46208 75.17112 74.33515 61.79045 59.05637 70.6347 51.927499999999995 49.877 55.83249 82.19307 82.54962 90.62274 95.57912 31.24987 
23.7839 3.81477 0 7.44679 14.71629 19.84651 21.81948 23.89229 36.5408 55.93541 65.64731 72.3571 72.144 60.832609999999995 55.2416 66.81993 51.53984 46.06223 52.04914 78.41198 78.81089 87.37085 91.76435000000001 33.90977 
27.47376 7.09673 7.44679 0 7.27822 12.42427 15.0049 20.0927 41.52844 61.5081 72.48633 79.18756 79.40134 67.66306999999999 62.68173 74.26634 56.75805 52.65047 56.75604 82.89421 83.71732 93.19398 98.24061 36.44679 
32.68513 13.99673 14.71629 7.27822 0 5.14605 7.72668 20.25409 46.71649 67.00385 78.50148 85.46952 86.41184 74.62549999999999 69.92157 81.5241 64.03627 58.27838 56.6288 81.53789 81.8057 98.85213 104.49547 42.811 
37.83118 19.08804 19.84651 12.42427 5.14605 0 2.58063 19.579349999999998 50.615700000000004 70.90559 82.92727 89.9812 91.31914 79.55808 75.01118 86.63062 69.18232 62.66686 58.60134 82.78024 82.99546 102.79949 108.84698 45.49886 
39.5152 21.66867 21.81948 15.0049 7.72668 2.58063 0 16.99872 51.05428 71.47736 83.96375 91.02682 92.93853 81.22377 76.79138 88.4495 71.17274 63.40046 58.03057 81.79846 81.99079 103.37236 109.74002 47.99799 
47.17998 26.06579 23.89229 20.0927 20.25409 19.579349999999998 16.99872 0 38.73594 58.81348 73.11949 80.56066 85.0828 78.44086 71.9718 83.70126 71.26576 54.47278 41.50858 65.89058 64.99207 90.30211 98.48566 55.36096 
52.6255 40.35557 36.5408 41.52844 46.71649 50.615700000000004 51.05428 38.73594 0 20.42552 35.83167 42.1043 49.16059 43.46496 42.0558 53.25746 52.06314 28.6475 24.61845 49.58884 50.48735 52.31808 59.81272 51.40768 
68.44574 59.75018 55.93541 61.5081 67.00385 70.90559 71.47736 58.81348 20.42552 0 17.54473 24.78292 37.06981 36.99466 39.347680000000004 46.50609 56.47632 38.20664 31.29911 47.55146 48.40816 31.89791 41.21102 64.85679 
72.86991 69.46208 65.64731 72.48633 78.50148 82.92727 83.96375 73.11949 35.83167 17.54473 0 7.5623 20.87747 25.84149 30.5496 35.67739 51.24508 20.66191 48.84384 64.51378 63.96911 24.80269 26.43003 67.02357 
80.43221 75.17112 72.3571 79.18756 85.46952 89.9812 91.02682 80.56066 42.1043 24.78292 7.5623 0 17.12107 26.21015 31.91378 32.44259 53.32414 28.0549 55.91619 69.3239 69.19683 26.644379999999998 32.84223 71.60154 
72.51802 74.33515 72.144 79.40134 86.41184 91.31914 92.93853 85.0828 49.16059 37.06981 20.87747 17.12107 0 14.35281 20.82187 24.18871 41.49143 35.05309 67.87644 83.6057 84.50421 38.45159 30.45374 64.47459 
58.42454 61.79045 60.832609999999995 67.66306999999999 74.62549999999999 79.55808 81.22377 78.44086 43.46496 36.99466 25.84149 26.21015 14.35281 0 6.46906 9.8359 27.970579999999998 37.72855 65.59744 84.48373 85.33044 49.38758 44.80655 50.18176 
52.488699999999994 59.05637 55.2416 62.68173 69.92157 75.01118 76.79138 71.9718 42.0558 39.347680000000004 30.5496 31.91378 20.82187 6.46906 0 11.7637 21.50152 31.25949 65.28539 86.29729 87.1958 55.352289999999996 49.76232 43.86788 
62.38295 70.6347 66.81993 74.26634 81.5241 86.63062 88.4495 83.70126 53.25746 46.50609 35.67739 32.44259 24.18871 9.8359 11.7637 0 27.01956 40.41196 74.78176 94.05413 94.90815 54.6102 46.96447 53.04988 
37.95758 51.927499999999995 51.53984 56.75805 64.03627 69.18232 71.17274 71.26576 52.06314 56.47632 51.24508 53.32414 41.49143 27.970579999999998 21.50152 27.01956 0 46.05234 76.67987 101.16324 101.4109 75.52029 71.19133 28.082610000000003 
57.00506 49.877 46.06223 52.65047 58.27838 62.66686 63.40046 54.47278 28.6475 38.20664 20.66191 28.0549 35.05309 37.72855 31.25949 40.41196 46.05234 0 34.3699 55.33772 56.23623 41.32861 46.36185 56.386799999999994 
72.87253 55.83249 52.04914 56.75604 56.6288 58.60134 58.03057 41.50858 24.61845 31.29911 48.84384 55.91619 67.87644 65.59744 65.28539 74.78176 76.67987 34.3699 0 26.62376 27.13783 56.44042 68.25505 76.02613 
99.49553 82.19307 78.41198 82.89421 81.53789 82.78024 81.79846 65.89058 49.58884 47.55146 64.51378 69.3239 83.6057 84.48373 86.29729 94.05413 101.16324 55.33772 26.62376 0 0.89851 61.20407 74.52353 100.99652 
100.00694 82.54962 78.81089 83.71731999999999 81.8057 82.99546 81.99079 64.99207 50.48735 48.40816 63.96911 69.19683 84.50421 85.33044 87.1958 94.90815 101.4109 56.23623 27.13783 0.89851 0 60.30556 75.37998999999999 101.89502999999999 
97.02578 90.62274 87.37085 93.19398 98.85213 102.79949 103.37236 90.30211 52.31808 31.89791 24.80269 26.644379999999998 38.45159 49.38758 55.352289999999996 54.6102 75.52029 41.32861 56.44042 61.20407 60.30556 0 15.07443 91.63248 
97.87676 95.57912 91.76435000000001 98.24061 104.49547 108.84698 109.74002 98.48566 59.81272 41.21102 26.43003 32.84223 30.45374 44.80655 49.76232 46.96447 71.19133 46.36185 68.25505 74.52353 75.37998999999999 15.07443 0 91.18795 
10.12587 31.24987 33.90977 36.44679 42.811 45.49886 47.99799 55.36096 51.40768 64.85679 67.02357 71.60154 64.47459 50.18176 43.86788 53.04988 28.082610000000003 56.386799999999994 76.02613 100.99652 101.89503 91.63248 91.18795 0 
