97
rsg ckx loj uok cen ego kfu nsw ils jfh miy mti svk uau ptu ttw bda byu ruo qxs zkt qdw yug nvz lvm fia nmf ocp wyg pjf gex ljd tso cma tdu ukv nii rjv idv hmi vtd aeg xeh kpp fjy vmv fbk nko nhi vzr jgt nry cun bnl vvn uuw vmt emz wiy qbf ksg tlh xjt fgp mok adx kxn fin dgl hcr qjf tko uwo bod ogh krr fhv khu xme vwg pvs fzi lwk nfr lrj txq rtc qwk aii wbg ikb qzf zdb zud phg ybr xse
0 111.51184 197.53009 189.84254 185.33393999999998 208.26555 116.02059 113.39659 258.42645 236.57918 323.73225 445.72697 451.73579 448.76189 463.87243 472.53998 444.65434 555.89834 603.31179 578.44258 547.5328099999999 501.71641 503.61671 457.78222 432.49489000000005 371.91403 379.67367 505.31171 531.00305 585.74391 594.99992 610.32491 650.99935 615.91528 620.54598 743.27918 733.68718 765.3542299999999 834.36879 731.45893 776.68229 844.0146 740.44602 709.56228 775.35346 800.94474 738.0419099999999 676.98066 589.80337 614.09107 584.0939500000001 557.92806 620.22501 611.58461 464.57257 515.63216 583.15835 673.9488799999999 722.8540399999999 708.88442 716.37746 773.1396 720.12089 569.29329 508.66658 474.57634 414.92796 390.50479 359.68655 252.09409 233.58049 223.86287 290.62474 406.44422 362.1142 350.19731 257.10644 317.60085 409.97188 482.65925999999996 419.06183 478.25858 514.5426199999999 565.61356 594.30094 621.87976 570.03717 587.68954 536.35739 628.59953 304.00744 198.72579 189.92499 193.99833 374.64891 272.81394 105.57844 
111.51184 0 87.38411 129.0415 159.09277 218.85494 112.33171 213.99679 357.76412 340.78837 426.34237 545.20717 556.0034 555.15668 573.33226 582.32085 553.31012 667.41018 714.82363 689.94894 657.83204 610.91517 612.48218 565.39987 534.09527 474.43192 491.18551 594.68118 633.29912 693.61877 702.09796 719.74401 760.59465 723.80205 731.50626 853.3481 842.43495 876.75168 945.76624 841.91652 886.76213 954.60221 850.85224 814.60231 880.49981 903.1305 838.29211 772.94283 681.34634 701.57675 674.95414 659.43477 720.29186 715.22165 549.64737 575.94619 646.22748 742.14068 795.99153 777.17445 775.5922400000001 820.17609 758.45457 595.64058 529.88045 500.76124 454.32532 394.54933 434.73278000000005 325.78475 344.39405 333.46705 402.06568 516.8639000000001 473.37654 461.1857 323.47163 324.77836 452.24666 530.45944 479.99437 528.03735 563.44814 614.37939 645.50079 681.99176 625.96454 656.30229 607.08067 706.95606 364.97409 147.91419000000002 109.93438 99.31122 263.13707 211.71188999999998 145.73489 
197.53009 87.38411 0 117.75962 186.6202 246.38237 158.15288 293.06374 431.39889 421.24264 502.44195 615.22657 631.77849 632.86775 654.43652 663.82777 633.49181 750.1227200000001 795.86758 775.23851 744.80993 698.20107 699.07632 652.6685 620.74107 561.13463 554.7310200000001 677.52364 719.96823 779.99433 789.46727 806.9978 847.76185 811.17106 818.07467 940.43874 929.7854 962.38039 1031.6193 925.83107 968.27771 1036.8205699999999 933.0278599999999 890.07816 955.91836 975.44541 910.25752 839.91038 745.12114 761.49756 738.5891399999999 732.00817 791.24692 789.57554 611.07785 617.79542 686.15419 786.6941899999999 844.3400300000001 821.32381 812.81642 847.00496 779.2459 610.10909 542.1766700000001 518.09056 482.82025 399.1403 429.21099999999996 383.38462000000004 431.05468 420.6017 488.15482999999995 603.69548 559.5969 544.56945 400.57961 374.94480999999996 510.7768 586.4736 554.26917 593.63454 629.91858 678.24843 710.58195 751.21051 693.52302 730.6704500000001 681.63669 785.6685600000001 439.21478 184.12765 121.28712 133.46779 223.63484 172.87981 204.30134 
189.84254 129.0415 117.75962 0 83.1587 132.6779 126.22577000000001 245.46512 361.60483 368.23858 432.64788999999996 535.96469 560.58522 566.28742 601.4363000000001 607.1209 573.3009 695.16359 739.9260499999999 730.84454 715.60234 674.83639 679.86249 636.33506 618.1831 557.61454 569.47964 695.15425 715.72747 764.60543 772.52854 781.5726299999999 821.4922 791.68664 783.62445 910.74027 906.19276 919.72697 989.79369 871.81141 908.00586 978.50541 874.80283 816.05034 880.46678 894.3006399999999 828.86876 751.1611399999999 654.17093 665.40457 646.0070099999999 653.20837 710.18388 713.44829 514.82866 507.99999 575.2142699999999 677.0155 735.94282 711.48919 698.92868 730.28794 661.71244 492.34947 424.41705 415.20368999999994 367.60014 281.85667 311.45138 304.72474 406.88605 401.25036 454.38146 576.76454 526.57359 499.0072 441.01757999999995 453.79879 574.81646 648.0417 597.65678 652.8637 688.90786 740.12464 769.35274 802.60033 748.10542 771.21541 721.92486 818.44207 483.62929 268.11934 222.52985 145.66422 283.66465 84.36459 133.71384 
185.33393999999998 159.09277 186.6202 83.1587 0 59.76217 105.87035999999999 182.62345 282.94693 296.55145 353.29934 452.80599 480.05099 487.09966999999995 519.94142 531.68303 495.98042 619.29194 662.60557 658.58451 650.45229 612.68783 619.81366 577.59185 568.79563 508.36253999999997 534.8633299999999 656.5216 663.50631 705.93002 712.74698 719.2394400000001 756.77154 730.42179 715.09302 844.70073 842.07291 847.38145 917.30802 795.44976 829.4055999999999 900.33032 796.91933 733.34874 798.38236 811.14194 745.71006 668.00244 571.4687799999999 583.49858 562.84831 570.87369 628.90556 631.9782 431.66996 432.70896000000005 499.54584 600.14425 657.71983 635.98107 626.44885 664.77801 600.73527 436.62508 371.94595000000004 341.88368 338.16211 243.10833 360.03601 231.80901 347.67472 348.67357 392.22099000000003 514.6408 461.29651 437.93242 421.57097 466.72154 572.93012 641.61333 579.02579 642.87069 679.13001 730.2439 758.99893 785.96497 734.61074 747.28117 698.41478 786.68032 468.67677 297.65184999999997 267.43533 208.37932 324.24652 135.15769 201.46843 
208.26555 218.85494 246.38237 132.6779 59.76217 0 107.8738 195.22656 264.11313 290.68448 335.15619000000004 419.62184 453.03759 463.43828999999994 504.18352999999996 512.77016 476.39893 601.44934 642.55032 646.40607 647.09758 613.97059 623.35866 583.46398 582.45985 523.69487 562.48433 679.07505 674.5448 710.26468 715.85664 715.56819 753.74254 731.80618 707.92527 838.83376 839.63432 833.57747 903.5708 775.8028 805.23744 877.31261 774.35902 700.70918 764.81419 773.64399 708.42099 627.88582 526.4964 535.71856 519.24558 536.95763 589.26917 598.75666 387.15894 375.47715 442.88884 544.52247 609.4794300000001 578.81129 568.4048 605.36095 540.98755 377.46761 312.18378 282.52579 278.39994 183.34616 300.27384 172.04684 360.22150999999997 360.71192 392.60592 516.31484 460.80543 429.71889 460.36128 519.11362 618.23743 684.15239 615.41913 684.07727 720.36131 771.1749 798.8999 822.26561 773.12262 779.38402 731.07723 814.26183 508.28174 352.68127 326.99854 267.2175 369.6093 160.19891 154.77564 
116.02059 112.33171 158.15288 126.22577000000001 105.87035999999999 107.8738 0 158.5052 280.82823 288.53807 351.84585 468.27128000000005 481.35411999999997 485.19369 512.83744 523.07453 490.1243 610.7092 655.62941 644.73049 628.52064 587.99901 593.30487 549.56065 534.27354 473.8855 490.70745 616.2961 631.12087 678.3469 686.0591 694.59175 734.516 704.9952 696.66453 823.73572 819.21375 833.59958 903.6796400000001 787.48021 825.80558 895.49874 791.627 738.46459 803.83818 820.95861 755.5137000000001 682.6835599999999 587.20431 603.3696600000001 580.43626 578.00835 635.93235 637.14962 455.38604 472.73057000000006 540.10003 633.58599 689.0421 668.47506 664.55705 707.91641 646.36137 484.86963 420.05758000000003 390.39959 341.99399 289.27063 322.40107 225.23174 319.90769 324.55532 367.31974 489.83922 439.59523 413.81417 372.9511 414.32252 521.5912 591.05496 531.08249 592.8022 629.01845 680.19334 709.44906 737.90035 686.0577599999999 701.8834800000001 652.17961 743.4816400000001 419.54376 244.80806 221.86867 177.38582 336.96647 162.6912 219.42828 
113.39659 213.99679 293.06374 245.46512 182.62345 195.22656 158.5052 0 147.02214 153.39967000000001 218.0652 334.37525 343.17764 341.15989 361.43709 373.46815000000004 340.45107 457.05898 503.24206 487.46416999999997 470.27487 433.28679 437.43273 394.9684 388.09502 328.85731 368.30993 484.38958 481.83736 523.37834 530.36199 536.7505 576.4532 548.43402 538.15933 665.29976 661.44351 676.16168 746.05289 633.58784 675.27828 744.09533 640.15825 600.77908 666.66635 690.60904 626.12218 565.54063 478.97665 504.38291 473.15188 447.2325 509.17428 501.85753 356.35743 417.71934999999996 488.39174999999994 573.14508 619.13694 610.94983 621.40185 686.41625 640.91419 503.60985 466.50365 412.51602 352.43095 378.57272 385.40585999999996 158.34133 165.56731000000002 166.05012 210.05971999999997 332.42383 289.54490999999996 255.30897 289.77064 402.90022 459.44276 516.31733 435.32727 514.01635 550.16871 600.95127 623.16094 639.65207 594.31471 591.24744 543.91616 621.81168 337.70029 283.87665 301.28746 305.94498999999996 464.65227 315.98387 218.97503 
258.42645 357.76412 431.39889 361.60483 282.94693 264.11313 280.82823 147.02214 0 66.01328 71.04306 187.44305 200.69789 204.72069 249.17571999999998 249.00333 223.21614 337.73562 379.97506 391.76367000000005 393.39954 368.08744 382.0995 357.02449 373.55381 324.57022 388.84532 493.78205 452.60103000000004 468.22811 471.17507 461.96668 498.14887 483.39979 457.0322 578.04291 583.88217 569.6907299999999 639.6252999999999 513.09734 546.6186399999999 617.9313599999999 513.9725 458.70998 524.53153 545.38943 480.53002 418.55421 362.76815 374.11624 328.04358 301.67824 363.54262 358.24369 219.2065 314.93755999999996 381.39728 449.16059 488.26475 483.08629 507.55510000000004 586.11485 555.35411 447.15123 408.83273 369.6436 301.44147 361.37295 261.59437 112.31994 169.8366 187.96319 166.11888 274.75663 218.1908 165.60576 380.45784 519.63145 551.95419 595.2293 498.95335 587.62946 620.59863 666.09318 686.25703 689.23415 653.27097 629.02658 586.02332 641.51086 423.84245 430.37735 448.30224 438.43461 596.28612 414.96959 231.51519 
236.57918 340.78837 421.24264 368.23858 296.55145 290.68448 288.53807 153.39967000000001 66.01328 0 99.90749 224.97263 222.01075999999998 215.97897 233.19772 245.22878 212.55889 329.09384 375.03982 362.72238 360.37964 340.85176 335.59978 298.88101 314.64719 263.44397 322.83204 431.46329000000003 397.1501 422.59756 427.16768 429.54634 463.09539 442.25836 418.89669 548.14928 548.9624 551.57578 621.66678 505.87316 547.03891 615.99281 512.2001 477.10819 542.80493 570.81385 507.16561 455.94617999999997 379.07915 411.50045 375.16495 329.7196 393.39591 380.40466 276.70808 376.67378 441.07548 510.60402 546.52715 543.87788 571.10777 651.46287 620.96292 511.13128 470.34805 431.149 359.53229999999996 411.66389000000004 327.60765000000004 165.44268 103.87315 122.06491 165.96098 227.21791 171.22386 231.61903999999998 318.35453 458.05842 488.77656 530.18657 433.13271 521.86669 556.4291499999999 600.25565 620.31412 623.2324 587.25884 563.0133 520.01004 579.5981899999999 365.58367 391.30724 420.38127 423.52016 592.86119 431.70914 234.52803 
323.73225 426.34237 502.44195 432.64788999999996 353.29934 335.15619000000004 351.84585 218.0652 71.04306 99.90749 0 125.29314 130.11449 133.80033 178.13266 189.95354 152.17308 270.43526 315.77151000000003 320.72061 375.43059 343.70586 349.05494 339.05554 355.1026 314.4175 388.70216 482.04135 420.6866 434.32299 427.21066 425.83102 445.08017 436.5377 390.26691 520.21084 529.93422 504.77428000000003 574.70885 447.21458000000007 476.1102 547.76216 443.94328 388.64066 454.52349 477.81298 416.48381 356.94731 293.72218 312.68992 275.38032 234.1966 296.90246 288.87949 190.24981 304.76696000000004 367.02864999999997 421.80462 453.1243 454.0524 489.26129 575.41802 554.56563 466.91826000000003 437.55655 399.08196 321.80622 410.56415 312.586 168.32176 186.12555 208.04958 157.39074 240.67307 224.11044 147.63681 411.92252 556.74725 579.52349 615.87748 513.2941 604.7862 636.46924 679.70025 697.18346 692.32009 661.84255 626.99221 587.05872 631.09663 451.50429 488.67596 513.39639 508.15201 667.32918 484.26321 302.55825 
445.72697 545.20717 615.22657 535.96469 452.80599 419.62184 468.27128000000005 334.37525 187.44305 224.97263 125.29314 0 61.89057 90.33973999999999 149.14057 159.48295 127.26401 230.86341 260.98983 297.02136 354.22109 357.7469 381.23215 375.47844 429.66643 398.58452 486.25735 557.51058 469.87516 451.99062 448.57815 416.54795 442.45256 450.64122 377.91621 499.93058 520.93562 458.73693 524.68386 391.42949999999996 395.07466 467.14983 385.13153 281.10436 345.72587 360.34195 295.03156 231.99756 240.49419999999998 194.34293 152.71821 173.10511 176.09957 179.17221 109.25926 257.67949 294.7992 329.29933 347.80168 373.21405 403.26012 501.73166 498.14053 449.26467 438.29004 403.76638 355.08728 452.6026 349.3718 247.59844 301.40899 324.16782 258.35384 298.02297 273.7685 228.17221999999998 529.44529 681.16717 692.5822599999999 724.35589 616.46027 710.0086200000001 739.05154 778.58373 794.68961 782.13375 757.07769 710.38167 684.8543199999999 703.56724 566.2932900000001 613.35323 635.64721 624.11141 774.66092 575.88876 418.95824 
451.73579 556.0034 631.77849 560.58522 480.05099 453.03759 481.35411999999997 343.17764 200.69789 222.01075999999998 130.11449 61.89057 0 28.44917 87.25 97.64646 67.26569 168.97284 199.09926 236.0561 292.74057 298.44806 321.23177 313.58786999999995 376.97060999999997 353.28255 438.53349 505.25454 412.56402 391.2079 387.28669 354.68223 380.64324 388.75065 318.11317 439.5631 459.55359 402.9971 470.27771 329.53893 352.61779 424.48746 323.24096 258.68322 324.57370000000003 354.93153 295.08913 281.41838 191.24075 234.75532 206.9823 111.21454 175.50778 167.62524 171.02158 316.81128 355.2707 382.2312 395.54123 408.97777 459.46071 560.02702 559.39366 510.41596 497.45896 462.16761 389.9639 505.39504 388.46736 282.56892 278.32754 301.07295 253.19577999999998 245.70157 211.87793 166.28165 503.93406 660.14048 661.1831 684.54373 577.95386 671.50221 699.43281 736.8294 749.17822 734.022 713.11778 662.19506 629.7364 650.70675 537.20126 611.53481 640.4681 637.76904 796.81025 610.20712 432.08843 
448.76189 555.15668 632.86775 566.28742 487.09966999999995 463.43828999999994 485.19369 341.15989 204.72069 215.97897 133.80033 90.33973999999999 28.44917 0 59.46845 70.37829 95.71486 159.11059 181.97118 213.7871 264.95902 269.99889 292.82542 285.1387 348.52144 328.5495 414.65358 478.42909 384.32322 362.89353 359.10949 327.32655 354.0837 361.53679 294.40694 415.34204 435.25655 383.28503 453.4204 314.40199 342.78828 413.96183 311.28567 261.25245 326.8655 357.1352 295.44277 271.27582 216.17641 260.99771 214.92505 126.1733 190.71678 196.07441 198.73393 345.26045 383.58162 410.28802 422.48983 436.72588 487.76121 588.46717 587.27049 537.3373300000001 521.54102 486.10866 412.431 524.36154 407.43386 294.72197 267.26882 286.31459 256.41932 218.98103 187.87482 137.83248 486.84286 645.3241399999999 641.29082 662.47131 555.44625 648.99051 676.34476 712.9368 724.6545900000001 708.30665 688.4492 635.26567 603.13944 623.33875 522.31347 604.38966 636.36024 637.38437 800.28902 617.16385 435.86373 
463.87243 573.33226 654.43652 601.4363000000001 519.94142 504.18352999999996 512.83744 361.43709 249.17571999999998 233.19772 178.13266 149.14057 87.25 59.46845 0 12.03106 50.37378 100.0173 142.85823 155.43986999999998 205.49057 213.61814 251.5157 240.68957 303.04731 290.84982 378.38381 431.14527 333.05456000000004 304.36125 300.15256 267.88299 295.80179000000004 302.06834 235.71977 359.08785 375.7881 334.68906 404.71637000000004 275.5088 313.84119 382.95928 280.01851 260.99057 323.99422 363.80645 306.97675 293.14138 263.38537 309.33801 263.26539 158.99983 216.96167 180.94407 258.1396 403.71345 442.31794 465.13216 473.3868 490.27237 543.76592 645.70352 646.20481 595.07641 578.88125 542.58553 470.43312000000003 573.45705 460.1109 338.03824 257.23126 278.25474 196.95087 174.73517 169.59932 123.46397 469.34373 632.19907 615.27661 630.24243 522.56457 615.58166 641.0706299999999 675.08529 684.74757 664.51278 648.26928 589.8535 560.67792 576.55291 496.71857 609.22948 647.00656 656.20877 825.47512 655.09911 467.72575 
472.53998 582.32085 663.82777 607.1209 531.68303 512.77016 523.07453 373.46815000000004 249.00333 245.22878 189.95354 159.48295 97.64646 70.37829 12.03106 0 38.34272 88.7323 137.33239 143.40881 195.47871 205.7956 252.0474 228.65851 307.13074 289.48927 377.14428 426.57694 323.06058 295.02714 290.44234 264.64541 283.77073 291.21862 247.75083 347.14606 378.55335 322.87733 392.90865 264.78742 308.16751999999997 376.85613 273.51212 259.24883 319.15382 360.80474000000004 304.99612 305.17244000000005 275.41643000000005 315.71669 269.67101 171.03089 228.99273 192.97513 268.66791 414.41135 452.91715999999997 477.16322 480.32461 497.85017 555.7969800000001 654.65376 656.14388 606.45056 590.62392 554.39308 480.17204 585.48228 472.13849 349.93509 264.16606 283.64494 202.07823 172.08776 157.56826 135.49503 472.31746 635.85628 616.19033 629.66558 521.80277 614.72402 639.71071 673.03043 682.13463 660.80436 645.56027 585.71256 556.94778 567.86727 498.71709 616.16394 654.8542 665.22719 835.26453 663.9729199999999 474.17148 
444.65434 553.31012 633.49181 573.3009 495.98042 476.39893 490.1243 340.45107 223.21614 212.55889 152.17308 127.26401 67.26569 95.71486 50.37378 38.34272 0 125.46455 166.62515 181.57153 227.50741 231.20215 253.96814 267.00123 311.60661 296.92758000000003 381.29455 441.09801 348.26794 324.72722 321.31414 291.40557 319.7101 323.95877 258.09384 385.08359 401.32862 360.75187 430.01457 299.75035 340.3577 405.38414 303.78543 273.44979 336.85508 373.03617 317.74128 291.19009 255.92025 302.02101000000005 256.39168 155.08371 217.36669 217.03462 236.52327 381.16322 421.91823 449.03684 460.36471 475.26133 526.62097 627.2927099999999 625.3989 570.70331 553.51916 517.04479 442.45035 547.13956 433.85443 312.14832 248.96062 266.92641 186.87279 182.12127 155.52296 173.83775 462.75998 623.87194 612.97218 631.18229 523.70982 617.15205 643.9168 679.19857 690.06858 672.33184 654.57093 598.6109 567.36982 585.35215 492.22662 593.6935 629.43472 636.07342 803.6539300000001 628.31821 440.99929 
555.89834 667.41018 750.1227200000001 695.16359 619.29194 601.44934 610.7092 457.05898 337.73562 329.09384 270.43526 230.86341 168.97284 159.11059 100.0173 88.7323 125.46455 0 48.60009 74.81153 173.87532 215.49282 222.36459 239.39482 318.95075 325.69569 411.35757 435.9673 316.0231 264.35595 255.49381 208.66392 233.35062 250.33262 165.10884000000001 272.76901 302.43121 253.97472 320.07308 176.77932 221.96537 288.12383 184.77982 211.03204 264.72699 316.86584 271.794 292.8496 298.06456 344.4534 300.45719 182.86638 219.05284 168.55011 332.81058 481.79156 506.72871 511.65621 507.65917 531.99098 593.15546 699.20079 710.07032 676.4502 666.01212 631.00984 558.90155 671.8554 554.92772 437.53567 336.88326 355.65513 290.81052999999997 260.82006 216.03128 223.48127 530.03979 696.4096300000001 661.50506 664.4131199999999 557.24056 647.8992900000001 669.13482 697.28463 702.36481 673.04252 665.64752 595.46351 574.47793 566.27477 550.70381 692.47054 734.83345 749.45052 921.7112500000001 752.47302 561.98127 
603.31179 714.82363 795.86758 739.9260499999999 662.60557 642.55032 655.62941 503.24206 379.97506 375.03982 315.77151000000003 260.98983 199.09926 181.97118 142.85823 137.33239 166.62515 48.60009 0 88.73352 190.01497 231.60133 270.96468 278.05811 358.66465 369.68355 454.15591 470.48392 344.64531 285.01985 273.92686 221.24307 229.87468 262.86476 161.50323 259.51129 290.95587 205.37463 271.47299 133.25437 173.73255 240.95299 137.16028 174.72286 222.99801000000002 279.72366 239.79882999999998 276.28498 298.17261 343.00687 306.04155000000003 203.78306999999998 207.72851 217.15019999999998 352.57311 495.02834 517.70812 512.79964 502.58191 532.0990300000001 594.915 702.32026 719.31732 696.73824 690.60022 656.77842 587.1345 702.55135 586.72233 476.28469 385.44836 404.25462 323.36053 253.41762 264.63137 266.3222 577.31012 743.45141 704.93842 706.20209 599.59833 689.09748 709.3277800000001 735.75622 739.32413 707.32466 703.03898 629.147 609.28362 595.54837 596.95164 740.99657 783.04179 797.31012 967.72774 794.91542 607.6244399999999 
578.44258 689.94894 775.23851 730.84454 658.58451 646.40607 644.73049 487.46416999999997 391.76367000000005 362.72238 320.72061 297.02136 236.0561 213.7871 155.43986999999998 143.40881 181.57153 74.81153 88.73352 0 101.28145 148.36959 194.62139 199.68584 280.40209 300.19737 381.28832 385.52151 257.22274 196.28633 185.78727 135.27052 176.14964 175.97407 115.93222 203.97572 235.36268 188.88369 258.94915 162.39141 234.82854 280.41489 186.18139 262.42161 306.15969 364.86101 328.33693 362.69439 372.66936999999996 418.80001 375.17092 257.4697 290.33865 238.39487 406.28062 549.81323 580.60314 586.42628 581.59402 606.53335 667.95771 774.00152 784.52972 746.27553 732.94482 697.09818 623.35607 728.18525 615.37435 488.97526 349.05596 364.67849 288.63002 192.67953 219.98845 232.1552 517.89287 684.02768 633.49107 629.2279100000001 523.98656 611.42012 629.5593 653.5891 655.67156 621.5868599999999 619.30614 543.03636 525.13808 507.46233 532.37475 701.0526600000001 749.1549 772.44091 949.78715 793.29626 597.1427 
547.5328099999999 657.83204 744.80993 715.60234 650.45229 647.09758 628.52064 470.27487 393.39954 360.37964 375.43059 354.22109 292.74057 264.95902 205.49057 195.47871 227.50741 173.87532 190.01497 101.28145 0 56.98092 100.65129 113.48661 189.92813 222.11368 293.88213 293.85148 176.42322 144.29734 128.45308 69.1667 106.71478 96.57777 79.22479 195.91069 192.53674 233.36724 297.11159 245.13734 314.70048 359.75246 276.29915 363.70306 407.11043 466.10813 429.01435 463.85537999999997 455.30076 501.99656 456.74841 341.20669 391.6201 339.55586 463.45698 608.66046 647.8085100000001 665.20181 666.83869 688.02032 745.36153 849.02999 851.62259 796.31841 775.51749 737.58048 661.10062 751.79957 650.73354 504.47692 314.05939 324.47161 261.22088 171.22269999999997 189.15578 227.79378 446.40374 610.0936 546.29212 535.77627 432.97746 520.94616 538.3049 559.72919 557.74795 520.59055 520.10892 453.36656 432.36211000000003 406.35697 454.2979 649.70864 704.19955 738.09457 920.79052 784.97369 583.7129600000001 
501.71641 610.91517 698.20107 674.83639 612.68783 613.97059 587.99901 433.28679 368.08744 340.85176 343.70586 357.7469 298.44806 269.99889 213.61814 205.7956 231.20215 215.49282 231.60133 148.36959 56.98092 0 46.2518 56.50569 134.0793 165.39772 237.36126 238.91309 119.44229999999999 100.67046 103.08763 108.90633 149.78545 150.57503 136.20571 244.32986 232.08088 289.70772 352.24568 300.51871 369.06597 415.95862 330.23829 406.32419 453.5784 510.37068 468.97572 486.71778 474.24883 520.74801 474.81869 363.22909 427.77257 363.32423 467.00615999999997 608.34233 652.48132 678.74756 685.46255 703.64399 757.3316299999999 858.4658 855.88743 789.79765 762.93183 724.64302 647.27252 729.32671 625.99499 480.40738 269.87506 277.85379 237.83657 114.24178 170.89944 203.22715 389.91382 553.24839 490.15192 482.20812 377.85273 465.09733 481.32398 506.04429999999996 507.98293 475.97345 471.5069 398.08047 377.74873 369.2822 397.32628 598.67549 653.04468 690.11232 874.05224 746.86141 544.70708 
503.61671 612.48218 699.07632 679.86249 619.81366 623.35866 593.30487 437.43273 382.0995 335.59978 349.05494 381.23215 321.23177 292.82542 251.5157 252.0474 253.96814 222.36459 270.96468 194.62139 100.65129 46.2518 0 47.559020000000004 128.45934 154.95528 221.00679 221.93623 94.2998 87.04316 92.93332 112.4131 152.77139 112.31618 149.42121 247.64804 231.10297 302.04387 362.27588 319.30233 388.78137 433.39801 350.26216 429.87653 476.6241 534.59379 493.28699 511.52609 498.47966 544.92967 498.96303 387.78516 435.63598 390.9147 487.2908 629.75871 674.90788 702.20789 709.57651 729.22947 780.42688 881.18678 876.9191 807.62768 780.45866 742.07358 664.70308 743.26989 641.57858 494.41944 274.18189 280.21952 232.09079000000003 108.38187 165.03953 223.46982000000003 379.1511 540.78747 472.67289 464.69236 358.87117 443.20073 459.98293 482.87046 484.88175 454.49156 448.49096 381.08884 354.48807 345.75952 383.88786 591.9167 649.6785 690.49238 874.62214 753.33386 551.05428 
457.78222 565.39987 652.6685 636.33506 577.59185 583.46398 549.56065 394.9684 357.02449 298.88101 339.05554 375.47844 313.58786999999995 285.1387 240.68957 228.65851 267.00123 239.39482 278.05811 199.68584 113.48661 56.50569 47.559020000000004 0 80.90032 109.20474 181.89624 199.14197 103.94038 128.78952 137.2177 159.58544 200.07939 158.53992 192.05003 294.93221 278.1549 346.13385000000005 407.70445 355.70158 423.28158 471.77994 384.2011 450.42686000000003 500.94075 555.71599 511.18881999999996 519.91056 497.47235 543.28934 498.32952 399.6894 443.30696 407.94493 483.64089 611.79667 660.65839 695.1373900000001 706.84664 721.86301 771.60122 869.96368 861.19787 783.76803 753.69922 714.64793 636.50834 709.43965 610.92587 460.82402 247.48197000000002 235.0847 255.65669 131.94777 188.60542999999998 191.41873 333.83848 496.80956 435.02157 429.54207 324.31622 411.91835000000003 431.56345 459.38946999999996 462.96999 435.66909 426.29215 359.22136 335.67242 339.33761 340.82223 544.5114 602.33126 643.10595 828.05311 710.38142 508.22237 
432.49489000000005 534.09527 620.74107 618.1831 568.79563 582.45985 534.27354 388.09502 373.55381 314.64719 355.1026 429.66643 376.97060999999997 348.52144 303.04731 307.13074 311.60661 318.95075 358.66465 280.40209 189.92813 134.0793 128.45934 80.90032 0 60.58086 104.70857 130.47683 99.23833 175.66185000000002 183.16514 222.75337 260.57294 209.04487 269.15292 354.01748 328.74799 417.46677 475.70462999999995 434.59801 503.05875 549.68059 464.31759 529.98279 581.54115 635.71229 590.7447500000001 593.80132 564.69785 609.04444 563.44649 461.83794 517.12928 475.8941 525.39652 658.06547 713.0136 754.82345 771.01127 785.24732 828.33899 925.17597 908.40541 818.36681 782.32181 743.16698 665.20997 724.3471999999999 633.52748 479.73942 225.48826 223.56521 207.43493 135.04298 172.72914 235.42646 279.61842 427.55637 356.36694 351.80532 243.9097 331.01803 350.66313 378.48915 384.79887 361.53063 348.09615 287.05419 257.84878 278.26959 299.98879 501.13194999999996 557.82352 607.72187 793.70713 696.92316 497.91493 
371.91403 474.43192 561.13463 557.61454 508.36253999999997 523.69487 473.8855 328.85731 324.57022 263.44397 314.4175 398.58452 353.28255 328.5495 290.84982 289.48927 296.92758000000003 325.69569 369.68355 300.19737 222.11368 165.39772 154.95528 109.20474 60.58086 0 87.67283 169.32323 159.20946 233.36914 234.98677 266.88454 306.63844 259.53934 301.25477 401.37402 380.27776 455.07825 516.90919 460.41341 532.48632 577.60202 486.37126 536.7277300000001 590.40594 640.9387200000001 592.83512 583.8688 544.39908 587.72345 542.63536 448.83387 507.81149000000005 469.36999 492.06946 619.17556 675.84559 727.17541 746.02762 754.89698 796.7172499999999 888.30795 868.91317 771.72145 732.74583 694.2138199999999 617.03015 668.9693199999999 581.78206 427.37838 168.61596 162.98435 159.73819 119.30676 141.40462 204.94456 229.23249 395.60233000000005 340.83324000000005 340.96141 233.11962 325.49951 350.35965 384.78791 396.10509 389.97485 359.94589 313.38514 286.26980000000003 318.62433 239.5557 440.55109 501.29209 548.72002 734.6679 636.48364 437.4703 
379.67367 491.18551 554.7310200000001 569.47964 534.8633299999999 562.48433 490.70745 368.30993 388.84532 322.83204 388.70216 486.25735 438.53349 414.65358 378.38381 377.14428 381.29455 411.35757 454.15591 381.28832 293.88213 237.36126 221.00679 181.89624 104.70857 87.67283 0 125.68961 187.41365 273.15147 283.41623 326.68751 363.87183000000005 309.96369 370.41013 455.8713 427.42396 522.17534 579.63864 537.57148 605.04148 653.31977 565.88553 621.28395 676.0628499999999 727.33174 679.45121 671.31725 629.77424 672.52681 627.80381 536.0360900000001 595.34507 557.04282 571.70405 692.04577 753.5737799999999 805.72007 829.08419 836.23937 875.23445 964.10693 940.35519 833.61331 790.6396 751.31833 675.06547 714.09472 636.1022 482.71134 224.46365000000003 206.60075 242.09951 206.64836 226.80791 285.6017 174.90985 332.68892 253.16041 253.63994 146.00559 237.90348 262.68682 313.16364 329.35801000000004 309.25029 275.66307 259.80194 198.59697 260.4523 261.05998 411.49651 478.21089 537.73111 723.7358899999999 651.82836 461.06466 
505.31171 594.68118 677.52364 695.15425 656.5216 679.07505 616.2961 484.38958 493.78205 431.46329000000003 482.04135 557.51058 505.25454 478.42909 431.14527 426.57694 441.09801 435.9673 470.48392 385.52151 293.85148 238.91309 221.93623 199.14197 130.47683 169.32323 125.68961 0 134.252 221.37823000000003 237.11132 290.94431 319.02836 260.61769 348.63129 406.62941 362.25857 486.24443 533.38762 525.05545 596.67569 633.2837 559.35773 644.86622 691.62132 749.21155 707.45315 719.04239 693.52764 738.71933 692.81392 589.19539 642.42359 600.18506 655.32494 786.22987 841.1772699999999 884.78261 900.79577 913.10298 958.65256 1053.01842 1036.44841 940.80884 901.48386 862.28472 784.92808 833.06069 750.15735 595.79015 333.09808 332.29036 328.97478 264.22830999999996 300.52755 363.26347 300.59946 411.58831 301.86226 267.64579 183.42924 247.35714 256.17779 277.10911 270.78339 237.30637 237.98272 160.07939 211.08902 164.86268 298.48363 537.18612 603.9005 659.36586 842.89496 777.51797 585.94762 
531.00305 633.29912 719.96823 715.72747 663.50631 674.5448 631.12087 481.83736 452.60103000000004 397.1501 420.6866 469.87516 412.56402 384.32322 333.05456000000004 323.06058 348.26794 316.0231 344.64531 257.22274 176.42322 119.44229999999999 94.2998 103.94038 99.23833 159.20946 187.41365 134.252 0 87.12623 102.85932 156.9714 187.18928 198.6401 221.03606 274.02772 248.56596 354.26563999999996 403.86682 391.10172 463.53885 500.78506000000004 433.17381 519.27921 563.38243 622.08375 584.07814 605.5410899999999 592.33612 638.74055 592.7315900000001 482.08496 529.7460100000001 482.76653 575.65088 715.58429 763.26796 794.61124 803.19172 820.91075 872.01043 971.60663 964.43548 887.53694 856.37136 817.45846 739.32958 808.2812799999999 713.7749 560.68495 317.07521 316.56315 288.17846 180.17393 234.41023 295.13318 361.28133 511.34705 421.65221 401.89779 303.03098 377.82064 389.36565 405.86022 404.0946 365.33078 368.85866 286.78904 273.46694 251.45972 354.0978 592.27929 655.88116 706.87955 892.8843 793.55448 592.98091 
585.74391 693.61877 779.99433 764.60543 705.93002 710.26468 678.3469 523.37834 468.22811 422.59756 434.32299 451.99062 391.2079 362.89353 304.36125 295.02714 324.72722 264.35595 285.01985 196.28633 144.29734000000002 100.67046 87.04316 128.78952 175.66185000000002 233.36914 273.15147 221.37823000000003 87.12623 0 15.84426 75.13064 100.26596 116.79934 136.69646 188.59163999999998 161.55089999999998 267.25058 316.74059 312.70983 385.13587 418.9443 348.59579 456.39529 493.96773 555.72869 524.62326 556.82467 557.18509 603.88388 558.58659 447.22233 483.40469 432.90606 560.84838 705.00402 746.47154 766.60427 768.52202 789.72747 846.48119 949.6809000000001 950.11064 889.9221 863.60229 825.07646 747.7175 829.50412 726.6392 580.48116 361.22505 363.73024 317.65928 195.37968 252.03734 303.78277 439.43651 594.15033 508.44341 484.39585 390.03745 464.54352 475.12003 489.3648 485.39014 442.22134 450.52161 373.91527 360.59317000000004 336.77781 438.17823 663.39872 724.6477199999999 768.96169 954.46002 839.0203 636.80017 
594.99992 702.09796 789.46727 772.52854 712.74698 715.85664 686.0591 530.36199 471.17507 427.16768 427.21066 448.57815 387.28669 359.10949 300.15256 290.44234 321.31414 255.49381 273.92686 185.78727 128.45308 103.08763 92.93332 137.2177 183.16514 234.98677 283.41623 237.11132 102.85932 15.84426 0 59.28638 84.43358 100.95508000000001 122.73122 172.74738 145.70664 251.40632 301.05814 296.86557 369.29161 403.10004000000004 335.03881 444.38997 480.84242 542.96669 513.08248 547.28467 552.25526 596.80969 553.13793 438.36019 474.54665 424.04391999999996 557.55159 702.4773600000001 742.4705 760.55584 761.24117 783.17837 840.77219 944.8839399999999 946.33175 887.2272399999999 863.44554 825.41001 748.12245 832.41434 728.34385 583.49501 366.87302 372.2255 323.95245 200.24353 255.94382 306.00329 453.06702 608.64235 523.96474 500.21724 405.64896 480.38778 490.95652 505.20906 501.2344 457.32554 466.12525 389.64836 371.57981 332.25161 451.99573 675.53713 735.70611 779.32144 964.60933 846.24496 643.96794 
610.32491 719.74401 806.9978 781.5726299999999 719.2394400000001 715.56819 694.59175 536.7505 461.96668 429.54634 425.83102 416.54795 354.68223 327.32655 267.88299 264.64541 291.40557 208.66392 221.24307 135.27052 69.1667 108.90633 112.4131 159.58544 222.75337 266.88454 326.68751 290.94431 156.9714 75.13064 59.28638 0 40.87912 41.6687 64.06466 135.42353 124.70629 197.68398 252.95126 237.66927 310.1064 343.81366 276.20241 388.2521 422.73035 485.74559 456.25029 496.66995 506.46577 552.88667 508.62588 391.5303 425.58359 373.66539 525.67901 671.49351 707.55491 719.82254 716.31883 740.32926 800.31197 905.42377 911.67787 861.86709 842.24237 805.18577 728.66503 820.96627 719.72111 573.63235 378.1536 386.50437 330.38758 210.84323999999998 258.32248 296.96048 490.35228 650.30974 573.36093 553.7207 460.00238 534.19315 546.32573 562.17389 558.90996 516.60352 523.82777 438.05302 429.06159 391.53799000000004 492.57305 704.0968399999999 761.1639299999999 799.01865 982.88108 852.12004 652.41621 
650.99935 760.59465 847.76185 821.4922 756.77154 753.74254 734.516 576.4532 498.14887 463.09539 445.08017 442.45256 380.64324 354.0837 295.80179000000004 283.77073 319.7101 233.35062 229.87468 176.14964 106.71478 149.78545 152.77139 200.07939 260.57294 306.63844 363.87183000000005 319.02836 187.18928 100.26596 84.43358 40.87912 0 58.43874 68.37145 176.30265 165.58541 167.33687 237.47224 252.84640000000002 322.19039 318.9024 261.33994 387.89675 416.53034 480.56548 456.65363 505.01884 522.60255 568.55666 525.28905 407.58805 436.99908 383.88411 550.99332 697.45452 730.16077 736.72101 730.44935 756.37458 818.3582799999999 924.65544 934.0649 890.17975 872.7181 835.80781 760.28264 855.48112 752.49962 609.29637 418.26852 427.22021 367.22274 245.25105 295.47503 333.85976 529.36415 688.11616 607.50343 584.6467 489.52769 564.80772 575.19816 588.46632 583.70072 537.57299 548.93011 473.97832 454.72937 408.43134 533.45217 744.58904 802.00905 839.8977699999999 1023.663 891.49469 690.00403 
615.91528 723.80205 811.17106 791.68664 730.42179 731.80618 704.9952 548.43402 483.39979 442.25836 436.5377 450.64122 388.75065 361.53679 302.06834 291.21862 323.95877 250.33262 262.86476 175.97407 96.57777 150.57503 112.31618 158.53992 209.04487 259.53934 309.96369 260.61769 198.6401 116.79934000000002 100.95508000000001 41.6687 58.43874 0 105.18005 146.01172 166.37499 225.77561 280.97416999999996 275.43715 347.87428 376.21775 313.53391 429.85507 463.65337 526.55793 497.89861 538.3386499999999 545.50522 592.04463 547.45787 430.4929 466.24846 414.36783 559.77223 705.04243 743.09699 759.0104699999999 755.89311 779.17714 840.91942 942.81445 947.21995 892.89618 870.97999 833.51582 756.39452 844.2258099999999 738.4465 595.71973 386.11251 392.52147 340.23707 220.27587 271.0345 317.81253 478.96648 635.88784 550.76907 526.55981 432.40193 506.65508 516.79427 530.1510599999999 525.26198 480.38497 491.02467 420.69707999999997 396.42213 379.06883 478.13151 699.91036 760.4594099999999 801.6458700000001 986.59167 864.41551 662.18208 
620.54598 731.50626 818.07467 783.62445 715.09302 707.92527 696.66453 538.15933 457.0322 418.89669 390.26691 377.91621 318.11317 294.40693999999996 235.71977 247.75083 258.09384 165.10884 161.50323 115.93222 79.22479 136.20571 149.42121 192.05003 269.15292 301.25477 370.41013 348.63129 221.03606 136.69646 122.73122 64.06466 68.37145 105.18005 0 138.57502 143.23478 154.15255 218.4063 184.47495 256.91145 286.25127 212.30759 325.05191 358.66569 421.68093000000005 395.15664000000004 437.74765 454.26514 500.34224 456.99576 339.29454 368.62763 315.96015 485.75311 631.65418 663.24485 668.46171 662.0779 688.00313 750.15425 856.41366 866.91049 827.18088 811.613 775.13623 700.39081 800.48284 691.94827 557.05651 387.1123 399.66192 339.95203000000004 216.24311 258.8641 307.01857 525.51699 688.85959 621.47016 611.19406 506.37489 592.01846 601.98479 620.96571 618.45681 577.71835 583.22087 499.29548 491.57230000000004 454.98283000000004 532.62318 728.9334299999999 781.16905 812.51029 993.93462 850.25071 653.42128 
743.27918 853.3481 940.43874 910.74027 844.70073 838.83376 823.73572 665.29976 578.04291 548.14928 520.21084 499.93058 439.5631 415.34204 359.08785 347.14606 385.08359 272.76901 259.51129 203.97572 195.91069 244.32986 247.64804 294.93221 354.01748 401.37402 455.8713 406.62941 274.02772 188.59163999999998 172.74738 135.42353 176.30265 146.01172 138.57502 0 49.46308 205.09781999999998 134.96245 198.56544 271.00257 266.23726 239.1845 389.02121 402.94881 468.12451 457.03599 522.24276 556.97662 602.02724 560.79026 445.08323 461.79663 409.3321 605.46507 750.37298 776.8067900000001 771.19458 757.42021 787.30703 853.71901 961.13107 978.4221 949.19525 936.82106 901.0604 827.27935 930.29948 818.27895 687.30372 509.9267 519.88142 456.70723 336.84265 384.4124 416.97465 623.49595 780.95546 695.6543200000001 668.02958 577.0587 647.80066 655.40133 669.45798 656.21359 605.36505 628.35958 530.04582 538.35099 470.46954 623.4713 839.42149 896.46657 933.19659 1116.41183 979.85842 778.34828 
733.68718 842.43495 929.7854 906.19276 842.07291 839.63432 819.21375 661.44351 583.88217 548.9624 529.93422 520.93562 459.55359 435.25655 375.7881 378.55335 401.32862 302.43121 290.95587 235.36268 192.53674 232.08088 231.10297 278.1549 328.74799 380.27776 427.42396 362.25857 248.56596 161.55089999999998 145.70664 124.70629 165.58541 166.37499 143.23478 49.46308 0 158.29941 184.42552999999998 244.47644 314.57678 315.7003 285.36198 431.19589 448.57619 513.75032 499.73143 560.35867 589.0217 633.96211 592.80057 475.39316 497.0838 445.73221 628.3735 774.11897 803.82339 803.70772 792.57167 821.23038 885.76194 992.98646 1006.88611 969.96955 954.59798 918.07921 843.02647 940.47231 830.79151 695.19736 501.90443 509.82431 452.2 329.43576 381.69252 420.33052 598.51025 752.67397 661.44045 629.90436 541.77736 609.61571 615.45856 621.92019 613.06894 564.38869 580.17436 485.83819 488.88791 424.22816 594.77188 820.66665 880.4861599999999 920.95256 1105.4871 976.81724 775.1054 
765.3542299999999 876.75168 962.38039 919.72697 847.38145 833.57747 833.59958 676.16168 569.6907299999999 551.57578 504.77428000000003 458.73693 402.9971 383.28503 334.68906 322.87733 360.75187 253.97472 205.37463 188.88369 233.36724 289.70772 302.04387 346.13385000000005 417.46677 455.07825 522.17534 486.24443 354.26563999999996 267.25058 251.40632 197.68398 167.33687 225.77561 154.15255 205.09781999999998 158.29941 0 70.13537 101.68206 156.27737 158.07367 139.49619 297.05572 301.47532 366.26262 362.57546 438.44326 487.60026 528.77868 492.4302 382.77497 386.60973 336.69163000000003 557.09281 697.7499600000001 715.41671 698.10174 677.18897 710.7149 779.86234 888.2090599999999 912.99225 900.67015 895.86997 862.15305 792.04252 905.56928 790.44537 672.65828 534.30499 547.40282 475.05830000000003 367.48055 404.1019 421.03889000000004 679.62154 842.83134 771.0449100000001 750.99887 653.89796 731.3317999999999 742.36222 755.70192 750.12956 702.91638 715.9779 627.7067099999999 621.94925 570.95908 685.93173 880.39278 931.42182 958.7065299999999 1137.58804 981.70871 786.02306 
