7
ENxmswyrKFmx6kenE2Ot HGIhnJcMMSfxvA7ItBsn ipp1BrlTIal0l1wf04Um 7l3db2hmRfxA3KMyMHn1 zf2EL3gQqScQND52xgkE xTg7smxupTP0EfFF0Jhg hPu8gSdqC1fZEkInO0q9
0 25.0 39.0 45.0 38.0 27.0 58.0 
25.0 0 30.0 32.0 37.0 28.0 71.0 
39.0 30.0 0 31.0 42.0 40.0 63.0 
45.0 32.0 31.0 0 25.0 44.0 71.0 
38.0 37.0 42.0 25.0 0 43.0 60.0 
27.0 28.0 40.0 44.0 43.0 0 53.0 
58.0 71.0 63.0 71.0 60.0 53.0 0 
