49
All Bonita Cherokee Clayton Presidio Glencoe McAuley Welden Woodbridge Willow Garden Vernon Green Shafter Mount Jane Woffard Laguna Kentfield Pumpkin Santa Quail Homestead Riverside Foothills Beach Kern Richvale Sherman Chinese Warner Cabbage Two Alpaugh Ames Vista Ramona Forest Cypress Elmira Granite Yurok Smoke Costa Los Delta Moccasin City Encanto
0 5028.0 8422.0 10159.0 10427.0 7438.0 10388.0 5064.0 5679.0 10793.0 7896.0 10115.0 9849.0 11541.0 6454.0 6775.0 10977.0 10798.0 6111.0 11382.0 8330.0 12001.0 7056.0 9884.0 9049.0 10233.0 8655.0 5650.0 6287.0 5079.0 8930.0 11221.0 9680.0 5790.0 5981.0 11095.0 8574.0 6357.0 10383.0 11124.0 6284.0 7651.0 11158.0 5926.0 10934.0 10467.0 5525.0 10811.0 5210.0 
5028.0 0 5046.0 9429.0 7051.0 8102.0 9005.0 9851.0 10707.0 8656.0 7639.0 8041.0 9111.0 11566.0 6479.0 6777.0 10952.0 6911.0 9268.0 9408.0 8536.0 11291.0 8394.0 7060.0 12017.0 11765.0 10382.0 5147.0 6718.0 8356.0 9317.0 6530.0 6378.0 6369.0 7812.0 7329.0 11603.0 7531.0 5355.0 10370.0 10788.0 9178.0 11582.0 10954.0 5906.0 11525.0 10553.0 8514.0 10238.0 
8422.0 5046.0 0 5080.0 10090.0 11606.0 11661.0 10860.0 10341.0 11310.0 11408.0 6311.0 7988.0 7747.0 10296.0 7690.0 12729.0 10854.0 5179.0 7120.0 12075.0 6814.0 11808.0 8006.0 11949.0 8681.0 9660.0 8910.0 6253.0 5940.0 12162.0 11335.0 10278.0 9640.0 5538.0 6823.0 7161.0 7650.0 10401.0 7304.0 12023.0 11975.0 12226.0 10471.0 10952.0 12192.0 11585.0 7841.0 11499.0 
10159.0 9429.0 5080.0 0 5010.0 10307.0 10509.0 10369.0 5261.0 10375.0 8694.0 10134.0 5537.0 10333.0 6750.0 11139.0 10886.0 7695.0 10259.0 12200.0 10786.0 7144.0 9163.0 5245.0 8526.0 11142.0 11337.0 11580.0 10460.0 6337.0 11889.0 8504.0 5198.0 10926.0 10618.0 11277.0 7905.0 10556.0 10786.0 10660.0 11384.0 7579.0 10623.0 5391.0 10678.0 9310.0 10823.0 5537.0 8538.0 
10427.0 7051.0 10090.0 5010.0 0 5297.0 5499.0 10823.0 6071.0 8283.0 10839.0 11233.0 7978.0 5323.0 10410.0 12125.0 8561.0 9828.0 8668.0 11462.0 11146.0 7027.0 7314.0 7953.0 11146.0 10497.0 11278.0 7807.0 5450.0 10947.0 11621.0 7214.0 10208.0 9271.0 8967.0 6878.0 12121.0 5546.0 10598.0 12371.0 10340.0 6951.0 11306.0 6074.0 11248.0 9773.0 11976.0 10547.0 6664.0 
7438.0 8102.0 11606.0 10307.0 5297.0 0 5263.0 6645.0 7253.0 8761.0 8246.0 11065.0 6548.0 10579.0 5492.0 10542.0 9647.0 10993.0 11724.0 6310.0 11797.0 7586.0 10912.0 10850.0 8200.0 9821.0 11624.0 8176.0 5353.0 7622.0 8039.0 11814.0 10596.0 11371.0 11372.0 6174.0 7424.0 5717.0 9918.0 7478.0 6629.0 12005.0 7360.0 5574.0 6924.0 8750.0 10837.0 9186.0 10599.0 
10388.0 9005.0 11661.0 10509.0 5499.0 5263.0 0 5324.0 9965.0 9803.0 10460.0 11485.0 11376.0 10745.0 10669.0 9262.0 7794.0 8960.0 10392.0 6756.0 10895.0 7999.0 9615.0 8780.0 10599.0 10493.0 6361.0 11066.0 10616.0 5721.0 6122.0 11177.0 11766.0 7477.0 10646.0 5581.0 8228.0 10963.0 11008.0 9320.0 6926.0 9485.0 6842.0 10837.0 7995.0 10978.0 10850.0 8017.0 10814.0 
5064.0 9851.0 10860.0 10369.0 10823.0 6645.0 5324.0 0 5108.0 8178.0 10652.0 8820.0 6666.0 10432.0 5345.0 10395.0 11514.0 11485.0 6127.0 10942.0 8454.0 8492.0 11732.0 9552.0 10748.0 5169.0 9963.0 10714.0 6464.0 10143.0 7628.0 12007.0 8028.0 9704.0 5322.0 10520.0 7056.0 8612.0 9691.0 6060.0 8717.0 5360.0 10448.0 10920.0 11060.0 7887.0 9463.0 11329.0 10274.0 
5679.0 10707.0 10341.0 5261.0 6071.0 7253.0 9965.0 5108.0 0 5114.0 5544.0 5162.0 10320.0 10720.0 6148.0 9249.0 11523.0 6461.0 9801.0 12053.0 10617.0 11010.0 7761.0 10506.0 6121.0 10277.0 6076.0 10541.0 11521.0 10758.0 10856.0 10614.0 10459.0 11241.0 10430.0 9129.0 6872.0 7283.0 6206.0 11168.0 6151.0 8159.0 5897.0 10652.0 9594.0 9137.0 5905.0 8184.0 10889.0 
10793.0 8656.0 11310.0 10375.0 8283.0 8761.0 9803.0 8178.0 5114.0 0 5502.0 9148.0 10620.0 5606.0 10693.0 6663.0 11732.0 7119.0 8337.0 10930.0 11429.0 10968.0 10999.0 5841.0 5534.0 10659.0 5629.0 7355.0 11230.0 5982.0 11058.0 11462.0 11871.0 6143.0 11507.0 8208.0 8802.0 9452.0 11152.0 12508.0 11060.0 7984.0 11011.0 11117.0 11274.0 13317.0 11019.0 11232.0 9376.0 
7896.0 7639.0 11408.0 8694.0 10839.0 8246.0 10460.0 10652.0 5544.0 5502.0 0 5097.0 10255.0 5516.0 10603.0 9248.0 7353.0 11359.0 7944.0 9406.0 10727.0 5466.0 5497.0 10762.0 5901.0 7947.0 5389.0 10624.0 11597.0 11484.0 11033.0 10549.0 8014.0 11645.0 11801.0 10680.0 12391.0 8319.0 10698.0 7835.0 11273.0 11633.0 7713.0 8259.0 7993.0 9020.0 10650.0 8016.0 10833.0 
10115.0 8041.0 6311.0 10134.0 11233.0 11065.0 11485.0 8820.0 5162.0 9148.0 5097.0 0 5158.0 10172.0 11310.0 11011.0 9919.0 11569.0 11217.0 11279.0 10407.0 10563.0 6486.0 11073.0 10998.0 11204.0 10486.0 11706.0 12149.0 7504.0 6994.0 5452.0 9484.0 11373.0 8768.0 8750.0 8343.0 10653.0 5601.0 10616.0 9305.0 9063.0 7129.0 9326.0 11147.0 5883.0 11067.0 12503.0 8825.0 
9849.0 9111.0 7988.0 5537.0 7978.0 6548.0 11376.0 6666.0 10320.0 10620.0 10255.0 5158.0 0 5014.0 9400.0 5853.0 7872.0 7069.0 6509.0 11123.0 5249.0 8010.0 10210.0 8088.0 7657.0 11258.0 8051.0 9963.0 11152.0 5655.0 10396.0 5341.0 10083.0 9091.0 9538.0 10178.0 6672.0 10301.0 5249.0 10264.0 11937.0 12026.0 5564.0 10796.0 11094.0 10838.0 10324.0 7905.0 11884.0 
11541.0 11566.0 7747.0 10333.0 5323.0 10579.0 10745.0 10432.0 10720.0 5606.0 5516.0 10172.0 5014.0 0 5087.0 6802.0 8773.0 10846.0 6888.0 11697.0 5823.0 10982.0 9238.0 5862.0 6240.0 11583.0 8172.0 9544.0 6536.0 10669.0 9845.0 10355.0 11761.0 8981.0 10362.0 5164.0 9094.0 8964.0 8762.0 12453.0 6923.0 11015.0 10190.0 11138.0 8071.0 7711.0 13094.0 11215.0 7798.0 
6454.0 6479.0 10296.0 6750.0 10410.0 5492.0 10669.0 5345.0 6148.0 10693.0 10603.0 11310.0 9400.0 5087.0 0 5050.0 10236.0 8532.0 9441.0 11205.0 10910.0 6411.0 10527.0 9812.0 5889.0 10514.0 10615.0 11186.0 5599.0 8799.0 5139.0 10194.0 11580.0 10811.0 10667.0 10251.0 10657.0 7333.0 7269.0 8504.0 7961.0 10705.0 5103.0 10335.0 10291.0 11421.0 11204.0 10378.0 10845.0 
6775.0 6777.0 7690.0 11139.0 12125.0 10542.0 9262.0 10395.0 9249.0 6663.0 9248.0 11011.0 5853.0 6802.0 5050.0 0 5186.0 10715.0 12362.0 8470.0 11102.0 9187.0 5605.0 10674.0 9243.0 11132.0 11967.0 7166.0 9852.0 11133.0 6342.0 11194.0 6530.0 11157.0 5793.0 10290.0 6785.0 11298.0 11102.0 12026.0 7535.0 6239.0 5962.0 11194.0 5241.0 11134.0 7550.0 6595.0 6839.0 
10977.0 10952.0 12729.0 10886.0 8561.0 9647.0 7794.0 11514.0 11523.0 11732.0 7353.0 9919.0 7872.0 8773.0 10236.0 5186.0 0 5529.0 11204.0 6305.0 10614.0 5915.0 10791.0 11873.0 11663.0 7976.0 6912.0 5805.0 10416.0 7147.0 11147.0 7332.0 10574.0 11206.0 8082.0 8263.0 10257.0 6112.0 7264.0 11909.0 9390.0 11425.0 10732.0 11083.0 8121.0 9455.0 7128.0 11658.0 12025.0 
10798.0 6911.0 10854.0 7695.0 9828.0 10993.0 8960.0 11485.0 6461.0 7119.0 11359.0 11569.0 7069.0 10846.0 8532.0 10715.0 5529.0 0 5675.0 5838.0 11154.0 5893.0 8160.0 11207.0 8564.0 8441.0 11534.0 11097.0 7282.0 10885.0 9629.0 11839.0 12394.0 9612.0 7085.0 9495.0 10462.0 6837.0 11889.0 12344.0 11515.0 6125.0 10911.0 5931.0 9735.0 11957.0 12366.0 11993.0 7415.0 
6111.0 9268.0 5179.0 10259.0 8668.0 11724.0 10392.0 6127.0 9801.0 8337.0 7944.0 11217.0 6509.0 6888.0 9441.0 12362.0 11204.0 5675.0 0 5414.0 9802.0 6411.0 11708.0 12419.0 9047.0 8117.0 5859.0 11094.0 6373.0 11119.0 9034.0 11850.0 13179.0 9486.0 10717.0 9646.0 8690.0 10695.0 11758.0 7359.0 11558.0 8915.0 8362.0 11606.0 12746.0 7013.0 10582.0 11820.0 9365.0 
11382.0 9408.0 7120.0 12200.0 11462.0 6310.0 6756.0 10942.0 12053.0 10930.0 9406.0 11279.0 11123.0 11697.0 11205.0 8470.0 6305.0 5838.0 5414.0 0 5874.0 10465.0 10696.0 7005.0 5932.0 6222.0 6887.0 8220.0 11269.0 10595.0 10631.0 9686.0 12525.0 9729.0 12658.0 9639.0 6473.0 5916.0 10968.0 12033.0 10514.0 11762.0 9795.0 7653.0 9988.0 9587.0 10796.0 11308.0 11875.0 
8330.0 8536.0 12075.0 10786.0 11146.0 11797.0 10895.0 8454.0 10617.0 11429.0 10727.0 10407.0 5249.0 5823.0 10910.0 11102.0 10614.0 11154.0 9802.0 5874.0 0 5261.0 8609.0 6889.0 6695.0 7918.0 9110.0 6819.0 12248.0 7033.0 10828.0 10590.0 8124.0 11303.0 11094.0 7061.0 11921.0 11203.0 6151.0 11166.0 10634.0 7355.0 10244.0 11276.0 7409.0 6158.0 9857.0 9787.0 7645.0 
12001.0 11291.0 6814.0 7144.0 7027.0 7586.0 7999.0 8492.0 11010.0 10968.0 5466.0 10563.0 8010.0 10982.0 6411.0 9187.0 5915.0 5893.0 6411.0 10465.0 5261.0 0 5297.0 7688.0 6593.0 6989.0 5874.0 11109.0 8182.0 11153.0 5567.0 6056.0 11495.0 9438.0 7881.0 8940.0 12063.0 8383.0 10883.0 8109.0 11416.0 6167.0 11514.0 9355.0 11388.0 6064.0 11004.0 10857.0 7808.0 
7056.0 8394.0 11808.0 9163.0 7314.0 10912.0 9615.0 11732.0 7761.0 10999.0 5497.0 6486.0 10210.0 9238.0 10527.0 5605.0 10791.0 8160.0 11708.0 10696.0 8609.0 5297.0 0 5265.0 10456.0 10588.0 8583.0 11047.0 10822.0 10323.0 10864.0 10772.0 10952.0 9412.0 11398.0 13105.0 12100.0 11851.0 6799.0 10302.0 10820.0 9745.0 6443.0 10541.0 6539.0 9999.0 6146.0 10807.0 6888.0 
9884.0 7060.0 8006.0 5245.0 7953.0 10850.0 8780.0 9552.0 10506.0 5841.0 10762.0 11073.0 8088.0 5862.0 9812.0 10674.0 11873.0 11207.0 12419.0 7005.0 6889.0 7688.0 5265.0 0 5191.0 8704.0 7588.0 8707.0 10887.0 11582.0 10571.0 5621.0 9892.0 11014.0 10704.0 8304.0 7079.0 11370.0 10665.0 11866.0 6139.0 11675.0 5494.0 5276.0 5433.0 11111.0 11317.0 9295.0 5940.0 
9049.0 12017.0 11949.0 8526.0 11146.0 8200.0 10599.0 10748.0 6121.0 5534.0 5901.0 10998.0 7657.0 6240.0 5889.0 9243.0 11663.0 8564.0 9047.0 5932.0 6695.0 6593.0 10456.0 5191.0 0 5579.0 9683.0 11662.0 5696.0 11193.0 7726.0 10812.0 7184.0 11677.0 12039.0 11404.0 10653.0 6179.0 6662.0 11677.0 8911.0 7315.0 10685.0 10467.0 7047.0 12657.0 10789.0 12463.0 10942.0 
10233.0 11765.0 8681.0 11142.0 10497.0 9821.0 10493.0 5169.0 10277.0 10659.0 7947.0 11204.0 11258.0 11583.0 10514.0 11132.0 7976.0 8441.0 8117.0 6222.0 7918.0 6989.0 10588.0 8704.0 5579.0 0 5030.0 10130.0 5047.0 7804.0 11723.0 12207.0 11362.0 11770.0 10491.0 8622.0 5074.0 5866.0 10918.0 6304.0 11067.0 10529.0 7515.0 5751.0 5891.0 11556.0 7146.0 6909.0 10293.0 
8655.0 10382.0 9660.0 11337.0 11278.0 11624.0 6361.0 9963.0 6076.0 5629.0 5389.0 10486.0 8051.0 8172.0 10615.0 11967.0 6912.0 11534.0 5859.0 6887.0 9110.0 5874.0 8583.0 7588.0 9683.0 5030.0 0 5235.0 10077.0 9018.0 11441.0 11930.0 7770.0 7528.0 8364.0 9397.0 8680.0 6847.0 9965.0 7119.0 7067.0 12041.0 11128.0 10781.0 8914.0 11104.0 11267.0 6837.0 9137.0 
5650.0 5147.0 8910.0 11580.0 7807.0 8176.0 11066.0 10714.0 10541.0 7355.0 10624.0 11706.0 9963.0 9544.0 11186.0 7166.0 5805.0 11097.0 11094.0 8220.0 6819.0 11109.0 11047.0 8707.0 11662.0 10130.0 5235.0 0 5966.0 10729.0 9409.0 11528.0 11525.0 9070.0 6084.0 11212.0 6456.0 9946.0 9997.0 11233.0 7812.0 8489.0 7483.0 8015.0 10839.0 7807.0 10792.0 11304.0 10860.0 
6287.0 6718.0 6253.0 10460.0 5450.0 5353.0 10616.0 6464.0 11521.0 11230.0 11597.0 12149.0 11152.0 6536.0 5599.0 9852.0 10416.0 7282.0 6373.0 11269.0 12248.0 8182.0 10822.0 10887.0 5696.0 5047.0 10077.0 5966.0 0 5497.0 6993.0 8006.0 11560.0 10993.0 9984.0 7587.0 10121.0 10913.0 11881.0 11351.0 11680.0 7700.0 10702.0 10798.0 7783.0 8935.0 7853.0 6767.0 5246.0 
5079.0 8356.0 5940.0 6337.0 10947.0 7622.0 5721.0 10143.0 10758.0 5982.0 11484.0 7504.0 5655.0 10669.0 8799.0 11133.0 7147.0 10885.0 11119.0 10595.0 7033.0 11153.0 10323.0 11582.0 11193.0 7804.0 9018.0 10729.0 5497.0 0 6222.0 8086.0 7242.0 6546.0 9618.0 7427.0 9679.0 10379.0 10904.0 10277.0 6757.0 10550.0 7252.0 11005.0 10673.0 8334.0 10604.0 9693.0 10182.0 
8930.0 9317.0 12162.0 11889.0 11621.0 8039.0 6122.0 7628.0 10856.0 11058.0 11033.0 6994.0 10396.0 9845.0 5139.0 6342.0 11147.0 9629.0 9034.0 10631.0 10828.0 5567.0 10864.0 10571.0 7726.0 11723.0 11441.0 9409.0 6993.0 6222.0 0 5055.0 10494.0 12373.0 8632.0 11013.0 12188.0 9942.0 10876.0 12845.0 8457.0 10420.0 10242.0 8690.0 11583.0 11631.0 7219.0 10620.0 11870.0 
11221.0 6530.0 11335.0 8504.0 7214.0 11814.0 11177.0 12007.0 10614.0 11462.0 10549.0 5452.0 5341.0 10355.0 10194.0 11194.0 7332.0 11839.0 11850.0 9686.0 10590.0 6056.0 10772.0 5621.0 10812.0 12207.0 11930.0 11528.0 8006.0 8086.0 5055.0 0 5439.0 11167.0 7338.0 6006.0 7133.0 9781.0 10590.0 7895.0 10850.0 7621.0 10905.0 9558.0 11054.0 7694.0 5696.0 10982.0 6815.0 
9680.0 6378.0 10278.0 5198.0 10208.0 10596.0 11766.0 8028.0 10459.0 11871.0 8014.0 9484.0 10083.0 11761.0 11580.0 6530.0 10574.0 12394.0 13179.0 12525.0 8124.0 11495.0 10952.0 9892.0 7184.0 11362.0 7770.0 11525.0 11560.0 7242.0 10494.0 5439.0 0 5728.0 11092.0 11445.0 11401.0 7090.0 6386.0 11401.0 10312.0 12593.0 12101.0 6869.0 11771.0 6166.0 5818.0 10735.0 9073.0 
5790.0 6369.0 9640.0 10926.0 9271.0 11371.0 7477.0 9704.0 11241.0 6143.0 11645.0 11373.0 9091.0 8981.0 10811.0 11157.0 11206.0 9612.0 9486.0 9729.0 11303.0 9438.0 9412.0 11014.0 11677.0 11770.0 7528.0 9070.0 10993.0 6546.0 12373.0 11167.0 5728.0 0 5364.0 10562.0 11289.0 8925.0 11683.0 6668.0 11049.0 11453.0 6988.0 11716.0 6502.0 10145.0 11315.0 11212.0 9469.0 
5981.0 7812.0 5538.0 10618.0 8967.0 11372.0 10646.0 5322.0 10430.0 11507.0 11801.0 8768.0 9538.0 10362.0 10667.0 5793.0 8082.0 7085.0 10717.0 12658.0 11094.0 7881.0 11398.0 10704.0 12039.0 10491.0 8364.0 6084.0 9984.0 9618.0 8632.0 7338.0 11092.0 5364.0 0 5198.0 8593.0 6799.0 11851.0 11382.0 12265.0 7203.0 6914.0 11907.0 9239.0 6876.0 6047.0 6007.0 7023.0 
11095.0 7329.0 6823.0 11277.0 6878.0 6174.0 5581.0 10520.0 9129.0 8208.0 10680.0 8750.0 10178.0 5164.0 10251.0 10290.0 8263.0 9495.0 9646.0 9639.0 7061.0 8940.0 13105.0 8304.0 11404.0 8622.0 9397.0 11212.0 7587.0 7427.0 11013.0 6006.0 11445.0 10562.0 5198.0 0 5243.0 11408.0 11107.0 11934.0 9470.0 5920.0 11471.0 11748.0 10611.0 11447.0 7930.0 9196.0 6437.0 
8574.0 11603.0 7161.0 7905.0 12121.0 7424.0 8228.0 7056.0 6872.0 8802.0 12391.0 8343.0 6672.0 9094.0 10657.0 6785.0 10257.0 10462.0 8690.0 6473.0 11921.0 12063.0 12100.0 7079.0 10653.0 5074.0 8680.0 6456.0 10121.0 9679.0 12188.0 7133.0 11401.0 11289.0 8593.0 5243.0 0 6768.0 11575.0 7819.0 8706.0 9104.0 7740.0 6908.0 8772.0 11419.0 11696.0 11901.0 11275.0 
6357.0 7531.0 7650.0 10556.0 5546.0 5717.0 10963.0 8612.0 7283.0 9452.0 8319.0 10653.0 10301.0 8964.0 7333.0 11298.0 6112.0 6837.0 10695.0 5916.0 11203.0 8383.0 11851.0 11370.0 6179.0 5866.0 6847.0 9946.0 10913.0 10379.0 9942.0 9781.0 7090.0 8925.0 6799.0 11408.0 6768.0 0 5052.0 8284.0 11263.0 6347.0 7617.0 11291.0 9843.0 12367.0 8320.0 7954.0 10343.0 
10383.0 5355.0 10401.0 10786.0 10598.0 9918.0 11008.0 9691.0 6206.0 11152.0 10698.0 5601.0 5249.0 8762.0 7269.0 11102.0 7264.0 11889.0 11758.0 10968.0 6151.0 10883.0 6799.0 10665.0 6662.0 10918.0 9965.0 9997.0 11881.0 10904.0 10876.0 10590.0 6386.0 11683.0 11851.0 11107.0 11575.0 5052.0 0 5015.0 10742.0 11399.0 10811.0 11843.0 11261.0 11484.0 10259.0 12642.0 6635.0 
11124.0 10370.0 7304.0 10660.0 12371.0 7478.0 9320.0 6060.0 11168.0 12508.0 7835.0 10616.0 10264.0 12453.0 8504.0 12026.0 11909.0 12344.0 7359.0 12033.0 11166.0 8109.0 10302.0 11866.0 11677.0 6304.0 7119.0 11233.0 11351.0 10277.0 12845.0 7895.0 11401.0 6668.0 11382.0 11934.0 7819.0 8284.0 5015.0 0 5727.0 10609.0 11077.0 11038.0 10732.0 11026.0 11036.0 10293.0 10241.0 
6284.0 10788.0 12023.0 11384.0 10340.0 6629.0 6926.0 8717.0 6151.0 11060.0 11273.0 9305.0 11937.0 6923.0 7961.0 7535.0 9390.0 11515.0 11558.0 10514.0 10634.0 11416.0 10820.0 6139.0 8911.0 11067.0 7067.0 7812.0 11680.0 6757.0 8457.0 10850.0 10312.0 11049.0 12265.0 9470.0 8706.0 11263.0 10742.0 5727.0 0 5536.0 11633.0 11415.0 11437.0 8105.0 7061.0 8132.0 11494.0 
7651.0 9178.0 11975.0 7579.0 6951.0 12005.0 9485.0 5360.0 8159.0 7984.0 11633.0 9063.0 12026.0 11015.0 10705.0 6239.0 11425.0 6125.0 8915.0 11762.0 7355.0 6167.0 9745.0 11675.0 7315.0 10529.0 12041.0 8489.0 7700.0 10550.0 10420.0 7621.0 12593.0 11453.0 7203.0 5920.0 9104.0 6347.0 11399.0 10609.0 5536.0 0 8169.0 12056.0 11005.0 12231.0 12420.0 10536.0 9712.0 
11158.0 11582.0 12226.0 10623.0 11306.0 7360.0 6842.0 10448.0 5897.0 11011.0 7713.0 7129.0 5564.0 10190.0 5103.0 5962.0 10732.0 10911.0 8362.0 9795.0 10244.0 11514.0 6443.0 5494.0 10685.0 7515.0 11128.0 7483.0 10702.0 7252.0 10242.0 10905.0 12101.0 6988.0 6914.0 11471.0 7740.0 7617.0 10811.0 11077.0 11633.0 8169.0 0 5232.0 8804.0 11934.0 11034.0 7478.0 7621.0 
5926.0 10954.0 10471.0 5391.0 6074.0 5574.0 10837.0 10920.0 10652.0 11117.0 8259.0 9326.0 10796.0 11138.0 10335.0 11194.0 11083.0 5931.0 11606.0 7653.0 11276.0 9355.0 10541.0 5276.0 10467.0 5751.0 10781.0 8015.0 10798.0 11005.0 8690.0 9558.0 6869.0 11716.0 11907.0 11748.0 6908.0 11291.0 11843.0 11038.0 11415.0 12056.0 5232.0 0 7835.0 8532.0 11451.0 8928.0 6805.0 
10934.0 5906.0 10952.0 10678.0 11248.0 6924.0 7995.0 11060.0 9594.0 11274.0 7993.0 11147.0 11094.0 8071.0 10291.0 5241.0 8121.0 9735.0 12746.0 9988.0 7409.0 11388.0 6539.0 5433.0 7047.0 5891.0 8914.0 10839.0 7783.0 10673.0 11583.0 11054.0 11771.0 6502.0 9239.0 10611.0 8772.0 9843.0 11261.0 10732.0 11437.0 11005.0 8804.0 7835.0 0 8831.0 12114.0 10689.0 10637.0 
10467.0 11525.0 12192.0 9310.0 9773.0 8750.0 10978.0 7887.0 9137.0 13317.0 9020.0 5883.0 10838.0 7711.0 11421.0 11134.0 9455.0 11957.0 7013.0 9587.0 6158.0 6064.0 9999.0 11111.0 12657.0 11556.0 11104.0 7807.0 8935.0 8334.0 11631.0 7694.0 6166.0 10145.0 6876.0 11447.0 11419.0 12367.0 11484.0 11026.0 8105.0 12231.0 11934.0 8532.0 8831.0 0 6396.0 11680.0 11208.0 
5525.0 10553.0 11585.0 10823.0 11976.0 10837.0 10850.0 9463.0 5905.0 11019.0 10650.0 11067.0 10324.0 13094.0 11204.0 7550.0 7128.0 12366.0 10582.0 10796.0 9857.0 11004.0 6146.0 11317.0 10789.0 7146.0 11267.0 10792.0 7853.0 10604.0 7219.0 5696.0 5818.0 11315.0 6047.0 7930.0 11696.0 8320.0 10259.0 11036.0 7061.0 12420.0 11034.0 11451.0 12114.0 6396.0 0 5286.0 9863.0 
10811.0 8514.0 7841.0 5537.0 10547.0 9186.0 8017.0 11329.0 8184.0 11232.0 8016.0 12503.0 7905.0 11215.0 10378.0 6595.0 11658.0 11993.0 11820.0 11308.0 9787.0 10857.0 10807.0 9295.0 12463.0 6909.0 6837.0 11304.0 6767.0 9693.0 10620.0 10982.0 10735.0 11212.0 6007.0 9196.0 11901.0 7954.0 12642.0 10293.0 8132.0 10536.0 7478.0 8928.0 10689.0 11680.0 5286.0 0 6353.0 
5210.0 10238.0 11499.0 8538.0 6664.0 10599.0 10814.0 10274.0 10889.0 9376.0 10833.0 8825.0 11884.0 7798.0 10845.0 6839.0 12025.0 7415.0 9365.0 11875.0 7645.0 7808.0 6888.0 5940.0 10942.0 10293.0 9137.0 10860.0 5246.0 10182.0 11870.0 6815.0 9073.0 9469.0 7023.0 6437.0 11275.0 10343.0 6635.0 10241.0 11494.0 9712.0 7621.0 6805.0 10637.0 11208.0 9863.0 6353.0 0 
