24
Meyers Calaveras Ames Santa Richvale Carmel Laguna Boulevard Banning Merced Oceanside Chinese Fremont Clayton Ida 18th Smoke Balsdon Fiorini Linden Warner All Hume Potrero
0 5083.0 10445.0 12645.0 14792.0 14256.0 11315.0 9686.0 13135.0 11950.0 11738.0 12962.0 12002.0 7766.0 7846.0 9058.0 6694.0 13053.0 11500.0 11579.0 9426.0 5513.0 11057.0 5368.0 
5083.0 0 5362.0 10767.0 11094.0 11720.0 9258.0 6021.0 11523.0 11584.0 9978.0 12026.0 8118.0 5744.0 11402.0 11080.0 11428.0 9123.0 8132.0 10927.0 7427.0 9930.0 12351.0 6662.0 
10445.0 5362.0 0 5405.0 5732.0 7188.0 5940.0 6092.0 11594.0 11284.0 7415.0 11316.0 6217.0 11106.0 10568.0 5718.0 10745.0 5965.0 10989.0 8970.0 11108.0 11309.0 11582.0 12024.0 
12645.0 10767.0 5405.0 0 6401.0 11566.0 11345.0 9591.0 10459.0 9066.0 11214.0 11406.0 11003.0 12193.0 10902.0 11123.0 8709.0 10344.0 11725.0 11621.0 7922.0 10763.0 9714.0 7842.0 
14792.0 11094.0 5732.0 6401.0 0 5165.0 8241.0 11824.0 6673.0 7607.0 7057.0 6036.0 6373.0 12153.0 7179.0 11450.0 8917.0 10435.0 10892.0 11511.0 8622.0 10730.0 5850.0 11539.0 
14256.0 11720.0 7188.0 11566.0 5165.0 0 6479.0 12303.0 9075.0 11503.0 7738.0 10848.0 9042.0 12603.0 12344.0 7066.0 12093.0 11060.0 7376.0 11481.0 6994.0 11355.0 10745.0 11629.0 
11315.0 9258.0 5940.0 11345.0 8241.0 6479.0 0 6107.0 11228.0 9897.0 6853.0 6541.0 9219.0 13307.0 12691.0 11658.0 7663.0 11905.0 11589.0 12228.0 11185.0 6552.0 7165.0 12854.0 
9686.0 6021.0 6092.0 9591.0 11824.0 12303.0 6107.0 0 5502.0 5563.0 10663.0 11041.0 10638.0 9903.0 12859.0 10552.0 9528.0 11424.0 9834.0 10830.0 11507.0 6286.0 13059.0 12496.0 
13135.0 11523.0 11594.0 10459.0 6673.0 9075.0 11228.0 5502.0 0 5150.0 10250.0 11537.0 8763.0 6569.0 10827.0 8982.0 6674.0 10269.0 11650.0 8303.0 7348.0 11587.0 12206.0 7767.0 
11950.0 11584.0 11284.0 9066.0 7607.0 11503.0 9897.0 5563.0 5150.0 0 5100.0 6387.0 11564.0 11719.0 7897.0 5566.0 10593.0 10732.0 11291.0 8332.0 6257.0 6437.0 10832.0 6933.0 
11738.0 9978.0 7415.0 11214.0 7057.0 7738.0 6853.0 10663.0 10250.0 5100.0 0 5271.0 10448.0 8141.0 11175.0 10666.0 7062.0 11718.0 6191.0 9584.0 11357.0 7152.0 6646.0 12033.0 
12962.0 12026.0 11316.0 11406.0 6036.0 10848.0 6541.0 11041.0 11537.0 6387.0 5271.0 0 5177.0 9989.0 11170.0 7837.0 7892.0 6788.0 10949.0 12323.0 12644.0 9749.0 10177.0 7815.0 
12002.0 8118.0 6217.0 11003.0 6373.0 9042.0 9219.0 10638.0 8763.0 11564.0 10448.0 5177.0 0 5780.0 6016.0 11686.0 10920.0 8408.0 8348.0 7146.0 11530.0 10920.0 12223.0 12992.0 
7766.0 5744.0 11106.0 12193.0 12153.0 12603.0 13307.0 9903.0 6569.0 11719.0 8141.0 9989.0 5780.0 0 5912.0 6451.0 11478.0 11617.0 9009.0 12022.0 12901.0 12042.0 7847.0 8261.0 
7846.0 11402.0 10568.0 10902.0 7179.0 12344.0 12691.0 12859.0 10827.0 7897.0 11175.0 11170.0 6016.0 5912.0 0 7526.0 10764.0 10712.0 10843.0 11989.0 8192.0 12522.0 13029.0 13214.0 
9058.0 11080.0 5718.0 11123.0 11450.0 7066.0 11658.0 10552.0 8982.0 5566.0 10666.0 7837.0 11686.0 6451.0 7526.0 0 5027.0 5166.0 10693.0 5787.0 11823.0 5591.0 8270.0 7067.0 
6694.0 11428.0 10745.0 8709.0 8917.0 12093.0 7663.0 9528.0 6674.0 10593.0 7062.0 7892.0 10920.0 11478.0 10764.0 5027.0 0 6359.0 11185.0 10814.0 11402.0 10618.0 13297.0 12062.0 
13053.0 9123.0 5965.0 10344.0 10435.0 11060.0 11905.0 11424.0 10269.0 10732.0 11718.0 6788.0 8408.0 11617.0 10712.0 5166.0 6359.0 0 5527.0 10602.0 6681.0 10757.0 10389.0 12233.0 
11500.0 8132.0 10989.0 11725.0 10892.0 7376.0 11589.0 9834.0 11650.0 11291.0 6191.0 10949.0 8348.0 9009.0 10843.0 10693.0 11185.0 5527.0 0 9466.0 11774.0 11269.0 10846.0 11833.0 
11579.0 10927.0 8970.0 11621.0 11511.0 11481.0 12228.0 10830.0 8303.0 8332.0 9584.0 12323.0 7146.0 12022.0 11989.0 5787.0 10814.0 10602.0 9466.0 0 6220.0 11218.0 12237.0 7236.0 
9426.0 7427.0 11108.0 7922.0 8622.0 6994.0 11185.0 11507.0 7348.0 6257.0 11357.0 12644.0 11530.0 12901.0 8192.0 11823.0 11402.0 6681.0 11774.0 6220.0 0 7540.0 7870.0 7844.0 
5513.0 9930.0 11309.0 10763.0 10730.0 11355.0 6552.0 6286.0 11587.0 6437.0 7152.0 9749.0 10920.0 12042.0 12522.0 5591.0 10618.0 10757.0 11269.0 11218.0 7540.0 0 10684.0 7221.0 
11057.0 12351.0 11582.0 9714.0 5850.0 10745.0 7165.0 13059.0 12206.0 10832.0 6646.0 10177.0 12223.0 7847.0 13029.0 8270.0 13297.0 10389.0 10846.0 12237.0 7870.0 10684.0 0 5689.0 
5368.0 6662.0 12024.0 7842.0 11539.0 11629.0 12854.0 12496.0 7767.0 6933.0 12033.0 7815.0 12992.0 8261.0 13214.0 7067.0 12062.0 12233.0 11833.0 7236.0 7844.0 7221.0 5689.0 0 
