15
4 21 12 3 29 30 9 16 28 20 31 40 35 11 1
0 3.0 4.0 3.0 2.0 5.0 5.0 4.0 9.0 11.0 9.0 11.0 19.0 2.0 1.0 
3.0 0 1.0 4.0 3.0 6.0 6.0 5.0 10.0 12.0 10.0 12.0 20.0 3.0 2.0 
4.0 1.0 0 5.0 4.0 7.0 7.0 6.0 11.0 13.0 11.0 13.0 21.0 4.0 3.0 
3.0 4.0 5.0 0 3.0 6.0 6.0 5.0 10.0 12.0 10.0 12.0 20.0 3.0 2.0 
2.0 3.0 4.0 3.0 0 3.0 5.0 4.0 9.0 11.0 9.0 9.0 17.0 2.0 1.0 
5.0 6.0 7.0 6.0 3.0 0 4.0 5.0 12.0 14.0 12.0 6.0 14.0 5.0 4.0 
5.0 6.0 7.0 6.0 5.0 4.0 0 1.0 12.0 14.0 12.0 10.0 18.0 3.0 4.0 
4.0 5.0 6.0 5.0 4.0 5.0 1.0 0 11.0 13.0 11.0 11.0 19.0 2.0 3.0 
9.0 10.0 11.0 10.0 9.0 12.0 12.0 11.0 0 2.0 4.0 18.0 26.0 9.0 8.0 
11.0 12.0 13.0 12.0 11.0 14.0 14.0 13.0 2.0 0 2.0 20.0 28.0 11.0 10.0 
9.0 10.0 11.0 10.0 9.0 12.0 12.0 11.0 4.0 2.0 0 18.0 26.0 9.0 8.0 
11.0 12.0 13.0 12.0 9.0 6.0 10.0 11.0 18.0 20.0 18.0 0 8.0 11.0 10.0 
19.0 20.0 21.0 20.0 17.0 14.0 18.0 19.0 26.0 28.0 26.0 8.0 0 19.0 18.0 
2.0 3.0 4.0 3.0 2.0 5.0 3.0 2.0 9.0 11.0 9.0 11.0 19.0 0 1.0 
1.0 2.0 3.0 2.0 1.0 4.0 4.0 3.0 8.0 10.0 8.0 10.0 18.0 1.0 0 
