24
12 8 13 16 21 9 24 20 19 1 6 25 3 4 22 15 17 41 2 10 14 5 23 0
0 224.68 420.55 234.25 415.01 258.19 259.58 256.76 445.01 241.25 227.1 424.87 409.94 253.81 436.40999999999997 231.56 444.5 402.99 246.23 270.79 409.94 234.15 446.24 213.72 
224.68 0 195.87 397.45000000000005 228.72 238.16 453.04999999999995 435.61 243.32 442.65 219.54 424.29999999999995 426.99 424.09000000000003 241.5 420.71000000000004 459.58000000000004 213.23 249.24 441.08000000000004 254.18 451.24 221.56 424.6 
420.55 195.87 0 201.58 382.34000000000003 256.76 418.87 239.74 429.47 248.13 215.24 420.0 427.04999999999995 228.22 404.73 224.84 452.92 213.29 217.2 246.85 251.79 406.14 417.43 228.73 
234.25 397.45000000000005 201.58 0 180.76 413.45 422.15999999999997 441.32000000000005 228.89 416.29 193.18 397.94 400.48 422.72 203.15 204.72 251.34 208.81 382.57 437.38 217.73 204.56 418.97 249.41 
415.01 228.72 382.34000000000003 180.76 0 232.69 433.78999999999996 470.57 256.78 424.21000000000004 373.94 408.45 404.48 436.99 383.90999999999997 247.56 239.29 210.72 384.48 427.6 398.49 385.32 238.21 430.16999999999996 
258.19 238.16 256.76 413.45 232.69 0 230.68 254.72 446.90999999999997 461.61 283.27 427.01 239.57 434.01 433.97 239.16 471.98 419.94 418.51 456.52 239.2 256.81 248.21 259.51 
259.58 453.04999999999995 418.87 422.15999999999997 433.78999999999996 230.68 0 210.19 216.23 424.48 249.25 411.34000000000003 436.46 448.11 230.5 435.35 467.53999999999996 389.46 388.03 449.86 436.46 243.72 258.38 246.17 
256.76 435.61 239.74 441.32000000000005 470.57 254.72 210.19 0 224.73 432.98 271.78 418.47 437.49 249.26 239.52 444.37 470.58000000000004 407.4 405.97 256.89 248.22 415.48 247.76 456.36 
445.01 243.32 429.47 228.89 256.78 446.90999999999997 216.23 224.73 0 208.25 228.18 432.94 429.94 231.88 256.72 239.41 251.31 216.18 224.76 444.75 435.42 240.22 240.76 444.82 
241.25 442.65 248.13 416.29 424.21000000000004 461.61 424.48 432.98 208.25 0 223.11 427.87 408.99 239.31 429.03 224.18 451.92 406.11 411.64 454.15 227.72 224.25 234.79 236.57 
227.1 219.54 215.24 193.18 373.94 283.27 249.25 271.78 228.18 223.11 0 204.76 394.33 273.76 236.52 254.39 444.52 204.54 228.51 256.29 410.90999999999997 397.74 253.57 440.82 
424.87 424.29999999999995 420.0 397.94 408.45 427.01 411.34000000000003 418.47 432.94 427.87 204.76 0 189.57 234.76 403.46000000000004 236.85 250.31 393.28 391.85 258.22 407.46 401.36 416.71 425.39 
409.94 426.99 427.04999999999995 400.48 404.48 239.57 436.46 437.49 429.94 408.99 394.33 189.57 0 206.57 224.28 210.76 249.54 213.76 210.56 420.90999999999997 240.85 227.25 227.14 235.82 
253.81 424.09000000000003 228.22 422.72 436.99 434.01 448.11 249.26 231.88 239.31 273.76 234.76 206.57 0 219.57 417.33 229.52 412.46 238.7 441.52 444.67999999999995 433.82 249.26 251.21 
436.40999999999997 241.5 404.73 203.15 383.90999999999997 433.97 230.5 239.52 256.72 429.03 236.52 403.46000000000004 224.28 219.57 0 204.85 449.09000000000003 404.72 230.96 432.97 420.88 407.71000000000004 436.17 228.82 
231.56 420.71000000000004 224.84 204.72 247.56 239.16 435.35 444.37 239.41 224.18 254.39 236.85 210.76 417.33 204.85 0 246.57 219.74 393.5 448.31 422.45 409.28 437.9 433.66999999999996 
444.5 459.58000000000004 452.92 251.34 239.29 471.98 467.53999999999996 470.58000000000004 251.31 451.92 444.52 250.31 249.54 229.52 449.09000000000003 246.57 0 440.06 460.1 434.90999999999997 441.84 440.02 444.56 256.21 
402.99 213.23 213.29 208.81 210.72 419.94 389.46 407.4 216.18 406.11 204.54 393.28 213.76 412.46 404.72 219.74 440.06 0 173.76 228.57 219.24 379.48 246.87 425.03 
246.23 249.24 217.2 382.57 384.48 418.51 388.03 405.97 224.76 411.64 228.51 391.85 210.56 238.7 230.96 393.5 460.1 173.76 0 230.8 393.0 378.05 420.63 251.27 
270.79 441.08000000000004 246.85 437.38 427.6 456.52 449.86 256.89 444.75 454.15 256.29 258.22 420.90999999999997 441.52 432.97 448.31 434.90999999999997 228.57 230.8 0 227.25 439.88 446.78999999999996 460.78 
409.94 254.18 251.79 217.73 398.49 239.2 436.46 248.22 435.42 227.72 410.90999999999997 407.46 240.85 444.67999999999995 420.88 422.45 441.84 219.24 393.0 227.25 0 274.35 435.44 256.73 
234.15 451.24 406.14 204.56 385.32 256.81 243.72 415.48 240.22 224.25 397.74 401.36 227.25 433.82 407.71000000000004 409.28 440.02 379.48 378.05 439.88 274.35 0 243.34 224.15 
446.24 221.56 417.43 418.97 238.21 248.21 258.38 247.76 240.76 234.79 253.57 416.71 227.14 249.26 436.17 437.9 444.56 246.87 420.63 446.78999999999996 435.44 243.34 0 254.57 
213.72 424.6 228.73 249.41 430.16999999999996 259.51 246.17 456.36 444.82 236.57 440.82 425.39 235.82 251.21 228.82 433.66999999999996 256.21 425.03 251.27 460.78 256.73 224.15 254.57 0 
