97
Toolbox153 Ring169 Puppy140 Mail22 Allergies103 Whale137 Toolbox146 Monster73 Websites4 Clock139 Soap64 Crab83 Poop150 Robot93 Leash77 System156 Nuclear18 Solar130 Book171 Light30 Toolbox72 Ice9 Solar162 Website190 Water135 Rollers95 Kitty98 Laptop125 Water29 Solar192 Soda119 Drugs195 Hnads116 Drugs39 System79 Dislike143 Allergies176 Towel154 Boat67 Shoes8 Dislike12 Soap58 Dog181 Shoe174 Shoe17 Hnads182 Plus78 Urine97 Settings75 Flowers178 Dislike27 Book24 Soda197 Shelf40 Ice41 Laptop19 Robot51 Plants118 Solar71 Fusion104 Poop80 Breakfast85 Nuclear35 Rollers14 BBQ36 Urine20 Kitty89 Horse148 Clock2 Puppy117 Ice165 Water38 Body55 Mail6 Poop76 Clock61 Cat187 Printer188 Sink109 Shower47 Shower57 Whale126 Post158 Towel92 Robot164 Whale114 Urine124 Male149 Ring82 Android196 Dog168 Monster175 Kitty194 Allergies88 YouTube33 System183 Shelf0
0 15666820.0 21043179.0 27948731.0 38460213.0 30558954.0 34336339.0 41083636.0 62362788.0 74941594.0 94471146.0 95068059.0 84665245.0 77898598.0 95003545.0 78373731.0 69995705.0 53899697.0 52889118.0 49072526.0 65851429.0 88386484.0 93308810.0 101481035.0 117941774.0 131079050.0 136362890.0 137526626.0 135217592.0 132153214.0 128741265.0 163252532.0 176662363.0 172317943.0 167184846.0 169942594.0 171651290.0 171820759.0 170683219.0 167893646.0 167110110.0 178846042.0 191718960.0 182460639.0 147582479.0 152990578.0 161839853.0 149183246.0 124332566.0 118911847.0 115742294.0 115347992.0 114213745.0 134561466.0 128101456.0 124448559.0 136499736.0 178098283.0 194548102.0 201934313.0 222460950.0 180123506.0 187356955.0 180028769.0 179542552.0 181136849.0 175496382.0 155322818.0 148484677.0 158268956.0 162682966.0 162896084.0 136812960.0 130882115.0 118896425.0 101380519.0 101476541.0 97923029.0 106351734.0 109634050.0 99801484.0 91580381.0 91727285.0 63764773.0 59029950.0 67235298.0 49293064.0 48034083.0 43867844.0 41898220.0 44382786.0 79632203.0 119837572.0 96701092.0 117578948.0 155705765.0 17220592.0 
15666820.0 0 11819589.0 18725141.0 29236623.0 14892134.0 18669519.0 32656821.0 60667023.0 70944967.0 88205178.0 89082768.0 74628337.0 67686767.0 85050003.0 71983233.0 59718387.0 47571462.0 39302255.0 33830022.0 52385719.0 75991119.0 79864548.0 88346013.0 107422533.0 121206100.0 126489940.0 127941884.0 125583238.0 126188045.0 122876991.0 155972099.0 169667974.0 164042806.0 161206669.0 160481201.0 161409526.0 161543441.0 158420512.0 155315899.0 154318939.0 165935423.0 178982971.0 170396105.0 135147657.0 139258474.0 147220615.0 133790072.0 108742911.0 103469923.0 100722616.0 101189992.0 99330275.0 120349748.0 114140851.0 111034814.0 122560870.0 164132455.0 179997741.0 187095453.0 207874704.0 164932127.0 171796041.0 164588537.0 164243947.0 165822011.0 159829718.0 139815738.0 134468110.0 143229760.0 149487176.0 149530128.0 123452130.0 117726532.0 105743787.0 87474722.0 85809721.0 82289061.0 90720301.0 94203734.0 90577894.0 75913561.0 77542094.0 48097953.0 46072379.0 55519986.0 40249972.0 40896467.0 37126501.0 26308626.0 28715966.0 64042609.0 107419111.0 94183618.0 111613779.0 140038945.0 32887412.0 
21043179.0 11819589.0 0 6905552.0 17417034.0 26711723.0 30359685.0 42758595.0 72393911.0 82678258.0 99342687.0 99772525.0 83946757.0 78687076.0 94407735.0 79213585.0 69076119.0 55287494.0 46626679.0 41546054.0 59164868.0 83171757.0 86299496.0 94877575.0 115735884.0 129805679.0 134907850.0 136705587.0 134340776.0 136877802.0 133470317.0 165062550.0 178836913.0 173443489.0 171655152.0 169206232.0 169640690.0 169264546.0 165244245.0 161696869.0 160200766.0 171612064.0 184841277.0 177019246.0 141774580.0 143990210.0 150514347.0 134815234.0 109066306.0 104767570.0 103262226.0 103283591.0 102916974.0 124407681.0 119908835.0 116640821.0 125764362.0 168386227.0 183159433.0 189696943.0 211461660.0 166551314.0 171799025.0 165166400.0 165507463.0 167299134.0 158475278.0 137048389.0 127441498.0 137225777.0 141985025.0 141852905.0 115830510.0 109878083.0 97885994.0 82344940.0 83093545.0 80457455.0 91222351.0 93003265.0 78758305.0 73725505.0 72096972.0 47427085.0 37986771.0 46192119.0 28430383.0 29906757.0 25306912.0 28506765.0 28874142.0 66092266.0 113972271.0 105916909.0 122303536.0 137322769.0 38114324.0 
27948731.0 18725141.0 6905552.0 0 10511482.0 26514117.0 37265237.0 44248222.0 79299463.0 89583810.0 106248239.0 105729499.0 90433326.0 83491756.0 100592437.0 85637692.0 75981671.0 62193046.0 53312029.0 48451606.0 66047104.0 90049203.0 92931898.0 101783127.0 122499649.0 136526045.0 141809885.0 143389874.0 141246328.0 141517851.0 139495758.0 171494913.0 185279244.0 179985740.0 177960431.0 175926598.0 176404455.0 175987288.0 172149797.0 168295049.0 167106318.0 178498548.0 191734153.0 183924115.0 148619909.0 150813053.0 157145484.0 141014847.0 115000268.0 111673122.0 109936554.0 110001446.0 109601944.0 131165380.0 125472342.0 123421727.0 132528013.0 175142396.0 189754853.0 196076791.0 217728894.0 172836206.0 177716147.0 171165247.0 171816602.0 173556871.0 164090109.0 141959224.0 130691607.0 140465803.0 144588060.0 144485292.0 118058975.0 112003034.0 100010945.0 87003603.0 88175194.0 87363007.0 96419385.0 98678874.0 85663857.0 76655953.0 77042398.0 48806987.0 40673674.0 47571535.0 29557796.0 23001205.0 18401360.0 35287671.0 35637793.0 71925448.0 120876087.0 112822461.0 127723340.0 141824742.0 45019876.0 
38460213.0 29236623.0 17417034.0 10511482.0 0 22119937.0 41877960.0 46490973.0 82533506.0 93691675.0 113221918.0 113145960.0 99901029.0 94003238.0 109872154.0 95613916.0 86206763.0 72704528.0 62999120.0 58963088.0 75886952.0 99798014.0 102996848.0 111988627.0 131903655.0 145668055.0 150826384.0 152441954.0 150077143.0 149413754.0 146963763.0 180240028.0 194010461.0 188591286.0 185428436.0 184979209.0 185760269.0 185474342.0 182076384.0 178529372.0 177451444.0 188756089.0 201937719.0 193948318.0 158623510.0 161256347.0 167656966.0 151435226.0 125331989.0 121088361.0 120317451.0 120431190.0 120084928.0 141621375.0 135983824.0 133531117.0 142999690.0 185599921.0 200266335.0 206588273.0 228239171.0 183287546.0 187859519.0 181497194.0 182121500.0 184007356.0 173784421.0 151701977.0 138624544.0 148316887.0 151825783.0 151601344.0 124819919.0 118534300.0 106743382.0 96396311.0 97911669.0 95887866.0 106930867.0 109190356.0 96175339.0 85621099.0 85520925.0 58527767.0 48801823.0 54057704.0 40069278.0 33512687.0 28912842.0 45722261.0 46149275.0 82428988.0 130863425.0 116878067.0 135540094.0 151204781.0 36479380.0 
30558954.0 14892134.0 26711723.0 26514117.0 22119937.0 0 27300772.0 28629691.0 66186346.0 78765152.0 98164808.0 102177514.0 86416076.0 79510591.0 96851891.0 81005014.0 72039534.0 55890622.0 53308505.0 47660959.0 66400757.0 89867380.0 93968960.0 102176950.0 119985084.0 133358822.0 138642662.0 139897336.0 137534985.0 135108559.0 132004841.0 165908883.0 180073842.0 175069668.0 170469514.0 172419698.0 173804009.0 173864103.0 172147913.0 169246259.0 168388927.0 180030459.0 192994324.0 184006151.0 149002043.0 153787826.0 162112749.0 148682206.0 123459711.0 118362057.0 115609443.0 115005401.0 114222409.0 135241882.0 128760753.0 125373441.0 136828010.0 178758974.0 194889875.0 201987587.0 222665901.0 179818533.0 186650201.0 179365432.0 179136081.0 180714145.0 174632541.0 153561817.0 145081635.0 154955619.0 159989516.0 159794361.0 133716363.0 127555554.0 115582696.0 100328920.0 99537449.0 96612245.0 105382228.0 108374148.0 94306121.0 88767759.0 90396292.0 60918793.0 58330466.0 63620530.0 45606791.0 47807537.0 33849896.0 41200760.0 43034019.0 78934743.0 121214072.0 100530907.0 120842524.0 153666595.0 21246326.0 
34336339.0 18669519.0 30359685.0 37265237.0 41877960.0 27300772.0 0 24200361.0 42034266.0 52318573.0 71848816.0 74908456.0 59404900.0 54082133.0 69888993.0 53735956.0 52217583.0 38428958.0 32190663.0 24687518.0 45152974.0 64220702.0 71008903.0 77315253.0 94047564.0 106653266.0 111572882.0 112765994.0 110516244.0 107807787.0 105670998.0 138608111.0 152804784.0 147782730.0 143566650.0 145193921.0 146839297.0 147723311.0 145975069.0 143995320.0 143491685.0 155173251.0 167880384.0 158233867.0 123510996.0 130345908.0 140411748.0 130454593.0 107613307.0 101147995.0 96006436.0 94452736.0 92942271.0 113661648.0 105862351.0 101479248.0 114976493.0 155870047.0 173075791.0 181135712.0 200621709.0 160579421.0 169932106.0 161894474.0 160451092.0 161675964.0 160219088.0 142514122.0 141318039.0 151145064.0 157962750.0 160000432.0 134162157.0 128855458.0 117604907.0 91833501.0 92125428.0 86479878.0 90672459.0 95667890.0 82018818.0 82805581.0 83874588.0 56317195.0 63854099.0 70012586.0 54498261.0 59565986.0 52297393.0 29763035.0 35280104.0 62383542.0 99050219.0 75557224.0 93662134.0 143443247.0 29469427.0 
41083636.0 32656821.0 42758595.0 44248222.0 46490973.0 28629691.0 24200361.0 0 43634354.0 56213160.0 75742712.0 79831623.0 75330842.0 68589278.0 84969453.0 68384381.0 64221878.0 53107664.0 53464459.0 48138879.0 64767866.0 84245244.0 90609591.0 97028604.0 109097578.0 120780899.0 126064739.0 126641278.0 124276467.0 116728186.0 112488865.0 148533863.0 161928268.0 158670660.0 150426245.0 158472678.0 161160510.0 162005176.0 163289203.0 162654487.0 162949775.0 174570951.0 186503175.0 175644650.0 141588384.0 151039467.0 162461442.0 154109396.0 131460739.0 125031017.0 119267920.0 117629127.0 115592854.0 134497989.0 127409336.0 122172807.0 137792525.0 176531175.0 194890758.0 203442751.0 222127115.0 183813705.0 193761022.0 185462434.0 183793040.0 184950576.0 184371253.0 166668281.0 164483061.0 174096990.0 180350486.0 180459539.0 155590475.0 150383353.0 138400608.0 116033862.0 116182612.0 109147906.0 114872820.0 119204921.0 106167468.0 105928512.0 106923464.0 78704931.0 78729200.0 88176807.0 71188978.0 67249427.0 62479587.0 53963396.0 57396834.0 86583903.0 115984412.0 77275721.0 102159292.0 167489886.0 49876017.0 
62362788.0 60667023.0 72393911.0 79299463.0 82533506.0 66186346.0 42034266.0 43634354.0 0 12578806.0 32108358.0 37354822.0 42438834.0 37623894.0 52922927.0 45708736.0 37860255.0 50886219.0 47418957.0 57784419.0 54759270.0 57533936.0 66347866.0 69211208.0 72448661.0 85138937.0 86854197.0 86643312.0 84474118.0 73650066.0 68854511.0 105574692.0 118788673.0 116085025.0 106799994.0 117022248.0 121244332.0 122495073.0 126768467.0 128379462.0 129058844.0 140387426.0 151560042.0 139081911.0 107697453.0 121740777.0 136803347.0 135951769.0 119284575.0 111148651.0 101291147.0 97793006.0 94866636.0 109214631.0 101452877.0 94187619.0 112638210.0 146878098.0 167495797.0 177630041.0 193229675.0 161697724.0 176271987.0 166650569.0 162958937.0 163270549.0 171787844.0 159666648.0 167994985.0 177695917.0 186077668.0 186934671.0 165537352.0 161104809.0 149835255.0 116873155.0 114029755.0 107802543.0 106409020.0 112296975.0 106096977.0 112492448.0 112401030.0 89106400.0 97610159.0 108551848.0 96532527.0 101563490.0 91800555.0 63519095.0 69031959.0 79982983.0 83837712.0 34344561.0 59098068.0 161876528.0 55653847.0 
74941594.0 70944967.0 82678258.0 89583810.0 93691675.0 78765152.0 52318573.0 56213160.0 12578806.0 0 19530243.0 28888706.0 35839610.0 32738809.0 46323703.0 48104900.0 35840054.0 38307413.0 51359492.0 51242063.0 51089443.0 52711203.0 61835992.0 64979618.0 62461417.0 72560131.0 75611361.0 75215035.0 73021627.0 61117451.0 58883521.0 93293536.0 106402206.0 103632485.0 94293322.0 104943938.0 109264716.0 110938327.0 116679060.0 118376896.0 118977969.0 130622627.0 141368817.0 128887927.0 97710209.0 113715992.0 129804947.0 131515195.0 116664197.0 108528273.0 97568210.0 93641841.0 90409630.0 102755839.0 95210589.0 87099013.0 106441084.0 138449289.0 159641989.0 170141515.0 184735119.0 155632584.0 171815007.0 161527930.0 157186517.0 157281829.0 168544626.0 158265474.0 169606204.0 178784449.0 188101439.0 188897914.0 169321682.0 164814429.0 153946005.0 118841050.0 114142596.0 107539034.0 106697095.0 111772007.0 103352017.0 114511600.0 116094492.0 94330897.0 104253317.0 115641268.0 105438429.0 106320923.0 98052200.0 70163007.0 75577163.0 80951541.0 75787912.0 23238651.0 46584294.0 160555382.0 68232653.0 
94471146.0 88205178.0 99342687.0 106248239.0 113221918.0 98164808.0 71848816.0 75742712.0 32108358.0 19530243.0 0 9358463.0 36046591.0 38411560.0 43461294.0 29922498.0 42187344.0 50104859.0 63156938.0 63836146.0 58109032.0 51055638.0 60180427.0 58817647.0 49544090.0 60813355.0 59392695.0 58269781.0 56356268.0 41902357.0 39627318.0 74037333.0 87146003.0 84422930.0 75580036.0 86570020.0 92870801.0 93650182.0 101382707.0 104775434.0 105797599.0 116729238.0 126636715.0 113756275.0 84436208.0 103308522.0 121182355.0 126903618.0 115681136.0 107549482.0 95470315.0 91202295.0 88823775.0 95654097.0 88027843.0 79128254.0 99810209.0 126998889.0 148963267.0 160095373.0 172751206.0 148094885.0 165907781.0 155771731.0 150195491.0 149899873.0 166140489.0 158323541.0 174161717.0 182902864.0 193103224.0 194062920.0 176019012.0 172549730.0 162409624.0 124625724.0 119081950.0 112166493.0 107673362.0 114088658.0 107884002.0 121503712.0 123077655.0 106194509.0 117161643.0 128497778.0 117686996.0 122251225.0 109107279.0 83417501.0 88547818.0 86234556.0 77240283.0 42768894.0 27328091.0 161069332.0 87762205.0 
95068059.0 89082768.0 99772525.0 105729499.0 113145960.0 102177514.0 74908456.0 79831623.0 37354822.0 28888706.0 9358463.0 0 26690039.0 29053097.0 37174132.0 35427215.0 37648223.0 48342367.0 59816203.0 61973535.0 53665994.0 43523656.0 51972937.0 49459184.0 41712813.0 51811527.0 50991585.0 50198205.0 48170741.0 37105277.0 34830238.0 68702240.0 82159746.0 78915606.0 73294911.0 79853361.0 84112043.0 85903106.0 92190914.0 95416971.0 97926598.0 107714252.0 117789233.0 104452736.0 76961605.0 93950059.0 111823892.0 118518167.0 107642994.0 99507070.0 86993008.0 82163408.0 80418538.0 86295634.0 78669380.0 69957318.0 90451746.0 117640426.0 139604804.0 150740903.0 163992003.0 138828284.0 156905011.0 146413268.0 140976714.0 140646852.0 156962248.0 150378569.0 167530731.0 176268680.0 186534105.0 187580034.0 170365375.0 167299437.0 157294870.0 118722658.0 112829108.0 106701899.0 100494579.0 106960721.0 101475467.0 116233870.0 117862403.0 101954125.0 114693552.0 125872057.0 116169901.0 121944380.0 107974149.0 81681620.0 86392850.0 80628146.0 74159893.0 52127357.0 22531011.0 153397529.0 93008669.0 
84665245.0 74628337.0 83946757.0 90433326.0 99901029.0 86416076.0 59404900.0 75330842.0 42438834.0 35839610.0 36046591.0 26690039.0 0 6941570.0 10484093.0 12322143.0 16819877.0 30765548.0 39527323.0 42400703.0 29166307.0 27060285.0 26726412.0 30397139.0 36723629.0 48682388.0 52282592.0 53529483.0 51164847.0 53931097.0 56424091.0 81879862.0 95625946.0 89929361.0 90624243.0 86068463.0 87566713.0 88558846.0 87961838.0 87704634.0 87955971.0 99729849.0 111470161.0 100316180.0 66594580.0 79546320.0 94571111.0 96038802.0 82533488.0 74397564.0 62550615.0 58329415.0 54933237.0 68427407.0 60628110.0 52516534.0 72244261.0 104641566.0 125068802.0 135208362.0 150979954.0 119872922.0 136338614.0 126809248.0 121346907.0 121501452.0 133469866.0 125055608.0 141605326.0 149965263.0 159871332.0 161023185.0 144559062.0 140690679.0 130932055.0 92032619.0 86141633.0 84789441.0 81944312.0 81209213.0 74785428.0 90112608.0 91736978.0 77280894.0 91752151.0 102708207.0 95158607.0 102697683.0 88599687.0 61744078.0 64818829.0 53938107.0 53331547.0 48291697.0 45015390.0 128111928.0 85592285.0 
77898598.0 67686767.0 78687076.0 83491756.0 94003238.0 79510591.0 54082133.0 68589278.0 37623894.0 32738809.0 38411560.0 29053097.0 6941570.0 0 17425663.0 18580663.0 23761447.0 23998901.0 32585753.0 37740341.0 35047080.0 20118715.0 29157922.0 33213266.0 43665199.0 53860201.0 59144041.0 60400301.0 58106417.0 59526476.0 62768226.0 88285332.0 101981207.0 96496224.0 96262059.0 92909107.0 94368892.0 94629642.0 94903408.0 94189474.0 94897541.0 105981673.0 118011569.0 107257750.0 73536150.0 84929090.0 99431278.0 98891188.0 83927257.0 76815796.0 64829401.0 60957161.0 57798924.0 71590737.0 63853102.0 59458104.0 75014316.0 110480358.0 130406647.0 140214296.0 156596516.0 124205816.0 139079388.0 129460625.0 125335043.0 125646655.0 135805924.0 126020328.0 140201529.0 149198092.0 158794006.0 159744268.0 141924229.0 138324136.0 128241773.0 90245041.0 84737836.0 77847871.0 77182106.0 81625019.0 81515945.0 87329447.0 88957980.0 72901028.0 86657652.0 98060469.0 90218115.0 96535347.0 82526719.0 54802508.0 59221476.0 59968354.0 57199238.0 53440630.0 51584108.0 128527734.0 78650715.0 
95003545.0 85050003.0 94407735.0 100592437.0 109872154.0 96851891.0 69888993.0 84969453.0 52922927.0 46323703.0 43461294.0 37174132.0 10484093.0 17425663.0 0 19736846.0 25331616.0 41249641.0 48586562.0 52861681.0 38360348.0 24725915.0 28324878.0 25159903.0 31618138.0 46119806.0 41798499.0 43060176.0 40696054.0 44841567.0 46498674.0 72754381.0 86528767.0 81234400.0 81290262.0 75599648.0 77082620.0 78104706.0 78590534.0 79122708.0 79423803.0 91197681.0 102977314.0 90964054.0 58062412.0 74440829.0 89453226.0 93940768.0 83523527.0 75387603.0 62693727.0 58035352.0 54162566.0 63321916.0 55522619.0 46919542.0 67138770.0 99992097.0 118972341.0 129540884.0 144174003.0 115945012.0 133100539.0 122802353.0 117767711.0 117639034.0 132630587.0 126258658.0 145075349.0 153236739.0 164210891.0 165367047.0 149361962.0 146619917.0 137971038.0 97508075.0 91999833.0 88044815.0 77362751.0 83869032.0 80682901.0 96383461.0 98011994.0 85843791.0 100873361.0 112276178.0 105063551.0 112739432.0 98700037.0 70803317.0 74866345.0 63706961.0 51646738.0 45829802.0 34531297.0 129205677.0 95432763.0 
78373731.0 71983233.0 79213585.0 85637692.0 95613916.0 81005014.0 53735956.0 68384381.0 45708736.0 48104900.0 29922498.0 35427215.0 12322143.0 18580663.0 19736846.0 0 12264846.0 28416990.0 38643703.0 38976878.0 29082046.0 23711982.0 32830414.0 34397429.0 43248119.0 52917310.0 58201150.0 59208672.0 56843861.0 57963263.0 55916304.0 85857221.0 99641552.0 94484699.0 94110528.0 91747477.0 93488884.0 93987355.0 95032583.0 95072480.0 95117358.0 107097695.0 118877328.0 107406151.0 73962426.0 87140893.0 101883013.0 102574388.0 88110972.0 79975048.0 68651570.0 64651190.0 61473762.0 74379908.0 66602588.0 64001261.0 79082880.0 112214020.0 132607968.0 142648211.0 158542026.0 127087576.0 142816518.0 132975389.0 129929932.0 130001800.0 139686096.0 130222222.0 144664274.0 154341526.0 163246121.0 164205601.0 146550054.0 142738634.0 132789342.0 95771535.0 89200581.0 82309174.0 78467538.0 84973819.0 77971648.0 91726614.0 93355147.0 76903041.0 91667890.0 101565411.0 92798561.0 99528377.0 85470521.0 58377952.0 62811088.0 57519224.0 49177091.0 42167610.0 44364974.0 132752741.0 78878608.0 
69995705.0 59718387.0 69076119.0 75981671.0 86206763.0 72039534.0 52217583.0 64221878.0 37860255.0 35840054.0 42187344.0 37648223.0 16819877.0 23761447.0 25331616.0 12264846.0 0 16152144.0 29204223.0 27530065.0 16899015.0 24242798.0 33367587.0 34430763.0 47946069.0 61496595.0 66780435.0 68229662.0 65864851.0 68215061.0 68029491.0 96885405.0 110485843.0 104829306.0 104950644.0 100768467.0 101807794.0 101825054.0 100763871.0 99569874.0 99028742.0 111037374.0 123374722.0 113028400.0 78459820.0 88193541.0 101253963.0 98240120.0 81536597.0 73400673.0 63430892.0 60081357.0 57299949.0 73239309.0 66458395.0 61095003.0 76342441.0 113736701.0 133022717.0 142591303.0 159739038.0 124913353.0 138645842.0 129175591.0 125819116.0 126366937.0 133997072.0 122615235.0 134312173.0 143355015.0 152999216.0 153918259.0 135014380.0 131416880.0 121086759.0 84010118.0 78886220.0 73435933.0 71790673.0 75933943.0 68236722.0 80399561.0 81923533.0 65607197.0 79484859.0 89300565.0 80815002.0 87900010.0 73874837.0 46113106.0 50546242.0 45848316.0 51762534.0 54432456.0 55740996.0 124820186.0 72708170.0 
53899697.0 47571462.0 55287494.0 62193046.0 72704528.0 55890622.0 38428958.0 53107664.0 50886219.0 38307413.0 50104859.0 48342367.0 30765548.0 23998901.0 41249641.0 28416990.0 16152144.0 0 13052079.0 13741440.0 17285868.0 35166646.0 41559487.0 48232247.0 64094462.0 77648739.0 82808557.0 84274012.0 81930395.0 83525377.0 81350497.0 112006587.0 125780915.0 120462157.0 119132646.0 116809002.0 117954590.0 117973695.0 116783522.0 114736231.0 114245592.0 126041872.0 138643995.0 128845900.0 93956319.0 102002669.0 113569552.0 107339412.0 87110930.0 79841161.0 72175017.0 69524520.0 67364123.0 85548848.0 78395007.0 73136009.0 88233325.0 127517216.0 145968461.0 154629414.0 173080911.0 135635790.0 147439196.0 138677121.0 136156402.0 136933107.0 140530484.0 126385420.0 133175877.0 142618814.0 151286040.0 152161421.0 131014269.0 126779402.0 115841032.0 82099905.0 78115501.0 73435665.0 72976998.0 78571938.0 68019980.0 76344304.0 77787079.0 56089650.0 67056784.0 78459601.0 67863478.0 73602013.0 59744787.0 33339253.0 38443483.0 47147966.0 66769043.0 59584720.0 69237671.0 128151491.0 57550453.0 
52889118.0 39302255.0 46626679.0 53312029.0 62999120.0 53308505.0 32190663.0 53464459.0 47418957.0 51359492.0 63156938.0 59816203.0 39527323.0 32585753.0 48586562.0 38643703.0 29204223.0 13052079.0 0 10365462.0 18364421.0 42236053.0 45934921.0 53599986.0 74556271.0 86445954.0 90385061.0 90621324.0 88278819.0 92111040.0 91790193.0 120305934.0 134022964.0 128153519.0 128846079.0 123160796.0 125222344.0 122689664.0 119178866.0 116013644.0 115080422.0 126782878.0 139735026.0 131115655.0 95852560.0 100686748.0 110183316.0 100644937.0 78568914.0 77294353.0 65803461.0 64164668.0 62635483.0 83733197.0 75933900.0 72133984.0 87089765.0 125941596.0 143755122.0 152238178.0 170524026.0 130349246.0 140716516.0 132005359.0 130328581.0 131486117.0 132003340.0 116164220.0 120892417.0 130429295.0 138895572.0 139852307.0 118118395.0 113947588.0 102788953.0 69790791.0 66610798.0 60383586.0 63038529.0 68113111.0 70766704.0 65073491.0 66702024.0 43131428.0 56307819.0 67695016.0 58157718.0 64163400.0 50498215.0 22216755.0 27733824.0 34832432.0 73421306.0 72366915.0 79620730.0 117692664.0 59776112.0 
49072526.0 33830022.0 41546054.0 48451606.0 58963088.0 47660959.0 24687518.0 48138879.0 57784419.0 51242063.0 63836146.0 61973535.0 42400703.0 37740341.0 52861681.0 38976878.0 27530065.0 13741440.0 10365462.0 0 22706800.0 42328330.0 46321385.0 54515991.0 74189830.0 88274012.0 93361796.0 95199672.0 92843662.0 95745126.0 94692932.0 124280565.0 138012533.0 132262059.0 132480709.0 127674565.0 128094636.0 127718492.0 124590490.0 121589995.0 120775981.0 132443470.0 145439808.0 136573776.0 101341084.0 106716963.0 115900051.0 106035800.0 83509030.0 76930645.0 71587643.0 72214165.0 68301257.0 89530622.0 83156905.0 77850303.0 90485498.0 132268231.0 149578898.0 156523847.0 176261991.0 135891903.0 145622143.0 137482855.0 136045364.0 137007001.0 136707448.0 120362935.0 123552013.0 133183474.0 142687555.0 142626439.0 119727806.0 115204578.0 103903993.0 72564923.0 69503368.0 65154237.0 67524764.0 72622218.0 67368882.0 66186269.0 66966430.0 43412153.0 61962847.0 64799980.0 54196366.0 60551499.0 46862968.0 32582217.0 34661433.0 39337870.0 74362701.0 73326160.0 82979111.0 121618096.0 54156945.0 
65851429.0 52385719.0 59164868.0 66047104.0 75886952.0 66400757.0 45152974.0 64767866.0 54759270.0 51089443.0 58109032.0 53665994.0 29166307.0 35047080.0 38360348.0 29082046.0 16899015.0 17285868.0 18364421.0 22706800.0 0 24030882.0 27570500.0 37013879.0 57375509.0 71871990.0 76775112.0 79135520.0 76988392.0 82980384.0 83660435.0 109780986.0 123390054.0 117172103.0 119650610.0 111152416.0 110886381.0 110250620.0 106195832.0 103766741.0 102025096.0 113632947.0 126688923.0 118569400.0 82805970.0 87783699.0 97890648.0 91940263.0 70110295.0 62556018.0 59753446.0 59998187.0 50834698.0 70094579.0 63235581.0 59324190.0 74753434.0 113243277.0 130514192.0 138758773.0 158022084.0 119108794.0 130271769.0 121490017.0 119626977.0 120238901.0 123260795.0 109550545.0 118516761.0 128346852.0 137011996.0 137827417.0 118440705.0 114657811.0 104308254.0 67788907.0 63571624.0 56536918.0 56167585.0 61898056.0 52402283.0 63617265.0 65165554.0 57503961.0 62585844.0 73988661.0 66703203.0 75255549.0 61280687.0 33006358.0 36505997.0 29862098.0 55056885.0 69560870.0 71899099.0 111477609.0 71996516.0 
88386484.0 75991119.0 83171757.0 90049203.0 99798014.0 89867380.0 64220702.0 84245244.0 57533936.0 52711203.0 51055638.0 43523656.0 27060285.0 20118715.0 24725915.0 23711982.0 24242798.0 35166646.0 42236053.0 42328330.0 24030882.0 0 9124789.0 13094551.0 34902243.0 48721906.0 54005746.0 55985436.0 53910134.0 64235905.0 67714876.0 88114687.0 101732319.0 94382519.0 100971488.0 88122459.0 87001264.0 86219738.0 82433163.0 80186090.0 80651685.0 91147071.0 103678335.0 94806731.0 59290294.0 67211721.0 80121137.0 78868763.0 64833005.0 56697081.0 44987175.0 40939208.0 37768137.0 53104863.0 45960309.0 40878479.0 55370898.0 92760181.0 111830476.0 121204608.0 138680591.0 104238578.0 119110893.0 109427492.0 106217950.0 106296175.0 115974114.0 107371086.0 124337674.0 132745024.0 143410452.0 144520801.0 128773911.0 126121931.0 116746675.0 76664857.0 70353606.0 63318900.0 62676792.0 64835408.0 61482812.0 75931034.0 77559211.0 67636164.0 84304673.0 94821002.0 89447437.0 98772931.0 84902409.0 56772190.0 59864069.0 39849639.0 37166105.0 63914181.0 56415695.0 110443080.0 92717099.0 
93308810.0 79864548.0 86299496.0 92931898.0 102996848.0 93968960.0 71008903.0 90609591.0 66347866.0 61835992.0 60180427.0 51972937.0 26726412.0 29157922.0 28324878.0 32830414.0 33367587.0 41559487.0 45934921.0 46321385.0 27570500.0 9124789.0 0 9443379.0 35822201.0 50644805.0 54674169.0 57904212.0 56214021.0 69494518.0 72981863.0 91046054.0 103991102.0 96392069.0 105100651.0 89059191.0 86529923.0 86198375.0 79346601.0 76196718.0 74454596.0 86122085.0 99118423.0 91010692.0 55717147.0 60578114.0 72283013.0 69743974.0 55880410.0 51719160.0 37783302.0 43016694.0 28643348.0 44634817.0 36835520.0 31753690.0 47182934.0 86035248.0 104473871.0 113400780.0 131521424.0 96374434.0 109986104.0 100302703.0 97435627.0 97171386.0 108035566.0 98507949.0 116750471.0 125044595.0 135886013.0 137042169.0 122126221.0 119763527.0 111699716.0 70316277.0 63674955.0 69869913.0 61033088.0 55710619.0 52358023.0 71556584.0 72314445.0 67877599.0 83520887.0 94077727.0 89371331.0 99630585.0 86040963.0 58463914.0 63980983.0 35382083.0 28041316.0 72722033.0 61682682.0 101674303.0 98775446.0 
101481035.0 88346013.0 94877575.0 101783127.0 111988627.0 102176950.0 77315253.0 97028604.0 69211208.0 64979618.0 58817647.0 49459184.0 30397139.0 33213266.0 25159903.0 34397429.0 34430763.0 48232247.0 53599986.0 54515991.0 37013879.0 13094551.0 9443379.0 0 27060525.0 41883129.0 45496985.0 48677524.0 51042335.0 64588832.0 68198704.0 82847960.0 95063128.0 87197226.0 96338975.0 79882007.0 78851180.0 81940732.0 70366670.0 67091539.0 68258396.0 78052520.0 90999303.0 82190466.0 46897005.0 54117170.0 67712424.0 69058983.0 58783586.0 51469682.0 37533824.0 42767216.0 38086727.0 40010312.0 46278899.0 41197069.0 56626313.0 79665630.0 99060702.0 108682344.0 125662464.0 92690147.0 109456489.0 98577960.0 99674786.0 97172883.0 107503064.0 101553557.0 122449546.0 130546474.0 141582394.0 142849374.0 129136803.0 127088853.0 118786399.0 77675951.0 70773601.0 63856080.0 62782107.0 61182274.0 59652392.0 80417317.0 80490072.0 74975747.0 92644489.0 102938460.0 98814710.0 109068511.0 95484342.0 67907293.0 70039230.0 44242816.0 37484695.0 70989705.0 55899477.0 104573418.0 105782700.0 
117941774.0 107422533.0 115735884.0 122499649.0 131903655.0 119985084.0 94047564.0 109097578.0 72448661.0 62461417.0 49544090.0 41712813.0 36723629.0 43665199.0 31618138.0 43248119.0 47946069.0 64094462.0 74556271.0 74189830.0 57375509.0 34902243.0 35822201.0 27060525.0 0 14822604.0 19502733.0 22082011.0 24446822.0 37528307.0 46423847.0 55787435.0 68168901.0 61220633.0 69278450.0 53887755.0 53986993.0 56048994.0 57495763.0 55930801.0 56610183.0 68172226.0 79111381.0 66932709.0 35248792.0 57014774.0 75237008.0 84191273.0 80943147.0 73260866.0 59325008.0 54095238.0 50185054.0 50145566.0 43341658.0 34136353.0 54420238.0 78974494.0 99526971.0 111007848.0 123366470.0 101880662.0 120697490.0 110504155.0 103785109.0 102705566.0 123932837.0 122504525.0 147418877.0 154621256.0 166352102.0 167721420.0 155940709.0 153628644.0 145612717.0 104362484.0 97520404.0 90485698.0 83651953.0 86524512.0 86365373.0 107378785.0 107550597.0 101070026.0 119206916.0 128500814.0 123429124.0 132502129.0 118560147.0 90301156.0 93566842.0 71204284.0 52356500.0 60865957.0 35438134.0 126164593.0 119467027.0 
131079050.0 121206100.0 129805679.0 136526045.0 145668055.0 133358822.0 106653266.0 120780899.0 85138937.0 72560131.0 60813355.0 51811527.0 48682388.0 53860201.0 46119806.0 52917310.0 61496595.0 77648739.0 86445954.0 88274012.0 71871990.0 48721906.0 50644805.0 41883129.0 14822604.0 0 5283840.0 7263530.0 9628341.0 34088588.0 42984128.0 40964831.0 54916901.0 47001740.0 56416554.0 39400553.0 40572240.0 41226390.0 50761012.0 50475766.0 51969943.0 62654696.0 72794746.0 62434126.0 40899254.0 55720178.0 75875871.0 91533603.0 92329311.0 84567104.0 70688664.0 68917842.0 61693303.0 57095080.0 51961956.0 42749521.0 61321136.0 79774468.0 98608440.0 111080589.0 120138412.0 103932542.0 125290680.0 114420472.0 107433377.0 106657456.0 131154940.0 132209474.0 159271643.0 166203185.0 178205630.0 179647284.0 169245620.0 166986412.0 159471998.0 118088559.0 110794354.0 105308302.0 95936947.0 101347116.0 100064523.0 121890381.0 122373201.0 115869068.0 133026579.0 142485586.0 138157130.0 147123406.0 133152346.0 104877580.0 108270100.0 85715880.0 38137607.0 66348813.0 33485264.0 135993040.0 131577165.0 
136362890.0 126489940.0 134907850.0 141809885.0 150826384.0 138642662.0 111572882.0 126064739.0 86854197.0 75611361.0 59392695.0 50991585.0 52282592.0 59144041.0 41798499.0 58201150.0 66780435.0 82808557.0 90385061.0 93361796.0 76775112.0 54005746.0 54674169.0 45496985.0 19502733.0 5283840.0 0 4167504.0 6532315.0 33640434.0 39497802.0 42368155.0 51749152.0 41717900.0 58159837.0 34385022.0 38768524.0 46510230.0 47664986.0 46817156.0 50326339.0 58850122.0 67582919.0 57905606.0 37803228.0 54265095.0 74355587.0 91943854.0 93638677.0 86770448.0 73044340.0 67810948.0 63977662.0 59996907.0 57245796.0 48033361.0 61731387.0 76115858.0 98225116.0 108070142.0 116757766.0 102627563.0 124471737.0 113593208.0 106056035.0 104717665.0 131163849.0 133354945.0 161443971.0 168163431.0 180287324.0 181777076.0 171329320.0 169949447.0 162552070.0 121168631.0 114178233.0 107291845.0 95907314.0 101853804.0 103961775.0 124766521.0 125201513.0 120230756.0 137528190.0 146879467.0 142829615.0 152004862.0 138055799.0 109781470.0 113069345.0 89739801.0 32853767.0 68396746.0 38747351.0 137424999.0 136859095.0 
137526626.0 127941884.0 136705587.0 143389874.0 152441954.0 139897336.0 112765994.0 126641278.0 86643312.0 75215035.0 58269781.0 50198205.0 53529483.0 60400301.0 43060176.0 59208672.0 68229662.0 84274012.0 90621324.0 95199672.0 79135520.0 55985436.0 57904212.0 48677524.0 22082011.0 7263530.0 4167504.0 0 2364811.0 29472930.0 36172682.0 38200651.0 48925585.0 45885404.0 53992333.0 32539472.0 34601020.0 47627296.0 43497482.0 50984660.0 51458973.0 61388511.0 69549477.0 55871050.0 33635724.0 58432599.0 78523091.0 96111358.0 97806181.0 90647514.0 76847067.0 71681047.0 67974254.0 64164411.0 58040493.0 50013051.0 65898891.0 76472396.0 99266034.0 111438708.0 119557002.0 106795067.0 128445931.0 117568600.0 110099849.0 108885169.0 135294040.0 137522449.0 165466043.0 172229102.0 184329549.0 185804607.0 175140561.0 173739119.0 166206996.0 124829428.0 117624807.0 110965560.0 99693743.0 105798506.0 107328053.0 127107944.0 128701254.0 123132598.0 139746609.0 149749116.0 145317352.0 154251835.0 140267881.0 111986625.0 115412639.0 92920111.0 36786409.0 67374123.0 34579847.0 141385909.0 137549268.0 
135217592.0 125583238.0 134340776.0 141246328.0 150077143.0 137534985.0 110516244.0 124276467.0 84474118.0 73021627.0 56356268.0 48170741.0 51164847.0 58106417.0 40696054.0 56843861.0 65864851.0 81930395.0 88278819.0 92843662.0 76988392.0 53910134.0 56214021.0 51042335.0 24446822.0 9628341.0 6532315.0 2364811.0 0 27108119.0 35696415.0 35835840.0 50772952.0 48250215.0 51627522.0 34903616.0 36965831.0 49991440.0 45026439.0 53349471.0 52412412.0 62579351.0 71051690.0 57400007.0 36000535.0 59922519.0 78233976.0 95329144.0 96659182.0 89353514.0 75499211.0 70265819.0 66505521.0 63474979.0 55675682.0 50747245.0 65164616.0 78837207.0 100219832.0 112026532.0 120591342.0 106521052.0 128276100.0 117792395.0 109917899.0 108870940.0 134738430.0 136795064.0 164066711.0 170990164.0 182964530.0 184435957.0 173506062.0 172282279.0 164421986.0 123060610.0 115873880.0 109183824.0 98068372.0 104150197.0 106425707.0 125198606.0 126795529.0 121324511.0 137381798.0 147566574.0 143042007.0 151937532.0 137949583.0 109668123.0 113112233.0 91596104.0 35317699.0 65009312.0 34954073.0 140354409.0 135225422.0 
132153214.0 126188045.0 136877802.0 141517851.0 149413754.0 135108559.0 107807787.0 116728186.0 73650066.0 61117451.0 41902357.0 37105277.0 53931097.0 59526476.0 44841567.0 57963263.0 68215061.0 83525377.0 92111040.0 95745126.0 82980384.0 64235905.0 69494518.0 64588832.0 37528307.0 34088588.0 33640434.0 29472930.0 27108119.0 0 8895540.0 32376768.0 45485438.0 42748080.0 36735583.0 48248086.0 58285515.0 56830867.0 69361374.0 79903255.0 79520531.0 89687470.0 95191817.0 79877077.0 61077827.0 85159057.0 105314750.0 120567432.0 118434819.0 110752538.0 96816680.0 91595133.0 87676726.0 86122736.0 80129016.0 70916581.0 90496183.0 104019522.0 126868108.0 139025765.0 146718712.0 133503803.0 154910602.0 144032073.0 136753001.0 135530979.0 160253660.0 159938471.0 184398148.0 191983784.0 203533690.0 204969357.0 191476223.0 189222415.0 180535195.0 139780370.0 133055918.0 126021212.0 116909924.0 123302257.0 121756334.0 140166939.0 141604865.0 130685321.0 145566221.0 156490515.0 148995768.0 155935851.0 142053195.0 114327324.0 118747952.0 104085544.0 62425818.0 47437815.0 14574266.0 163528858.0 128513474.0 
128741265.0 122876991.0 133470317.0 139495758.0 146963763.0 132004841.0 105670998.0 112488865.0 68854511.0 58883521.0 39627318.0 34830238.0 56424091.0 62768226.0 46498674.0 55916304.0 68029491.0 81350497.0 91790193.0 94692932.0 83660435.0 67714876.0 72981863.0 68198704.0 46423847.0 42984128.0 39497802.0 36172682.0 35696415.0 8895540.0 0 37977786.0 50434410.0 49373769.0 38464673.0 57143626.0 62146910.0 65726407.0 78256914.0 85471672.0 87544582.0 97561193.0 104087357.0 88772617.0 69482646.0 93251762.0 113407455.0 127509293.0 123919854.0 116095748.0 102279207.0 98566054.0 94657376.0 93136811.0 86741126.0 77528691.0 97438044.0 112626699.0 135429057.0 147557958.0 155501827.0 141513025.0 162572153.0 151693624.0 144963471.0 144215467.0 167234157.0 165897294.0 189007051.0 196768759.0 208138070.0 209403932.0 195066243.0 192603402.0 183570836.0 143205386.0 136627087.0 130092508.0 121286984.0 127743131.0 125293546.0 142742863.0 144370515.0 131864441.0 146040774.0 157138051.0 148714865.0 154951083.0 141084167.0 114006948.0 118532226.0 106607165.0 68129862.0 45162776.0 12299227.0 169371057.0 124283820.0 
163252532.0 155972099.0 165062550.0 171494913.0 180240028.0 165908883.0 138608111.0 148533863.0 105574692.0 93293536.0 74037333.0 68702240.0 81879862.0 88285332.0 72754381.0 85857221.0 96885405.0 112006587.0 120305934.0 124280565.0 109780986.0 88114687.0 91046054.0 82847960.0 55787435.0 40964831.0 42368155.0 38200651.0 35835840.0 32376768.0 37977786.0 0 14937112.0 24967907.0 19887352.0 40402768.0 50031837.0 46059588.0 64632340.0 67425587.0 70934770.0 79722886.0 79522775.0 66003981.0 60215989.0 84806394.0 104509105.0 126702880.0 130908492.0 124105301.0 110570742.0 105337350.0 101686935.0 93172949.0 89087967.0 81314997.0 98481240.0 96724289.0 118631787.0 131082808.0 133328557.0 133039775.0 154966461.0 144247967.0 135813729.0 133828180.0 164638134.0 169440838.0 198950952.0 205457923.0 217694906.0 219220622.0 209113320.0 207760639.0 200252012.0 158868573.0 151709720.0 145002191.0 133671852.0 139661981.0 141004315.0 160996779.0 162625312.0 155747019.0 171710775.0 182191532.0 176484189.0 184467748.0 170479549.0 142522689.0 146218632.0 126428137.0 70650182.0 76785089.0 46709242.0 173482925.0 160227561.0 
176662363.0 169667974.0 178836913.0 185279244.0 194010461.0 180073842.0 152804784.0 161928268.0 118788673.0 106402206.0 87146003.0 82159746.0 95625946.0 101981207.0 86528767.0 99641552.0 110485843.0 125780915.0 134022964.0 138012533.0 123390054.0 101732319.0 103991102.0 95063128.0 68168901.0 54916901.0 51749152.0 48925585.0 50772952.0 45485438.0 50434410.0 14937112.0 0 10031252.0 20909773.0 26919600.0 35250865.0 40212775.0 60394670.0 72117541.0 75450797.0 79518309.0 79913673.0 64752364.0 68592002.0 92259869.0 111292226.0 135056283.0 141492352.0 134993464.0 121771196.0 116537804.0 113520120.0 102772228.0 99366533.0 92854531.0 106469990.0 101060279.0 121960512.0 134267349.0 134168898.0 137486489.0 161209123.0 150673895.0 141874131.0 139660721.0 172360689.0 178813288.0 209679756.0 215852537.0 228250141.0 229823133.0 220807828.0 219541776.0 212334267.0 171215936.0 163729707.0 158496211.0 145385822.0 151186864.0 153440283.0 173506168.0 175134701.0 169219032.0 185263466.0 195548643.0 190093257.0 198178823.0 184139408.0 155996903.0 159865971.0 139287590.0 82332275.0 91722201.0 59817912.0 182969219.0 173682482.0 
172317943.0 164042806.0 173443489.0 179985740.0 188591286.0 175069668.0 147782730.0 158670660.0 116085025.0 103632485.0 84422930.0 78915606.0 89929361.0 96496224.0 81234400.0 94484699.0 104829306.0 120462157.0 128153519.0 132262059.0 117172103.0 94382519.0 96392069.0 87197226.0 61220633.0 47001740.0 41717900.0 45885404.0 48250215.0 42748080.0 49373769.0 24967907.0 10031252.0 0 27665005.0 36950395.0 45282117.0 37958233.0 55931574.0 62208625.0 65717808.0 73509874.0 71154574.0 57763939.0 58695912.0 82228617.0 101262133.0 125121991.0 132032396.0 125705313.0 112329305.0 109528848.0 105695562.0 93600086.0 89850817.0 82823279.0 96694486.0 91247335.0 112301005.0 124701599.0 125235029.0 127510841.0 151539182.0 140660653.0 133448873.0 129994361.0 162329437.0 168978845.0 200226902.0 206268519.0 218713716.0 220305232.0 211673285.0 210596625.0 203638318.0 162254879.0 154943241.0 148464959.0 136382718.0 142141424.0 145679675.0 165158745.0 166735358.0 161719473.0 178108478.0 188365975.0 183619626.0 192053545.0 178025896.0 149813053.0 153518951.0 131440042.0 74571667.0 90185895.0 57322346.0 173156172.0 171261554.0 
167184846.0 161206669.0 171655152.0 177960431.0 185428436.0 170469514.0 143566650.0 150426245.0 106799994.0 94293322.0 75580036.0 73294911.0 90624243.0 96262059.0 81290262.0 94110528.0 104950644.0 119132646.0 128846079.0 132480709.0 119650610.0 100971488.0 105100651.0 96338975.0 69278450.0 56416554.0 58159837.0 53992333.0 51627522.0 36735583.0 38464673.0 19887352.0 20909773.0 27665005.0 0 47829373.0 56160638.0 61122548.0 76361263.0 87309685.0 90818868.0 98914510.0 98819579.0 82700134.0 80103341.0 104268913.0 124396457.0 146590232.0 148286704.0 140981036.0 127105218.0 121893341.0 118109857.0 111447843.0 106878578.0 99166075.0 116773628.0 116608242.0 138360372.0 150832521.0 152565315.0 152923873.0 174635493.0 163883347.0 155634536.0 153596147.0 183801383.0 187584333.0 215679696.0 222535034.0 234590097.0 236063479.0 224638286.0 222906603.0 214891167.0 173615315.0 166585500.0 159764148.0 149321345.0 155509639.0 155643823.0 174794728.0 176423261.0 167008663.0 182152745.0 193015353.0 185731351.0 192615452.0 178707476.0 151062834.0 155405193.0 139849461.0 86945221.0 74665843.0 50763900.0 191547841.0 162412833.0 
