23
Robot49 BBQ36 Laptop22 Sink37 Android27 Monster32 Elevator35 Puppy28 Allergies7 Websites24 YouTube4 Nuclear43 Crab16 Soda18 Prints46 Toilet45 Ice42 BBQ38 Prints25 Toilet26 Mail41 Cat44 Shower0
0 57807522.0 115708904.0 129528387.0 156041781.0 134163734.0 135508846.0 168359021.0 150809081.0 89926053.0 82350764.0 138546488.0 168081261.0 193270987.0 168259607.0 113592659.0 114405792.0 151659655.0 157602944.0 161956489.0 154842626.0 94331140.0 25487520.0 
57807522.0 0 61110201.0 76345786.0 103799308.0 116105997.0 94316518.0 114059827.0 116642716.0 68112782.0 76723715.0 115323456.0 136420127.0 160612848.0 119015252.0 101503551.0 79882218.0 129670270.0 131837034.0 136180156.0 137583040.0 112218725.0 83295042.0 
115708904.0 61110201.0 0 22659087.0 49070935.0 76473647.0 38143074.0 53056455.0 55532515.0 61671612.0 53060679.0 82759912.0 112742679.0 120957057.0 122715523.0 143725024.0 116562526.0 162003005.0 155767456.0 159835682.0 169406774.0 155158309.0 92316024.0 
129528387.0 76345786.0 22659087.0 0 29335973.0 59091543.0 47689810.0 45436791.0 53411903.0 74701934.0 66091001.0 72022210.0 116465185.0 111737831.0 120594911.0 151930132.0 129592848.0 167732662.0 164289800.0 168238510.0 178373579.0 168261940.0 106547688.0 
156041781.0 103799308.0 49070935.0 29335973.0 0 29755570.0 57328696.0 16803556.0 78016730.0 95605588.0 95350190.0 92594868.0 133485110.0 121168733.0 134172770.0 180568292.0 151358928.0 194100850.0 189040730.0 193394275.0 204346842.0 197534627.0 133969785.0 
134163734.0 116105997.0 76473647.0 59091543.0 29755570.0 0 38330573.0 35856931.0 97070105.0 65850018.0 74460951.0 114470453.0 109453697.0 104167847.0 110461597.0 150812722.0 121603358.0 164345280.0 160423974.0 164777519.0 179541291.0 168897763.0 110300132.0 
135508846.0 94316518.0 38143074.0 47689810.0 57328696.0 38330573.0 0 54830028.0 84223243.0 91488116.0 88853062.0 107790635.0 147765106.0 142498420.0 147622284.0 177630012.0 150511367.0 196557033.0 193886815.0 197941534.0 206860034.0 191009222.0 124481874.0 
168359021.0 114059827.0 53056455.0 45436791.0 16803556.0 35856931.0 54830028.0 0 61213174.0 100572212.0 101988041.0 89310772.0 127185232.0 112137979.0 128396182.0 182730689.0 153521325.0 193847863.0 187488545.0 191214297.0 205225975.0 203054893.0 145347914.0 
150809081.0 116642716.0 55532515.0 53411903.0 78016730.0 97070105.0 84223243.0 61213174.0 0 117204127.0 108593194.0 125434113.0 168275194.0 109274309.0 67183008.0 130054390.0 159263754.0 134348141.0 129431827.0 131310848.0 150615500.0 157356989.0 141963885.0 
89926053.0 68112782.0 61671612.0 74701934.0 95605588.0 65850018.0 91488116.0 100572212.0 117204127.0 0 8610933.0 48620435.0 84311718.0 104007115.0 82995073.0 92332571.0 72112780.0 109262647.0 106127259.0 110480804.0 127310932.0 103047745.0 65538527.0 
82350764.0 76723715.0 53060679.0 66091001.0 95350190.0 74460951.0 88853062.0 101988041.0 108593194.0 8610933.0 0 57231368.0 92907978.0 112618048.0 91575373.0 92711211.0 63501847.0 114449473.0 114738192.0 119091737.0 121606743.0 102184437.0 56927594.0 
138546488.0 115323456.0 82759912.0 72022210.0 92594868.0 114470453.0 107790635.0 89310772.0 125434113.0 48620435.0 57231368.0 0 44442975.0 115297271.0 104700651.0 101171104.0 120733215.0 104537091.0 98456249.0 101903525.0 115915203.0 130748946.0 114158962.0 
168081261.0 136420127.0 112742679.0 116465185.0 133485110.0 109453697.0 147765106.0 127185232.0 168275194.0 84311718.0 92907978.0 44442975.0 0 70854296.0 107692554.0 120307647.0 125977636.0 85503163.0 73749129.0 78102674.0 94522493.0 158159294.0 149835572.0 
193270987.0 160612848.0 120957057.0 111737831.0 121168733.0 104167847.0 142498420.0 112137979.0 109274309.0 104007115.0 112618048.0 115297271.0 70854296.0 0 42091301.0 136221603.0 151744027.0 122710183.0 112604464.0 114311068.0 133788137.0 175679028.0 168342197.0 
168259607.0 119015252.0 122715523.0 120594911.0 134172770.0 110461597.0 147622284.0 128396182.0 67183008.0 82995073.0 91575373.0 104700651.0 107692554.0 42091301.0 0 94130302.0 116508745.0 81143883.0 71361326.0 73979149.0 92079402.0 133587727.0 142772087.0 
113592659.0 101503551.0 143725024.0 151930132.0 180568292.0 150812722.0 177630012.0 182730689.0 130054390.0 92332571.0 92711211.0 101171104.0 120307647.0 136221603.0 94130302.0 0 29209364.0 38066996.0 46558518.0 49908384.0 41250428.0 39457425.0 100960053.0 
114405792.0 79882218.0 116562526.0 129592848.0 151358928.0 121603358.0 150511367.0 153521325.0 159263754.0 72112780.0 63501847.0 120733215.0 125977636.0 151744027.0 116508745.0 29209364.0 0 51061460.0 56053896.0 56428466.0 70459792.0 60078324.0 88918272.0 
151659655.0 129670270.0 162003005.0 167732662.0 194100850.0 164345280.0 196557033.0 193847863.0 134348141.0 109262647.0 114449473.0 104537091.0 85503163.0 122710183.0 81143883.0 38066996.0 51061460.0 0 11754034.0 13233627.0 32937707.0 74800889.0 135860067.0 
157602944.0 131837034.0 155767456.0 164289800.0 189040730.0 160423974.0 193886815.0 187488545.0 129431827.0 106127259.0 114738192.0 98456249.0 73749129.0 112604464.0 71361326.0 46558518.0 56053896.0 11754034.0 0 4353545.0 21183673.0 84410165.0 140380156.0 
161956489.0 136180156.0 159835682.0 168238510.0 193394275.0 164777519.0 197941534.0 191214297.0 131310848.0 110480804.0 119091737.0 101903525.0 78102674.0 114311068.0 73979149.0 49908384.0 56428466.0 13233627.0 4353545.0 0 20588315.0 86708989.0 144733701.0 
154842626.0 137583040.0 169406774.0 178373579.0 204346842.0 179541291.0 206860034.0 205225975.0 150615500.0 127310932.0 121606743.0 115915203.0 94522493.0 133788137.0 92079402.0 41250428.0 70459792.0 32937707.0 21183673.0 20588315.0 0 72554176.0 141616359.0 
94331140.0 112218725.0 155158309.0 168261940.0 197534627.0 168897763.0 191009222.0 203054893.0 157356989.0 103047745.0 102184437.0 130748946.0 158159294.0 175679028.0 133587727.0 39457425.0 60078324.0 74800889.0 84410165.0 86708989.0 72554176.0 0 119079125.0 
25487520.0 83295042.0 92316024.0 106547688.0 133969785.0 110300132.0 124481874.0 145347914.0 141963885.0 65538527.0 56927594.0 114158962.0 149835572.0 168342197.0 142772087.0 100960053.0 88918272.0 135860067.0 140380156.0 144733701.0 141616359.0 119079125.0 0 
