25
AND you bored tool plAy Live up But COuld gas they thin myself dumb aLl yep I coming men little till You play if ROck
0 98.6002 144.8711 218.53250000000003 318.66240000000005 385.66990000000004 426.68210000000005 478.30570000000006 564.0423000000001 582.1531000000001 526.6792 672.0920000000001 713.4321000000001 869.7811000000002 978.9667000000002 994.0000000000002 1021.3130000000002 948.5529000000001 964.4772 293.5097 436.52020000000005 582.3557000000001 716.0456 832.0197000000001 107.7868 
98.6002 0 46.2709 119.9323 220.06220000000002 287.0697 328.0819 379.70550000000003 465.4421 483.55289999999997 428.079 573.4918 614.8319 771.1809000000001 880.3665000000001 895.3998000000001 922.7128000000001 849.9527 982.1266000000002 392.10990000000004 535.1204 680.9559 814.6458 930.6199 206.387 
144.8711 46.2709 0 73.6614 173.7913 240.7988 281.811 333.4346 419.1712 437.282 381.80809999999997 527.2209 568.561 724.9100000000001 834.0956000000001 849.1289000000002 876.4419000000001 803.6818000000001 935.8557000000002 438.3808 581.3913 727.2268 860.9167 976.8908 252.6579 
218.5325 119.9323 73.6614 0 100.1299 167.1374 208.14960000000002 259.77320000000003 345.50980000000004 363.6206 308.1467 453.5595 494.8996 651.2486 760.4342 775.4675000000001 802.7805000000001 730.0204 862.1943000000001 512.0422 655.0527 800.8882 934.5781 994.6518000000001 326.3193 
318.66240000000005 220.06220000000002 173.7913 100.1299 0 67.0075 108.0197 159.6433 245.37990000000002 263.4907 208.01680000000002 353.4296 394.7697 551.1187 660.3043 675.3376000000001 702.6506 629.8905 762.0644000000001 612.1721 755.1826 901.0181 1010.4960000000001 894.5219000000001 426.4492 
385.6699 287.0697 240.79880000000003 167.1374 67.0075 0 41.0122 92.6358 178.3724 196.4832 141.0093 286.4221 327.7622 484.1112 593.2968000000001 608.3301000000001 635.6431000000001 562.883 695.0569000000002 679.1795999999999 822.1900999999999 968.0255999999999 943.4885000000002 827.5144000000001 493.45669999999996 
426.6821 328.0819 281.81100000000004 208.14960000000002 108.0197 41.0122 0 51.6236 137.36020000000002 155.47100000000003 99.9971 245.40990000000005 286.75000000000006 443.09900000000005 552.2846000000001 567.3179000000001 594.6309000000001 521.8708 654.0447000000001 720.1918 863.2022999999999 1009.0378 902.4763000000002 786.5022000000001 534.4689 
478.3057 379.70550000000003 333.43460000000005 259.77320000000003 159.6433 92.6358 51.6236 0 85.73660000000001 103.84740000000001 48.3735 193.7863 235.12640000000002 391.47540000000004 500.661 515.6943 543.0073 470.2472 602.4211 771.8154 914.8258999999999 984.5426 850.8527 734.8786 586.0925 
564.0423000000001 465.44210000000004 419.17120000000006 345.50980000000004 245.37990000000002 178.37240000000003 137.36020000000002 85.73660000000001 0 18.1108 37.3631 108.0497 149.3898 305.73879999999997 414.92439999999993 429.95769999999993 457.2706999999999 384.51059999999995 516.6845 857.552 1000.5625 898.8059999999999 765.1161 649.1419999999999 671.8291 
582.1531 483.5529 437.28200000000004 363.6206 263.4907 196.4832 155.471 103.8474 18.1108 0 55.4739 89.9389 131.279 287.628 396.81359999999995 411.84689999999995 439.15989999999994 366.39979999999997 498.5736999999999 875.6628 1018.6732999999999 880.6951999999999 747.0052999999999 631.0311999999999 689.9399 
526.6792 428.079 381.8081 308.1467 208.0168 141.0093 99.9971 48.3735 37.3631 55.4739 0 145.4128 186.7529 343.1019 452.28749999999997 467.32079999999996 494.63379999999995 421.8737 554.0476 820.1889 963.1994 936.1691 802.4792 686.5051 634.466 
672.092 573.4918 527.2209 453.5595 353.4296 286.4221 245.40990000000002 193.7863 108.0497 89.9389 145.4128 0 41.3401 197.6891 306.87469999999996 321.90799999999996 349.22099999999995 276.4609 408.6347999999999 965.6016999999999 936.5917999999999 790.7562999999999 657.0663999999999 541.0922999999999 779.8788 
713.4321 614.8319 568.561 494.8996 394.7697 327.7622 286.75 235.12640000000002 149.3898 131.279 186.7529 41.3401 0 156.349 265.53459999999995 280.56789999999995 307.88089999999994 235.12079999999997 367.2946999999999 1006.9418 895.2516999999999 749.4161999999999 615.7262999999999 499.7521999999999 821.2189 
869.7810999999999 771.1809 724.91 651.2486 551.1187 484.1112 443.099 391.4754 305.73879999999997 287.628 343.1019 197.6891 156.349 0 109.1856 124.21889999999999 151.53189999999998 78.7718 210.9457 881.9132 738.9027 593.0672 459.3773 343.40319999999997 977.5678999999999 
978.9666999999997 880.3664999999997 834.0955999999998 760.4341999999998 660.3042999999998 593.2967999999998 552.2845999999998 500.6609999999999 414.92439999999993 396.81359999999995 452.2874999999999 306.87469999999996 265.53459999999995 109.1856 0 15.0333 42.3463 30.4138 101.7601 772.7276 629.7171000000001 483.88160000000005 350.1917 234.2176 958.4505 
994.0 895.3998 849.1289 775.4675000000001 675.3376000000001 608.3301 567.3179 515.6943 429.9577 411.8469 467.32079999999996 321.908 280.5679 124.21889999999999 15.0333 0 27.313 45.4471 86.7268 757.6943 614.6838 468.8483 335.15840000000003 219.1843 943.4172 
1021.3129999999999 922.7127999999999 876.4418999999999 802.7805 702.6505999999999 635.6431 594.6309 543.0073 457.2707 439.1599 494.63379999999995 349.221 307.8809 151.5319 42.3463 27.313 0 72.7601 59.4138 730.3813 587.3708 441.5353 307.84540000000004 191.87130000000002 916.1042 
948.5528999999999 849.9526999999999 803.6818 730.0204 629.8905 562.8829999999999 521.8707999999999 470.24719999999996 384.51059999999995 366.39979999999997 421.8737 276.4609 235.12079999999997 78.7718 30.4138 45.4471 72.7601 0 132.1739 803.1414 660.1309 514.2954 380.6055 264.6314 988.8643 
964.4771999999999 982.1265999999999 935.8557 862.1943 762.0644 695.0569 654.0447 602.4211 516.6845 498.5737 554.0476 408.6348 367.2947 210.9457 101.7601 86.7268 59.4138 132.1739 0 670.9675 527.957 382.12149999999997 248.4316 132.4575 856.6904 
293.5097 392.10990000000004 438.3808 512.0422 612.1721 679.1795999999999 720.1918 771.8154 857.552 875.6628000000001 820.1889 965.6017 1006.9418000000001 881.9132000000001 772.7276 757.6943 730.3813 803.1414000000001 670.9675 0 143.0105 288.846 422.53589999999997 538.51 185.7229 
436.52020000000005 535.1204 581.3913 655.0527 755.1826 822.1901 863.2023 914.8259 1000.5625000000001 1018.6733000000002 963.1994000000001 936.5918 895.2517 738.9027000000001 629.7171000000001 614.6838 587.3708 660.1309000000001 527.957 143.0105 0 145.8355 279.5254 395.4995 328.7334 
582.3557 680.9558999999999 727.2267999999999 800.8881999999999 901.0180999999999 968.0255999999999 1009.0378 984.5426 898.8059999999999 880.6951999999999 936.1691 790.7562999999999 749.4161999999999 593.0672 483.88159999999993 468.84829999999994 441.53529999999995 514.2954 382.12149999999997 288.846 145.8355 0 133.6899 249.664 474.5689 
716.0455999999999 814.6457999999999 860.9166999999999 934.5780999999998 1010.4960000000001 943.4885 902.4763 850.8527 765.1161 747.0052999999999 802.4792 657.0663999999999 615.7262999999999 459.37729999999993 350.19169999999997 335.1584 307.8454 380.60549999999995 248.4316 422.53589999999997 279.5254 133.6899 0 115.9741 608.2588 
832.0197 930.6198999999999 976.8907999999999 994.6518 894.5219 827.5144 786.5022 734.8786 649.1419999999999 631.0311999999999 686.5051 541.0922999999999 499.75219999999996 343.40319999999997 234.2176 219.1843 191.87130000000002 264.6314 132.4575 538.51 395.4995 249.664 115.9741 0 724.2329 
107.7868 206.387 252.65789999999998 326.3193 426.4492 493.4567 534.4689 586.0925 671.8291 689.9399000000001 634.466 779.8788000000001 821.2189000000001 977.5679 958.4505 943.4172 916.1042 988.8643000000001 856.6904 185.7229 328.7334 474.5689 608.2588 724.2329 0 
