19
hpxog mjuiv pzeml jzbvh kanje kfbqn jwlxv fotdz qixvs cjqms yajhi qubze gcrle gamis jlmkx izsvm qnbvz yfxka kwlpn
0 20.27979 24.39297 33.50299 32.74639 23.45656 21.74237 35.833200000000005 25.00856 21.18334 56.87583 76.69829999999999 64.88498 51.65436 42.10905 41.3347 44.63714 37.98429 9.92074 
20.27979 0 15.74409 21.9338 31.52465 22.51137 38.48977 48.82875 45.02983 40.50909 76.75806 94.99849 78.26443 61.484 49.87524 45.97335 47.34696 33.68826 23.90731 
24.39297 15.74409 0 9.11722 16.19047 10.91455 33.43075 47.0368 48.513819999999996 45.17172 75.28078 89.79292 66.71415 48.61148 36.73365 31.66733 32.37256 17.94417 21.0564 
33.50299 21.9338 9.11722 0 16.67767 19.887809999999998 41.01352 54.6063 56.9399 54.2661 83.2314 96.42493 70.00487 50.9452 39.08268 32.73265 31.99507 14.8657 29.74313 
32.74639 31.52465 16.19047 16.67767 0 12.066099999999999 30.45127 44.5256 51.11399 50.23605 71.99558 82.32624 53.43366 34.2701 22.43217 16.15035 16.18209 6.48489 24.71487 
23.45656 22.51137 10.91455 19.887809999999998 12.066099999999999 0 23.26818 36.95794 40.86066 39.2426 65.51073 79.07546 56.70394 38.97263 28.00729 23.71002 25.82429 17.29217 13.53582 
21.74237 38.48977 33.43075 41.01352 30.45127 23.26818 0 14.09083 29.77433 25.23121 42.834630000000004 56.80933 43.5541 32.90804 26.46331 29.39062 34.07404 36.93578 14.58359 
35.833200000000005 48.82875 47.0368 54.6063 44.5256 36.95794 14.09083 0 15.6835 20.59878 28.7438 46.40116 45.15164 40.22734 37.24227 41.76242 46.65273 51.00785 25.9804 
25.00856 45.02983 48.513819999999996 56.9399 51.11399 40.86066 29.77433 15.6835 0 13.697379999999999 34.14255 57.28923 60.50923 54.69719 49.7556 52.75038 57.3365 57.3917 27.45742 
21.18334 40.50909 45.17172 54.2661 50.23605 39.2426 25.23121 20.59878 13.697379999999999 0 40.27048 62.97904 65.06826 57.71315 51.69452 53.78879 58.13931 56.28574 25.72028 
56.87583 76.75806 75.28078 83.2314 71.99558 65.51073 42.834630000000004 28.7438 34.14255 40.27048 0 25.1269 53.50734 57.11764 59.39491 65.7335 70.63819 78.42930000000001 54.65252 
76.69829999999999 94.99849 89.79292 96.42493 82.32624 79.07546 56.80933 46.40116 57.28923 62.97904 25.1269 0 44.020860000000006 58.2312 64.13417 71.76259 75.97981 88.13263 71.10693 
64.88498 78.26443 66.71415 70.00487 53.43366 56.70394 43.5541 45.15164 60.50923 65.06826 53.50734 44.020860000000006 0 19.71284 31.058 38.1865 40.98133 57.37522 56.02406 
51.65436 61.484 48.61148 50.9452 34.2701 38.97263 32.90804 40.22734 54.69719 57.71315 57.11764 58.2312 19.71284 0 11.93199 18.57494 21.28821 37.799080000000004 41.92655 
42.10905 49.87524 36.73365 39.08268 22.43217 28.00729 26.46331 37.24227 49.7556 51.69452 59.39491 64.13417 31.058 11.93199 0 7.62842 12.57812 26.41561 32.19206 
41.3347 45.97335 31.66733 32.73265 16.15035 23.71002 29.39062 41.76242 52.75038 53.78879 65.7335 71.76259 38.1865 18.57494 7.62842 0 4.9497 19.22414 31.57637 
44.63714 47.34696 32.37256 31.99507 16.18209 25.82429 34.07404 46.65273 57.3365 58.13931 70.63819 75.97981 40.98133 21.28821 12.57812 4.9497 0 17.53271 35.09211 
37.98429 33.68826 17.94417 14.8657 6.48489 17.29217 36.93578 51.00785 57.3917 56.28574 78.42930000000001 88.13263 57.37522 37.799080000000004 26.41561 19.22414 17.53271 0 30.82799 
9.92074 23.90731 21.0564 29.74313 24.71487 13.53582 14.58359 25.9804 27.45742 25.72028 54.65252 71.10693 56.02406 41.92655 32.19206 31.57637 35.09211 30.82799 0 
