39
omjfc dowbf yaxts ablxw rlfxc lnfiu aeomh otirh ywion ijofp efjns bcrwj gxdqt lsnhz mlfbi oscrv xintv coubd tyuep cursl xnysi zsehb lcghr yzaje ugyls vmgxh artvi mzlsn spuoi kcley ugamb axmwy aqzce tejxc qdzgs hopbn misyc xeljy hutmk
0 2.21953 8.48583 13.36828 14.80113 18.63411 36.15746 52.02158 53.59135 51.09329 47.64324 39.83172 29.21591 36.72695 43.31913 45.43322 49.74178 53.46128 55.18873 59.9876 61.934 43.30879 32.24083 21.77112 18.14116 14.70151 25.20329 27.72908 38.36565 37.77992 33.63883 38.7828 48.26255 49.9389 64.53282 47.14498 53.73438 49.18045 6.13072 
2.21953 0 7.32337 11.55227 12.73015 16.4667 33.98464 49.8421 51.67833 49.23728 45.91378 37.95572 27.64328 36.07149 42.97429 45.36016 50.14741 53.96949 56.345 61.238 63.05808 44.79858 33.08617 22.78139 19.36406 16.89711 27.32461 29.62088 39.67011 38.541309999999996 33.39044 40.99583 50.47967 52.13063 66.53431 49.16326 52.667 47.8365 6.49164 
8.48583 7.32337 0 6.07305 8.87484 16.67224 33.20598 45.96837 45.8286 43.17057 39.45492 32.03214 20.85968 28.85958 36.03293 38.78181 44.45052 48.48228 52.69324 57.87699 59.24569 42.55797 28.77438 19.40737 17.01866 20.24365 32.58918 35.85657 46.83814 45.85034 39.95481 44.974909999999994 54.20465 54.55302 66.84063 49.811840000000004 45.35729 40.69462 13.80068 
13.36828 11.55227 6.07305 0 3.44367 12.93131 28.05056 39.89588 40.23864 37.72526 34.36698 26.46549 16.29945 27.62972 35.64463 39.20078 46.19152 50.43572 56.36549 61.72209 62.73856 47.24347 32.30481 23.96117 22.21225 26.27109 38.302130000000005 41.09709 50.9346 48.85061 40.93181 50.99513 60.25606 60.59735 72.45719 55.50147 42.39141 36.84373 17.37504 
14.80113 12.73015 8.87484 3.44367 0 9.71017 24.65603 37.46378 39.1237 36.82964 33.9324 25.53696 16.78172 29.89765 38.17043 42.13681 49.32044 53.60442 59.79041 65.15628 66.14672 50.66304 35.73731 27.37719 25.52155 28.59408 40.0006 42.27316 51.10262 48.28945 39.28821 53.21933 62.58161 63.31643 75.64568 58.60929 43.60212 37.49834 17.74371 
18.63411 16.4667 16.67224 12.93131 9.71017 0 17.52378 35.50192 41.52691 39.92322 38.30874 29.16062 24.00911 39.05936 47.54166 51.57155 59.03056 63.31085 69.07961 74.35968 75.52702 59.22779 45.03368 36.05932 33.62763 33.32683 42.42381 43.06416 48.759299999999996 44.01508 32.40675 56.918589999999995 66.47185 68.56104 82.71471 65.43286 51.11115 44.09937 18.31672 
36.15746 33.98464 33.20598 28.05056 24.65603 17.52378 0 22.96866 35.59167 35.48507 36.52699 27.9692 30.6793 48.09316 56.91861 61.93503 71.08007 75.54231 83.75441 89.24204 90.21641 75.28271 59.84889 52.00836 50.13703 50.84998 59.4372 59.29313 62.24645 55.34812 40.27023 74.21866 83.79077 86.08181 99.93713 82.71551 54.834810000000004 46.017 35.37396 
52.02158 49.8421 45.96837 39.89588 37.46378 35.50192 22.96866 0 17.67627 19.60895 23.90236 20.44512 31.63355 46.61685 54.43628 60.25427 71.09916 75.50889 87.70612 93.37183 92.88185 82.84347 65.74857 61.00765 60.64172 66.04869 77.09204 78.41712 83.76796 77.71547000000001 63.10259 90.67624 100.04428 100.4207 110.69797 94.3753 44.34086 35.575720000000004 53.41683 
53.59135 51.67833 45.8286 40.23864 39.1237 41.52691 35.59167 17.67627 0 3.51377 9.29505 13.81835 26.08108 35.54597 41.8135 47.6805 58.92047 63.08931 77.29896 82.88053000000001 81.67731 75.17205 57.91201 55.92934 56.78591 65.68514 78.41753 81.29783 89.80261999999999 85.54199 72.99482 90.18165 99.02101 97.55745 104.54595 89.4013 28.0949 19.94106 56.82442 
51.09329 49.23728 43.17057 37.72526 36.82964 39.92322 35.48507 19.60895 3.51377 0 5.78865 11.29651 23.04539 32.03228 38.34584 44.21946 55.45128 59.63713 73.7879 79.37146 78.18337 71.70306 54.45532 52.6536 53.61436 62.84924 75.73972 78.82232 87.73523 83.86585 71.79496 87.24688 96.01038 94.37137 101.04798 86.06161 25.1751 16.76825 54.57335 
47.64324 45.91378 39.45492 34.36698 33.9324 38.30874 36.52699 23.90236 9.29505 5.78865 0 9.25336 18.75447 26.27161 32.58316 38.4628 49.68451 53.88779 68.00474 73.58548 72.39692 66.1034 48.91807 47.54818 48.7437 58.663 71.83239 75.2986 85.03464 81.80377 70.62333 82.80806 91.40823 89.40992 95.55057 80.77222 20.56107 11.67336 51.58061 
39.83172 37.95572 32.03214 26.46549 25.53696 29.16062 27.9692 20.44512 13.81835 11.29651 9.25336 0 12.75122 26.1727 34.081 39.86129 50.65404 55.07152 67.4822 73.14291 72.5207 63.56116 46.28033 43.02416 43.51242 51.8999 64.60048 67.55678 76.50422 72.87958 61.40805 76.45433 85.37018 84.23626 92.27845 76.66503 26.86561 18.15851 43.28058 
29.21591 27.64328 20.85968 16.29945 16.78172 24.00911 30.6793 31.63355 26.08108 23.04539 18.75447 12.75122 0 17.45637 26.28681 31.44015 41.23591 45.73122 56.38217 62.04341 61.86568 51.28457 34.12447 30.28393 30.79521 39.9288 53.0858 56.71625 67.21765 64.98969 55.79498 64.21401 72.9679 71.55184 79.67013 63.93111 27.13915 20.71725 33.66577 
36.72695 36.07149 28.85958 27.62972 29.89765 39.05936 48.09316 46.61685 35.54597 32.03228 26.27161 26.1727 17.45637 0 8.83044 14.07087 24.50494 28.94996 41.8187 47.43508 46.51197 40.37423 23.63665 25.68704 28.47234 41.81969 55.58593 60.93373 74.37783 74.50613 68.40446 63.10408 70.58067 66.72383 70.14104 56.49064 19.00267 19.01394 42.5516 
43.31913 42.97429 36.03293 35.64463 38.17043 47.54166 56.91861 54.43628 41.8135 38.34584 32.58316 34.081 26.28681 8.83044 0 5.89029 17.10699 21.32093 36.51802 41.52617 39.97618 37.61652 22.82211 28.34522 31.91378 46.07429 59.53591 65.47558 79.86566 80.90576 75.98774 65.15259 71.80096 66.75962 67.3323 55.30893 19.30552 23.02167 49.34798 
45.43322 45.36016 38.78181 39.20078 42.13681 51.57155 61.93503 60.25427 47.6805 44.21946 38.4628 39.86129 31.44015 14.07087 5.89029 0 11.2589 15.43156 30.62773 35.95137 34.22316 33.5649 22.04949 28.07243 32.00195 46.33049 59.36887 65.68131 80.69918 82.50384 78.67674 63.612 69.66667 63.90977 63.070890000000006 51.88375 24.12386 28.68685 51.55035 
49.74178 50.14741 44.45052 46.19152 49.32044 59.03056 71.08007 71.09916 58.92047 55.45128 49.68451 50.65404 41.23591 24.50494 17.10699 11.2589 0 4.49538 21.89056 25.03827 23.0266 26.23643 19.19504 29.29958 33.49091 47.2324 59.01418 65.88115 81.81942 85.04343 83.37775 60.48123 65.2424 58.20126 54.11259 45.24317 34.799 39.924189999999996 55.82553 
53.46128 53.96949 48.48228 50.43572 53.60442 63.31085 75.54231 75.50889 63.08931 59.63713 53.88779 55.07152 45.73122 28.94996 21.32093 15.43156 4.49538 0 17.39518 21.95871 19.41786 26.14738 22.09335 32.53867 36.70785 50.07951 61.34772 68.3497 84.50399 88.14438 87.05533 61.77415 65.97351 58.37234 52.57154 45.07003 38.30163 43.8605 59.48526 
55.18873 56.345 52.69324 56.36549 59.79041 69.07961 83.75441 87.70612 77.29896 73.7879 68.00474 67.4822 56.38217 41.8187 36.51802 30.62773 21.89056 17.39518 0 5.66577 6.80364 14.95645 24.06209 33.6084 37.04764 47.23146 55.45316 62.74756 79.384 84.98915 87.27712 51.76633 53.85387 44.93471 35.69311 31.25315 54.64462 59.11301 60.59328 
59.9876 61.238 57.87699 61.72209 65.15628 74.35968 89.24204 93.37183 82.88053000000001 79.37146 73.58548 73.14291 62.04341 47.43508 41.52617 35.95137 25.03827 21.95871 5.66577 0 4.55434 18.01678 29.43872 38.62695 41.87886 51.22629 58.49401 65.77612 82.39275 88.50198 91.56699 53.41925 54.52638 45.05236 33.0977 31.54839 59.83004 64.54763 65.23416 
61.934 63.05808 59.24569 62.73856 66.14672 75.52702 90.21641 92.88185 81.67731 78.18337 72.39692 72.5207 61.86568 46.51197 39.97618 34.22316 23.0266 19.41786 6.80364 4.55434 0 21.33687 30.50469 40.29258 43.79682 54.0033 61.94709 69.24195 85.87914 91.66487 94.08062 57.50806 58.89508 49.51484 37.50262 35.95882 57.6921 62.90857 67.37279 
43.30879 44.79858 42.55797 47.24347 50.66304 59.22779 75.28271 82.84347 75.17205 71.70306 66.1034 63.56116 51.28457 40.37423 37.61652 33.5649 26.23643 26.14738 14.95645 18.01678 21.33687 0 17.61468 23.2864 25.98108 33.38627 40.61131 47.90576 64.54249 70.4879 73.87221 37.12605 40.14136 32.22752 29.84097 19.00674 56.9006 59.24151 48.14796 
32.24083 33.08617 28.77438 32.30481 35.73731 45.03368 59.84889 65.74857 57.91201 54.45532 48.91807 46.28033 34.12447 23.63665 22.82211 22.04949 19.19504 22.09335 24.06209 29.43872 30.50469 17.61468 0 10.6261 14.714 28.05756 39.96287 46.73668 62.62457 66.05105 65.50269 43.03096 49.14602 43.93751 46.69252 32.95046 41.43071 42.65024 38.06596 
21.77112 22.78139 19.40737 23.96117 27.37719 36.05932 52.00836 61.00765 55.92934 52.6536 47.54818 43.02416 30.28393 25.68704 28.34522 28.07243 29.29958 32.53867 33.6084 38.62695 40.29258 23.2864 10.6261 0 4.19262 18.34247 31.33325 37.62009 52.93443 55.74753 54.88289 37.42688 44.98774 41.93856 49.69058 33.64883 44.67387 43.74983 27.49464 
18.14116 19.36406 17.01866 22.21225 25.52155 33.62763 50.13703 60.64172 56.78591 53.61436 48.7437 43.51242 30.79521 28.47234 31.91378 32.00195 33.49091 36.70785 37.04764 41.87886 43.79682 25.98108 14.714 4.19262 0 14.32854 27.62213 33.70275 48.83078 52.42836 50.89508 34.86301 42.9086 40.77255 50.39008 33.74471 47.45332 45.87155 23.65922 
14.70151 16.89711 20.24365 26.27109 28.59408 33.32683 50.84998 66.04869 65.68514 62.84924 58.663 51.8999 39.9288 41.81969 46.07429 46.33049 47.2324 50.07951 47.23146 51.22629 54.0033 33.38627 28.05756 18.34247 14.32854 0 13.79492 19.40954 34.64219 38.26434 40.52804 24.73126 34.00258 35.23757 50.65618 33.27176 60.52572 57.80841 16.86556 
25.20329 27.32461 32.58918 38.302130000000005 40.0006 42.42381 59.4372 77.09204 78.41753 75.73972 71.83239 64.60048 53.0858 55.58593 59.53591 59.36887 59.01418 61.34772 55.45316 58.49401 61.94709 40.61131 39.96287 31.33325 27.62213 13.79492 0 9.950520000000001 23.93402 30.64144 38.54963 15.39548 24.81417 29.80739 49.54379 33.45581 74.3203 71.5015 24.1278 
27.72908 29.62088 35.85657 41.09709 42.27316 43.06416 59.29313 78.41712 81.29783 78.82232 75.2986 67.55678 56.71625 60.93373 65.47558 65.68131 65.88115 68.3497 62.74756 65.77612 69.24195 47.90576 46.73668 37.62009 33.70275 19.40954 9.950520000000001 0 16.6384 23.81458 33.61042 19.42863 27.92292 34.703 55.46595 40.00592 79.36992 75.93881 25.03312 
38.36565 39.67011 46.83814 50.9346 51.10262 48.759299999999996 62.24645 83.76796 89.80261999999999 87.73523 85.03464 76.50422 67.21765 74.37783 79.86566 80.69918 81.81942 84.50399 79.384 82.39275 85.87914 64.54249 62.62457 52.93443 48.83078 34.64219 23.93402 16.6384 0 10.8384 26.73816 33.10697 39.39435 48.19629 69.95071 55.6431 92.01892 87.5027 33.56002 
37.77992 38.541309999999996 45.85034 48.85061 48.28945 44.01508 55.34812 77.71547000000001 85.54199 83.86585 81.80377 72.87958 64.98969 74.50613 80.90576 82.50384 85.04343 88.14438 84.98915 88.50198 91.66487 70.4879 66.05105 55.74753 52.42836 38.26434 30.64144 23.81458 10.8384 0 16.93466 42.35755 49.46016 57.68839 79.03115 63.82044 91.07063 85.66483 32.04967 
33.63883 33.39044 39.95481 40.93181 39.28821 32.40675 40.27023 63.10259 72.99482 71.79496 70.62333 61.40805 55.79498 68.40446 75.98774 78.67674 83.37775 87.05533 87.27712 91.56699 94.08062 73.87221 65.50269 54.88289 50.89508 40.52804 38.54963 33.61042 26.73816 16.93466 0 53.039049999999996 61.4504 68.12114 88.00653 71.4325 82.8494 76.3105 27.57264 
38.7828 40.99583 44.974909999999994 50.99513 53.21933 56.918589999999995 74.21866 90.67624 90.18165 87.24688 82.80806 76.45433 64.21401 63.10408 65.15259 63.612 60.48123 61.77415 51.76633 53.41925 57.50806 37.12605 43.03096 37.42688 34.86301 24.73126 15.39548 19.42863 33.10697 42.35755 53.039049999999996 0 9.57433 15.36578 36.84669 23.42958 82.09902 80.71814 38.86816 
48.26255 50.47967 54.20465 60.25606 62.58161 66.47185 83.79077 100.04428 99.02101 96.01038 91.40823 85.37018 72.9679 70.58067 71.80096 69.66667 65.2424 65.97351 53.85387 54.52638 58.89508 40.14136 49.14602 44.98774 42.9086 34.00258 24.81417 27.92292 39.39435 49.46016 61.4504 9.57433 0 10.40929 32.14782 23.00861 89.47166 88.68313 48.44249 
49.9389 52.13063 54.55302 60.59735 63.31643 68.56104 86.08181 100.4207 97.55745 94.37137 89.40992 84.23626 71.55184 66.72383 66.75962 63.90977 58.20126 58.37234 44.93471 45.05236 49.51484 32.22752 43.93751 41.93856 40.77255 35.23757 29.80739 34.703 48.19629 57.68839 68.12114 15.36578 10.40929 0 22.05943 25.866880000000002 85.21567 85.41594 51.36545 
64.53282 66.53431 66.84063 72.45719 75.64568 82.71471 99.93713 110.69797 104.54595 101.04798 95.55057 92.27845 79.67013 70.14104 67.3323 63.070890000000006 54.11259 52.57154 35.69311 33.0977 37.50262 29.84097 46.69252 49.69058 50.39008 50.65618 49.54379 55.46595 69.95071 79.03115 88.00653 36.84669 32.14782 22.05943 0 17.40885 86.63772 89.08248 67.52027 
47.14498 49.16326 49.811840000000004 55.50147 58.60929 65.43286 82.71551 94.3753 89.4013 86.06161 80.77222 76.66503 63.93111 56.49064 55.30893 51.88375 45.24317 45.07003 31.25315 31.54839 35.95882 19.00674 32.95046 33.64883 33.74471 33.27176 33.45581 40.00592 55.6431 63.82044 71.4325 23.42958 23.00861 25.866880000000002 17.40885 0 74.29821 75.4784 50.12935 
53.73438 52.667 45.35729 42.39141 43.60212 51.11115 54.834810000000004 44.34086 28.0949 25.1751 20.56107 26.86561 27.13915 19.00267 19.30552 24.12386 34.799 38.30163 54.64462 59.83004 57.6921 56.9006 41.43071 44.67387 47.45332 60.52572 74.3203 79.36992 92.01892 91.07063 82.8494 82.09902 89.47166 85.21567 86.63772 74.29821 0 8.88771 59.09542 
49.18045 47.8365 40.69462 36.84373 37.49834 44.09937 46.017 35.575720000000004 19.94106 16.76825 11.67336 18.15851 20.71725 19.01394 23.02167 28.68685 39.924189999999996 43.8605 59.11301 64.54763 62.90857 59.24151 42.65024 43.74983 45.87155 57.80841 71.5015 75.93881 87.5027 85.66483 76.3105 80.71814 88.68313 85.41594 89.08248 75.4784 8.88771 0 54.13109 
6.13072 6.49164 13.80068 17.37504 17.74371 18.31672 35.37396 53.41683 56.82442 54.57335 51.58061 43.28058 33.66577 42.5516 49.34798 51.55035 55.82553 59.48526 60.59328 65.23416 67.37279 48.14796 38.06596 27.49464 23.65922 16.86556 24.1278 25.03312 33.56002 32.04967 27.57264 38.86816 48.44249 51.36545 67.52027 50.12935 59.09542 54.13109 0 
