47
SantaClara Asheville Durham CedarRapids Memphis Hickory Tyler HuntingtonBeach Kennewick PuntaGorda Omaha Topeka ThousandOaks SantaCruz Tucson Bradenton Huntsville Yonkers Waterloo Springdale McHenry Torrance PalmBay Modesto Hampton RichmondCounty Charlotte BelAir Monroe York NewBedford Aurora LakeCharles Newark Burbank Chicago Danbury Atlanta GrandRapids Downey SaintPaul Waco SaintLouis Barnstable Deltona Winston Hayward
0 4.1497 5.3965 5.9629 10.9849 12.891099999999998 14.697999999999999 13.1962 13.351500000000001 10.7908 12.4706 12.3132 9.3905 12.875 11.9819 12.8682 14.5799 14.8426 11.6642 10.0474 7.5158000000000005 7.9541 10.9185 10.5894 11.211699999999999 12.135299999999999 12.596499999999999 7.0497 7.1964 8.9038 7.3038 10.8488 16.5708 11.995800000000001 11.5655 12.9192 16.8573 13.4611 13.2423 14.0859 12.6052 13.334399999999999 10.1379 17.5715 9.1947 12.392999999999999 1.7499 
4.1497 0 1.2468 2.13 7.152 9.0582 10.8651 11.4923 9.2018 6.6411 9.273599999999998 8.163499999999999 5.2408 8.7253 7.832199999999999 8.718499999999999 10.4302 10.6929 7.5145 5.8977 3.3661 3.8044 6.7688 6.4397 7.062 7.9856 10.1592 11.1994 11.3461 10.0465 8.4465 10.6843 12.4211 7.8461 7.7326 9.0863 14.529499999999999 9.6282 9.092600000000001 10.372499999999999 11.4113 11.1191 10.367899999999999 13.421800000000001 5.045 8.5601 2.3998 
5.3965 1.2468 0 3.3768 8.3988 10.305 12.1119 12.7391 7.955 5.3943 8.499 9.410300000000001 6.4876000000000005 9.972100000000001 9.078999999999999 9.9653 11.677 9.4461 6.2677 7.1058 4.6129 5.0512 8.0156 5.1929 5.8152 6.7387999999999995 8.9124 12.4462 12.592899999999998 11.293299999999999 9.693299999999999 11.931099999999999 11.7849 9.0929 8.9794 10.3331 15.776299999999999 10.875 10.339400000000001 11.619299999999999 10.1645 10.5246 11.6147 13.3626 3.7982 9.806899999999999 3.6466 
5.9629 2.13 3.3768 0 5.022 6.9282 8.735100000000001 9.362300000000001 10.1156 8.7711 11.4036 10.2935 7.3708 10.8553 9.4519 10.3382 9.3326 12.822899999999999 9.644499999999999 8.0277 5.4961 5.9344 8.8988 6.521 7.1433 8.0669 10.2405 10.622399999999999 10.4757 11.859699999999998 10.259699999999999 12.304 12.2574 9.9761 5.6026 6.9563 12.3995 7.4982 8.159099999999999 8.2425 13.5413 8.9891 10.5948 15.523200000000001 7.175 6.4301 4.213 
10.9849 7.152 8.3988 5.022 0 1.9062 3.7131 4.3403 5.0935999999999995 6.4816 9.5863 9.7892 10.0609 9.4531 4.4299 5.3162 7.027900000000001 7.9386 11.117 10.0151 8.895999999999999 9.0839 5.4933 9.1196 8.5032 7.579599999999999 5.406 5.6004000000000005 5.4537 7.841100000000001 8.1878 7.282 7.235399999999999 13.376 10.624600000000001 11.9583 10.3378 4.5846 8.3567 6.207 8.890799999999999 14.0111 8.688600000000001 10.5012 12.197 1.4081 9.235 
12.891100000000002 9.0582 10.305 6.9282 1.9062 0 1.8069 2.4341 3.1874 5.5716 8.6763 7.883 8.1547 7.5469 3.5199 4.4062 6.117900000000001 6.0324 9.210799999999999 9.1051 7.985999999999999 7.843999999999999 4.5832999999999995 7.2193 6.5969999999999995 5.6734 3.4998 6.9002 6.7535 7.881600000000001 6.2816 6.372 6.3254 12.466 9.847900000000001 11.1278 10.934099999999999 6.4908 9.1838 4.6674 8.619399999999999 12.3122 7.9593 8.595 11.4163 0.4981 11.141200000000001 
14.698 10.865099999999998 12.111899999999999 8.7351 3.7131 1.8069 0 4.241 4.8168 7.3774999999999995 10.482199999999999 9.6899 9.9616 9.3538 5.3267999999999995 6.208399999999999 4.4967 7.8393 11.0177 10.911999999999999 9.7929 9.6509 6.390199999999999 9.0262 8.4039 7.4803 5.3067 8.6368 8.5604 9.6885 8.0885 8.178899999999999 8.1323 14.0277 8.2267 9.5804 12.741 8.1772 8.8381 6.4742999999999995 10.421599999999998 14.1191 9.7662 10.2244 13.2232 2.3049999999999997 12.9481 
13.1962 11.4923 12.7391 9.362300000000001 4.3403 2.4341 4.241 0 5.621499999999999 8.005700000000001 11.1104 10.3171 10.588799999999999 9.981 5.954 6.8403 8.552 8.4665 11.6449 11.539200000000001 10.4201 10.278099999999998 7.017399999999999 9.6534 9.0311 8.1075 5.9338999999999995 6.1465 5.9998 6.4511 8.0511 8.8061 8.759500000000001 14.9001 12.282 12.6899 13.3682 8.924900000000001 11.617899999999999 7.1015 11.0535 14.0817 9.2347 11.0291 13.8504 2.9322 13.575300000000002 
13.351500000000001 9.2018 7.955 10.1156 5.0935999999999995 3.1874 4.8168 5.621499999999999 0 2.5607 5.6654 6.7755 9.6982 9.988299999999999 6.7073 7.5936 9.3053 9.2198 12.3982 11.180499999999999 9.1053 8.667 7.7707 9.3001 9.7844 8.8608 6.6872 10.087599999999998 9.9409 11.068999999999999 9.469 9.5594 8.951300000000002 13.5853 8.0612 9.4149 9.957799999999999 4.204599999999999 7.976699999999999 7.854799999999999 7.3325 12.2606 11.1467 5.4076 11.7532 3.6854999999999998 11.601600000000001 
10.7908 6.6411 5.3943 8.7711 6.4816 5.5716 7.3774999999999995 8.005700000000001 2.5607 0 3.1047 4.2148 7.1375 7.4276 8.0953 8.9816 10.6933 8.096499999999999 11.274899999999999 11.261600000000001 10.0072 10.4455 9.1587 7.6698 8.2921 9.2157 9.0714 8.525599999999999 8.5947 10.7663 10.0732 10.9474 6.3906 12.5642 10.6219 11.9756 10.9993 6.7653 10.5374 9.706900000000001 4.7718 13.0015 11.6138 7.968300000000001 9.1925 5.0735 9.0409 
12.4706 9.2736 8.499 11.4036 9.5863 8.676300000000001 10.482199999999999 11.110400000000002 5.6654 3.1047 0 1.1101 4.0328 4.3229 9.889199999999999 10.2807 8.568999999999999 4.9918 8.1702 8.1569 10.688500000000001 11.126800000000001 10.952599999999999 10.6596 10.0373 10.9609 10.9677 5.4209 5.49 7.6616 9.2616 10.6674 9.4953 15.168500000000002 9.851099999999999 11.204799999999999 14.104 9.87 11.3364 7.436100000000001 7.8765 10.675 8.5091 11.073 12.2972 8.1782 11.6734 
12.313199999999998 8.163499999999999 9.4103 10.293499999999998 9.7892 7.883 9.6899 10.3171 6.775500000000001 4.2148 1.1101 0 2.9227 3.2127999999999997 8.7791 9.6654 9.6791 6.1019 9.2803 7.0468 9.5784 10.0167 9.8425 9.549499999999998 8.9272 9.8508 11.3828 6.531000000000001 6.6001 8.771700000000001 10.3717 11.6312 10.605400000000001 14.0584 8.741 10.0947 15.2141 10.181500000000002 10.226299999999998 6.3260000000000005 8.9866 9.5649 7.4702 12.183100000000001 13.208499999999999 8.3811 10.563299999999998 
9.3905 5.2408 6.4876000000000005 7.3708 10.060899999999998 8.1547 9.9616 10.588799999999999 9.6982 7.137499999999999 4.0328 2.9227 0 3.4844999999999997 9.050799999999999 9.9371 11.6488 9.0246 11.119 9.2303 8.6069 9.0452 10.114199999999999 9.7833 9.1989 10.1225 11.6545 9.4537 9.5228 11.6944 13.214599999999999 11.902899999999999 11.952 13.0869 9.012699999999999 10.366399999999999 15.8096 11.914 10.498 8.0585 11.5993 9.8366 7.741899999999999 15.1058 10.2858 8.6528 7.6406 
12.875 8.7253 9.972100000000001 10.8553 9.4531 7.5469 9.3538 9.981 9.9883 7.4276 4.3229 3.2127999999999997 3.4844999999999997 0 5.5663 6.4526 8.1643 9.314699999999998 11.409099999999999 9.520399999999999 9.502799999999999 9.064499999999999 6.6297 10.1113 9.489 10.412600000000001 11.0467 5.999700000000001 6.0688 8.240400000000001 9.8404 8.4184 10.1552 13.9828 9.3028 10.6565 15.7297 12.158300000000002 10.7881 8.302800000000001 10.6658 10.1267 8.032 15.395900000000001 13.5869 8.045 11.1251 
11.9819 7.8322 9.079 9.4519 4.4299 3.5199 5.3267999999999995 5.954 6.7073 8.0953 9.889199999999999 8.7791 9.050799999999999 5.5663 0 0.8863 2.598 6.1752 9.3536 6.9977 4.4661 4.654 1.0634 4.6897 5.312 6.2356 7.0197 7.5276 7.6743 7.9971 6.3971 2.8521 4.5889 8.946100000000001 6.327999999999999 7.607899999999999 13.1249 9.0145 8.984300000000001 7.8206999999999995 5.0995 10.0214 4.4394 12.1149 9.8527 3.0218 10.232 
12.868199999999998 8.718499999999999 9.9653 10.3382 5.316199999999999 4.4062 6.208399999999999 6.8403 7.5936 8.9816 10.2807 9.6654 9.937100000000001 6.4526 0.8863 0 1.7117 5.2889 8.4673 7.8839999999999995 5.352399999999999 5.5403 1.9497 5.5760000000000005 6.198300000000001 7.1219 7.906000000000001 8.4139 8.560599999999999 7.6304 7.2834 3.7384 5.4752 9.8324 5.4417 6.7216 12.2386 9.9008 9.8706 8.707 4.2132 10.9077 5.3257 13.0012 10.739 3.9080999999999997 11.118299999999998 
14.579899999999999 10.4302 11.677 9.3326 7.0279 6.1179 4.4967 8.552 9.305299999999999 10.6933 8.568999999999999 9.679099999999998 11.648800000000001 8.1643 2.598 1.7117 0 3.5772 6.755599999999999 9.5957 7.0641 7.251999999999999 3.6613999999999995 7.287699999999999 7.909999999999999 8.833599999999999 9.6177 8.1594 8.306099999999999 5.9187 7.518700000000001 5.4501 7.1869 9.531 3.73 5.0837 10.5269 10.5504 10.6543 10.418700000000001 5.924899999999999 10.8169 7.0374 13.860399999999998 11.387799999999999 5.6198 12.829999999999998 
14.842600000000001 10.6929 9.4461 12.8229 7.9386 6.0324 7.8393 8.4665 9.2198 8.096499999999999 4.9918 6.1019 9.0246 9.3147 6.1752 5.2889 3.5772 0 3.1784 9.9632 10.6413 10.8292 7.2386 8.2121 7.5898 8.5134 9.5322 10.4127 10.4818 9.4959 11.0959 9.0273 10.764100000000001 13.1082 7.3072 8.6609 12.7264 6.9732 7.0771 9.837 9.502099999999999 12.3716 10.2769 10.2832 13.244299999999999 6.5305 13.0927 
11.664200000000001 7.5145 6.2677 9.6445 11.116999999999999 9.210799999999999 11.0177 11.6449 12.3982 11.274899999999999 8.1702 9.2803 11.119 11.409099999999999 9.3536 8.4673 6.755599999999999 3.1784 0 6.7848 9.3164 9.7547 10.417 11.0364 10.7682 11.6918 12.7106 10.1867 10.3334 9.7949 8.1949 11.7399 11.3086 13.7964 8.369299999999999 9.722999999999999 15.1662 10.1516 9.8546 11.0465 12.680499999999999 9.193200000000001 7.0985 13.4616 10.0659 9.7089 9.9143 
10.0474 5.8977 7.1058 8.0277 10.015099999999999 9.1051 10.912 11.539200000000001 11.180499999999999 11.2616 8.1569 7.0468 9.2303 9.5204 6.9977 7.884 9.5957 9.9632 6.7848 0 2.5316 2.9699 5.9343 4.2516 4.8739 5.797499999999999 7.9711 11.4188 11.4879 13.613999999999999 12.014 9.8498 11.5866 7.0116000000000005 11.599 10.537099999999999 16.6861 11.201699999999999 11.9153 7.3989 12.0972 7.2120999999999995 9.5334 7.5241 7.0434 8.607 8.2975 
7.5158000000000005 3.3661 4.6129 5.4961 8.895999999999999 7.986 9.7929 10.4201 9.1053 10.007200000000001 10.688500000000001 9.5784 8.6069 9.5028 4.4661 5.3524 7.0641 10.6413 9.3164 2.5316 0 0.4383 3.4027 6.7832 7.4055 8.3291 10.5027 10.09 10.236699999999999 12.3307 10.863199999999999 7.3182 9.055 4.48 10.281 11.6347 14.154499999999999 9.1265 11.5467 9.9305 9.5656 9.7437 7.001799999999999 10.0557 8.4111 7.4879 5.7659 
7.9541 3.8044 5.0512 5.9344 9.0839 7.843999999999999 9.6509 10.278099999999998 8.667 10.4455 11.1268 10.0167 9.0452 9.064499999999999 4.654 5.5403 7.252000000000001 10.8292 9.7547 2.9699 0.4383 0 3.5906 7.2169 7.8392 8.7628 10.9364 10.2779 10.4246 12.518600000000001 11.0511 7.5061 9.2429 4.9183 10.7193 12.073 14.4414 8.6882 11.7346 10.3688 9.753499999999999 10.181999999999999 7.1897 10.494 8.8494 7.6758 6.2042 
10.9185 6.7688 8.0156 8.8988 5.4933 4.5832999999999995 6.390199999999999 7.017399999999999 7.7707 9.1587 10.9526 9.8425 10.1142 6.6297 1.0634 1.9497 3.6614 7.2386 10.417 5.9343 3.4027 3.5906 0 3.6263 4.2486 5.1722 7.3458000000000006 6.6873000000000005 6.8340000000000005 8.928 7.4605 3.9154999999999998 5.652299999999999 7.8827 7.3914 8.6713 14.1883 10.0779 8.144 7.5471 6.1629 8.957999999999998 3.5991 11.6268 8.789299999999999 4.0851999999999995 9.1686 
10.589400000000001 6.4397 5.1929 6.521 9.1196 7.2193000000000005 9.026200000000001 9.653400000000001 9.3001 7.6698 10.659600000000001 9.5495 9.7833 10.1113 4.6897 5.5760000000000005 7.287700000000001 8.2121 11.0364 4.2516 6.7832 7.2169 3.6263 0 0.6223 1.5459 3.7195 7.906 8.0527 9.362400000000001 7.7624 7.5418 9.2786 11.263200000000001 9.5167 8.163 15.0745 9.3213 11.363800000000001 6.8474 9.789200000000001 5.3317 7.2254000000000005 11.7757 5.163 7.7115 8.839500000000001 
11.2117 7.061999999999999 5.8152 7.1433 8.5032 6.5969999999999995 8.4039 9.031099999999999 9.7844 8.2921 10.037299999999998 8.9272 9.1989 9.489 5.311999999999999 6.1983 7.91 7.5898 10.7682 4.8739 7.4055 7.8392 4.2486 0.6223 0 0.9236 3.0972 7.2837 7.4304 8.7401 7.1401 8.1641 9.9009 11.8855 8.8944 7.540699999999999 15.691299999999998 9.9436 10.7415 6.2251 10.4115 5.954 7.8477 12.398 5.785299999999999 7.0950999999999995 9.4618 
12.1353 7.9856 6.7388 8.0669 7.5796 5.6734 7.4803 8.1075 8.8608 9.2157 10.960899999999999 9.8508 10.122499999999999 10.4126 6.2356 7.1219 8.8336 8.5134 11.6918 5.797499999999999 8.3291 8.7628 5.1722 1.5459 0.9236 0 2.1736 7.7204 7.8671 9.0918 8.0637 9.0877 10.8245 12.8091 9.818 8.4643 16.6075 10.8672 11.665099999999999 7.1487 11.3351 6.877599999999999 8.7713 12.290600000000001 6.7089 6.1715 10.3854 
12.596499999999999 10.1592 8.9124 10.2405 5.406 3.4998 5.3067 5.9338999999999995 6.6872 9.0714 10.9677 11.3828 11.654499999999999 11.046700000000001 7.0197 7.906000000000001 9.617700000000001 9.5322 12.7106 7.9711 10.5027 10.9364 7.3458000000000006 3.7195 3.0972 2.1736 0 5.5468 5.6935 7.374 8.974 9.8718 9.8252 14.982700000000001 11.9916 10.6379 14.4339 9.9906 12.683599999999998 8.1672 12.1192 9.0512 8.635 10.117 7.9165 3.9979 12.559000000000001 
7.0497 11.1994 12.446200000000001 10.6224 5.6004000000000005 6.9002 8.6368 6.1465 10.0876 8.525599999999999 5.4209 6.531 9.4537 5.999700000000001 7.5276 8.4139 8.1594 10.4127 10.1867 11.4188 10.09 10.2779 6.6873000000000005 7.906 7.2837 7.7204 5.5468 0 0.1467 2.2407 3.8407 5.2465 11.0197 13.881400000000001 8.080400000000001 6.8368 9.807599999999999 9.9519 7.633100000000001 7.0362 9.1421 8.9043 3.0882 11.1159 13.068999999999999 7.008500000000001 8.7996 
7.1964 11.3461 12.5929 10.4757 5.4537 6.7535 8.5604 5.9998 9.9409 8.5947 5.49 6.6001 9.5228 6.0688 7.674300000000001 8.5606 8.3061 10.4818 10.333400000000001 11.4879 10.236699999999999 10.4246 6.834 8.0527 7.4304 7.867100000000001 5.6935 0.1467 0 2.3874 3.9874 5.3932 11.166400000000001 13.844800000000001 8.043800000000001 6.6901 9.6609 9.8052 7.7798 7.1829 9.288799999999998 9.051 3.2349 11.262599999999999 13.215699999999998 6.861800000000001 8.946299999999999 
8.9038 10.0465 11.2933 11.8597 7.841100000000001 7.881600000000001 9.688500000000001 6.4511 11.069 10.7663 7.6616 8.7717 11.694399999999998 8.240400000000001 7.9971 7.6304 5.9187 9.4959 9.7949 13.613999999999997 12.3307 12.518600000000001 8.928 9.3624 8.7401 9.0918 7.374 2.2407 2.3874 0 1.6 5.145 11.1255 15.4497 9.6487 9.0775 12.0483 9.6321 9.8738 9.2769 6.9014 7.630599999999999 5.3289 12.142299999999999 14.525399999999998 8.3797 7.6467 
7.3038 8.4465 9.6933 10.259699999999999 8.1878 6.2816 8.0885 8.0511 9.469 10.0732 9.2616 10.3717 13.2146 9.840399999999999 6.3971 7.2834 7.518700000000001 11.0959 8.1949 12.014 10.863199999999999 11.0511 7.4605 7.7624 7.1401 8.0637 8.974 3.8407 3.9874 1.6 0 3.545 9.525500000000001 15.3432 10.4649 10.6775 13.648299999999999 8.0321 10.0176 9.4207 5.3014 6.0306 5.4727 10.542300000000001 12.9254 6.7797 6.0466999999999995 
10.8488 10.684299999999999 11.931099999999999 12.304 7.282 6.372 8.1789 8.8061 9.5594 10.9474 10.6674 11.6312 11.902899999999999 8.4184 2.8521 3.7384 5.4501 9.0273 11.7399 9.849799999999998 7.318199999999999 7.5061 3.9154999999999998 7.5418 8.1641 9.0877 9.8718 5.2465 5.3932 5.145 3.545 0 7.441 11.7982 9.1801 10.459999999999999 15.0541 11.5771 10.5007 9.9038 7.951599999999999 9.5756 5.9558 13.9835 12.704799999999999 5.8739 9.5917 
16.5708 12.4211 11.7849 12.2574 7.235400000000001 6.325400000000001 8.1323 8.759500000000001 8.951300000000002 6.390600000000001 9.4953 10.6054 11.952000000000002 10.1552 4.5889 5.4752 7.1869 10.7641 11.3086 11.5866 9.055 9.242899999999999 5.652299999999999 9.278599999999999 9.900899999999998 10.824499999999999 9.8252 11.0197 11.1664 11.125499999999999 9.5255 7.441 0 6.1736 9.202300000000001 10.556000000000001 11.7531 11.5838 10.6876 10.6262 9.6884 10.0262 7.9315 14.358900000000002 14.441599999999998 5.827300000000001 14.820899999999998 
11.9958 7.8461 9.0929 9.976099999999999 13.376 12.466000000000001 14.0277 14.900100000000002 13.5853 12.564200000000001 15.168500000000002 14.0584 13.0869 13.982800000000001 8.9461 9.8324 9.531 13.1082 13.7964 7.0116000000000005 4.48 4.9183 7.8827 11.263200000000001 11.8855 12.8091 14.982700000000001 13.881400000000001 13.8448 15.4497 15.3432 11.7982 6.1736 0 5.801 7.1547 12.5979 13.1172 13.5493 13.8615 14.0456 12.887900000000002 10.7932 14.5357 12.8911 11.9679 10.245899999999999 
11.5655 7.7326 8.9794 5.6026 10.624600000000001 9.8479 8.2267 12.282 8.0612 10.6219 9.851099999999999 8.741 9.012699999999999 9.3028 6.328 5.4417 3.73 7.3072 8.369299999999999 11.599 10.281 10.7193 7.3914 9.5167 8.894400000000001 9.818000000000001 11.991600000000002 8.080400000000001 8.043800000000001 9.6487 10.4649 9.1801 9.202300000000001 5.801 0 1.3537 6.7969 7.3162 7.7482999999999995 8.060500000000001 9.6549 7.0869 4.9922 12.137 12.7776 9.3498 9.8156 
12.9192 9.0863 10.3331 6.9563 11.9583 11.1278 9.580400000000001 12.6899 9.4149 11.9756 11.204799999999999 10.0947 10.366399999999999 10.6565 7.6079 6.7216 5.0837 8.6609 9.722999999999999 10.537099999999999 11.6347 12.073 8.6713 8.162999999999998 7.540699999999999 8.4643 10.6379 6.8368 6.6901 9.0775 10.6775 10.46 10.556000000000001 7.1547 1.3537 0 8.1506 8.6699 9.102 9.414200000000001 10.704699999999999 8.4406 6.3459 10.7833 11.4485 10.6297 11.1693 
16.8573 14.529499999999999 15.776299999999999 12.3995 10.3378 10.9341 12.741000000000001 13.368200000000002 9.957799999999999 10.9993 14.104 15.214099999999998 15.8096 15.729700000000001 13.1249 12.2386 10.5269 12.7264 15.1662 16.6861 14.154499999999999 14.4414 14.1883 15.0745 15.691300000000002 16.6075 14.433900000000001 9.807599999999999 9.6609 12.0483 13.648299999999999 15.054099999999998 11.7531 12.5979 6.7969 8.1506 0 5.7532 9.5253 9.608699999999999 15.7711 13.8838 11.7891 15.3654 17.8663 10.436 16.6125 
13.4611 9.6282 10.875 7.4982 4.5846 6.4908 8.1772 8.924900000000001 4.204599999999999 6.7653 9.87 10.1815 11.914000000000001 12.1583 9.0145 9.9008 10.5504 6.9732 10.1516 11.201699999999999 9.1265 8.6882 10.0779 9.3213 9.9436 10.8672 9.9906 9.9519 9.805200000000001 9.6321 8.0321 11.5771 11.5838 13.1172 7.3162 8.6699 5.7532 0 3.7721 3.8555 10.6651 12.2818 7.8035 9.6122 12.1131 5.9927 11.7112 
13.2423 9.092600000000001 10.339400000000001 8.159099999999999 8.3567 9.1838 8.8381 11.617899999999999 7.976699999999999 10.5374 11.336400000000001 10.2263 10.498000000000001 10.7881 8.984300000000001 9.870600000000001 10.6543 7.0771 9.8546 11.915299999999998 11.5467 11.7346 8.144 11.3638 10.7415 11.6651 12.6836 7.633100000000001 7.779800000000001 9.873800000000001 10.0176 10.5007 10.6876 13.549299999999999 7.7482999999999995 9.102 9.5253 3.7721 0 4.5164 11.326 8.572199999999999 4.5449 12.572600000000001 14.1376 9.3153 11.4924 
14.085899999999999 10.372499999999999 11.619299999999999 8.2425 6.207 4.6674 6.4742999999999995 7.1015 7.854799999999999 9.706900000000001 7.436100000000001 6.3260000000000005 8.0585 8.3028 7.8206999999999995 8.706999999999999 10.4187 9.837 11.0465 7.3989 9.9305 10.3688 7.5471 6.8474 6.2251 7.1487 8.1672 7.0362 7.1829 9.2769 9.4207 9.9038 10.6262 13.861500000000001 8.060500000000001 9.414200000000001 9.608699999999999 3.8555 4.5164 0 6.8096 9.7641 3.948 11.9757 11.4571 4.7989 12.4555 
12.6052 11.4113 10.1645 13.5413 8.890799999999999 8.619399999999999 10.421599999999998 11.0535 7.3325 4.7718 7.8765 8.9866 11.5993 10.6658 5.0995 4.2132 5.924899999999999 9.502099999999999 12.680499999999999 12.0972 9.5656 9.753499999999999 6.1629 9.7892 10.411499999999998 11.335099999999999 12.1192 9.142100000000001 9.2888 6.901400000000001 5.3014 7.9516 9.688400000000001 14.0456 9.6549 10.704699999999999 15.771099999999999 10.6651 11.326 6.8096000000000005 0 11.332 9.5389 12.7401 13.9627 8.1213 11.348099999999999 
13.334399999999999 11.1191 10.5246 8.9891 14.0111 12.3122 14.119100000000001 14.0817 12.2606 13.0015 10.675 9.5649 9.8366 10.1267 10.0214 10.9077 10.8169 12.3716 9.193200000000001 7.2120999999999995 9.7437 10.182 8.958 5.3317 5.954 6.877599999999999 9.0512 8.904300000000001 9.051 7.630599999999999 6.0306 9.5756 10.026200000000001 12.8879 7.0869 8.4406 13.8838 12.2818 8.572199999999999 9.764100000000001 11.332 0 5.8161000000000005 13.843800000000002 8.1235 12.810300000000002 12.0773 
10.1379 10.367899999999999 11.6147 10.5948 8.688600000000001 7.9593 9.7662 9.2347 11.1467 11.6138 8.5091 7.4702 7.7419 8.032 4.4394 5.3257 7.0374 10.2769 7.0985 9.5334 7.001799999999999 7.1897 3.5991 7.2254000000000005 7.847700000000001 8.7713 8.635 3.0882 3.2349 5.3289 5.4727 5.9558 7.9315 10.7932 4.9922 6.3459 11.789100000000001 7.8035 4.5449 3.948 9.5389 5.8161000000000005 0 8.0277 12.3884 7.4612 8.9888 
17.5715 13.4218 13.3626 15.5232 10.501199999999999 8.595 10.2244 11.0291 5.4076 7.968300000000001 11.073 12.1831 15.105799999999999 15.3959 12.114899999999999 13.001199999999999 13.8604 10.2832 13.4616 7.5241 10.0557 10.494 11.6268 11.7757 12.398 12.290600000000001 10.117 11.1159 11.262599999999999 12.142299999999999 10.5423 13.9835 14.358900000000002 14.5357 12.137 10.7833 15.3654 9.6122 12.5726 11.9757 12.740100000000002 13.843799999999998 8.0277 0 10.386 9.0931 15.8216 
9.1947 5.045 3.7982 7.175 12.197 11.4163 13.2232 13.8504 11.7532 9.192499999999999 12.297199999999998 13.208499999999999 10.2858 13.5869 9.8527 10.739 11.3878 13.244299999999999 10.0659 7.0434 8.4111 8.8494 8.7893 5.163 5.7853 6.7089 7.9165 13.068999999999999 13.215699999999998 14.5254 12.9254 12.7048 14.441600000000001 12.8911 12.7776 11.4485 17.8663 12.1131 14.137599999999999 11.4571 13.9627 8.1235 12.3884 10.386 0 11.9144 7.4448 
12.393 8.5601 9.8069 6.4301 1.4081 0.4981 2.3049999999999997 2.9322 3.6854999999999998 5.0735 8.1782 8.3811 8.6528 8.045 3.0218 3.9080999999999997 5.6198 6.5305 9.7089 8.607 7.4879 7.675799999999999 4.0851999999999995 7.711499999999999 7.0951 6.1715 3.9979 7.008500000000001 6.861800000000001 8.3797 6.7797 5.8739 5.8273 11.9679 9.3498 10.6297 10.436 5.9927 9.3153 4.7989 8.1213 12.8103 7.4612 9.0931 11.9144 0 10.6431 
1.7499 2.3998 3.6466 4.213 9.235 11.141199999999998 12.948099999999998 13.575299999999999 11.601600000000001 9.0409 11.6734 10.5633 7.6406 11.1251 10.232 11.1183 12.83 13.092699999999999 9.914299999999999 8.2975 5.7659 6.2042 9.1686 8.8395 9.461799999999998 10.385399999999999 12.559 8.7996 8.946299999999999 7.646699999999999 6.0466999999999995 9.5917 14.8209 10.2459 9.8156 11.1693 16.6125 11.7112 11.4924 12.4555 11.348099999999999 12.0773 8.9888 15.8216 7.4448 10.643099999999999 0 
