26
Reno Hampton Newburgh Springdale SouthLyon Montgomery WestValleyCity Henderson Austin Winston Tuscaloosa Lowell Chattanooga SaltLakeCity SanAntonio Racine Pensacola Lewisville Gainesville StPetersburg Riverside SanBernardino Modesto McAllen Hartford Aberdeen
0 0.7689 1.6825999999999999 1.3252 3.6335 7.9609000000000005 7.8666 9.275500000000001 6.8132 6.623800000000001 4.363700000000001 3.7382 5.6972 6.8038 9.5669 8.5244 6.2208000000000006 11.332099999999999 10.1847 10.9825 5.4914000000000005 8.243200000000002 5.3371 9.2325 4.869000000000001 4.4758 
0.7689 0 0.9137 2.0941 4.4024 7.192 7.8727 8.5066 6.0443 5.854900000000001 3.5948 2.9693 6.4138 6.8365 8.798 7.7555000000000005 5.4519 12.101 10.953600000000002 11.7514 4.7225 7.4743 6.106000000000001 10.0014 4.1001 5.2447 
1.6825999999999999 0.9137 0 3.0077999999999996 5.3161000000000005 8.1057 7.233599999999999 7.5929 6.958 6.768599999999999 4.5085 3.883 7.327500000000001 7.7501999999999995 7.8843 6.8418 6.3237 13.0147 11.8673 12.5808 3.8088 7.8155 7.0197 10.9151 4.4413 6.158399999999999 
1.3252 2.0941 3.0078 0 4.9587 6.727 6.541399999999999 8.744499999999999 8.1384 7.949 5.6889 5.0634 7.022399999999999 8.129 9.6492 8.6067 7.546 12.6573 11.5099 12.271 6.8166 9.5684 6.6623 10.5577 6.1942 5.800999999999999 
3.6335 4.4024 5.3161000000000005 4.9587 0 4.4539 5.3491 7.5522 10.1374 10.2573 7.9972 7.371700000000001 8.504999999999999 7.3984 10.807 9.4744 9.8543 10.297199999999998 9.149799999999999 9.9476 7.1136 9.5335 4.98 8.8754 8.502500000000001 8.1093 
7.9609000000000005 7.192 8.1057 6.727 4.4539 0 5.4329 7.636 7.7333 12.3429 10.7868 10.1613 8.5399 7.4333 6.8429 5.7855 12.192 10.1023 8.9549 7.935 7.096 12.3312 9.4339 11.1578 8.957 12.4367 
7.866599999999999 7.8727 7.233599999999999 6.541399999999999 5.3491 5.4329 0 2.2031 4.7883 9.3979 10.3533 4.9034 7.716 7.156999999999999 8.6888 9.233 12.244 9.6903 10.8377 7.191 5.9872 10.6358 6.0823 9.9777 7.8484 12.342399999999998 
9.275500000000001 8.5066 7.5929 8.7445 7.5522 7.636000000000001 2.2031 0 2.5852 7.194800000000001 9.4549 6.1299 5.5129 6.6195 10.0281 10.4656 13.916599999999999 7.4872 8.634599999999999 4.9879 3.7841 9.0195 8.2854 8.2655 5.6453 13.7513 
6.8132 6.0443 6.958 8.1384 10.1374 7.7333 4.7883 2.5852 0 4.6096 6.8697 8.7151 8.0981 9.2047 10.5218 11.5334 11.4962 8.623099999999999 7.4757 7.5731 6.3693 11.6047 10.8706 10.454799999999999 8.2305 11.289 
6.623800000000001 5.854900000000001 6.768600000000001 7.949000000000001 10.2573 12.342900000000002 9.3979 7.194800000000001 4.6096 0 2.2601 8.824200000000001 12.2687 11.921800000000001 11.3358 13.610400000000002 11.3068 13.2327 12.0853 12.1827 10.5774 13.329200000000002 11.960900000000002 10.648 9.955000000000002 11.0996 
4.363700000000001 3.5948 4.5085 5.6889 7.997200000000001 10.7868 10.353299999999999 9.4549 6.8697 2.2601 0 6.5641 10.0086 9.6617 9.0757 11.3503 9.046700000000001 15.492799999999999 14.3454 14.4428 8.3173 11.0691 9.700800000000001 8.3879 7.6949000000000005 8.839500000000001 
3.7382 2.9693 3.883 5.0634 7.371700000000001 10.1613 4.9034 6.1299 8.7151 8.8242 6.5641 0 3.4445 3.8672 7.2758 9.2796 8.4212 11.118500000000001 12.2659 8.9164 7.691800000000001 10.4436 9.0753 9.7227 7.0694 8.213999999999999 
5.6972 6.4138 7.327500000000001 7.022399999999999 8.504999999999999 8.5399 7.716 5.5129 8.0981 12.2687 10.008600000000001 3.4445 0 1.1066 4.5152 6.519 8.6053 7.674 8.8214 6.1558 8.895800000000001 13.8881 10.8575 6.9620999999999995 10.5139 10.172999999999998 
6.8038 6.8365 7.7501999999999995 8.129 7.3984 7.4333 7.157 6.6195 9.2047 11.9218 9.6617 3.8672 1.1066 0 3.4086 5.4124 9.7119 7.5485 8.6959 5.0492 7.7892 13.0246 9.7509 5.8555 9.6504 9.9598 
9.5669 8.798 7.8843 9.6492 10.806999999999999 6.8429 8.6888 10.0281 10.521799999999999 11.335799999999999 9.0757 7.2758 4.5152 3.4086 0 7.6483 13.1205 10.357899999999999 11.505299999999998 7.858599999999999 9.884500000000001 11.7664 12.907399999999999 9.2641 8.3922 6.5512 
8.5244 7.7555 6.8418 8.6067 9.4744 5.7855 9.233 10.4656 11.5334 13.6104 11.3503 9.2796 6.519 5.4124 7.6483 0 6.406499999999999 10.2754 11.422799999999999 10.4616 9.865200000000002 14.657300000000001 11.8649 11.2679 11.283100000000001 13.0002 
6.2208000000000006 5.4519 6.3237 7.546 9.8543 12.192 12.244 13.9166 11.4962 11.3068 9.046700000000001 8.4212 8.6053 9.7119 13.1205 6.406499999999999 0 9.8377 10.9851 12.337 10.1325 12.9262 11.5579 15.4533 9.552 10.6966 
11.3321 12.101 13.014700000000001 12.657300000000001 10.2972 10.1023 9.6903 7.4872 8.623099999999999 13.2327 15.492799999999999 11.118500000000001 7.674 7.5485 10.357899999999999 10.2754 9.8377 0 1.1474 2.4993 9.4838 14.7192 15.2772 13.404 11.345 15.8079 
10.1847 10.9536 11.8673 11.5099 9.149799999999999 8.9549 10.837699999999998 8.634599999999999 7.4757 12.0853 14.3454 12.2659 8.8214 8.6959 11.5053 11.4228 10.9851 1.1474 0 3.6467 8.336400000000001 13.571800000000001 14.1298 14.5514 10.197600000000001 14.660499999999999 
10.9825 11.7514 12.5808 12.271 9.9476 7.935 7.191 4.9879 7.5731 12.1827 14.4428 8.9164 6.1558 5.0492 7.858599999999999 10.4616 12.337 2.4993 3.6467 0 8.772 14.0074 13.273299999999999 10.9047 10.6332 14.409799999999999 
5.4914000000000005 4.7225 3.8088 6.8166 7.1136 7.096 5.9872 3.7841 6.3693 10.577399999999999 8.3173 7.691800000000001 8.8958 7.7892 9.884500000000001 9.865200000000002 10.1325 9.4838 8.336400000000001 8.772 0 5.2354 9.7889 9.3238 1.8612 9.9672 
8.2432 7.4743 7.8155 9.5684 9.5335 12.3312 10.6358 9.0195 11.604700000000001 13.3292 11.0691 10.4436 13.8881 13.024600000000001 11.7664 14.6573 12.926200000000001 14.719199999999999 13.5718 14.0074 5.2354 0 4.5535 8.4489 3.3742 12.719 
5.3371 6.106000000000001 7.0197 6.6623 4.98 9.433900000000001 6.0823 8.2854 10.8706 11.9609 9.700800000000001 9.0753 10.8575 9.7509 12.907399999999999 11.864899999999999 11.5579 15.277199999999999 14.1298 13.273299999999999 9.7889 4.5535 0 3.8954 7.9277 9.812899999999999 
9.2325 10.0014 10.9151 10.5577 8.875399999999999 11.1578 9.977699999999999 8.2655 10.454799999999999 10.648 8.3879 9.7227 6.9621 5.8555 9.264100000000001 11.267900000000001 15.4533 13.404 14.5514 10.9047 9.3238 8.4489 3.8954 0 7.4626 13.7083 
4.869000000000001 4.1001 4.4413 6.1942 8.502500000000001 8.957 7.8484 5.6453 8.2305 9.955 7.6949000000000005 7.0694 10.5139 9.650400000000001 8.3922 11.283100000000001 9.552 11.345 10.197600000000001 10.633199999999999 1.8612 3.3742 7.9277 7.4626 0 9.3448 
4.4758 5.2447 6.1584 5.800999999999999 8.1093 12.4367 12.3424 13.7513 11.289 11.0996 8.839500000000001 8.214 10.172999999999998 9.9598 6.5512 13.0002 10.6966 15.807899999999998 14.660499999999999 14.4098 9.9672 12.719 9.812899999999999 13.7083 9.3448 0 
