16
h g2 j2 f2 h2 h1 i1 j1 f3 g3 c j f0 i0 AndyandZeyu0 AndyandZeyu
0 6.0 10.0 15.0 19.0 7.0 10.0 9.0 8.0 14.0 6.0 10.0 10.0 12.0 15.0 3.0 
6.0 0 6.0 11.0 15.0 7.0 10.0 9.0 8.0 14.0 6.0 10.0 10.0 12.0 15.0 3.0 
10.0 6.0 0 7.0 9.0 11.0 14.0 13.0 12.0 18.0 10.0 14.0 14.0 16.0 19.0 7.0 
15.0 11.0 7.0 0 6.0 16.0 19.0 18.0 17.0 23.0 15.0 19.0 19.0 21.0 24.0 12.0 
19.0 15.0 9.0 6.0 0 20.0 23.0 22.0 21.0 27.0 19.0 23.0 23.0 25.0 28.0 16.0 
7.0 7.0 11.0 16.0 20.0 0 6.0 10.0 9.0 15.0 7.0 11.0 11.0 13.0 16.0 4.0 
10.0 10.0 14.0 19.0 23.0 6.0 0 9.0 12.0 18.0 10.0 14.0 14.0 16.0 19.0 7.0 
9.0 9.0 13.0 18.0 22.0 10.0 9.0 0 11.0 17.0 9.0 13.0 13.0 15.0 18.0 6.0 
8.0 8.0 12.0 17.0 21.0 9.0 12.0 11.0 0 9.0 8.0 12.0 12.0 14.0 17.0 5.0 
14.0 14.0 18.0 23.0 27.0 15.0 18.0 17.0 9.0 0 14.0 18.0 18.0 20.0 23.0 11.0 
6.0 6.0 10.0 15.0 19.0 7.0 10.0 9.0 8.0 14.0 0 4.0 10.0 12.0 15.0 3.0 
10.0 10.0 14.0 19.0 23.0 11.0 14.0 13.0 12.0 18.0 4.0 0 14.0 16.0 19.0 7.0 
10.0 10.0 14.0 19.0 23.0 11.0 14.0 13.0 12.0 18.0 10.0 14.0 0 4.0 5.0 7.0 
12.0 12.0 16.0 21.0 25.0 13.0 16.0 15.0 14.0 20.0 12.0 16.0 4.0 0 3.0 9.0 
15.0 15.0 19.0 24.0 28.0 16.0 19.0 18.0 17.0 23.0 15.0 19.0 5.0 3.0 0 12.0 
3.0 3.0 7.0 12.0 16.0 4.0 7.0 6.0 5.0 11.0 3.0 7.0 7.0 9.0 12.0 0 
