23
d1ae8e 2b7733 fc6ab6 22c398 8037ff ef9cce c1e4b0 2a53b1 1efe0a 526e97 9fb27b aeb965 d36b6f 390b11 9e3235 525361 8216e5 770b7a 98b7f9 bf7494 e17800 bfdfca 3efbbd
0 21.15083 22.360680000000002 39.01282 40.01282 49.04401 36.12478 26.16781 48.08326 47.80167 56.72742 50.58092 61.07373 75.69016 84.8646 87.00387 88.23831 72.98356 68.97759 64.03124 48.01042 57.21888 8.94427 
21.15083 0 25.622970000000002 47.45814 46.45814 48.01042 41.0683 47.31864 48.923700000000004 42.52058 51.62364 44.68781 57.33692 71.74825 80.05623 82.21922 83.81527 68.87458 72.23988 69.79128 53.23383 73.13104 12.20656 
22.360680000000002 25.622970000000002 0 26.41969 27.29469 26.68333 29.06888 37.01351 59.45987 56.04463 63.32456 60.85057 64.14047 81.64537 88.50989 90.54122999999998 90.01532999999999 70.29225 62.28965 58.13776 38.01316 74.37659 13.41641 
39.01282 47.45814 26.41969 0 1.0 42.54409 54.672349999999994 63.4332 81.4522 81.9329 89.55445 81.43709 90.55385 106.25201 114.92958 116.81181 116.43502 96.71194 87.78383 82.23538 61.7171 96.23169999999999 37.67424 
40.01282 46.45814 27.29469 1.0 0 42.95346 55.44367 62.587889999999994 81.02469 82.9329 90.51152 82.34683 91.41663 107.02503 115.80458 117.66053 116.82893 97.58694 88.58075 82.88814 62.36986 97.23169999999999 36.67424 
49.04401 48.01042 26.68333 42.54409 42.95346 0 25.31798 52.976609999999994 56.38243 61.01112 65.06919 62.333380000000005 62.924459999999996 75.50497 83.67795 85.16455 82.28068 62.93648 52.0 47.79196 37.483509999999995 86.40602 40.099740000000004 
36.12478 41.0683 29.06888 54.672349999999994 55.44367 25.31798 0 27.65863 31.06445 37.14832 40.0238 47.430409999999995 37.64306 55.14796 61.32699 63.56306 65.57714 47.10061 39.26692 29.06888 40.39162 65.02171 28.86174 
26.16781 47.31864 37.01351 63.4332 62.587889999999994 52.976609999999994 27.65863 0 23.02173 29.424850000000003 31.1127 24.41311 36.95012 50.68036 59.66574 61.84658 63.838390000000004 47.16991 45.27693 47.26521 38.58756 37.36308 35.11208 
48.08326 48.923700000000004 59.45987 81.4522 81.02469 56.38243 31.06445 23.02173 0 6.40312 9.48683 17.73304 13.92839 27.65863 36.79674 38.94868 40.81666 25.96998 32.31317 42.51121 35.8469 37.01358 46.04346 
47.80167 42.52058 56.04463 81.9329 82.9329 61.01112 37.14832 29.424850000000003 6.40312 0 9.43398 17.68019 18.02776 29.52965 38.27532 40.49843 43.46263 30.0 33.24154 43.43958 41.61962 30.61046 46.95743 
56.72742 51.62364 63.32456 89.55445 90.51152 65.06919 40.0238 31.1127 9.48683 9.43398 0 8.24621 20.895319999999998 20.12461 28.84441 31.06445 34.17601 22.56103 32.95701 36.79674 43.41659 34.9285 55.53029 
50.58092 44.68781 60.85057 81.43709 82.34683 62.333380000000005 47.430409999999995 24.41311 17.73304 17.68019 8.24621 0 12.64911 28.370820000000002 35.38361 37.53665 40.22783 24.18677 31.03389 33.01515 42.47889 37.20215 47.43416 
61.07373 57.33692 64.14047 90.55385 91.41663 62.924459999999996 37.64306 36.95012 13.92839 18.02776 20.895319999999998 12.64911 0 17.5049 24.41311 26.40076 29.12905 12.04159 18.38478 28.582819999999998 38.01316 45.69464 58.0517 
75.69016 71.74825 81.64536999999999 106.25201 107.02503 75.50497 55.14796 50.68036 27.65863 29.52965 20.12461 28.370820000000002 17.5049 0 9.21954 11.31371 14.48683 27.206879999999998 26.4764 36.67424 51.47815 50.24938 73.10951 
84.8646 80.05623 88.50989 114.92958 115.80458 83.67795 61.32699 59.66574 36.79674 38.27532 28.84441 35.38361 24.41311 9.21954 0 2.23607 8.94427 22.72005 34.76164 43.01163 59.43904 56.0357 82.32861 
87.00387 82.21922 90.54122999999998 116.81181 117.66053 85.16455 63.56306 61.84658 38.94868 40.49843 31.06445 37.53665 26.40076 11.31371 2.23607 0 11.18034 24.95612 34.1321 44.01136 60.87693 58.07753 84.38602 
88.23831 83.81527 90.01532999999999 116.43502 116.82893 82.28068 65.57714 63.838390000000004 40.81666 43.46263 34.17601 40.22783 29.12905 14.48683 8.94427 11.18034 0 19.72308 31.76467 39.62323 60.14151 64.03281 84.8646 
72.98356 68.87458 70.29225 96.71194 97.58694 62.93648 47.10061 47.16991 25.96998 30.0 22.56103 24.18677 12.04159 27.206879999999998 22.72005 24.95612 19.72308 0 12.04159 22.2036 42.72188 57.24509 66.3881 
68.97759 72.23988 62.28965 87.78383 88.58075 52.0 39.26692 45.27693 32.31317 33.24154 32.95701 31.03389 18.38478 26.4764 34.76164 34.1321 31.76467 12.04159 0 10.19804 30.716320000000003 63.13478 60.03332 
64.03124 69.79128 58.13776 82.23538 82.88814 47.79196 29.06888 47.26521 42.51121 43.43958 36.79674 33.01515 28.582819999999998 36.67424 43.01163 44.01136 39.62323 22.2036 10.19804 0 20.51828 70.21396 57.58472 
48.01042 53.23383 38.01316 61.7171 62.36986 37.483509999999995 40.39162 38.58756 35.8469 41.61962 43.41659 42.47889 38.01316 51.47815 59.43904 60.87693 60.14151 42.72188 30.716320000000003 20.51828 0 70.60453 41.02727 
57.21888 73.13104 74.37659 96.23169999999999 97.23169999999999 86.40602 65.02171 37.36308 37.01358 30.61046 34.9285 37.20215 45.69464 50.24938 56.0357 58.07753 64.03281 57.24509 63.13478 70.21396 70.60453 0 61.07373 
8.94427 12.20656 13.41641 37.67424 36.67424 40.099740000000004 28.86174 35.11208 46.04346 46.95743 55.53029 47.43416 58.0517 73.10951 82.32861 84.38602 84.8646 66.3881 60.03332 57.58472 41.02727 61.07373 0 
