99
WUqhotrexTBp JpwDMOwQmqOp yHOsEGOhjOLt sFSBpaJxLpBT TZmWJenJbEsV ZPYnROAizafx wHeDieHMYzAK oKIKkmsSWzmH nxbMBCPhfQij yFQWQWtUUMle lznMKRYSMheH XwPJYwaGcHxO uzYTzVwixczQ qFGlIHDqKyPA mgKEFEWheOqk yVSfaizVeLPT zCWezcJmUGqs KtoZVrQmJWki hPSXtHMMyKAK NxxrxPgsnMqG EOKLHvbbCToE dXlgwkdKhUmB EKWhDcEeEkGK nschEYWjrAsr ypApeqMQPnQA QxNjgiXciQma ybLCwZqVZKud wXjNgGRCXYRl cQFNlImsTWTM lRgeGnDJBtMa nyTRNDRCsANl xXoCKkdkKAne hLCSOZLNEdhX YGzazHdyrGCd RGYiIUdVAiVL sTgUExIipvWV PFpQuVVRxbvV gkTmCiZxFrJw NMSHhfMtAJZb WWtfhwMSzfGW gJMLzBkWmUoV cpNycWVdmzHJ mZUBOQTZyXOM vkOqMvrCUWYf fiHhqLtPfdZy tARvBeqQDqSY HEwqlaeMfSzl oOIjuHJcVRiV nlzJUuBrsbXD cRekprdsHHWw quZcTYtpBjSn qxhFFIUEfnzV YvLRANdegrdA ppfBOAvWYXyJ mvdksSctoMVi AoaIXEzdsCrm QFfSmYtuSTPl TTwdgXpOLyxF TglqUXfjbefC PKHkuTHeRXhO WRiugWLCujBI zcAOlsVDUDkc qlMzHEurfTvO WHSGrQQrrotE WnABnktZDxMx evRMhyiHKGXv gXcuqckdTdIP WsLfQLsirtHk FkNlSGMBOUbz aXlcDzbXwAJW ocysUjOwnenm RQBxIsRWzmfl pjemGRILnFei QDhUZstsJKtV UGahWpWtmUQn OIjApACwnyqG DiKlonktcqTP EwXugPkGUVkm AQgpWBullbIi zOkfhFVfOKVi UYTxhnOtiPHB ubtvaUeVUfmV zypYDSZfKAvD IcNVObbuvzWY ctZWqndwhbJm touUfboeiIya QZQElPdcHxru JNoAmCxHcsYw HVwGkspnDHbf nKmMbiEuiffc jXOmYlZmvqnI SKbQkQUhqQEt jXgKDXnEJsra IfTQNEFsiTgr IQvKLYGCcCbd fblrDraNAUxK aSpDrTbKBytW LNoKVqXhLEzn IvOdahrtFwzZ
0 11997.26146 16577.34138 19602.75654 23312.4527 16547.39471 13092.93498 19940.24428 24210.889320000002 17293.52199 15181.71741 24270.27096 14988.0151 24519.61539 16186.74307 16433.80375 20380.6467 22650.62144 12387.10421 15438.62929 17299.40441 25278.10069 17443.51519 16198.74215 19038.67162 18787.40999 12051.1383 12977.874 13832.48505 19260.38858 17907.29108 19786.1468 15864.07784 22071.16616 22448.65548 18100.86398 16549.33154 23981.32707 23104.76907 14986.9966 20584.22025 23568.6156 13016.11101 16533.94638 24225.73738 20952.02216 22272.05981 19780.65826 15083.04494 24767.26222 14908.02035 20471.41018 16951.88192 24630.453800000003 22868.27098 14748.41478 20155.16689 19754.27688 23142.59776 12279.05825 16324.78111 13703.32094 23813.76664 13034.28252 17114.13727 13229.13169 14409.05609 16650.15201 18013.51573 19880.56366 25480.38726 19290.96946 22671.81129 22199.54076 24108.668680000002 12807.78831 14125.64237 20740.04899 20571.01638 19923.8121 14157.8113 13638.84391 15331.06089 21707.81913 21376.95794 26130.00333 25781.95302 23030.87088 20653.76498 23083.94917 22409.17845 20031.02303 17893.41984 14688.25065 20880.35119 23554.28009 23918.183940000003 18388.71024 11760.47284 
11997.26146 0 11894.09058 23769.195780000002 22031.0985 22778.99596 13152.90621 21972.09696 12213.62786 14192.43694 24797.45312 18843.71812 12846.61981 24037.062599999997 20442.68073 17938.97173 12677.26207 21426.14492 15265.20551 12590.09935 19018.82738 15141.32131 17948.41329 17512.38352 25267.17127 20861.1814 24048.39976 12463.27607 22286.05164 25733.581729999998 18337.19137 13501.5038 25304.87036 20168.10568 23215.63488 25722.04303 23716.70048 11984.06561 23794.22726 15838.01701 22829.87079 24497.245219999997 20578.90201 19913.27724 24025.18291 24967.8315 13119.96282 22248.34955 13305.0933 13394.71959 23770.12481 24189.379 12350.48399 14911.35266 25645.9015 24540.88649 18606.84183 13422.07149 22990.20891 21563.58158 14366.3687 16818.22597 21254.36449 14467.60547 20660.66049 25226.39315 24400.2436 20109.88802 17051.48838 14260.59124 23805.95354 15704.64346 15662.5051 19490.80458 23434.54677 23970.08918 25175.58003 24683.189440000002 15938.22678 23405.45074 14438.82592 20302.30174 24931.40227 14243.8796 14201.30023 14407.91055 14717.17598 20948.55851 16526.54094 17230.41435 19737.01908 16896.46264 21363.68163 21172.24444 23846.96199 14000.60456 13000.21161 15085.6831 14656.6413 
16577.34138 11894.09058 0 11875.1052 17646.09423 23620.93228 18403.55096 17320.87627 22970.94303 12780.15578 23429.54884 22222.37287 13214.39758 21532.34384 18971.4205 24217.62064 24451.70136 25428.99362 16045.28413 17064.93322 14016.57314 20428.40978 24405.56349 21140.46993 24954.51099 24143.72424 16771.65914 16415.27487 12643.3117 24182.29598 24704.69072 25231.10688 25701.818180000002 21723.04668 12334.82649 24065.75484 25256.31216 19711.73293 16331.80857 20406.91448 16399.46937 25708.78788 25762.55076 19732.55006 22361.56343 20677.11742 13328.87718 11963.76478 12360.27789 23725.580029999997 11876.03423 15630.99545 21510.5558 25418.66023 26091.22909 15943.91842 24814.95838 15730.28537 22982.65222 24895.56287 19906.04915 14188.62516 12075.74805 12653.43901 24028.44724 24987.02634 24020.07099 24442.80203 16207.09554 18303.68279 23335.90722 21275.2808 16252.34781 16602.49368 16491.64944 23220.09242 24225.92096 18798.68504 24240.877180000003 19333.69676 13144.81792 19666.86737 24025.61627 21926.72339 25501.467239999998 24461.46722 18023.42313 24278.067300000002 25057.31365 19606.03477 17258.18686 18312.47122 23227.92268 22782.43963 11952.87141 14807.71064 24185.66212 12861.81434 20704.77859 
19602.75654 23769.195780000002 11875.1052 0 11741.3317 11745.82708 18903.66395 17089.83128 15452.75628 19254.01343 14954.45626 18143.28206 25089.502780000003 18682.10482 22211.28684 21347.51794 24003.01309 22923.68159 17596.92399 18727.69821 15506.91968 21940.68042 13864.55112 13742.66643 15653.40572 21641.89621 24141.22897 12009.14108 20462.32418 16477.35112 25557.16955 19992.76918 23227.63394 14577.0396 21891.70201 18718.71527 22808.74741 21516.73392 23285.81909 15558.48643 24965.787819999998 22368.21478 15342.75564 18397.07575 12904.4028 15198.75352 24425.76485 15356.47631 22701.93857 24379.97246 13687.90451 23002.3713 11971.06668 15730.67131 25660.43425 19927.3501 19951.61647 21294.55918 12260.61903 14848.44152 18025.45594 24891.7474 20097.31464 13710.72615 14412.71249 24035.46467 12144.96579 24522.15485 20601.01146 24447.72752 24692.78311 24002.62801 20321.69284 24628.89638 14581.37156 21505.99534 12552.47564 15388.03105 13817.3044 15566.15304 24625.2856 18204.88638 22585.70371 22295.42348 16038.98292 25319.04443 23030.4744 15417.87427 13449.22439 25851.19208 23738.95953 22400.51911 13505.72406 19253.92347 15315.94283 24201.66756 24789.42185 16294.42839 19086.86778 
23312.4527 22031.0985 17646.09423 11741.3317 0 12405.21254 12456.37153 22513.53291 24908.350420000002 15827.07118 22912.15497 21663.07442 18517.57597 15248.99088 15713.4951 18593.01848 24662.398549999998 15652.25021 21676.88632 24870.002350000002 21111.15946 21215.5369 25031.21591 14225.2269 20201.49889 13293.78379 19365.11916 20602.35872 12649.75559 20171.82618 24990.87216 24368.84621 12565.47965 14485.34876 20508.16265 15007.39487 17870.77953 21994.2932 14127.63003 14985.1201 24979.49007 22545.87264 19610.31741 21163.58228 17351.4246 25822.471579999998 14522.14462 22153.74802 24321.15043 24391.131690000002 18759.44356 24926.689250000003 13451.46557 15194.67535 15312.96704 20841.69476 17972.39967 20838.79671 19070.76898 17791.82215 24234.78076 22864.34088 24950.79421 25452.05785 16341.91915 20119.35429 15600.08504 24083.53834 25248.511169999998 13298.69397 13130.16921 21892.40291 14090.87909 22170.09902 20200.57706 20780.39615 24293.80734 24571.93461 24122.033750000002 17051.8965 15480.2961 12728.15192 19666.12352 15411.5517 17719.13133 15642.26832 22331.33283 14004.67435 18215.2792 22833.94886 17698.73643 19108.53199 22396.97926 22510.44644 23880.14202 14625.77366 21380.2352 24134.470970000002 20088.46224 
16547.39471 22778.99596 23620.93228 11745.82708 12405.21254 0 11794.89519 13739.00526 13593.25651 16670.8227 18068.17458 12527.42471 20314.85796 15710.44146 15320.93366 23341.28847 12257.18601 24841.53273 24358.05264 12525.46728 16375.5345 20462.69723 15735.4262 16388.36107 23876.96123 18304.91703 24832.20151 21947.92411 20028.92677 15574.05592 24723.448060000002 21075.69326 16515.03452 17285.20279 24375.38575 14948.89507 13647.48555 23434.62141 14275.05725 19840.7331 17017.61406 25873.50365 23042.04915 12749.31175 21247.71648 22154.6452 18259.48318 19243.62007 15723.7988 13382.1846 20728.84809 12521.47671 14347.47988 16594.32929 20809.28637 12136.3364 17757.81835 17759.40847 24006.446109999997 24873.08078 17307.26566 21647.96842 21981.05753 24399.87771 16750.97408 14390.09538 16668.71586 18505.67827 24987.50722 22633.20759 18093.6537 13760.70147 12612.88232 13171.3835 17220.31786 23945.279889999998 24163.522109999998 12628.48866 25046.124000000003 25558.348299999998 13704.01118 16180.70147 18506.77311 23363.56873 13462.13726 15292.22001 18768.75054 16099.38039 24704.24819 19252.25456 24623.27315 13209.9271 19381.439 25552.012 26108.508280000002 23296.91035 25016.73983 22016.6147 21333.87934 
13092.93498 13152.90621 18403.55096 18903.66395 12456.37153 11794.89519 0 11755.44361 14240.5029 12280.48209 16735.45016 22432.63122 13125.80729 15605.46276 17978.87501 24637.11311 22477.81353 25150.36469 24981.962079999998 15963.96668 19987.48954 21319.55579 24327.68873 13377.57901 17408.5891 24417.208550000003 16365.31172 18409.06742 23597.652390000003 24055.89431 18437.17442 19741.00029 25021.851179999998 24431.77376 17596.9305 19396.84337 12267.64343 23314.14035 20448.94639 12658.37398 24272.7901 25674.98317 16685.77865 13211.36587 13100.11273 24862.70145 26272.86903 14823.33961 13477.26782 19264.34446 18587.00703 23261.5361 23087.59968 19099.30829 17184.63115 13055.34669 12626.46848 19544.98684 23919.91023 21970.32405 13360.56494 16938.40818 24898.05524 18482.15948 16760.15125 16172.49982 20066.68469 20175.1361 24337.24932 12407.81687 23905.379399999998 21864.06679 13984.0588 19739.00164 24843.28893 12150.3847 24292.64596 24380.81683 24824.95517 17513.27668 18457.10182 24081.19973 15495.0445 17414.29321 18971.70173 17497.71216 23036.91672 18309.41388 18224.80068 16957.91909 23660.2765 19919.09002 16806.55643 15993.99277 18183.85887 25891.646399999998 20431.31241 14041.66244 20456.44961 
19940.24428 21972.09696 17320.87627 17089.83128 22513.53291 13739.00526 11755.44361 0 12093.92614 20392.18281 13919.66974 21783.21792 24443.3012 14314.65828 14594.26646 25632.09115 25996.19127 21262.75618 19354.09008 18286.08269 20964.00504 17698.43692 12572.24512 16107.67911 14454.71681 17878.61773 14814.8675 13201.16868 25198.853150000003 20426.84008 19160.07181 16045.42516 15024.06315 24942.96673 16575.22277 13520.75002 17074.36513 13023.19423 22990.2584 21098.16824 22388.09942 14112.77839 19763.88558 14406.93146 14999.10961 17010.87678 26026.70012 17092.08844 18252.7923 20398.82433 19927.64357 25031.2734 14169.71027 15208.16086 19321.18267 20871.09116 18465.57331 14009.36075 24899.59624 24901.1814 22302.70118 17626.79381 23037.04205 21579.37161 15220.65021 25443.62792 20730.85421 22568.23649 12681.16313 18705.77956 14855.67613 24195.08105 21176.93902 14978.37854 20095.75387 20734.74345 24523.34397 19243.11047 16736.42246 17932.69575 21403.91403 12325.75612 24439.00643 14078.17597 14243.02473 23862.18985 16756.89844 15031.36016 15522.95345 26466.298779999997 17516.07105 16270.59352 17493.28897 19181.41351 18235.99612 25203.018620000003 17836.05462 21396.89251 17399.08193 
24210.889320000002 12213.62786 22970.94303 15452.75628 24908.350420000002 13593.25651 14240.5029 12093.92614 0 11759.51932 23545.008710000002 18798.53847 12809.76667 19992.96276 24699.90406 24072.379269999998 24837.98579 20131.14558 25536.50269 13703.91733 21021.82765 12391.07931 24152.797319999998 20615.9935 20316.50505 12370.38272 22772.5526 24676.90393 19280.71168 24816.730900000002 18747.31354 22230.82265 24602.99081 13326.16909 14592.93295 17029.92943 13618.63137 24197.69347 24702.24412 23172.82767 20965.68304 20830.95426 17555.97641 19105.05345 13111.64298 13274.26292 20927.13245 24504.21512 18331.72681 20112.68273 17025.03086 12937.34726 17653.38317 15662.53213 13432.27364 12327.25863 21704.60814 25603.66154 17023.63687 24530.43258 17533.14125 15680.99396 22356.58427 25627.96032 15734.17631 24910.8072 25083.02834 15574.1179 12520.92569 24470.74289 18137.92223 17877.51243 14919.45207 15512.14955 26195.379719999997 24637.206570000002 12961.95217 21495.34376 16423.60755 20370.65215 15824.54092 24419.68226 20284.41082 25167.048049999998 21103.90793 11768.26371 12778.0756 14960.0125 13750.129 23383.5523 24959.44464 19004.88202 19204.60846 19846.17157 13930.71081 15652.11904 24586.053529999997 12152.09377 20887.75587 
17293.52199 14192.43694 12780.15578 19254.01343 15827.07118 16670.8227 12280.48209 20392.18281 11759.51932 0 11785.48939 20264.04709 22060.23862 22789.69555 25711.0971 21132.21146 14595.96746 22861.39053 23746.33335 18701.88588 19063.62523 24150.59863 13080.56577 20166.90819 16605.01638 13773.77557 25222.82333 15362.89965 20265.25161 25036.13796 15289.52021 25247.77403 15060.07607 21508.84794 18304.67583 26037.4878 18757.20722 23061.45278 25135.10328 16393.92086 24280.11934 26039.02659 24438.5827 12563.91067 17232.87579 18843.44872 14924.43273 21586.58046 23135.53388 13673.74528 23238.37576 15717.31978 14692.06937 24766.781329999998 25057.07187 13699.59295 15783.58858 24563.27113 23847.48263 13278.92513 20533.76905 25192.15209 15455.20466 25155.1371 24790.34172 16111.70765 24568.51025 16827.96507 20910.62609 14839.91747 17992.7171 19950.70169 18950.3392 14118.06001 18638.65636 19997.92611 22892.06135 21019.44949 19331.53162 13650.21175 17295.12477 19454.13296 17428.66692 23152.11724 19599.43331 13209.92611 16838.78718 22460.23312 25509.64832 23855.05367 13585.33929 20233.9671 14236.76979 24128.06923 15911.30004 20029.5947 23751.149409999998 21551.65855 22063.7311 
15181.71741 24797.45312 23429.54884 14954.45626 22912.15497 18068.17458 16735.45016 13919.66974 23545.008710000002 11785.48939 0 11932.6552 22569.12633 19490.08646 17646.72085 13200.0782 12232.2683 12758.57375 16186.86639 24922.16237 24754.24807 24795.48581 24682.77283 24827.18337 17225.4073 15716.92336 25406.28492 24850.55098 13306.00869 18399.71629 24514.23823 25180.390339999998 24733.4377 27011.1902 25242.81897 15680.5746 13481.72105 24671.14428 14687.13104 24972.35186 19064.45149 25557.3719 15740.27883 20401.94479 12521.9688 23284.36822 15726.6726 25531.42632 13476.39107 22338.05665 25885.49437 18272.34784 24829.9126 24474.18273 17813.74162 20481.77684 12849.27274 22358.33632 13670.38679 16245.54703 25892.89827 24968.47707 25021.793270000002 22632.54844 20451.68851 15260.04346 12969.04655 15455.4811 22389.94226 12411.96454 24154.78844 19241.31376 20325.41741 14535.15327 24872.98842 12530.21569 20450.1756 13928.57234 13509.92026 23404.24492 24947.86597 22151.69648 15470.93494 12711.21952 15480.84186 24422.747 19848.22933 13618.74422 17110.67278 18234.8356 18260.38962 15677.111 19765.50487 16384.39868 14142.33253 19763.40785 24406.98785 16207.83634 17597.04778 
24270.27096 18843.71812 22222.37287 18143.28206 21663.07442 12527.42471 22432.63122 21783.21792 18798.53847 20264.04709 11932.6552 0 12434.05671 24429.706769999997 16420.93868 24987.2418 20036.23628 24691.228949999997 19001.27953 20205.93726 23877.59424 16927.10938 14794.32412 25755.32744 25267.38611 25921.5602 18453.83106 22769.71711 15692.34011 18310.75665 15402.96584 24479.97775 12800.7825 16695.40559 21097.78586 14525.959 24806.36143 14808.15224 17100.72081 18419.81074 22641.11704 25001.32189 17620.80933 25276.73646 24320.58052 26660.461750000002 14812.59307 14638.46157 16807.1005 24882.17903 19640.33352 24594.678099999997 18941.8093 18498.9091 21825.31273 18723.37326 24367.28197 24588.58737 19885.91666 17904.70637 25608.24424 24973.16738 13780.35444 24911.178480000002 24702.74795 14184.55052 17167.67966 21242.63632 18750.04573 13205.71283 19543.10622 13037.56757 24842.3839 23316.63107 18878.09985 13654.73635 16439.60063 15097.20557 19217.44072 26536.82441 18843.10456 13662.81882 25374.97955 24643.87472 25061.80475 20931.56991 25047.08425 12648.94847 17993.46769 21428.01231 24497.46103 22393.73884 19037.65318 24677.54275 17259.70971 19625.33547 22151.43526 22312.69059 14767.33028 
14988.0151 12846.61981 13214.39758 25089.502780000003 18517.57597 20314.85796 13125.80729 24443.3012 12809.76667 22060.23862 22569.12633 12434.05671 0 12422.83513 24352.148159999997 21628.72182 21550.7825 21545.3916 21208.27374 17632.59688 21735.6203 20497.77182 12934.58522 24900.146200000003 20155.57167 18642.65998 14021.35261 24243.69579 24413.1601 19890.72817 21402.79948 19444.74313 15660.16145 24923.46226 16884.47596 21214.56981 23794.37415 24827.752679999998 16297.89606 17817.47502 13768.20719 24686.01465 12941.96346 17761.68211 15702.53294 22291.08407 17202.0597 24597.771549999998 24233.53861 22273.84652 14721.56332 16162.14362 20739.11699 17266.13649 24911.09132 22164.16154 13145.64588 22697.25778 13633.34173 14108.55559 20941.79289 25759.29035 14743.19088 14947.47561 25434.6882 21014.39607 21283.1393 13620.08767 13418.70053 21260.24286 26269.824419999997 21409.3121 24300.39477 24942.306579999997 27009.43118 21430.00691 18310.3536 15193.6644 16953.03594 17995.28339 18817.23334 13333.42451 21814.01764 13713.96047 14566.14399 24331.74138 23304.57637 19743.07303 24027.99189 13894.13635 25136.38811 17965.69683 15024.13268 14520.28553 22031.72051 19156.62303 18591.99321 24961.86044 25609.29122 
24519.61539 24037.062599999997 21532.34384 18682.10482 15248.99088 15710.44146 15605.46276 14314.65828 19992.96276 22789.69555 19490.08646 24429.706769999997 12422.83513 0 11929.31303 15782.58992 24275.801679999997 25237.19087 13670.86275 18933.8788 22949.77874 24764.236230000002 15170.41652 21735.86173 23405.56302 18441.35132 24705.037089999998 15867.50144 15560.68526 19900.69946 24022.2246 18849.58642 19018.71595 23994.350449999998 12235.09358 19391.49715 14778.89551 12404.91755 24215.0792 23455.72025 22585.86177 17071.5812 20943.53496 25320.27291 24882.253989999997 25115.3413 19074.92358 15068.3098 23200.46414 19298.6452 19401.96845 23408.34879 24617.22776 24411.34071 13362.67303 25063.65578 25568.48101 14484.58241 15776.50114 21035.83404 24648.10503 25420.76028 18939.41761 16787.48707 26010.16296 14601.66103 20350.28403 23232.48507 18803.75149 23091.72954 19331.10396 19256.45289 18101.7304 12519.47145 14642.15702 12145.10765 18773.47215 25604.275159999997 22444.67044 18495.1734 17414.74183 15707.30512 22403.39791 19736.63438 21850.70848 16145.68379 24470.9149 12072.77912 14222.74873 13083.97892 21241.41345 14914.67382 20756.79766 14872.71851 21747.09139 25886.36935 15132.97417 13635.56231 22992.91763 
16186.74307 20442.68073 18971.4205 22211.28684 15713.4951 15320.93366 17978.87501 14594.26646 24699.90406 25711.0971 17646.72085 16420.93868 24352.148159999997 11929.31303 0 11811.67236 12777.55864 20323.88988 18414.13202 24035.13531 20724.57225 24109.72122 13599.87115 12127.47448 16390.8869 26346.79867 16508.10036 20545.41697 13984.13563 16513.09091 20298.43394 22974.62825 24494.81928 22272.42856 23877.62915 17155.06755 17265.93598 14198.48215 22325.14643 19318.48943 22892.76618 24448.56441 18300.23521 20296.33516 18472.25306 13186.02827 24933.42814 12932.43816 18259.65859 20607.16621 25019.198790000002 24872.989800000003 24839.71957 17369.94273 25291.98606 15832.96115 14658.27052 20365.24051 21326.72166 15397.25723 22191.73504 22046.84954 16160.82489 22905.38507 25834.81797 23116.36434 21424.22383 21921.97314 13286.29387 25236.11107 21185.73398 18424.26102 15261.91178 24448.78448 26443.16802 24074.42068 25194.59434 22951.63811 13770.65285 20661.33007 15687.63371 18864.08481 26293.06214 26473.09072 13931.43762 16948.16757 19562.74427 15217.22527 20836.81077 13920.93916 20663.85172 18448.7125 16711.34808 13965.31109 22458.47348 17831.88674 25154.3355 20021.36383 14579.79785 
16433.80375 17938.97173 24217.62064 21347.51794 18593.01848 23341.28847 24637.11311 25632.09115 24072.379269999998 21132.21146 13200.0782 24987.2418 21628.72182 15782.58992 11811.67236 0 11845.2676 11930.90141 24049.95633 16505.12923 20927.30011 22451.87903 23125.33917 22182.08272 19477.57463 20416.13882 19868.22924 19253.76452 15475.98335 22596.26471 18015.57831 18549.8151 18784.11225 26093.1184 23153.73396 24887.17411 24686.20684 22482.24908 23762.5278 11978.73913 18797.10095 14415.63315 26159.68434 24535.526380000003 13946.44261 12793.29672 15861.98299 20547.35717 15248.43681 13452.32126 15009.30141 13061.31744 20108.48164 19678.57104 16133.86148 15228.51874 12277.52338 17479.23517 19690.64511 21018.67918 24398.363530000002 16415.05532 12141.87259 11980.91181 19246.51072 13993.19255 23982.044439999998 19397.1009 25097.966229999998 21812.49601 17261.64195 12034.40567 20478.37 22534.9431 26050.43647 14293.48492 20120.75849 24517.4181 16584.86295 20320.71898 14837.58348 20185.47529 18149.78665 23325.30034 22654.18397 12422.2839 14489.14893 12834.42374 21038.34519 17463.5213 25292.84697 21987.13981 21197.36798 16167.71428 25372.92869 13302.65645 13693.04589 11920.2855 11824.96986 
20380.6467 12677.26207 24451.70136 24003.01309 24662.398549999998 12257.18601 22477.81353 25996.19127 24837.98579 14595.96746 12232.2683 20036.23628 21550.7825 24275.801679999997 12777.55864 11845.2676 0 12584.34672 24223.98315 21153.20967 18278.89373 17038.3606 23381.29515 22692.0124 14363.24832 17644.50145 15697.77996 24617.40551 18683.55724 22785.33367 21643.71157 19806.10869 19652.44941 25139.88056 15624.52139 20223.07426 12840.93924 20888.88721 13505.53416 12843.45241 19380.23201 24495.61046 19496.1619 18436.32325 24745.22885 24638.564319999998 24023.59693 24215.39288 12598.94927 19239.81674 16637.2161 20518.95483 17858.19231 20528.68039 13976.91032 24393.522409999998 24122.790979999998 15990.84454 14291.93958 19363.80136 17054.27314 25196.323210000002 16318.12155 13504.90624 23957.00188 23423.4272 16843.75726 22022.49707 16103.88556 13835.67904 24248.00186 16819.20266 15017.18951 21466.76483 20345.91209 19160.37981 23453.34478 22228.14634 18201.89868 24015.5196 19884.55031 19537.60291 14585.52752 14512.3203 15162.70518 15264.69383 25157.501940000002 20800.34284 24740.61073 23415.41483 18504.21266 25467.11311 17861.54244 22279.5693 13851.32227 13246.48804 24015.503539999998 12880.33657 11979.28348 
22650.62144 21426.14492 25428.99362 22923.68159 15652.25021 24841.53273 25150.36469 21262.75618 20131.14558 22861.39053 12758.57375 24691.228949999997 21545.3916 25237.19087 20323.88988 11930.90141 12584.34672 0 12119.05492 18122.35049 16377.09683 24098.79406 20305.55008 18749.43603 12316.26343 24367.65059 15386.82459 20216.68135 24517.66957 22478.18497 20738.63287 21351.04658 14228.78579 24166.14864 20783.27327 16883.13272 17136.93709 24623.98487 24427.86397 17063.30192 12396.72907 18495.08958 16594.18773 14540.55271 24145.91103 12383.32231 22738.81465 13465.22884 13908.43285 24603.14074 25622.274980000002 21279.14512 24618.85556 21476.1593 13239.54235 24969.688560000002 24208.42479 15229.77621 15188.88257 13172.6166 19381.99897 22305.72359 20435.9454 13487.13825 14460.24878 16121.98971 21049.41987 18627.3664 13880.68075 16671.90377 17482.93823 12764.32854 22222.83034 19408.40023 15808.43278 22425.02919 22867.42705 22237.77283 14273.54638 22003.29879 13852.9331 14916.59522 13130.08022 25048.22131 25104.45456 20464.34565 14357.60361 16365.98108 20022.31263 20250.77548 16645.95794 24897.78281 14895.55561 15584.22845 18221.91121 17215.61146 15326.62822 15242.89169 23755.87127 
12387.10421 15265.20551 16045.28413 17596.92399 21676.88632 24358.05264 24981.962079999998 19354.09008 25536.50269 23746.33335 16186.86639 19001.27953 21208.27374 13670.86275 18414.13202 24049.95633 24223.98315 12119.05492 0 11832.58536 19200.6384 20204.69998 19270.8242 24322.79808 12548.92102 18802.90381 24424.58636 25364.97821 17853.52635 22737.91119 24853.21287 21206.059 21114.48536 21044.90412 23258.49944 21357.20938 21557.24505 24731.285499999998 21565.46311 12843.05536 22930.55736 15875.26289 19180.66212 22298.33484 19636.49887 15212.11533 17257.74592 21687.63738 19353.90981 13091.47833 19875.44809 14346.01915 24428.061869999998 19367.19855 25358.59727 25727.114139999998 16447.25178 18076.72586 13383.66067 21818.76791 24656.4482 12549.35817 15884.24582 24955.23443 23791.17917 25168.89303 23785.70118 25338.620410000003 15867.54454 14160.24459 21067.81619 19174.23012 24724.513890000002 14666.66904 19291.18371 25194.89252 15609.83989 26202.42212 22964.48973 25172.49572 19963.04849 19634.94358 12382.32404 14019.42094 13751.92079 20713.77154 14902.95911 22119.23658 24663.3004 12440.37469 24415.999170000003 18056.74279 22966.73639 12223.62901 17735.97265 17556.77287 21764.57984 18176.56734 20793.41144 
15438.62929 12590.09935 17064.93322 18727.69821 24870.002350000002 12525.46728 15963.96668 18286.08269 13703.91733 18701.88588 24922.16237 20205.93726 17632.59688 18933.8788 24035.13531 16505.12923 21153.20967 18122.35049 11832.58536 0 11792.19568 17085.05286 16477.91711 24434.879370000002 18294.03008 12435.68579 24229.09765 24024.179340000002 22393.59733 24882.03397 17461.99697 17418.34662 15740.81974 14072.60954 14010.97765 13131.94368 20501.72233 22790.02103 24533.16343 21736.62087 25337.10302 15627.57881 25437.26936 16996.41914 21719.36402 17822.80081 12609.10016 13496.38953 13906.7247 24109.36938 12259.82358 24676.19549 17299.11853 23258.96733 20361.09523 24661.80368 20816.62646 19859.93936 22677.57164 26339.21704 24737.34012 21456.66958 21059.41732 24033.63369 24740.301310000003 22348.0065 11953.11582 24491.90116 24693.338060000002 15803.09758 26740.7576 19355.06992 19542.18412 21385.6153 16032.89806 22561.81884 22889.82314 22020.26081 20169.71213 25253.360370000002 19638.01457 20486.08876 18970.74684 24755.16259 25584.50615 21594.92976 16939.43543 20516.2278 16963.2226 13799.89757 22818.17686 15979.26732 25923.54494 24056.21437 16995.07919 17539.11593 18776.7716 19190.8709 20951.50594 
17299.40441 19018.82738 14016.57314 15506.91968 21111.15946 16375.5345 19987.48954 20964.00504 21021.82765 19063.62523 24754.24807 23877.59424 21735.6203 22949.77874 20724.57225 20927.30011 18278.89373 16377.09683 19200.6384 11792.19568 0 11922.1915 17953.41848 12642.68369 23229.28867 16462.77556 13267.1596 12231.98366 20387.9125 24066.54415 16658.74768 24676.93588 21024.34637 24476.111709999997 20431.5308 15839.35334 20068.3307 17676.08767 23216.98952 21009.11118 13936.38537 12642.75725 13645.07368 24648.68326 23981.97786 24389.018210000002 19362.7261 14424.89563 14352.59205 14348.55605 21610.92369 24947.39621 13108.5012 24778.180070000002 15266.14821 19048.80922 26651.045530000003 16390.23381 21547.98289 22313.86819 17373.86669 15860.56884 17282.38176 25064.192949999997 25382.890890000002 24441.919390000003 12891.04186 24128.307090000002 24634.1528 14348.91332 18255.38992 22006.58568 13018.84318 22641.24058 18509.41965 23143.99393 20451.15819 12327.06364 22196.47334 18521.46595 24807.4741 14391.54687 22582.70023 23066.85808 13878.94416 20498.26171 15985.16667 20446.3246 24807.67611 25592.093249999998 24528.14632 21925.53255 24326.839500000002 17616.45448 21665.5418 24794.67117 20658.55294 22505.08801 25815.545850000002 
25278.10069 15141.32131 20428.40978 21940.68042 21215.5369 20462.69723 21319.55579 17698.43692 12391.07931 24150.59863 24795.48581 16927.10938 20497.77182 24764.236230000002 24109.72122 22451.87903 17038.3606 24098.79406 20204.69998 17085.05286 11922.1915 0 11761.71801 23727.27899 21860.14209 17797.27842 19872.73424 20055.42317 12778.98664 24710.1373 26737.00001 25766.62884 23256.31412 24459.11432 21320.29716 24003.75981 19100.40492 12734.95928 14107.54694 24690.645429999997 20773.53172 13732.45021 12466.81318 21212.76054 24275.32591 25665.34223 24379.4819 16732.33731 17334.17032 20867.72716 24303.8347 20615.93809 24669.60748 21894.61836 13548.19756 13442.10797 18956.10784 14478.74668 12345.1971 14741.46073 15723.11054 19271.94389 25913.906730000002 14310.87373 23848.964780000002 12519.72789 23254.32789 12206.11559 21764.44729 12383.52127 16038.16557 19897.92781 24831.00806 18298.78571 26079.24193 21033.50595 21248.02514 17180.09724 24061.39472 23879.37457 16028.67826 20435.05802 12643.11633 22910.78083 21049.82218 24159.34302 19299.31248 18840.02002 25122.21551 14857.55575 16256.25302 25390.01204 12404.648 19263.30521 23356.61224 13852.17212 14860.77241 22469.09436 24348.42837 
17443.51519 17948.41329 24405.56349 13864.55112 25031.21591 15735.4262 24327.68873 12572.24512 24152.797319999998 13080.56577 24682.77283 14794.32412 12934.58522 15170.41652 13599.87115 23125.33917 23381.29515 20305.55008 19270.8242 16477.91711 17953.41848 11761.71801 0 11965.56098 23887.87842 23023.75359 23159.01472 23322.98078 22264.88115 23839.26408 22830.49344 26312.83226 24860.0613 13170.87347 16133.35023 21132.19321 24355.52821 24496.67729 21197.65811 16245.57777 16924.83725 24553.00941 24228.53119 14123.17009 18037.65188 20504.94453 17082.22774 15471.87283 15943.36938 22843.10719 12542.11669 24805.81406 15514.06395 23794.40604 11976.5061 23706.65231 18853.55376 18997.38448 22403.20292 26163.024429999998 16948.84387 16038.11214 24439.420140000002 16385.54625 20539.86782 24281.4459 13669.21418 23967.833599999998 25253.40825 18093.80727 14018.92402 25260.33108 24240.688029999998 25429.159440000003 17647.42388 23236.05074 24368.7629 13872.09521 16856.96531 16056.25875 22317.69104 18135.50476 20865.20404 21555.74789 22266.93201 15815.18115 25041.16223 14364.98278 25196.220589999997 23422.60299 17165.95215 16371.86686 24131.21629 13846.89131 16440.40242 16314.77672 13873.47678 15219.35623 24604.77149 
16198.74215 17512.38352 21140.46993 13742.66643 14225.2269 16388.36107 13377.57901 16107.67911 20615.9935 20166.90819 24827.18337 25755.32744 24900.146200000003 21735.86173 12127.47448 22182.08272 22692.0124 18749.43603 24322.79808 24434.879370000002 12642.68369 23727.27899 11965.56098 0 11922.31744 23973.7046 13073.90034 19026.26465 16467.93419 17488.44565 24936.00794 25619.9414 24161.42496 20532.89429 24542.001940000002 14851.95281 25645.222439999998 23148.42993 17289.18704 12028.36803 17983.57399 25285.44094 20899.48709 16729.13036 25406.58007 15577.21632 21381.12553 17605.63864 15764.23685 15245.5669 17510.61086 25278.95371 14223.60467 24838.80476 20825.08131 19343.51637 24528.24383 18698.8548 24939.71164 24823.68335 17794.91474 15693.266 17806.47417 25188.601730000002 18816.06638 13148.61626 20490.14385 23335.62899 16341.99532 13543.44767 19750.00282 24429.881439999997 14090.84141 25319.42104 16206.60842 12296.96768 19884.79812 16654.25489 16959.42584 20213.93942 17115.83934 15979.98628 23912.37699 24331.29911 18074.03517 21445.62777 14462.69892 22820.69569 14953.1464 24947.28268 17875.47804 17072.30924 18574.10446 16039.43277 13072.46293 18493.43819 24189.2771 22508.39334 16962.79464 
19038.67162 25267.17127 24954.51099 15653.40572 20201.49889 23876.96123 17408.5891 14454.71681 20316.50505 16605.01638 17225.4073 25267.38611 20155.57167 23405.56302 16390.8869 19477.57463 14363.24832 12316.26343 12548.92102 18294.03008 23229.28867 21860.14209 23887.87842 11922.31744 0 12051.38716 17143.53511 24835.528140000002 16591.14903 17008.34655 21781.90551 24207.410340000002 12474.56801 24006.9078 12619.6845 18675.94811 23397.34598 24465.334029999998 18101.10898 23950.68547 16568.05257 20304.66598 12923.40573 16586.57061 21059.95602 24699.585740000002 16953.34117 21722.03763 13680.47949 14345.3155 21097.19178 19022.63235 17743.28398 25241.23244 24224.66788 16679.40496 24333.38967 12100.15567 24019.78814 20397.90278 12107.6672 24214.75723 24661.12311 24819.86802 17368.5686 24627.14519 12736.64631 17064.74989 18537.20829 24235.216849999997 12492.39295 24563.72048 16588.85882 24940.103750000002 19985.03074 18803.89869 25797.19123 25329.49752 17287.11768 20309.27866 15503.21617 16662.17202 12181.52323 24280.063580000002 24735.59026 18873.85609 19157.465 13129.96306 16278.26638 17453.21501 24868.86135 16941.36185 12370.45114 18148.13608 13068.25778 14155.41308 12266.95966 14944.09525 24424.67076 
18787.40999 20861.1814 24143.72424 21641.89621 13293.78379 18304.91703 24417.208550000003 17878.61773 12370.38272 13773.77557 15716.92336 25921.5602 18642.65998 18441.35132 26346.79867 20416.13882 17644.50145 24367.65059 18802.90381 12435.68579 16462.77556 17797.27842 23023.75359 23973.7046 12051.38716 0 11793.41186 23925.499750000003 24377.49884 12446.34818 23002.62709 12156.02318 23959.38974 24670.836799999997 20745.27903 19364.76395 13934.91757 13624.12815 12722.92834 12144.42783 12901.41723 21718.5482 16544.11189 21121.58647 25377.875050000002 24596.80289 18550.43831 19289.39185 23580.25432 24742.28099 24695.50937 22336.1526 16076.0151 15603.70174 22080.50237 21910.45919 24644.303630000002 20165.13236 24031.364690000002 24399.611129999998 18122.11552 17869.1697 13746.20216 15844.35826 20274.43014 19869.24898 24147.73314 24396.23799 20538.30156 15185.79686 22991.37356 25531.85089 16854.61131 16708.78665 13824.997 12266.82385 16255.02962 24660.57096 12985.2314 22154.73372 17597.31381 13149.24612 21614.45079 21766.96498 22233.02588 18415.67757 21931.81249 16431.20595 14672.63814 13137.56533 20111.04233 18780.86299 24421.8383 19521.35891 12190.85283 24261.125070000002 17349.49167 22751.28538 23080.66127 
12051.1383 24048.39976 16771.65914 24141.22897 19365.11916 24832.20151 16365.31172 14814.8675 22772.5526 25222.82333 25406.28492 18453.83106 14021.35261 24705.037089999998 16508.10036 19868.22924 15697.77996 15386.82459 24424.58636 24229.09765 13267.1596 19872.73424 23159.01472 13073.90034 17143.53511 11793.41186 0 12132.08789 14746.75136 24239.76004 20519.9394 23949.43504 17999.32371 13658.18462 19470.40788 24014.40412 23725.25663 25417.54001 19150.62303 18004.01523 12453.96817 18916.54828 19842.47203 18743.85082 21939.71827 25168.68756 19185.05716 15240.00485 12458.40185 12948.86913 15136.86521 17820.38746 20509.59957 22481.29359 25024.88351 14111.07979 19067.96253 15876.49185 24228.24311 24330.19655 18970.48193 17187.02502 23316.28931 16656.38762 16420.86343 22897.29534 26158.20146 20023.58367 22082.03442 20721.05227 24213.71228 24373.31147 20519.77876 19127.27517 12988.07857 15451.13739 19151.79501 16257.52324 24778.64326 16276.1145 16196.40011 24705.30632 18655.38463 24210.45083 15351.72048 15480.52649 13987.15807 22215.19915 24792.62947 14317.01542 15650.65825 20818.3964 23632.037490000002 23178.49913 23984.26469 12949.31302 20412.21683 22813.65943 22045.71273 
12977.874 12463.27607 16415.27487 12009.14108 20602.35872 21947.92411 18409.06742 13201.16868 24676.90393 15362.89965 24850.55098 22769.71711 24243.69579 15867.50144 20545.41697 19253.76452 24617.40551 20216.68135 25364.97821 24024.179340000002 12231.98366 20055.42317 23322.98078 19026.26465 24835.528140000002 23925.499750000003 12132.08789 0 11997.68447 20357.22123 16849.6455 22060.67324 19976.16441 12244.12805 13849.68052 19112.77319 20324.54978 14532.43157 24968.57651 20662.51483 23933.751940000002 15069.43899 25196.43056 15687.39339 13707.93807 14114.75374 23287.17137 22797.53392 24590.48974 21912.83637 12840.39543 22633.71105 13299.33057 21349.07802 18295.03696 14066.10686 15009.28917 16984.00358 24269.76011 16570.92317 26432.86013 14325.7701 24822.990660000003 14377.8436 23003.62069 24353.940459999998 15266.28569 12513.01377 21821.87284 12438.58644 24181.41034 13699.97195 16677.94876 24788.193 12197.34443 16514.95621 17857.87815 22572.76677 16214.00867 15338.85428 26357.20778 16286.9682 24645.61463 24823.308149999997 26110.927819999997 25517.30749 20464.76224 19312.31737 21498.35599 17675.2684 16900.91329 20822.40427 18263.55815 24052.729769999998 22891.24492 21664.11605 17158.25579 26899.79667 24738.34684 
13832.48505 22286.05164 12643.3117 20462.32418 12649.75559 20028.92677 23597.652390000003 25198.853150000003 19280.71168 20265.25161 13306.00869 15692.34011 24413.1601 15560.68526 13984.13563 15475.98335 18683.55724 24517.66957 17853.52635 22393.59733 20387.9125 12778.98664 22264.88115 16467.93419 16591.14903 24377.49884 14746.75136 11997.68447 0 11931.15066 21412.29464 24834.26988 18516.50963 24241.81252 23778.62015 19236.66874 23108.04418 22664.16758 17528.0895 20235.43738 22689.50062 22420.75182 19501.95508 17022.99645 20740.39074 19304.80249 23304.03128 12910.662 15357.84621 25088.106890000003 13464.298 25834.91091 14234.52878 16456.88014 25004.32724 21490.35364 21104.83645 22998.64053 25124.18374 19522.42313 20679.43367 18801.68521 20910.02133 24415.24388 25571.738839999998 25036.93136 25602.051160000003 22127.58073 25276.8407 14326.30538 17470.17633 25214.43647 13409.62014 19997.27445 22568.67593 13811.89346 19816.73755 22641.00004 24588.88605 15229.38483 16885.78684 23312.90571 17283.49557 13977.04788 15077.76935 14705.24158 13532.81817 13405.32374 12850.03536 14686.63792 23958.733050000003 22391.28157 25183.634639999997 14995.90351 12431.6665 20572.24393 15759.42777 25039.90195 13306.84762 
19260.38858 25733.581729999998 24182.29598 16477.35112 20171.82618 15574.05592 24055.89431 20426.84008 24816.730900000002 25036.13796 18399.71629 18310.75665 19890.72817 19900.69946 16513.09091 22596.26471 22785.33367 22478.18497 22737.91119 24882.03397 24066.54415 24710.1373 23839.26408 17488.44565 17008.34655 12446.34818 24239.76004 20357.22123 11931.15066 0 11809.49546 23544.40252 16324.47284 20385.48444 11847.46949 23217.98696 21826.7791 23104.83759 12487.83784 16457.90697 12459.62302 23168.88034 21838.7198 12762.05592 15933.88819 24532.379500000003 18985.91793 23310.87345 15820.21619 23571.23 15921.28267 15197.44632 16748.13846 16948.44402 19710.31216 26488.40529 19172.61102 16103.0703 24069.57502 21950.65203 13670.53975 15382.99233 21778.54125 20176.36852 13640.58818 13105.7807 18938.85884 25732.85925 14881.32648 26175.900869999998 19139.75767 14595.92262 14806.20637 25240.83337 13153.03459 12218.68592 17464.34612 12331.82048 24749.455820000003 16813.07677 25939.01685 19834.06975 22370.90908 23010.5218 18212.43977 13294.68379 15019.39127 23259.31562 18118.77119 16457.84846 20989.67635 14577.77704 20812.37112 26582.848189999997 24362.81716 25862.19519 12733.37012 24897.585639999998 23871.45288 
17907.29108 18337.19137 24704.69072 25557.16955 24990.87216 24723.448060000002 18437.17442 19160.07181 18747.31354 15289.52021 24514.23823 15402.96584 21402.79948 24022.2246 20298.43394 18015.57831 21643.71157 20738.63287 24853.21287 17461.99697 16658.74768 26737.00001 22830.49344 24936.00794 21781.90551 23002.62709 20519.9394 16849.6455 21412.29464 11809.49546 0 11734.90706 23538.27362 12070.44533 21274.05291 23348.32232 18199.58404 15280.67678 24122.48818 24470.46227 21149.68627 21285.18737 19087.6048 24571.55138 14544.40279 14415.01247 17896.15971 19469.37248 14207.83414 11761.73454 23611.280339999998 13174.40626 20571.23651 12575.97773 15329.87843 17024.97826 19511.03854 13066.24785 16977.76593 24229.71875 14720.53866 14926.37982 14789.985 21451.52804 17057.21792 19450.88682 16612.57911 25951.83027 20929.61252 20584.5093 19910.52305 25076.2684 24610.24607 13431.33791 24412.342689999998 24028.18138 13004.69391 12195.025 24442.70835 12240.96939 24095.306510000002 14723.72166 20524.01222 22868.78564 12752.83121 22808.25897 16004.98701 11949.44548 19737.46139 15367.84814 15260.73957 21534.77743 17733.34301 22434.27509 23798.19022 23855.76467 13664.70817 15361.23588 12061.95742 
