24
UvfnFwkwYqFk RWoTZCNhceUR cXYRsTNMJDHO SPoMbAzxrqrj KKNtdnAHmUpc AZrILCuGwbtV MlFqcqjWiUdI NmmqQKqzdERM ilCjMogPnNTK YbGvPudTcbyh bVDkAfQbeTmx crcFIKqbaYTC svpVoYHpEpjH FhVNapbaoZOZ phTlHtTwrYOU GoPPViXuIoMW oClepMbylsqk jmWqilJNXyuV SJPfUQrbAbqM GLfJulJDWdHA PCNGxUSnzrYJ JCPkGQQBkgge ltlOmMSvjmIL MHnVCXOJJwOI
0 119.43542 211.78161999999998 137.72947 198.6505 157.74729 215.42197 153.35487 236.24029000000002 149.17511 179.28209 145.8636 190.29355 249.70690000000002 194.15163 226.00803 165.01438 208.31380000000001 145.01292 191.91384 218.11319 240.46165000000002 163.39957 100.05446 
119.43542 0 102.48199 125.62462 122.13061 229.92344 170.04413 220.2422 145.17147 199.5185 225.57384000000002 194.08152 198.20107 163.72451 122.84584 154.55856 230.01568 117.07331 205.95954 105.12496 136.5297 151.84969 126.94792 140.17849 
211.78161999999998 102.48199 0 107.18378 192.1303 176.30725 181.90886 124.75612 135.11498 239.29089 191.51433 234.45247999999998 149.99307 230.60402 144.80468 168.60791 127.53369 110.5513 194.54859 207.60694999999998 125.46466 213.76256 175.75258 149.42776 
137.72947 125.62462 107.18378 0 103.6764 172.09333 153.9303 135.80988 166.91778 176.03245 170.14735 226.93916000000002 179.28104 223.54349000000002 173.9836 226.04910999999998 165.23152 167.45901 112.44764 213.28222 124.3106 223.1298 114.13507 130.24283 
198.6505 122.13061 192.1303 103.6764 0 107.79283 158.39586 221.43709 164.64537 238.19684999999998 227.19053000000002 134.30813 156.54302 119.86709 190.2975 150.69293 209.39024 153.7699 171.79994 183.54117 111.6668 178.83216 144.83445 137.76773 
157.74729 229.92344 176.30725 172.09333 107.79283 0 112.59618 192.80972 153.81777 222.39011 188.69507 219.61681 144.20912 127.69226 179.65074 175.53142 185.68726 236.04480999999998 147.73454 228.61691 185.43428 164.12477 178.59478 143.17541 
215.42197 170.04413 181.90886 153.9303 158.39586 112.59618 0 103.99429 115.49218 125.9574 119.29247 230.12614 252.87858 155.382 170.77245 153.64246 185.3036 228.24036 197.258 237.44194 127.47516 173.98729 234.36819 115.36751 
153.35487 220.2422 124.75612 135.80988 221.43709 192.80972 103.99429 0 105.45218 148.46795 221.4069 224.41645 160.59506 116.69161 217.6445 214.2386 192.35716 231.49663999999999 197.16135 177.62369 163.73035 225.19405999999998 237.93457 112.70199 
236.24029000000002 145.17147 135.11498 166.91778 164.64537 153.81777 115.49218 105.45218 0 104.17591 135.86941 155.26884 140.82178 198.6282 168.42143 143.13826 199.7843 132.9693 138.09846 221.26709 193.35794 180.45789 173.21908 218.15417 
149.17511 199.5185 239.29089 176.03245 238.19684999999998 222.39011 125.9574 148.46795 104.17591 0 103.93037 180.28251 146.09393 127.6022 182.75846 183.1459 237.23852 199.102 110.97212 125.13875 199.24939 142.39087 219.00609 212.63207 
179.28209 225.57384000000002 191.51433 170.14735 227.19053000000002 188.69507 119.29247 221.4069 135.86941 103.93037 0 110.83367 214.88274 153.41021 124.06467 147.07376 141.17965 142.78094 144.79788 216.78255000000001 157.35221 172.96114 115.07572 228.62643 
145.8636 194.08152 234.45247999999998 226.93916000000002 134.30813 219.61681 230.12614 224.41645 155.26884 180.28251 110.83367 0 104.0661 186.25848 229.39860000000002 171.42987 110.65267 138.40475 206.78346 105.94888 121.04684 139.2444 143.62916 140.39293 
190.29355 198.20107 149.99307 179.28104 156.54302 144.20912 252.87858 160.59506 140.82178 146.09393 214.88274 104.0661 0 109.98558 127.97208 126.74674 214.71877 131.25687 117.25353 111.10435 177.98421 111.70998 180.37319 196.92075 
249.70690000000002 163.72451 230.60402 223.54349000000002 119.86709 127.69226 155.382 116.69161 198.6282 127.6022 153.41021 186.25848 109.98558 0 100.95289 204.69995999999998 242.19272 191.27099 221.78689 175.65932 231.53388999999999 217.11448000000001 197.91724 173.91602 
194.15163 122.84584 144.80468 173.9836 190.2975 179.65074 170.77245 217.6445 168.42143 182.75846 124.06467 229.39860000000002 127.97208 100.95289 0 103.74707 151.13614 215.46998000000002 193.12105 141.35542 151.70193 117.34576 239.14039000000002 141.20432 
226.00803 154.55856 168.60791 226.04910999999998 150.69293 175.53142 153.64246 214.2386 143.13826 183.1459 147.07376 171.42987 126.74674 204.69995999999998 103.74707 0 105.6923 176.5167 147.04577 120.58734 121.53516 106.44348 140.10949 233.82817 
165.01438 230.01568 127.53369 165.23152 209.39024 185.68726 185.3036 192.35716 199.7843 237.23852 141.17965 110.65267 214.71877 242.19272 151.13614 105.6923 0 125.77993 189.0471 152.67204 151.31881 212.13578 144.07237 180.94734 
208.31380000000001 117.07331 110.5513 167.45901 153.7699 236.04480999999998 228.24036 231.49663999999999 132.9693 199.102 142.78094 138.40475 131.25687 191.27099 215.46998000000002 176.5167 125.77993 0 108.41703 209.25161 198.64392 164.15544 190.12546 226.3748 
145.01292 205.95954 194.54859 112.44764 171.79994 147.73454 197.258 197.16135 138.09846 110.97212 144.79788 206.78346 117.25353 221.78689 193.12105 147.04577 189.0471 108.41703 0 100.83458 210.80136 162.70886 159.90948 161.97173 
191.91384 105.12496 207.60694999999998 213.28222 183.54117 228.61691 237.44194 177.62369 221.26709 125.13875 216.78255000000001 105.94888 111.10435 175.65932 141.35542 120.58734 152.67204 209.25161 100.83458 0 109.96678 132.87182 169.32948 159.90629 
218.11319 136.5297 125.46466 124.3106 111.6668 185.43428 127.47516 163.73035 193.35794 199.24939 157.35221 121.04684 177.98421 231.53388999999999 151.70193 121.53516 151.31881 198.64392 210.80136 109.96678 0 127.63943 173.44925 177.40452 
240.46165000000002 151.84969 213.76256 223.1298 178.83216 164.12477 173.98729 225.19405999999998 180.45789 142.39087 172.96114 139.2444 111.70998 217.11448000000001 117.34576 106.44348 212.13578 164.15544 162.70886 132.87182 127.63943 0 135.11022 252.05707 
163.39957 126.94792 175.75258 114.13507 144.83445 178.59478 234.36819 237.93457 173.21908 219.00609 115.07572 143.62916 180.37319 197.91724 239.14039000000002 140.10949 144.07237 190.12546 159.90948 169.32948 173.44925 135.11022 0 190.91428 
100.05446 140.17849 149.42776 130.24283 137.76773 143.17541 115.36751 112.70199 218.15417 212.63207 228.62643 140.39293 196.92075 173.91602 141.20432 233.82817 180.94734 226.3748 161.97173 159.90629 177.40452 252.05707 190.91428 0 
