99
147 21 71 93 24 156 49 124 198 152 9 40 142 59 73 66 160 55 23 162 109 189 144 6 35 42 89 56 5 30 95 123 62 12 91 75 184 172 17 138 187 108 50 83 140 173 7 1 163 179 79 196 102 141 104 158 87 101 68 135 60 110 80 164 15 11 136 129 118 16 122 26 61 25 18 171 170 38 150 168 22 155 157 27 39 194 111 178 67 151 34 31 130 10 119 96 86 64 0
0 57669262.32577 143182228.01639 157168963.95782998 196417366.97882 239975768.58767 257385724.57732 212950985.37487 171614289.44388 257250945.92306 255312238.7096 171320562.43243 242515331.64576 142075915.40361 197633205.48803 289619894.65592 279768971.78274 347816526.03872 387527541.4866 402294956.78468 384033020.25513 470318563.13345 526755531.28477 570940821.15822 600724370.58582 621269899.2911501 643084079.13357 704916923.73967 706049537.73601 634867937.04603 595439745.92828 525048663.17655003 428786805.40157 378369833.02662003 338021554.82233 261675915.23712 313303242.59081 337257286.04143 362738576.70454997 277987149.38226 303145751.68265 326136949.44852 353121778.34226 363514061.6847 288899683.63475 367930212.09188 372177902.18123 426556517.36692 477527177.37544 468175769.57039 553028517.04589 569680861.4241201 590272951.19686 452480451.51391006 485825734.72504 393928066.26169 448275670.76015997 569920285.04037 500384121.47880006 571128968.19684 600633074.5225401 636543544.03548 638173589.5335801 497392488.80301 660225242.33891 759674769.4433701 775796145.42132 812165703.51077 906109297.53386 949201738.3893099 913305424.48424 702428013.95914 667842806.22642 769073150.00142 698094431.72202 702842751.5868 676632244.00576 610525149.4218199 561058627.793 517578431.24149 558914054.77018 511336113.45272 521156978.33741 219761210.01475 216658909.50313002 113860135.88611 113589630.08358 220125460.92289 256801956.47057998 351701404.28401 265691164.53588998 340509107.74118 412422386.79523 404623404.42536 411568843.87275004 339558380.63124 185888770.78365 224454531.07097 64622292.822119996 
57669262.32577 0 85512965.69062 99499701.63206 149909560.46111 210857742.01755 201625453.16181 157190713.95936 205014854.78381002 214813401.78856 217987277.94652 228989824.7582 235209876.37591 151802020.24647 207359310.33089 291077198.65737003 271770565.54561 333772949.0464 402333234.26178 426591154.95074 416073956.76685 503318465.95918 552383491.52865 598902852.41365 628189584.05575 644150979.49642 673426216.96934 737383747.39411 744043019.26158 675219968.01649 637128065.66711 571452654.59774 485035220.15487003 429447359.00712 388917035.68079 306423543.06503 368700265.23224 392035684.02385 420224122.58466 335656411.70803005 357631460.95383 381185762.35459 408167722.66929 413902894.46374 335970056.58564 415839263.21744 429314440.48251 461137243.7914 514319641.82132 477255176.08257 592379377.39817 586945913.76623 633373805.44256 502931065.61283 539364304.8912 449728008.79814 505831247.82645 627572626.53672 557595037.73955 627903998.86849 656342420.29168 691251084.27448 691366664.69089 551878664.99234 717894504.66468 817286778.97141 833160553.8309801 869834965.83654 962531504.15677 1006655194.13896 969956610.76084 756239299.19885 721188752.0732 818593073.48771 743576651.34251 742889184.1931701 705903736.93995 625322047.0066199 583742954.26687 521017370.01933 564301493.24966 514552767.26439 575995744.92723 276145982.12642 247977007.07231 171529398.21187997 171258892.40935 277794723.24865997 239743347.54516 311283266.99056 215490435.48756 282839845.41541 430226135.03346 423646054.41015 391484691.01077 364816155.35214 243558033.10942 274734629.5938 74348322.57283 
143182228.01639 85512965.69062 0 13986735.94144 64396594.77049 125344776.32693 217066447.46152002 213870023.38594 119501889.09319 204444513.36748 219288150.88158 194370867.73861 281626880.82352 212462295.15005 178330831.1579 312670199.9621 315148605.48263 364785347.30498 465434683.96965003 497073668.30241 492503712.05345 580109644.85937 617997935.92664 671009020.00936 699726665.94656 717312007.77727 751265618.79569 813196474.0906601 825922526.0039899 754868455.9921999 721369548.20171 655909177.5886201 567611067.90539 514956508.99942 471651635.57056 383845976.27033997 453346846.31483 474506747.23866 501729773.64905995 417354980.37066 425870124.39542997 444155427.94198 471822530.87292 472484058.55109 393003610.31346 460570173.46555 460117472.73398 503272770.11944 546709029.53094 509050237.91209996 626512933.62147 618700830.12943 675608848.61813 560450461.51719 603923910.30602 520127686.99266 587266867.70467 707295128.71972 639724327.91201 700781595.15813 725461945.91158 758221154.12781 753910788.3782301 618254944.8083 795488761.11876 898590408.03524 914911599.21612 947918944.69059 1044741214.30924 1087867436.53623 1052645002.51081 841704948.66906 806411947.04498 902555628.37687 827225318.24158 824989573.31683 778614260.7849001 687413389.39177 651305556.81626 579846599.55735 618540569.05451 569001245.00221 660987354.87341 357472645.05860996 329303670.0045 206425796.33318 254112589.52747 272923306.19637 324584043.1998 327563916.81437 247689471.48959 282567773.78678 436016161.02098 430853858.28776 424602678.0064 409355824.47763 301953783.05125 360247595.28442 159861288.26345003 
157168963.95783 99499701.63206 13986735.94144 0 65466016.23361 139263793.22314 230985464.35773 214939444.84906 130386642.31791 218431249.30892 230168223.07555 208357603.68005 289373939.41297 226449031.09149 183570415.45905 316170225.36708 321050348.09646 373680033.78918 470674268.2708 508352428.72036 492835384.07939 581437106.01173 620814677.30763 672813679.74819 701810864.90195 718781976.04216 751247633.99403 813507684.92561 822050758.19903 753228036.08079 728481776.93648 652190678.5755501 561773192.88563 509389045.63276 468901292.32328 380054548.40112 446296977.81394 466109253.57917 493090641.06526 412215819.93183 419133848.28604 432719643.74026 457835794.93148 459618154.06967 380166779.88897 453774960.86692 446130736.79254 492644764.95712 534110261.42971003 495063501.97066 612560688.41254 604722542.23457 661728383.80218 550843850.37369 591686360.49526 508663501.26271 577355230.38013 697724264.26185 631064647.78847 689611738.65409 713986600.5747399 746132358.4193801 741287717.9963 606160625.78611 786837942.4589599 889660727.21374 906017072.18191 937880083.9763399 1035999684.12557 1078680246.30145 1044123157.40076 835356657.26403 800529925.34864 898792990.55803 824378608.89212 823178314.61836 780533273.9253601 691091897.48362 659032559.60959 584708964.21143 624080259.72672 574692406.42066 654683343.68384 348833512.47481 320664537.4207 220412532.27462 246869529.89677 260300235.81444 315518206.32797 313638365.02922 248399947.90173 268581037.84534 422029425.07954 418556044.53392 410615942.06496 396853433.50356 306347611.96274996 355213608.78009 152356390.63713 
196417366.97882 149909560.46111 64396594.77049 65466016.23361 0 136720491.63116 193908167.8179 149473428.61545 183898483.86368 243409788.05572 262612250.31621 258767462.5091 341468543.36249 276858889.92054003 242727425.92839 377066794.73258996 379545200.25312 428484462.97597003 529831278.74013996 561146596.82126 556886541.26011 644319286.12274 681704310.19538 735180536.11224 764123260.7170501 781500664.52905 815609646.94697 877593068.86115 887102153.02693 818168788.18328 785766142.9721999 717512107.79468 625150645.62555 574787200.00544 534137441.33188 445520564.63473 508652682.51812 525887984.24416995 552218333.45704 468412531.41724 461994274.59844 477401012.99498004 502190811.02386 499732514.24473 420580471.63796 481734380.39884 476096502.62296 516698379.99104 553261774.63733 514069333.93221 632239243.86677 622582084.1677101 690449788.31685 585723155.05337 635062149.74067 559160080.21234 635011173.20052 753918309.1959901 689925448.88267 739472465.57703 760159119.1252 790618195.89235 782045573.40358 650993432.68669 839199110.66918 947344233.18645 964006912.16205 991769081.01612 1094307800.33711 1135799378.9902601 1102996496.22112 898597079.22587 864224295.98852 964259006.79164 889844625.12573 888449809.35793 842803583.83827 750542712.1435101 714819523.75249 641429479.74049 679076512.14721 629336147.49599 716743839.20898 408409321.84226 380244075.38803 255674845.72819 308212010.58652 303983008.40649 292607579.45786 325985254.00983 262530411.18831 269964427.1414 423412814.3756 418888195.41711 438224892.57156 426534977.06222 338077933.25426 419955035.24489 217519113.25261 
239975768.58767 210857742.01755 125344776.32693 139263793.22314 136720491.63116 0 91721671.13459 98842140.89745 176372769.33993 123552271.02066 149520591.03988 246326953.89988 271641712.85073 281191829.19442 260463130.98784998 274592435.71873 288306557.31934 315392803.69964004 463675788.554 514267163.85236 519511299.13795 604891990.93797 622575453.93421 680731126.34932 707549587.70274 729305815.96398 775632434.6312 829874139.1254101 866072311.05977 797763671.31086 758561269.76847 711587977.88932 643285702.1956 587937011.17866 535735597.77206 465978626.37759 538144370.01032 571605850.15077 598316844.62665 512810637.87404 543121520.27032 562276305.77214 587924660.77407 593179734.97178 514159025.59449 585914949.79248 585394530.0156801 628617546.44637 672053805.8578701 634216139.86302 751796169.55136 743794520.08604 800724075.04065 681830022.98603 721775226.33785 633062333.81883 683904817.83647 806787302.3324201 733790256.43934 811104736.78451 839767342.07968 874295806.92012 872965485.14702 734625351.3968 899129220.39677 993480863.81271 1009355772.5307701 1050252826.55022 1136730681.44095 1182923268.56639 1142967556.03862 917227914.6345999 878030178.39751 958253650.69971 874656499.35037 864517403.36382 787898364.80788 680118056.32732 651205854.2975199 563345917.2798 594562721.28517 544761746.8775 740887483.04515 454109774.12409 427784743.18866 312725065.53103 347944187.69774 398268082.5233 429328071.08902 451181367.39018 372982381.2102 401320756.49484 554507021.87309 550832867.63868 534403216.71764 533978992.50488 425864539.37132 443005653.92201 246834829.29392 
257385724.57732 201625453.16181 217066447.46152002 230985464.35773 193908167.8179 91721671.13459 0 44434739.20245 169146872.99513 214949630.79091 241242262.17447 273378247.20604 360634829.71211004 304986179.13342 258164216.16552 360551381.27512 374657664.93850005 407114474.83423 539736276.61094 582500384.91168 586835672.95204 673391340.97671 698098145.08476 756394952.2877 784387419.82447 803815279.7347 845886731.83048 901837724.91815 923476517.1142001 858778395.62282 820771093.65996 764361578.61128 682253216.27495 628697806.34971 582458013.42486 493821947.874 569536566.77411 591862135.4558 618712790.77432 534712414.34296995 538415325.33152 555542601.76883 580580154.28636 579649972.00186 500169523.76423 563310594.21035 557300943.36578 597947093.44023 632146484.08839 594567004.5903801 718963338.41692 702267398.61275 767737658.37019 669258675.03662 714002227.98722 634554849.7389201 703737659.57702 824349718.85019 756983175.62574 815813292.1916901 837821641.92396 869176417.17098 861853202.87136 729326788.9538 912019338.21368 1015861115.62893 1032287503.60822 1064424128.80111 1162005959.03593 1205062675.4983401 1170002340.3573601 956292035.69964 920439199.41579 1011645397.36324 933478274.59046 927073583.1205 863945391.01889 761568861.39641 730041704.90888 649631197.18618 680835793.7509301 630900814.9970701 777355211.5985501 474614850.34748995 446650412.01974 323520320.6029 370637921.49659 382221363.37729 373705481.28631 416637886.80790997 357213339.15115005 347155617.11754 496778375.22957 496544587.15897 490054023.89816004 507806277.4477 432924189.28796005 473175463.51365 261756145.84586 
212950985.37487 157190713.95936 213870023.38594 214939444.84906 149473428.61545 98842140.89745 44434739.20245 0 181264555.98867 205337724.50264 227168153.93334 235813212.78066 323069795.28673 298045595.48618 273213038.84053 338824425.71932 347967577.18615 388047763.10352 527032951.33848 550224359.07945 551341070.25381 648528719.34987 668648711.36019 732186539.1740401 752458754.55518 771482747.03187 810339970.41025 873076379.47323 885557937.27647 820798311.1324999 782771139.63816 723760370.12807 639166842.21766 586087992.5290301 541301183.29368 452481667.61194 525792547.54858 547427396.25335 574641776.46185 490277675.14052 494892511.10813 512932369.4749 540462169.94293 537640940.33709 458197162.1998 523847157.00413 518262705.73396 559884591.20378 597111214.98691 559563021.2878801 683192386.1584 668799977.76334 733458671.8549 629795237.8304 671284899.80426 590120110.53647 660178870.51746 779914979.64774 712646385.14131 771378552.98924 794533469.67148 826299579.5768 819872423.95186 686380588.33357 867584599.01123 971499512.88018 987852764.4057701 1020089668.0006299 1117657302.44611 1160640372.65341 1125567601.15491 913260722.9813299 877676523.28796 970933415.99271 893559429.35863 889037066.66092 832226586.9637899 733816056.41779 700536776.03368 621765763.60056 657185621.84041 607219587.61271 733186458.88659 430180111.14504 402215672.81729 310994779.65933 326540615.45845 339504035.19433 334242044.08009 372203147.60546 318310863.91298 391590356.31999 499505910.05894 487730191.85062 454902041.40077 468335951.43178 388612196.58097994 430702096.04557 220591897.81254 
171614289.44388 205014854.78381002 119501889.09319 130386642.31791 183898483.86368 176372769.33993 169146872.99513 181264555.98867 0 92574221.8277 102939198.74473 208632661.72335 199841132.46824002 149594898.59874 94037608.51432 196091054.24767 215397687.35943 248180892.95651 370592733.65996 414574241.26544 422884459.74925 508354913.95122004 529043097.33506 592012733.77539 615240546.82934 635550917.51826 680010322.59279 736239059.75951 759349909.463 699097231.5094 661184362.84077 614405703.23209 550750930.30981 495422159.19885993 439980610.47117 351893039.2994 448466777.33479 482430052.6549 514405473.78129 428874301.94306 473557379.87326 497387379.55411 524369233.86483 535128351.12858 460494624.75639 539525153.21352 539390361.14124 585553997.59403 638248946.91933 601193723.09851 716534670.82411 710872022.32631 761887240.6407399 624075392.63555 656237362.91565 562142137.22448 599325107.61871 722744186.0729 646232485.77091 735971207.6805 768847145.4853301 805298102.79328 808946250.78351 667192957.87053 817045464.94291 905152597.79311 920333162.55188 967186640.00382 1047503548.69756 1095262773.0565 1052919039.26596 820870506.8170199 782792451.33877 860912608.2196599 777114818.54592 767307151.97033 695410907.57792 592602108.84935 560907823.18586 485170870.15873 514140811.11213 464188470.09035 655867471.3119 373505486.37835 349475155.99419 243526304.48247 267333906.44718 377110234.59075 363672652.64317 430282103.96004 338411029.00625 394487912.10975 545027352.97289 543876882.15118 512070755.36604 497773448.80456 357483711.90529 340450339.74874 168525242.09945 
257250945.92306 214813401.78856 204444513.36748 218431249.30892 243409788.05572 123552271.02066 214949630.79091 205337724.50264 92574221.8277 0 28960043.70871 122774682.87922 166011836.2585 193430487.99452 137873197.9101 160739505.82564 176514361.60521 193324081.85156 353691493.04154 410012562.11607 431804689.57212 511964323.16128004 512717053.63256 577525085.50251 602886184.63743 625590152.31349 679917253.33428 725895742.14106 764032895.74844 713205587.77549 674205111.03983 643010681.70996 595733513.2852501 539380970.42164 484039652.93962 396349881.63775 505968498.48109007 545359745.94425 578864621.04547 495049027.60175 555446775.57199 579365427.30078 606447190.6889 619695693.47391 544382304.71625 620671132.12553 628305473.47565 674844561.63045 728950458.89029 692068577.87113 806422814.86495 801584092.26189 846730100.85076 708372163.17334 736458300.03216 639495398.75985 662510862.19909 785597628.74102 705253694.7375 809678842.57542 844192073.38648 882506983.13787 889306359.59014 746070502.37646 882196028.65823 961350478.44565 975751939.38693 1029984471.19532 1100308406.15776 1150375683.06521 1104262014.42771 860474460.00623 820709303.5159299 885500984.44666 794747028.6983 778438837.28177 682394087.38862 567292117.32332 541980222.29522 448590322.23819 476505971.88475 427135742.57881 695957196.84303 447213121.27327 426049075.38479 326452921.33545 341041541.3421 427549746.7032 454556749.33371997 522856325.78774 429590143.56431 484384478.41964 635699044.44133 630301163.18235 604644977.19374 578539361.44627 442204219.70456 393191207.8571 211127549.64274 
255312238.7096 217987277.94652 219288150.88158 230168223.07555 262612250.31621 149520591.03988 241242262.17447 227168153.93334 102939198.74473 28960043.70871 0 105693462.97862 192950045.48469 179954633.7401 124397343.65568 166860951.00825998 147554317.8965 165872212.65976 324731449.33283 381853006.11346 414489342.06412995 487898717.43773997 483839937.86877 548565041.7938 574326902.24075 596630108.60478 651770126.1909599 697353088.86921 737283733.2705901 686447831.49783 648918458.60601 628429784.95659 575170747.38582 518818204.52221 458450263.87509 375751200.10716 488121381.84065 530290415.24274004 563984163.68185 491603611.64445996 551482261.9719701 572919991.33475 599773973.45811 614873070.92758 540803663.70527 618162858.50056 627490140.89083 674750100.39523 730932059.96934 694354607.59125 807547625.90247 803500254.71979 845554153.24861 704028983.2532899 728329161.68384 630017127.9423599 647486942.86037 769680171.0006099 692234205.56038 795894542.7818501 833401474.35765 872428590.79785 881012411.06347 740342002.5508199 867019540.85132 942845552.37603 958413636.01161 1013589890.31563 1080877382.25821 1131873914.00835 1084218440.6927 837831192.1208 797912538.51403 858717176.75082 768362768.6831 751325436.41031 653553991.99229 538354015.51953 513043778.4794 419630278.52948 448003152.43367 407275924.76081 683246837.18372 429283736.43598 408967855.48419 322493050.83196 346415053.74346 426002777.14221 457730625.49168 528157642.932 433460321.20344 494563138.69618 644437629.12103 638590340.93372 609147657.19318 578432382.2348499 437989839.42083 375569319.50519997 204236706.0261 
171320562.43243 228989824.7582 194370867.73861 208357603.68005 258767462.5091 246326953.89988 273378247.20604 235813212.78066 208632661.72335 122774682.87922 105693462.97862 0 87256582.50607 176236796.55677 193060106.45999002 118299332.22349 120777737.74402 180665195.94403 294970980.97092 317612417.21492 353637454.23457 412715506.56921005 432835498.57953 496373326.39338005 518514429.69222 538927312.03794 583441400.53443 637263166.69257 663014596.62342 605587186.9421 567123535.54202 526043053.52538 473443728.72652006 417104318.65799 362421942.68069005 273575198.75853 383629972.69908 424602352.73204005 458296101.17115 387437495.61565995 446356112.32734 476920942.58086 503452385.32615 518004513.41134 446645635.24643 525596157.78605 538259479.08005 586663317.94415 647304574.75158 611804369.53758 721440427.21105 719716590.98647 754627171.23769 605228533.63982 628123067.65218 526782577.8711 541798880.34967 663986708.02199 586905677.38845 691107430.14729 729434715.1310799 768767461.30961 779471496.9440199 634648539.5722 761435072.87925 838619765.91213 852977256.50771 908145377.8869 977574062.77933 1027968420.62221 981621654.16666 739969749.31905 704512163.3194201 770883007.95528 684741652.55564 672830722.54125 598621952.93675 498034637.81159997 465036694.43041 387075205.95721 424843089.79336 374877055.56566 589083783.10511 324496623.80142 303274392.50557 228600376.75021 240721590.76484 337376062.60447 378458589.42208 458889533.48703 367816608.83695 436907693.97669 580333577.61539 573141286.97065 536182272.90205 490342229.50489 344800244.04783 270416524.97788 159206498.74269 
242515331.64576 235209876.37591 281626880.82352 289373939.41297 341468543.36249 271641712.85073 360634829.71211004 323069795.28673 199841132.46824002 166011836.2585 192950045.48469 87256582.50607 0 105640479.52807 105803523.95392 114625649.30693 133932282.41869001 109854097.74583 207733942.81602 244812976.04828 266380871.7285 345952486.90278 358542161.72422004 414895609.31542 441026014.72912 464322788.05866 514730096.12578 562850973.27688 598062921.64986 547902670.57695 508773817.06581 495186349.66249996 453109827.07418996 397366414.23059 333845933.32839 258992018.03214 380920709.64554 429710199.60364 465144964.06835 388571285.19931 481962054.64426 511031836.14561 538979395.03774 561579576.4737899 496563212.05417997 574419679.96643 591440773.80179 639121642.93846 705824535.45978 671523264.50077 776488040.2405 776429447.74618 803567021.65499 643996541.20193 656194372.95347 552665973.69642 543644259.10064 662792615.35039 589115272.99799 704256920.67772 747899234.28928 789544274.10492 805811235.75143 661090734.71751 761897676.59102 825658116.19058 838822364.20961 903805174.38706 959147600.35753 1011986649.27251 961254773.98121 707446980.61664 669174104.9070001 732478202.88145 630088989.62721 615159660.80275 521389009.00452 417331937.68439 384753426.28211 301285199.07502 337644960.73577 288104589.21435 551966844.38376 346538738.0313 343888533.08868 291293073.74089 291185965.04456997 397558398.77767 445269714.83085 530783335.15195 428201501.45399 513506777.21481 654937718.44099 646210601.59426 604696984.29246 545913498.5029 395713175.35687995 269231675.40206 178639498.7731 
142075915.40361 151802020.24647 212462295.15005 226449031.09149 276858889.92054003 281191829.19442 304986179.13342 298045595.48618 149594898.59874 193430487.99452 179954633.7401 176236796.55677 105640479.52807 0 55557290.08442 150386356.82465 143792658.16738 215320646.50338998 256753176.90444 287906909.20571 282400403.23449 371324153.59569 406317627.22913 459496267.96075 487264370.79651 504853436.80342 541451462.1129299 600734178.94061 619201129.74373 553792216.4894 516390888.86256 467086537.32608 411589098.87815 358352190.60437 304233488.66472 215386744.74256 314538589.7851 355913294.11786 390047817.29006 320763645.90419 393134428.35895 415186758.45522 439782565.69291 460003974.65244 392518011.15829 471640824.14281 487327704.25043 534985302.47118 600473087.06362 566163350.91813 672500452.36219 671874919.92218 700798977.96494 545841971.3708 563528179.77101 462167816.15379 473148477.982 595497654.20857 518728441.16125 623846267.50467 663134844.99238 703741122.36465 715198025.67628 570502582.93622 692803947.95593 775218682.27695 784992288.09455 839681189.28158 910022064.65235 959786046.24016 915398772.85008 675809950.50843 637077170.3587 713567361.81458 630997004.95058 622652969.78954 566151965.63485 477705579.32744 439928648.24345 375502515.83788 418788977.00751 370025241.7811 514785696.41138 266417028.61472 238248053.56061 185652594.21282 185545485.5165 291917919.24960005 339629235.30278 426570836.70606 323591534.94351 412985587.82244 550223813.47545 542057719.38444 499464369.06789 441352937.39864004 290135988.57269 202208575.42193 77453697.67364 
197633205.48803002 207359310.33089 178330831.1579 183570415.45905 242727425.92839 260463130.98784998 258164216.16552 273213038.84053 94037608.51432 137873197.9101 124397343.65568 193060106.45999002 105803523.95392 55557290.08442 0 140766696.21994 141485521.03901 205700985.89868 287103852.81175 324782013.26131 333692941.68318003 415652768.5001 442702650.06679 504848431.91827 526882768.70961004 546093029.55215 592580261.2079 643773257.21159 665312300.94868 605059622.99508 567197892.31137 521278961.25831 462672586.54735994 406320043.68375 351548743.44326997 264631295.01689 368095300.57099 407487679.716 441021187.39072 370008196.17852 443061038.00106 450799078.66061 480864653.54471004 494740719.50392 422826082.57637 501755860.41599 516028992.25051 561422171.8459 622691190.55711 587155633.30733 696945566.43686 694727292.19999 730968798.39703 586419104.46022 606976100.21621 505619784.28668 524637664.28899 648056742.74318 567836861.9047 674316368.6318899 710875026.44223 748168637.9548 758309408.62613 621856992.6251 744322830.74813 824738415.45414 839357853.27587 892367110.77451 964825224.80923 1014891296.2927 969805772.32317 731339831.19471 692548651.72833 767511005.6578599 683077210.0316 673269543.45601 606652878.66002 510089861.93168 475462144.15054 401515768.39945 440510374.88086 391137246.21419 561829862.79758 321974318.69914 293805343.64503 241209884.29724002 234790035.79083 347475209.33402 353782781.92534 434513036.7254 349396766.95376 414881248.53406996 556182443.98347 550040080.97056 511603320.10216 465894614.87977 319827423.72995996 257765865.50634998 133010987.75806001 
289619894.65592 291077198.65737003 312670199.9621 316170225.36708 377066794.73259 274592435.71873 360551381.27512 338824425.71932 196091054.24767 160739505.82564 166860951.00825998 118299332.22349 114625649.30693 150386356.82465 140766696.21994 0 19306633.11176 64934289.67874 193802182.88516 254837047.18662 286097155.29651 359896342.59093 352305194.43436 417796272.42069 442146678.81179 465733893.7984 523850556.38364 568993988.0600001 610262961.09534 565939951.27896 526511760.16121 508888689.28673 489340920.80374 435735968.00848 384381176.20087 301655678.25129 425679390.63399 473009500.37767 508557601.30615 433469747.50756 528304385.06226 558869215.3157799 585304533.53852 606309351.55468 540695656.33084 620564862.96264 637237842.67232 684888541.7263 750854199.05012 716531279.78536 822186740.7812 821937286.78199 849580047.06829 690628793.7432699 702012245.74399 599817582.68543 586878526.6113701 703900969.92316 617958972.40173 748494233.53027 792796911.38088 834508552.16766 851441647.81959 707352527.53799 803490470.58838 863127600.16679 875903787.81241 945286401.89325 994631087.0123501 1048249772.26799 996021426.8099 738035963.09902 702987632.69129 750429434.59952 649472151.34749 628334902.78172 522147305.29586 407436841.26153 381280551.03458 289079815.91106 320284412.47581 270349433.72195 588398652.35635 397309413.57466 376908749.41078 335671453.83072996 335738989.59821 441936778.86750996 488313209.59319 572585648.78506 473977891.76816 552443767.65281 695220579.50752 687618838.75471 648237077.11071 591411795.21692 440154848.1906 312465942.91279 227840054.49829 
279768971.78274 271770565.54561 315148605.48263 321050348.09646 379545200.25312 288306557.31934 374657664.93850005 347967577.18615 215397687.35943 176514361.60521 147554317.8965 120777737.74402 133932282.41869 143792658.16738 141485521.03901 19306633.11176 0 73048614.24245 180676281.94617 236616897.86669 266935024.16763 341298841.99181 338056488.60067004 404214683.55205 426781214.19543004 449075790.70828 506007087.43548 549798770.97271 592047625.02382 547449337.46708 508316975.0267 489585385.67415 470954983.10103 416429334.89672 365626646.66053 282349045.13953 406458554.50769 463461071.44866 492690486.80469 436791223.82756 535129579.80852 545842347.06937 573352758.0708 595420848.06942 533817321.10263 610991968.44051 629322855.7 676182630.02242 744265745.231 709650261.4716101 813767385.4865401 813905256.02148 840204906.42155 680268141.32408 688767729.5184 591593279.39598 568594094.45665 686767118.59146 608178193.66412 732713835.40029 778564364.8091199 819805197.00011 837594828.29695 699582743.552 786191848.24918 844850308.59458 857517786.21982 925979768.78149 975852838.97669 1029705696.5374 977300235.74533 718853429.71319 683684329.07871 732234649.46501 630446330.38347 609655310.39365 507144208.47083 392927543.51393 366973179.6928 308386449.02282 309415585.62353 261046928.3445 569130363.10315 401150175.60736996 382040711.72799003 323106277.87053 327715281.42987 433161836.7842 483255784.40032 570085730.14381 467384193.11089003 552127708.90471 692191358.57797 684392376.2081001 643179651.91784 583451252.3276701 430806408.25153 296685544.78281 221246355.84102 
347816526.03872 333772949.0464 364785347.30498 373680033.78918 428484462.97597003 315392803.69964004 407114474.83423007 388047763.10352 248180892.95651 193324081.85156 165872212.65976 180665195.94403 109854097.74583 215320646.50338998 205700985.89868 64934289.67874 73048614.24245 0 198782689.55003 270114262.76291 305408952.70848 371094496.33756006 356162896.20453 411318223.74688995 433352560.53823 456186722.4102 530784019.94378996 572851689.83017 618612427.05182 577619655.36125 538191464.2435 532932280.54846 529775203.95276 476538295.67898 415228784.10298 347778286.76567 473268435.57092 525150761.04122 560793342.87813 488654229.3725 589298053.10139 618890961.31182 644486503.00903 668443343.85854 605559347.03227 683948507.16498 701294871.54762 748885632.56099 815398973.24855 781207166.45245 886342137.98633 886283545.4920101 912513631.8297 751581976.21739 760647938.52792 656703366.62566 634559502.85251 750775889.63951 668287154.44638 801193788.23182 849664523.5480599 889841075.96921 908806517.44637 764529788.20025 850365390.30473 902751656.75132 914747435.29615 987450148.60183 1031572849.09009 1087048692.41181 1030377319.04043 766490854.10842 724715316.7860401 759915676.03756 662424977.86164 639188035.28072 513715554.81363 411097489.17041004 385079587.29666 354014105.5898 329030902.52431 279153335.94835997 627749165.4230801 454195197.51489 437037981.41454 394707570.43711 377726143.77033 506210451.02665 553237901.63447 637224449.89478 538055599.19982 616612794.46181 759645504.77112 752128433.63164 712566694.65224 655761530.71968 503855022.49398 369734159.02526 288493596.51892996 
387527541.4866 402333234.26178 465434683.96965003 470674268.2708 529831278.74014 463675788.554 539736276.61094 527032951.33848 370592733.65996 353691493.04154 324731449.33283 294970980.97092 207733942.81602 256753176.90444 287103852.81175 193802182.88516 180676281.94617 198782689.55003 0 127389500.22854 190997763.48007 202028448.39565998 164409783.48181 223994089.53553 249595452.90792 271952051.09984 332387076.08623 381098577.10745 420990176.20753 386148529.76245 350292989.02314997 361789684.97451997 392102615.70313 337955334.9339 275632658.83003 337493539.81719 381401761.23063004 438404278.17160004 455420527.46548 403554162.27903 532499964.42617 562571770.96843 584884217.22541 617744923.52441 595822022.49438 666373852.95218 672791735.41304 717052793.9894401 792382830.32874 764768869.03824 852918896.7531 857897567.39267 863462470.90334 688697734.97845 679265304.89024 575524570.8289 513790928.6322 617478819.49061 529257169.65328 689112639.93443 743449724.14148 786464928.71551 815584874.56172 680166435.5037601 716693130.09457 748183147.32879 756735076.72957 840746720.58399 864554474.1612 921825623.25197 862870943.28706 595385381.2199099 549035446.30008 569796268.46315 471328629.12409997 443619412.8627 329958447.18332 222997607.93522 190572362.54099 240886474.61859998 190859903.45415998 140893869.22645998 470324234.21884 387753662.75782 385741889.4223 401604018.70083 401671554.46831 500313688.06079 563987616.07344 657822974.32916 564130582.3927801 660756951.3312 781005135.70606 771485518.89504 720157757.66072 634100736.17752 497438831.31187 375150871.06226003 331444331.20937 
402294956.78468 426591154.95074 497073668.30241 508352428.72036 561146596.82126 514267163.85236 582500384.91168 550224359.07945 414574241.26544 410012562.11607 381853006.11346 317612417.21492 244812976.04828 287906909.20571 324782013.26131 254837047.18662 236616897.86669 270114262.76291 127389500.22854 0 63739539.50795 106605476.43672 184329389.31119 229351485.32122 248469525.98825002 221314894.82302 269917120.0775 352639548.73951 355430727.15713 314961898.49697 275547617.07189 288705648.89961 320672509.65480995 280201968.06335 224606880.65471 287054344.5415 319510558.63869 376209425.89577 407989919.71154 366684533.83284 502007688.40863 532119403.93931 552161025.11131 587158757.58152 547650649.46771 627519856.09951 648958515.28897 692995910.13233 770250529.42476 754899986.60484 826328789.30833 832806238.77424 830775887.77303 652957739.71965 636243017.05581 534914855.35894 459193959.47006 557198580.23913 468868855.10688 634930227.77389 691097639.89642 734449455.10328 766938708.72942 632559214.76683 653251963.07499 677775191.02722 687367468.57602 774213417.62321 797993829.59401 851024244.87517 791310885.8035101 522016541.4704 476244823.00182 497392040.61641 399781130.69003 379615930.75254 282002227.88434 243119165.27135998 212959789.6745 137905246.66824 187690207.74976 160094065.53265 403293333.5912 383576023.43927 411744998.49338 403041854.97137 352363702.24368 494264792.81229997 559946182.81787 654607629.36132 555148241.21761 661861572.86638 777020710.35352 767826069.87837 714253609.20772 631133092.57446 483967807.61082 328534379.49333996 365199400.86783 
384033020.25513 416073956.76685 492503712.05345 492835384.07939 556886541.26011 519511299.13795 586835672.95204 551341070.25381 422884459.74925 431804689.57212 414489342.06412995 353637454.23457 266380871.7285 282400403.23449 333692941.68318003 286097155.29651 266935024.16763 305408952.70848 190997763.48007 63739539.50795 0 98107270.64246 160722674.70182 209636407.91315 219407157.72914 243574321.13906 259051058.87844 345776662.09915996 348043405.15266997 281522578.49257 242426272.59663 257241360.49659002 257316125.96489 219946614.61646998 160867341.14676 223314805.03355 263455657.33823 320458174.2792 347081730.75891 321504682.11506 454232573.26767004 480280064.51097 497551113.81547 533774453.23261 502636782.75066996 577347928.31896 599496860.72587 643965214.13137 720522277.89343 701241684.57083 773497829.35049 781161495.2349 776157688.00382 596912472.20409 576435837.00328 477227208.87347996 395556365.60697 493459040.73118 405129315.59893 571691046.91189 627358100.38847 671580052.93524 704908761.44429 571827638.79719 589927285.69191 616894140.15159 626940478.75872 711906359.45519 735043520.67435 792260979.65544 734097503.38693 464098380.60016 434025586.31316 466343947.03494 364555913.038 348778789.07425 293005952.50934 241883616.80348 235859149.71055 198156926.6078 248183497.77224 223006291.27904 341124020.13808 319836483.93132 348005458.98543 376128276.11366 333101532.81904 454213162.73359 524307153.3028 618396850.95584 522304808.90441 631597160.40857 738011559.63596 727070760.62059 669911640.86879 568634637.70919 427729807.51474 264794839.98539 341725634.19402 
470318563.13345 503318465.95918 580109644.85937 581437106.01173 644319286.12274 604891990.93797 673391340.97671 648528719.3498701 508354913.95122004 511964323.16128004 487898717.43773997 412715506.56921005 345952486.90278 371324153.59569 415652768.5001 359896342.59093 341298841.99181 371094496.33756006 202028448.39565998 106605476.43672 98107270.64246 0 113414773.61755 126776694.8991 141864049.55153 170542483.9335 248855874.34224 251410800.02161002 270375661.35309 208356422.06025 169074720.43301 197999565.6115 268773323.76856 244623665.96424 205670680.65354 250924160.69893998 308233002.93059 360169338.46814 386365538.6337 367284842.22167 507490245.72685 536045929.34747005 552260818.53598 590284267.3301101 564152370.71413 629867164.24901 662076998.23929 702147630.19434 781803820.57757 758632272.71288 829399971.90893 838956775.21357 824183251.29655 644807795.49868 615987210.28229 521222597.68505 418932292.1719 501387154.30338997 416651795.01954 592216263.46423 650349343.89062 694600132.4942 733302946.3078 608352170.93664 591847181.40332 598260444.93473 606352818.59594 700615890.86258 704558257.97236 763388988.6867199 700066177.5519301 426625552.12697005 382700063.6679 392992394.87132 293308234.05115 288909847.46443 222227043.82693 187141833.94001 137825354.6607 225026471.16915 231687337.53246 225564138.01235 334386923.46305 380603621.27775 389915926.42463 456298177.39783 405857874.11684 530512719.66625 600904437.86872 695201230.81263 601308366.4188299 712343970.21405 812034293.06911 801223070.7947 742223689.85258 638016535.05649 501025244.25843 283744273.29359 429080715.3746 
526755531.28477 552383491.52865 617997935.92664 620814677.30763 681704310.19538 622575453.93421 698098145.08476 668648711.36019 529043097.33506 512717053.63256 483839937.86877 432835498.57953 358542161.72422 406317627.22913 442702650.06679 352305194.43436 338056488.60067004 356162896.20453 164409783.48181 184329389.31119 160722674.70182 113414773.61755 0 70730124.04296 90536273.13112 116793430.01756 191603667.30404 216688793.62564 283576623.40972 279277446.09553003 239849254.97778 295871856.45873 382025803.96011 356021197.50317 310980342.42718 364338934.31649 417536515.66868997 468953878.32237 495917455.241 469082945.03883 612373240.8887401 637562132.60901 655396470.3766999 692443881.85682 663112231.00588 729359661.15581 759844328.32175 801841809.41464 880721471.14253 855659742.51022 932165675.64569 940530659.04422 930897836.05946 751463931.63299 726122939.89246 630085817.87889 532347065.78945 612822108.32621 529267165.99369 705563073.85538 763204391.1992 808008052.16635 846055310.50947 719333787.9045 703839191.78159 703719313.14306 719767592.21349 808443510.38229 801783485.4487 861935945.00481 795910331.80802 519600588.16103005 478569896.4831 463766929.41609 363654220.45116997 316827344.17604 169926705.48266 143979864.49251002 193702932.86048 214304723.25781 186908625.38412 136942591.15642 445282496.51222 472789070.08019 479435338.12933 526586157.36019 481445717.02413 614935837.43541 681248381.93587 776147829.7493 677787697.11153 785475863.23793 896516334.32079 887793435.32241 830634315.57061 729352796.76229 588452482.21656 397159046.91114 483771324.90277004 
570940821.15822 598902852.41365 671009020.00936 672813679.74819 735180536.11224 680731126.34932 756394952.2877 732186539.1740401 592012733.77539 577525085.50251 548565041.7938 496373326.39338005 414895609.31542 459496267.96075 504848431.91827 417796272.42069 404214683.55205 411318223.74688995 223994089.53553 229351485.32122 209636407.91315 126776694.8991 70730124.04296 0 46932891.28094 50329078.132929996 122079179.44314 177170377.82304 214053432.152 213863542.07784 183119584.75561 259077148.85771 366695868.07839 350746641.31583 317199817.92423 362453297.96963 418817771.6663 469487269.81341 493916057.67377 479198926.42383 619442213.54686 647600136.93244 663146307.82819 701716644.76477 676655983.54355 741962471.90737 774310564.32493 814157240.59219 893916197.60875 871017975.4792999 940459030.44259 950439512.95456 933282841.60392 754404301.73611 721877021.59775 630069702.75554 518883397.80082 591844015.92113 508412324.72681 688077722.02342 747759558.0808799 791129997.8343799 832798860.66448 713453064.2816501 674385108.06391 666098814.5780901 666675076.5418 775098953.42346 755575850.5650101 811808917.25114 744104233.39702 468502547.63165 429190083.40084 395313309.66244996 292924096.40821 251453229.10134 107719594.17717 96981533.77126001 146704602.13923 167306392.53656 185958643.9564 205008919.07978 416214807.96199 491534317.69551 501915529.17983 563008597.14855 507434170.40265 641292307.09856 712379991.36673 805886252.42234 711023066.0657 820721858.35345 923625181.52749 912864429.68656 854262551.39168 747622635.96285 612707768.52143 403900325.46145 524696369.66376 
