96
a101 a46 a99 a195 a178 a49 a130 a8 a135 a21 a41 a156 a94 a43 a28 a177 a29 a87 a175 a151 a183 a33 a196 a42 a14 a108 a37 a103 a185 a138 a165 a104 a53 a98 a160 a82 a22 a38 a96 a158 a145 a142 a31 a131 a77 a154 a7 a88 a173 a55 a153 a168 a56 a124 a134 a159 a144 a93 a180 a3 a120 a32 a140 a80 a163 a16 a149 a50 a128 a112 a102 a59 a45 a107 a68 a129 a79 a6 a13 a198 a161 a121 a11 a186 a44 a157 a17 a172 a85 a58 a78 a27 a155 a192 a25 a0
0 582.16836 881.90532 666.81632 1229.57594 1596.12343 1478.7471 2052.99781 2582.14988 2832.49325 2860.54995 2797.2844 2206.56656 2130.93829 3181.20889 3598.07963 3866.18274 3631.24565 3722.18981 3072.34454 2211.94032 2360.1089 2938.57959 3300.69841 4439.5065 4970.54373 5363.67877 5728.1545 5664.21363 6313.90402 7138.863 7060.6477 6917.9596 7658.86708 7660.34529 5953.91846 5925.3821 5359.47619 4657.55784 4075.25619 4214.09836 4693.33485 5089.03223 6106.13347 6899.20706 7285.05003 7867.12781 8506.31483 8072.84491 6871.66486 6434.21394 6180.39869 6155.70995 6112.27887 5369.79702 5397.37056 4726.63781 3829.50558 3855.60177 3472.53582 3367.64636 3346.21054 3563.44216 3764.19341 4513.97973 5110.82273 5972.98585 6824.30692 8151.3048 8226.52569 5289.57323 5273.71264 2730.72683 813.61416 1408.66249 1769.29591 4661.8817 4973.26331 8043.78996 8292.55528 8662.9723 8130.24901 8883.12423 8743.20725 9321.83072 8828.01597 8337.25099 7481.10861 7322.47178 6457.99048 6295.72712 9591.05625 10301.92875 10261.12518 10082.12051 602.0299 
582.16836 0 432.72277 588.6561 1247.47305 1277.42319 1006.34437 1470.85009 2002.83649 2262.46459 2296.16071 2249.80177 1715.40316 1829.28237 2930.82958 3374.96267 3679.20603 3476.58295 3580.55149 2918.79992 2341.35345 2656.69908 3195.27307 3454.49765 4534.2812 5036.80504 5376.14081 5759.96267 5742.50015 6334.23839 7096.28248 6990.48911 6825.41903 7519.68251 7508.31233 5772.54164 5689.38494 5030.58058 4368.25194 3633.84713 3764.3014 4235.9424 4602.95177 5592.64821 6377.11298 6756.41103 7321.6897 7954.26779 7498.80984 6293.72719 5858.42581 5603.36256 5588.07096 5561.49881 4816.00083 4836.39918 4167.13583 3273.33423 3327.73872 2890.97302 2801.80121 2792.65053 3020.10596 3198.03064 3978.16855 4553.98035 5398.68503 6246.37503 7570.02312 7644.40822 4708.17215 4693.35967 2187.95818 668.08981 1925.67339 2213.65219 4824.11287 5152.53918 7858.20597 8014.00755 8378.43404 7798.76407 8516.54202 8363.2126 8939.71319 8398.83147 7910.66483 7048.47629 6847.60316 6008.64352 5881.77558 9113.70397 9834.91657 9850.01736 9692.367 1164.98927 
881.90532 432.72277 0 458.13208 991.69048 849.75349 600.58138 1305.39994 1872.75012 2177.00367 2230.75794 2233.41644 1822.44479 2114.70873 3223.99209 3678.61305 3999.62023 3814.71729 3923.85652 3263.0308 2768.46546 3087.21509 3627.9384 3881.46274 4949.84091 5445.15822 5769.33766 6157.99618 6152.47471 6727.93468 7467.49449 7351.13223 7177.03407 7848.31663 7830.54104 6084.26495 5969.96231 5249.8139 4621.23836 3759.51327 3878.78589 4336.70255 4663.44529 5605.82741 6372.43321 6738.70588 7268.73201 7884.7187 7362.01521 6139.49159 5717.23797 5456.33183 5481.02636 5502.07125 4752.78161 4753.6567 4092.73942 3216.48286 3333.40067 2721.30741 2515.1487 2478.15456 2687.66088 2910.61729 3634.27159 4242.5325 5131.98334 5994.74653 7341.76198 7443.08874 4529.29685 4526.37648 1856.64482 1083.50035 2286.2478 2612.39067 5250.2758 5580.4395 8161.86952 8259.32152 8618.70826 8004.99906 8691.48693 8526.40897 9099.67895 8512.96077 8028.80346 7162.613 6912.00752 6107.87115 6020.28679 9169.0192 9902.21394 9980.15756 9843.7343 1482.83816 
666.81632 588.6561 458.13208 0 663.50961 940.96652 936.87192 1761.28249 2330.01159 2635.0093 2687.91555 2684.91862 2236.19767 2417.27822 3519.48434 3963.13071 4265.00891 4057.97499 4159.96695 3498.88911 2815.19662 3019.72482 3591.24964 3920.20229 5035.19553 5552.49719 5915.27463 6291.85013 6253.527 6871.42634 7656.14531 7558.05861 7398.35556 8101.79246 8092.21762 6359.04906 6278.00199 5609.30272 4954.09538 4171.57824 4295.93494 4760.06092 5101.09135 6055.75511 6825.69044 7193.7958 7726.60288 8342.84196 7814.22555 6588.80338 6169.33975 5907.50878 5937.67168 5960.02424 5210.76923 5211.70615 4550.86113 3673.82702 3783.00106 3171.39417 2918.96591 2861.70316 3052.86554 3311.09227 3980.25439 4617.95204 5537.71975 6407.81843 7765.30656 7877.85409 4973.95185 4974.06283 2233.43346 1214.9749 2038.07213 2429.12412 5288.00425 5606.30003 8445.54184 8599.45027 8963.02633 8374.64178 9081.2389 8922.83615 9498.03453 8933.31484 8447.28702 7582.48574 7349.83598 6533.26725 6428.51274 9610.1873 10340.01257 10393.77747 10246.85405 1210.03967 
1229.57594 1247.47305 991.69048 663.50961 0 825.02182 1158.51111 2156.99073 2723.78285 3059.84722 3129.61036 3168.5342 2811.00071 3068.8097 4174.78922 4621.39416 4926.58624 4721.26021 4823.45312 4162.31186 3436.7457 3569.40569 4156.75799 4530.01468 5663.45698 6188.86242 6564.49975 6936.85642 6886.13571 7519.00027 8314.6235 8219.39566 8061.14061 8765.03075 8754.92736 7020.01211 6931.32166 6237.22021 5597.09157 4745.96355 4862.31324 5315.04741 5623.32037 6531.73645 7280.93298 7634.22013 8126.5014 8721.08072 8109.83958 6868.91964 6470.62594 6203.47137 6284.39655 6361.96023 5614.36666 5593.60724 4949.11972 4102.41539 4267.97024 3487.46383 3074.19469 2967.83423 3110.38599 3446.24332 3971.98439 4664.71564 5653.66014 6539.1709 7924.25448 8079.44676 5237.78006 5254.28149 2352.85784 1876.23906 2431.89001 2885.68969 5891.33822 6201.57923 9105.40631 9239.88322 9601.2042 8995.36103 9682.85934 9516.73158 10089.48249 9491.18122 9008.74714 8141.79004 7868.53849 7082.56451 7007.22006 10116.80449 10856.70397 10963.06914 10831.95481 1634.24264 
1596.12343 1277.42319 849.75349 940.96652 825.02182 0 521.00384 1517.67256 2049.57069 2403.74791 2489.0223 2576.29695 2382.23634 2862.61768 3959.16456 4420.7928 4758.62428 4594.82241 4708.91081 4053.25857 3617.70673 3910.64649 4463.51431 4730.81684 5797.13929 6288.12412 6600.06818 6992.65729 6996.26829 7558.37932 8274.27127 8146.02357 7961.52781 8602.81843 8576.7038 6821.73211 6666.50801 5864.90043 5289.84735 4257.97334 4357.07069 4783.08624 5036.54654 5879.46698 6602.86998 6940.53283 7397.55973 7975.37523 7320.99399 6076.12837 5687.90093 5419.13517 5526.26538 5641.38857 4899.56508 4862.2901 4235.29184 3425.76721 3649.97055 2732.87852 2258.07174 2144.56732 2285.66183 2625.0139 3157.97356 3842.51545 4828.77728 5714.64758 7101.23651 7262.32945 4443.3484 4466.48464 1534.83973 1932.98991 2978.69032 3365.12021 6099.87123 6429.46981 8882.27139 8895.37076 9245.89558 8582.24172 9215.7284 9032.2609 9597.57396 8936.72557 8462.27227 7595.36833 7261.31703 6525.26268 6503.50813 9485.86791 10236.82578 10424.28626 10324.27586 2150.46274 
1478.7471 1006.34437 600.58138 936.87192 1158.51111 521.00384 0 1022.65781 1577.03044 1922.7795 2001.08296 2071.52818 1862.71442 2381.18143 3465.89916 3928.73007 4272.97086 4121.14863 4238.03823 3588.42863 3278.16793 3653.53322 4177.16806 4384.75096 5410.64885 5884.1742 6169.84546 6568.49945 6593.61547 7126.27596 7813.76119 7676.03446 7484.65737 8109.88927 8080.42332 6323.68263 6157.01031 5345.08746 4776.28663 3739.15846 3839.99505 4270.07318 4535.67636 5403.18915 6140.1434 6487.17234 6969.72862 7562.62421 6962.79441 5725.83767 5320.88 5054.91019 5126.68821 5206.32788 4459.69293 4435.91817 3794.2496 2958.90385 3156.66311 2330.85907 1990.0294 1925.36023 2117.1077 2379.3186 3051.52028 3681.32585 4606.19811 5480.10219 6845.85196 6973.79896 4098.53535 4109.28631 1296.78988 1594.467 2885.75969 3210.59512 5746.08197 6083.17195 8377.31341 8376.22122 8726.07873 8061.28054 8697.18949 8515.24609 9081.4931 8430.57964 7954.29123 7086.99266 6768.48949 6018.51975 5987.77095 9002.52415 9749.60681 9915.4484 9810.34704 2076.76888 
2052.99781 1470.85009 1305.39994 1761.28249 2156.99073 1517.67256 1022.65781 0 571.97378 903.40799 978.58776 1060.81478 1061.17294 1843.06104 2797.07025 3251.67541 3618.86957 3525.46862 3651.0504 3049.45454 3170.91406 3728.20734 4157.81794 4203.92126 5085.00796 5496.32104 5693.64295 6106.36144 6198.16005 6631.49877 7214.78517 7042.72802 6825.78091 7378.58557 7333.64534 5579.54989 5349.67298 4451.78627 3952.05326 2775.05045 2863.07964 3274.95466 3518.91247 4381.96235 5124.60047 5477.38715 5981.17881 6588.56707 6058.65076 4840.57455 4414.26472 4154.71202 4176.46705 4214.42392 3465.32307 3456.41679 2801.62114 1945.45033 2134.9719 1425.49114 1424.47534 1485.13871 1751.90182 1806.94217 2702.12601 3181.32001 3954.62261 4788.49256 6101.21709 6174.06811 3241.7503 3231.89186 1017.96906 1714.80145 3332.43725 3525.40154 5505.69569 5856.21209 7585.23177 7481.85652 7822.08521 7119.83293 7722.34213 7531.9443 8093.85149 7419.66913 6946.17146 6079.64621 5747.11832 5008.68616 5000.48838 7979.87719 8727.12232 8908.59596 8815.05859 2626.06169 
2582.14988 2002.83649 1872.75012 2330.01159 2723.78285 2049.57069 1577.03044 571.97378 0 359.24365 458.68072 634.09305 1029.08212 1918.01981 2700.51328 3130.20207 3504.44931 3458.67619 3586.95038 3041.53333 3417.01185 4043.53311 4419.22934 4381.23453 5162.34404 5529.35087 5667.34929 6084.3685 6217.71421 6582.67681 7089.74534 6894.35711 6660.28235 7154.08478 7097.19071 5358.92499 5077.74566 4107.24299 3683.33938 2369.52337 2436.32859 2812.71577 3009.08042 3830.61457 4563.12349 4911.4112 5409.49184 6016.74746 5501.07998 4291.15975 3858.37647 3601.66656 3608.60042 3642.8869 2893.95681 2884.59789 2229.90246 1381.88169 1613.12027 900.79354 1187.82659 1333.22054 1610.05901 1511.86044 2487.15922 2853.7598 3522.58797 4326.35008 5606.22547 5654.7977 2711.2132 2691.97121 1108.10153 2140.66578 3798.93459 3943.08838 5626.5134 5980.05569 7310.59813 7116.74905 7446.46124 6707.95565 7270.35144 7069.53329 7624.72308 6915.1188 6447.39513 5583.64755 5216.73509 4510.29323 4539.71651 7436.33687 8188.03627 8409.95434 8334.39644 3135.63295 
2832.49325 2262.46459 2177.00367 2635.0093 3059.84722 2403.74791 1922.7795 903.40799 359.24365 0 114.28036 359.2353 991.53316 1871.90171 2524.97049 2933.24615 3306.92682 3288.82487 3417.1633 2912.4239 3442.34833 4109.2851 4444.36587 4350.83256 5063.32894 5401.60874 5504.40987 5922.12158 6078.94876 6403.54542 6868.15849 6661.24073 6419.08226 6883.29289 6820.98556 5094.34402 4790.06524 3791.36875 3403.2486 2037.38484 2095.83038 2460.402 2649.85075 3480.48847 4221.27374 4575.66869 5091.8533 5709.27684 5241.34038 4050.00198 3606.00679 3356.1028 3325.67301 3325.08662 2575.77833 2580.84967 1916.55342 1044.04071 1253.92384 777.57379 1334.98315 1520.5989 1787.5665 1594.21768 2590.35461 2866.94001 3433.30773 4199.80202 5437.5248 5455.78968 2511.21584 2476.6229 1411.69721 2313.74718 3982.2004 4085.46815 5551.81529 5905.54671 7017.11315 6788.10585 7114.00204 6364.80235 6917.19437 6714.48859 7268.49544 6555.88194 6088.3134 5224.75339 4859.41365 4151.3546 4185.89465 7082.86962 7833.08688 8050.8258 7976.592 3362.27096 
2860.54995 2296.16071 2230.75794 2687.91555 3129.61036 2489.0223 2001.08296 978.58776 458.68072 114.28036 0 257.2353 940.59237 1807.60283 2427.19426 2830.87707 3204.12 3191.15543 3319.37961 2823.8217 3392.50851 4070.23783 4392.90519 4284.24883 4979.25697 5311.02109 5406.70288 5824.40177 5985.78934 6302.60978 6760.43113 6552.01374 6308.89887 6770.23109 6707.56051 4981.89894 4676.11644 3677.38073 3289.81899 1924.7631 1984.96171 2354.58914 2555.00313 3404.07109 4152.51105 4511.7132 5040.15258 5663.41116 5220.31733 4038.53934 3590.13774 3343.75388 3295.34475 3274.70197 2526.33687 2540.42221 1872.15624 986.01471 1161.91781 833.60002 1439.51381 1629.17679 1894.36058 1687.32036 2683.97709 2940.87147 3478.17912 4231.58469 5453.41948 5460.30741 2520.30018 2479.61065 1525.47861 2314.63561 3982.19286 4071.00602 5473.13046 5826.71245 6902.92699 6675.36104 7001.83297 6255.06395 6812.08001 6610.87838 7166.07912 6460.76714 5991.68123 5127.27647 4772.29641 4054.12839 4081.23731 7001.52626 7749.64838 7954.42719 7876.35347 3379.64406 
2797.2844 2249.80177 2233.41644 2684.91862 3168.5342 2576.29695 2071.52818 1060.81478 634.09305 359.2353 257.2353 0 743.12314 1578.59241 2169.96083 2574.79339 2948.28509 2933.92314 3062.15104 2569.2172 3179.69181 3872.82868 4176.55001 4048.54171 4727.00857 5055.20019 5149.47861 5567.179 5729.09522 6045.98445 6509.44644 6303.6848 6062.76084 6535.37551 6475.3386 4743.8028 4449.87022 3473.22689 3058.53118 1742.56162 1817.50846 2216.25269 2464.55209 3372.60285 4141.21552 4512.95048 5072.40101 5709.04265 5322.38903 4162.11509 3706.16527 3467.51092 3382.18938 3315.04585 2573.02934 2608.46027 1936.97315 1037.85211 1101.22523 1072.13479 1693.95691 1879.28843 2146.76873 1944.38679 2941.0374 3188.04093 3694.38276 4428.8424 5624.42335 5611.58846 2686.09326 2635.21783 1737.28898 2196.46625 3855.00324 3915.88049 5224.89703 5578.29687 6680.7644 6485.11658 6816.56989 6087.41103 6669.24224 6475.28849 7035.54063 6360.55925 5886.06031 5019.30294 4702.85966 3948.9686 3943.4528 6948.27345 7689.12219 7848.26924 7754.80664 3290.35074 
2206.56656 1715.40316 1822.44479 2236.19767 2811.00071 2382.23634 1862.71442 1061.17294 1029.08212 991.53316 940.59237 743.12314 0 892.73176 1738.89908 2191.20538 2559.66502 2477.60146 2604.51243 2028.15803 2452.42084 3132.8827 3453.64532 3368.27463 4133.92042 4508.36079 4668.03449 5083.53361 5201.12488 5596.01287 6156.7908 5982.0774 5764.61421 6324.70023 6283.1325 4526.73006 4318.13073 3482.67325 2926.6966 1937.56677 2059.82257 2525.10119 2889.2679 3900.53253 4697.03843 5087.66292 5693.71619 6347.33645 6028.00373 4886.80038 4426.56537 4193.6533 4079.2579 3959.45514 3233.46625 3292.20367 2625.83568 1738.3938 1669.3319 1768.18919 2216.89558 2355.19532 2632.86916 2532.72501 3515.01707 3847.314 4418.73194 5167.22295 6367.3211 6349.73267 3428.89909 3376.41718 2027.35912 1517.95916 3148.0791 3182.93701 4598.44071 4952.09249 6549.45685 6513.51004 6863.6612 6210.30635 6875.02727 6706.13786 7278.53886 6697.11893 6211.25317 5346.29311 5132.34108 4298.64595 4197.90472 7398.94263 8119.54087 8159.56678 8021.42543 2642.08403 
2130.93829 1829.28237 2114.70873 2417.27822 3068.8097 2862.61768 2381.18143 1843.06104 1918.01981 1871.90171 1807.60283 1578.59241 892.73176 0 1109.36558 1564.95527 1896.12368 1741.45945 1860.32605 1223.63598 1619.97839 2351.1359 2605.91404 2479.0837 3256.8015 3654.29624 3858.19232 4268.67895 4355.21871 4803.03175 5440.93825 5296.25528 5103.50086 5742.98259 5720.80029 3970.94409 3862.52003 3229.27314 2542.8545 2070.57504 2225.16898 2706.93369 3177.30153 4271.46907 5085.42388 5496.25691 6167.24266 6842.80133 6661.84066 5579.28777 5111.08491 4896.50916 4714.1189 4501.22483 3820.18664 3916.78759 3278.63157 2449.04002 2236.74697 2641.20219 3104.27641 3233.07856 3510.60251 3425.18934 4405.17888 4736.41901 5271.86741 5990.76498 7141.07023 7084.97403 4212.47635 4145.38647 2854.78003 1318.42709 2670.27789 2577.65514 3708.99083 4062.40151 6047.17496 6188.15942 6554.42637 6000.67904 6754.49258 6619.24021 7198.34717 6744.94092 6252.45744 5408.00148 5333.77212 4420.72223 4204.60058 7591.74986 8276.2297 8155.73737 7961.83923 2382.24978 
3181.20889 2930.82958 3223.99209 3519.48434 4174.78922 3959.16456 3465.89916 2797.07025 2700.51328 2524.97049 2427.19426 2169.96083 1738.89908 1109.36558 0 463.17707 822.2001 763.96662 892.23596 540.00463 1900.2342 2661.3598 2666.63083 2262.37486 2640.91196 2908.78342 2979.5738 3397.28362 3567.7626 3883.45336 4418.05579 4247.79708 4037.93524 4644.36616 4617.67041 2864.33675 2759.18484 2231.07261 1487.02959 1626.11346 1781.51986 2193.42153 2733.11928 3844.9619 4642.6221 5064.48378 5801.68062 6491.52571 6525.9394 5574.58375 5107.55098 4934.48619 4641.45721 4294.44723 3721.85035 3870.76388 3327.06552 2685.49232 2302.57095 3200.76819 3855.65351 4025.93157 4299.62719 4113.61568 5110.03571 5309.86563 5653.57108 6264.49559 7266.96856 7127.97482 4441.70834 4346.2279 3759.12024 2372.66137 3432.0169 3194.55568 3192.0578 3537.0171 4937.88831 5111.34904 5482.08108 4978.57861 5779.59601 5668.44996 6246.62741 5897.65784 5406.95589 4597.61895 4664.12875 3701.08214 3381.04274 6867.28665 7508.37679 7251.55156 7018.30122 3335.23642 
3598.07963 3374.96267 3678.61305 3963.13071 4621.39416 4420.7928 3928.73007 3251.67541 3130.20207 2933.24615 2830.87707 2574.79339 2191.20538 1564.95527 463.17707 0 374.42222 442.7121 551.20232 639.77809 2099.83928 2822.82217 2729.06889 2228.81785 2394.14557 2589.82046 2595.3414 3011.35933 3217.63283 3473.06853 3968.23487 3791.05539 3577.49074 4182.13438 4156.93986 2406.00457 2327.49823 1924.16216 1144.66502 1735.1778 1874.85093 2218.24818 2764.59039 3850.19805 4625.13535 5046.24861 5805.74896 6495.79195 6623.14684 5733.33106 5272.15819 5117.17744 4785.51021 4389.37923 3873.32532 4039.36158 3544.16845 2984.7881 2564.30614 3575.68008 4268.06619 4446.2555 4717.54481 4509.38233 5503.41639 5666.38439 5949.08943 6519.26683 7461.88535 7292.26494 4699.64424 4595.90883 4202.51829 2797.21022 3736.12379 3450.69457 2975.47072 3307.9143 4485.13857 4706.16298 5080.33877 4620.2619 5452.25651 5357.97275 5933.00135 5651.17873 5164.86757 4384.14199 4530.47569 3554.94304 3177.78996 6684.76215 7299.00027 6964.35733 6707.24809 3711.85843 
3866.18274 3679.20603 3999.62023 4265.00891 4926.58624 4758.62428 4272.97086 3618.86957 3504.44931 3306.92682 3204.12 2948.28509 2559.66502 1896.12368 822.2001 374.42222 0 305.4865 324.88767 805.49364 2191.40617 2865.25618 2692.48751 2127.69288 2122.22643 2265.89011 2234.9472 2649.2514 2872.25086 3101.96406 3597.40907 3425.70942 3218.27407 3849.08197 3831.53194 2094.69282 2081.53789 1866.7019 1087.45667 2010.63025 2138.36059 2433.41262 2973.94822 4029.70781 4782.90592 5201.06845 5973.19019 6660.96877 6851.02343 6001.11898 5544.654 5400.28231 5047.88946 4624.07721 4144.3476 4318.964 3851.40312 3330.01862 2897.27907 3943.19059 4641.84931 4820.57134 5091.71926 4880.7648 5874.04665 6027.15522 6286.442 6837.07364 7746.88563 7559.9582 5022.23217 4914.88779 4574.88535 3078.69209 3889.81298 3564.20047 2717.9231 3038.34972 4183.63717 4487.80057 4865.59863 4464.21729 5328.68511 5253.42403 5822.7527 5611.00535 5131.32273 4382.77595 4598.49649 3621.29314 3198.48042 6700.05172 7288.14414 6878.84242 6597.34136 3935.57073 
3631.24565 3476.58295 3814.71729 4057.97499 4721.26021 4594.82241 4121.14863 3525.46862 3458.67619 3288.82487 3191.15543 2933.92314 2477.60146 1741.45945 763.96662 442.7121 305.4865 0 128.44454 560.45874 1890.8001 2559.80331 2393.42955 1844.24104 1952.01153 2165.09399 2215.62294 2633.33496 2810.43573 3124.18005 3702.18773 3555.02025 3366.79699 4043.82913 4036.4 2323.94922 2355.97835 2170.62433 1389.08027 2177.12471 2315.39543 2646.8111 3191.99279 4266.77548 5032.01918 5451.89628 6217.9499 6907.16621 7058.38508 6175.57487 5714.67322 5559.86196 5227.13784 4825.77413 4315.62568 4482.05667 3984.46985 3406.93557 2996.05674 3960.60021 4618.69473 4786.94161 5061.2699 4877.42975 5873.76898 6064.5694 6374.98369 6955.52802 7904.44615 7734.58532 5134.57554 5032.33783 4504.47178 2857.67755 3599.35341 3264.95773 2532.83241 2865.32319 4413.00918 4767.84438 5146.64473 4762.34249 5631.40027 5557.88827 6126.68467 5915.30937 5435.02392 4682.34653 4882.68328 3905.13022 3493.19696 6997.60223 7589.81772 7184.10363 6901.18432 3672.68145 
3722.18981 3580.55149 3923.85652 4159.96695 4823.45312 4708.91081 4238.03823 3651.0504 3586.95038 3417.1633 3319.37961 3062.15104 2604.51243 1860.32605 892.23596 551.20232 324.88767 128.44454 0 661.89123 1926.26608 2571.99475 2375.87394 1803.31168 1846.04577 2043.77543 2087.34209 2505.0503 2684.81377 2996.03822 3581.1205 3438.24446 3254.24154 3943.65617 3939.80368 2240.15401 2299.51299 2179.4715 1405.98506 2277.58864 2412.84272 2731.40422 3275.00107 4341.129 5099.79656 5518.69704 6288.42945 6976.88247 7146.95026 6275.75629 5816.13102 5664.32847 5325.58541 4916.16293 4416.30083 4585.21995 4095.17594 3527.75736 3113.14792 4087.64773 4747.13103 4915.34943 5189.69951 5005.52425 6001.81639 6190.45006 6494.83433 7070.1157 8009.84825 7834.93969 5250.04381 5146.76928 4631.60016 2955.60366 3649.21211 3301.06725 2432.48556 2761.27235 4326.21821 4713.10959 5092.63409 4730.04228 5609.12872 5542.19451 6108.45455 5920.72132 5443.04189 4701.51093 4923.33403 3946.16016 3520.98466 7020.35134 7603.78465 7173.44443 6882.41418 3747.70717 
3072.34454 2918.79992 3263.0308 3498.88911 4162.31186 4053.25857 3588.42863 3049.45454 3041.53333 2912.4239 2823.8217 2569.2172 2028.15803 1223.63598 540.00463 639.77809 805.49364 560.45874 661.89123 0 1461.09308 2193.70668 2146.64413 1722.5066 2165.49602 2490.71114 2644.62871 3058.44879 3176.18088 3583.25341 4225.34117 4092.93599 3914.0838 4603.35399 4596.77158 2881.62628 2886.76774 2563.51087 1782.00393 2164.34055 2318.64486 2720.29796 3263.09117 4370.95058 5163.42183 5585.46408 6329.11913 7019.36785 7065.864 6111.2628 5643.65272 5467.64053 5180.12355 4834.0511 4260.34142 4407.20887 3854.5477 3181.67063 2819.59465 3628.30925 4221.50933 4374.66342 4651.59166 4506.11374 5501.20896 5747.16104 6140.79124 6773.06932 7795.83305 7663.233 4951.91317 4860.20349 4048.23171 2297.25162 3107.31347 2811.81667 2692.74618 3042.25656 4971.44647 5290.42323 5667.55062 5241.37387 6084.70418 5994.42574 6568.59901 6289.6166 5802.68912 5016.56506 5135.96047 4164.41016 3806.36428 7310.23782 7931.79986 7603.46401 7343.10568 3130.07875 
2211.94032 2341.35345 2768.46546 2815.19662 3436.7457 3617.70673 3278.16793 3170.91406 3417.01185 3442.34833 3392.50851 3179.69181 2452.42084 1619.97839 1900.2342 2099.83928 2191.40617 1890.8001 1926.26608 1461.09308 0 773.9832 1003.17994 1113.16216 2227.57312 2762.00163 3183.43996 3531.8791 3452.59149 4121.92576 4997.69557 4955.13653 4847.84829 5659.87288 5686.79963 4092.94576 4218.4496 4019.9658 3235.44757 3442.16632 3602.86955 4051.96742 4575.48303 5692.14845 6500.65797 6920.59607 7634.70523 8320.65046 8233.08478 7180.75665 6711.17821 6503.35114 6296.00389 6036.4 5388.15367 5500.48916 4878.33219 4066.55886 3825.7743 4219.83187 4563.71975 4651.40248 4921.51521 4919.30158 5862.40301 6270.72253 6870.42415 7605.28928 8760.40787 8697.35276 5832.3605 5765.20954 4165.21032 1689.6982 1744.42254 1374.95891 2482.85662 2812.03201 6136.06136 6630.18408 7010.35099 6652.87133 7519.50318 7439.63904 8011.04088 7750.68268 7263.76335 6474.58555 6564.35869 5600.16116 5261.86469 8760.35433 9389.54653 9056.88081 8785.78955 2019.21173 
2360.1089 2656.69908 3087.21509 3019.72482 3569.40569 3910.64649 3653.53322 3728.20734 4043.53311 4109.2851 4070.23783 3872.82868 3132.8827 2351.1359 2661.3598 2822.82217 2865.25618 2559.80331 2571.99475 2193.70668 773.9832 0 601.0025 1167.13667 2338.80397 2906.50598 3420.66426 3711.6169 3537.39933 4301.52275 5265.36846 5271.58268 5205.29893 6067.1101 6112.80525 4619.48276 4813.18491 4723.38067 3937.87824 4216.08646 4376.77427 4824.66683 5349.23593 6465.95824 7274.1295 7694.21861 8408.60619 9094.40938 8995.03157 7928.9901 7460.22929 7247.4212 7053.68421 6804.91183 6149.64861 6257.04986 5627.02275 4798.07764 4578.68682 4884.35103 5147.76262 5211.4049 5473.11484 5518.98994 6429.34095 6886.35121 7541.93888 8300.10271 9483.53626 9435.65159 6548.21907 6486.80237 4681.19141 2084.15211 1403.97721 904.09845 2403.04078 2679.80037 6599.8422 7206.38807 7586.56925 7289.81845 8179.48861 8114.11887 8680.31762 8465.92818 7982.13856 7206.96219 7321.90993 6353.84805 5999.1381 9503.9214 10121.77583 9743.45503 9454.1227 1977.27338 
2938.57959 3195.27307 3627.9384 3591.24964 4156.75799 4463.51431 4177.16806 4157.81794 4419.22934 4444.36587 4392.90519 4176.55001 3453.64532 2605.91404 2666.63083 2729.06889 2692.48751 2393.42955 2375.87394 2146.64413 1003.17994 601.0025 0 683.24227 1788.99078 2356.29052 2897.94755 3163.15412 2962.32105 3748.08138 4738.16051 4765.73982 4720.29289 5604.00259 5660.689 4252.35523 4505.6712 4555.26344 3779.87368 4281.28404 4439.61992 4860.04959 5399.00815 6511.59243 7308.02217 7730.00931 8468.00154 9157.65265 9144.12298 8124.36385 7654.17331 7454.67223 7222.28115 6927.06236 6306.89543 6431.41734 5826.22905 5038.55862 4770.36319 5221.6573 5560.13597 5641.78208 5909.71827 5919.0136 6855.79266 7272.97938 7869.76556 8596.67407 9732.93995 9653.756 6813.55891 6742.22849 5139.68375 2587.05586 1989.79898 1477.01659 1806.51626 2078.93675 6169.31252 6861.96277 7240.33211 7008.57539 7922.77893 7877.38237 8434.17678 8293.80347 7817.83627 7075.17604 7259.04491 6282.78449 5885.68518 9391.00687 9979.61452 9518.96633 9204.17644 2576.33266 
3300.69841 3454.49765 3881.46274 3920.20229 4530.01468 4730.81684 4384.75096 4203.92126 4381.23453 4350.83256 4284.24883 4048.54171 3368.27463 2479.0837 2262.37486 2228.81785 2127.69288 1844.24104 1803.31168 1722.5066 1113.16216 1167.13667 683.24227 0 1183.35286 1747.33426 2253.61931 2549.13083 2401.98127 3140.64102 4098.33735 4109.01253 4052.03862 4928.15675 4982.05781 3573.66549 3843.11189 3964.53843 3204.22674 3885.89462 4039.07923 4427.16546 4972.79931 6071.61329 6852.55223 7273.98708 8029.46486 8719.84461 8788.31184 7822.10841 7353.20372 7169.61436 6897.1128 6556.48694 5977.22762 6118.70387 5546.70217 4816.69648 4497.3838 5117.34589 5556.80088 5664.99823 5939.67491 5893.05235 6860.90497 7215.08538 7726.88566 8409.53179 9483.61977 9369.14644 6600.35007 6517.83315 5214.48377 2801.34718 2559.39055 2070.13864 1370.08211 1699.67114 5487.31674 6185.45431 6563.23525 6350.4788 7273.04847 7236.37181 7788.23279 7685.05172 7214.66562 6494.24237 6725.38631 5747.93328 5322.50411 8815.9561 9385.21699 8881.37039 8555.7618 3033.20194 
4439.5065 4534.2812 4949.84091 5035.19553 5663.45698 5797.13929 5410.64885 5085.00796 5162.34404 5063.32894 4979.25697 4727.00857 4133.92042 3256.8015 2640.91196 2394.14557 2122.22643 1952.01153 1846.04577 2165.49602 2227.57312 2338.80397 1788.99078 1183.35286 0 568.29306 1126.15629 1375.02873 1227.01997 1963.08787 2952.95801 2998.86445 2982.36433 3893.0298 3968.4536 2802.54902 3208.91337 3667.96906 3016.48156 4123.0131 4256.17728 4552.24977 5089.02633 6120.51795 6846.31667 7258.03858 8041.75416 8723.94647 8968.34595 8120.03547 7661.39707 7510.35192 7168.30112 6744.86034 6261.25499 6431.20245 5935.33462 5326.40413 4934.88247 5791.37125 6349.86614 6487.36164 6765.06571 6651.80051 7642.70482 7910.80432 8294.01483 8898.51993 9855.69561 9679.19837 7075.90595 6976.66976 6102.4101 3868.00543 3739.11487 3242.50675 605.13883 916.34164 4511.54929 5379.8737 5747.22585 5678.13605 6633.86298 6640.41844 7162.0518 7217.23825 6774.37672 6144.94166 6517.62541 5560.60293 5061.83702 8450.67583 8949.87654 8283.43745 7909.94564 4207.02104 
4970.54373 5036.80504 5445.15822 5552.49719 6188.86242 6288.12412 5884.1742 5496.32104 5529.35087 5401.60874 5311.02109 5055.20019 4508.36079 3654.29624 2908.78342 2589.82046 2265.89011 2165.09399 2043.77543 2490.71114 2762.00163 2906.50598 2356.29052 1747.33426 568.29306 0 604.20609 806.943 709.47657 1395.03584 2392.59065 2455.22647 2461.22937 3383.50853 3469.85835 2470.63474 2943.3182 3570.35825 3003.44469 4269.68664 4390.10706 4636.04843 5157.26691 6140.25122 6830.8864 7233.78995 8024.41057 8697.81174 9025.01147 8238.46375 7788.17219 7653.70139 7281.87792 6823.53691 6390.47236 6571.73706 6117.14051 5571.51775 5153.88203 6104.32715 6711.65114 6861.56731 7138.91623 6995.7645 7991.37748 8217.68933 8538.31511 9102.51493 9999.21022 9793.97498 7285.99547 7179.85237 6509.02527 4368.77569 4305.62063 3810.39066 859.67901 1001.47341 4028.92963 4979.11036 5338.08655 5343.47546 6307.55396 6335.78677 6838.43147 6971.93036 6546.53962 5969.19567 6407.70443 5473.54675 4946.7744 8247.18892 8709.40899 7967.14259 7572.15696 4758.75667 
5363.67877 5376.14081 5769.33766 5915.27463 6564.49975 6600.06818 6169.84546 5693.64295 5667.34929 5504.40987 5406.70288 5149.47861 4668.03449 3858.19232 2979.5738 2595.3414 2234.9472 2215.62294 2087.34209 2644.62871 3183.43996 3420.66426 2897.94755 2253.61931 1126.15629 604.20609 0 417.71282 710.93319 958.60002 1844.71814 1873.24745 1861.88748 2781.09061 2865.89951 1952.32298 2469.82044 3235.7758 2769.25351 4168.49529 4272.97379 4461.83393 4959.61984 5883.77906 6535.3843 6927.55253 7720.66901 8383.07354 8788.50755 8068.42165 7629.26137 7513.14701 7112.1224 6620.81211 6243.68561 6435.52088 6029.59907 5560.82845 5118.40258 6168.98087 6833.26364 6998.50305 7273.69301 7092.54552 8088.64346 8261.15785 8505.43179 9021.17648 9848.44861 9613.6853 7220.8978 7107.69759 6692.08854 4710.71311 4804.34803 4322.70957 1455.78192 1546.00712 3425.00175 4398.54214 4753.18935 4797.83587 5764.17436 5805.96357 6295.44105 6480.94715 6070.02669 5536.65025 6028.49011 5121.74589 4574.75355 7783.49343 8217.38559 7426.45676 7019.51024 5201.097 
5728.1545 5759.96267 6157.99618 6291.85013 6936.85642 6992.65729 6568.49945 6106.36144 6084.3685 5922.12158 5824.40177 5567.179 5083.53361 4268.67895 3397.28362 3011.35933 2649.2514 2633.33496 2505.0503 3058.44879 3531.8791 3711.6169 3163.15412 2549.13083 1375.02873 806.943 417.71282 0 460.81884 592.73772 1599.38269 1698.54173 1754.99772 2684.20286 2790.20573 2146.79319 2701.80477 3556.97132 3138.20092 4566.87694 4667.67747 4841.17444 5330.11491 6229.54541 6861.65723 7247.54441 8040.43643 8695.9992 9137.72691 8442.51053 8007.26551 7896.58876 7487.43354 6985.91476 6627.01577 6821.45241 6427.58158 5971.81287 5526.55707 6585.81848 7250.87029 7415.76301 7691.04583 7510.18042 8506.23918 8676.27069 8911.5387 9417.98413 10226.96827 9983.02164 7622.17377 7507.70438 7106.57393 5092.97261 5108.51564 4615.68998 1553.04379 1547.77582 3371.14773 4449.84595 4790.61301 4916.79703 5882.26096 5943.97216 6412.24719 6664.38894 6270.00128 5778.59533 6308.05398 5421.82857 4864.91706 7991.28288 8395.3717 7543.67391 7118.41387 5542.01498 
5664.21363 5742.50015 6152.47471 6253.527 6886.13571 6996.26829 6593.61547 6198.16005 6217.71421 6078.94876 5985.78934 5729.09522 5201.12488 4355.21871 3567.7626 3217.63283 2872.25086 2810.43573 2684.81377 3176.18088 3452.59149 3537.39933 2962.32105 2401.98127 1227.01997 709.47657 710.93319 460.81884 0 863.81711 1937.93008 2087.40269 2177.82391 3101.69841 3216.11474 2594.88824 3139.81417 3945.30518 3474.47161 4843.63964 4953.74898 5158.84832 5662.06756 6593.94525 7246.03685 7637.58823 8430.7333 9092.12076 9497.79285 8767.33814 8325.42497 8204.54923 7810.50607 7325.2744 6935.86649 7124.9593 6702.83022 6200.65424 5769.12723 6768.5296 7396.37384 7550.8281 7827.77235 7672.71243 8669.19402 8874.99662 9158.47869 9694.3908 10543.53726 10315.24915 7886.69823 7776.18113 7208.9115 5074.66846 4941.37653 4435.77141 1229.88495 1151.17331 3802.75755 4906.38492 5244.64346 5377.55753 6343.06708 6404.09752 6873.0654 7119.00007 6720.87688 6215.72602 6726.9224 5827.1826 5276.73611 8440.586 8851.30521 8004.49186 7578.78526 5432.37591 
6313.90402 6334.23839 6727.93468 6871.42634 7519.00027 7558.37932 7126.27596 6631.49877 6582.67681 6403.54542 6302.60978 6045.98445 5596.01287 4803.03175 3883.45336 3473.06853 3101.96406 3124.18005 2996.03822 3583.25341 4121.92576 4301.52275 3748.08138 3140.64102 1963.08787 1395.03584 958.60002 592.73772 863.81711 0 1075.50965 1252.40968 1393.00574 2290.32771 2418.93076 2180.28553 2766.55544 3754.34641 3443.15567 4937.46139 5025.58225 5153.395 5616.11013 6451.71063 7038.46645 7409.53831 8198.74454 8838.07626 9356.97927 8725.48738 8302.07643 8207.14079 7776.39923 7250.17717 6941.2143 7142.53883 6788.46647 6388.02043 5930.37242 7043.6142 7737.10036 7909.37324 8182.85818 7982.40515 8976.0005 9114.031 9298.47514 9767.92593 10518.49542 10249.99634 7991.81563 7872.86231 7623.03253 5668.434 5699.84017 5205.4264 2081.83789 2013.61863 3012.54992 4206.95198 4525.15425 4761.38898 5716.08957 5806.04556 6240.28525 6589.63383 6223.93589 5805.27088 6397.03595 5555.74486 4985.51061 7947.93055 8303.31018 7365.73486 6917.04691 6133.79621 
7138.863 7096.28248 7467.49449 7656.14531 8314.6235 8274.27127 7813.76119 7214.78517 7089.74534 6868.15849 6760.43113 6509.44644 6156.7908 5440.93825 4418.05579 3968.23487 3597.40907 3702.18773 3581.1205 4225.34117 4997.69557 5265.36846 4738.16051 4098.33735 2952.95801 2392.59065 1844.71814 1599.38269 1937.93008 1075.50965 0 348.93123 652.44157 1321.96823 1477.01354 2010.18457 2562.74384 3706.83369 3620.31076 5177.46366 5236.07964 5265.69777 5662.0597 6352.21135 6841.52797 7178.81919 7949.88082 8551.91797 9209.52301 8710.70933 8316.46487 8255.19697 7785.85204 7218.02979 7015.64174 7227.86289 6964.29078 6694.18195 6217.21883 7439.09941 8198.04275 8388.70979 8654.71808 8403.77088 9381.92731 9437.69209 9500.50972 9883.4496 10504.33363 10188.15155 8169.02687 8041.71934 8170.22986 6441.66353 6646.37894 6167.15177 3142.67561 3088.7287 2061.23167 3381.05339 3659.48111 4051.82872 4969.05957 5099.68234 5476.50226 5967.4337 5653.99443 5365.93263 6052.87981 5313.14333 4736.90289 7357.06361 7633.54498 6580.3645 6103.85231 7016.09756 
7060.6477 6990.48911 7351.13223 7558.05861 8219.39566 8146.02357 7676.03446 7042.72802 6894.35711 6661.24073 6552.01374 6303.6848 5982.0774 5296.25528 4247.79708 3791.05539 3425.70942 3555.02025 3438.24446 4092.93599 4955.13653 5271.58268 4765.73982 4109.01253 2998.86445 2455.22647 1873.24745 1698.54173 2087.40269 1252.40968 348.93123 0 310.63966 1045.42479 1185.98651 1712.08791 2246.97419 3404.28744 3363.67849 4921.59984 4973.26945 4982.37955 5364.78788 6030.69018 6507.87216 6841.57467 7610.4398 8209.36843 8878.63103 8397.0702 8007.73507 7951.91159 7477.20569 6904.1426 6719.27928 6932.91461 6687.17227 6446.60632 5966.9514 7211.29482 7985.78462 8181.17382 8444.38571 8180.12384 9152.05032 9187.2534 9223.34874 9589.35623 10188.93066 9866.57311 7889.25782 7760.56525 7983.57721 6343.31538 6635.27784 6167.72065 3250.72869 3232.80838 1779.2934 3060.08709 3349.73805 3712.75167 4636.40486 4761.7187 5147.16407 5622.57343 5306.34111 5017.80829 5708.3382 4977.41871 4401.87619 7010.98581 7293.5392 6256.00032 5784.73474 6966.71644 
6917.9596 6825.41903 7177.03407 7398.35556 8061.14061 7961.52781 7484.65737 6825.78091 6660.28235 6419.08226 6308.89887 6062.76084 5764.61421 5103.50086 4037.93524 3577.49074 3218.27407 3366.79699 3254.24154 3914.0838 4847.84829 5205.29893 4720.29289 4052.03862 2982.36433 2461.22937 1861.88748 1754.99772 2177.82391 1393.00574 652.44157 310.63966 0 929.68812 1038.29524 1418.58592 1941.93512 3104.39817 3092.11416 4647.76871 4694.90894 4691.62712 5066.35096 5722.22378 6197.2485 6531.07013 7300.30445 7900.31828 8568.18079 8090.96193 7703.53399 7650.01471 7173.10226 6598.08654 6420.84706 6635.12306 6399.0107 6176.73376 5695.71154 6954.0348 7738.70538 7937.27636 8198.35014 7925.05022 8892.2744 8914.14875 8934.37883 9291.49116 9882.10226 9557.89182 7599.18153 7469.76372 7754.84365 6185.46207 6550.09076 6093.7687 3287.55502 3302.76081 1626.99846 2833.89661 3140.46143 3450.68399 4385.89751 4500.71372 4902.01234 5344.9072 5019.57578 4715.46997 5400.5246 4666.79376 4091.23661 6729.32575 7026.75352 6018.1277 5555.66567 6848.21911 
7658.86708 7519.68251 7848.31663 8101.79246 8765.03075 8602.81843 8109.88927 7378.58557 7154.08478 6883.29289 6770.23109 6535.37551 6324.70023 5742.98259 4644.36616 4182.13438 3849.08197 4043.82913 3943.65617 4603.35399 5659.87288 6067.1101 5604.00259 4928.15675 3893.0298 3383.50853 2781.09061 2684.20286 3101.69841 2290.32771 1321.96823 1045.42479 929.68812 0 173.0 1799.26707 2131.09737 3281.19125 3482.13297 4982.54654 5001.24884 4908.90344 5204.46347 5696.34874 6062.32175 6355.02675 7091.6264 7646.23443 8437.30253 8091.8834 7738.4125 7717.18841 7213.83476 6612.68433 6540.16735 6758.98528 6612.01528 6512.04975 6029.04387 7347.013 8172.06614 8382.88566 8633.33452 8321.22136 9260.0216 9209.45775 9120.93882 9394.79515 9859.39273 9494.75392 7785.70228 7651.29074 8260.7467 6899.25134 7384.98429 6943.95284 4215.71939 4231.79454 739.37541 2097.05555 2351.01723 2841.65374 3713.98883 3871.56299 4206.04291 4792.21713 4528.63037 4373.78475 5138.38438 4535.85405 3982.11112 6190.46242 6407.26221 5292.23176 4804.9821 7633.00891 
7660.34529 7508.31233 7830.54104 8092.21762 8754.92736 8576.7038 8080.42332 7333.64534 7097.19071 6820.98556 6707.56051 6475.3386 6283.1325 5720.80029 4617.67041 4156.93986 3831.53194 4036.4 3939.80368 4596.77158 5686.79963 6112.80525 5660.689 4982.05781 3968.4536 3469.85835 2865.89951 2790.20573 3216.11474 2418.93076 1477.01354 1185.98651 1038.29524 173.0 0 1757.96047 2047.95239 3182.37726 3417.74326 4901.10569 4914.91821 4808.52514 5091.46472 5560.90532 5914.43421 6202.84354 6935.89691 7486.47647 8287.73341 7956.64754 7607.58076 7590.42357 7084.29284 6480.6806 6421.82606 6640.93344 6507.05502 6426.92189 5944.55389 7270.61407 8102.01061 8314.90499 8563.06359 8244.13161 9176.91544 9114.18768 9009.08442 9271.24506 9720.23374 9351.40337 7675.16651 7540.18892 8204.80597 6894.00798 7418.11971 6983.68628 4309.7732 4337.51565 594.37783 1927.14945 2186.85093 2668.66652 3542.2188 3698.78859 4035.5582 4619.41988 4357.31339 4210.43513 4980.07239 4390.98816 3841.1782 6017.68411 6234.67545 5124.12724 4638.79726 7648.07911 
5953.91846 5772.54164 6084.26495 6359.04906 7020.01211 6821.73211 6323.68263 5579.54989 5358.92499 5094.34402 4981.89894 4743.8028 4526.73006 3970.94409 2864.33675 2406.00457 2094.69282 2323.94922 2240.15401 2881.62628 4092.94576 4619.48276 4252.35523 3573.66549 2802.54902 2470.63474 1952.32298 2146.79319 2594.88824 2180.28553 2010.18457 1712.08791 1418.58592 1799.26707 1757.96047 0 589.12308 1696.65848 1707.90281 3248.92905 3287.81812 3273.05255 3653.79611 4360.22671 4893.59633 5252.28341 6037.0964 6667.40137 7242.02872 6704.45292 6307.09141 6245.07878 5776.50846 5212.57441 5008.07997 5221.30137 4980.94168 4782.35026 4299.53114 5586.07572 6394.87052 6601.54906 6856.07679 6560.22019 7514.9857 7511.35793 7515.96175 7877.66272 8499.36804 8192.47521 6180.61955 6051.17939 6464.48529 5172.28934 5837.25321 5442.39846 3308.91946 3469.10435 2090.12583 2613.83703 2990.44946 2879.57115 3840.50062 3865.19987 4370.72179 4530.2575 4126.34184 3641.39602 4216.77033 3389.00487 2814.77264 5845.72844 6265.90113 5497.88368 5111.40656 5986.00677 
5925.3821 5689.38494 5969.96231 6278.00199 6931.32166 6666.50801 6157.01031 5349.67298 5077.74566 4790.06524 4676.11644 4449.87022 4318.13073 3862.52003 2759.18484 2327.49823 2081.53789 2355.97835 2299.51299 2886.76774 4218.4496 4813.18491 4505.6712 3843.11189 3208.91337 2943.3182 2469.82044 2701.80477 3139.81417 2766.55544 2562.74384 2246.97419 1941.93512 2131.09737 2047.95239 589.12308 0 1175.76868 1398.53709 2853.32823 2870.15156 2795.13738 3135.72703 3790.44918 4308.22434 4664.43662 5448.53971 6078.28076 6662.00525 6150.21471 5761.61262 5709.93879 5231.20216 4657.28956 4488.52414 4704.39901 4505.40586 4381.15236 3898.29322 5223.11937 6058.58441 6273.67484 6519.26905 6196.38161 7130.00926 7082.36401 7031.23723 7358.99395 7942.66838 7625.94361 5694.02494 5562.00198 6185.56578 5124.18979 5948.55991 5589.73389 3752.75072 3944.23339 2236.27637 2413.6085 2793.24363 2509.07234 3445.155 3435.51335 3968.37511 4028.74335 3605.56584 3076.91615 3631.4661 2800.24642 2225.71988 5314.58719 5766.14299 5081.78325 4727.58554 6016.56222 
5359.47619 5030.58058 5249.8139 5609.30272 6237.22021 5864.90043 5345.08746 4451.78627 4107.24299 3791.36875 3677.38073 3473.22689 3482.67325 3229.27314 2231.07261 1924.16216 1866.7019 2170.62433 2179.4715 2563.51087 4019.9658 4723.38067 4555.26344 3964.53843 3667.96906 3570.35825 3235.7758 3556.97132 3945.30518 3754.34641 3706.83369 3404.28744 3104.39817 3281.19125 3182.37726 1696.65848 1175.76868 0 785.7646 1773.85287 1760.13465 1627.77916 1962.63089 2698.03058 3304.68592 3692.61764 4485.76961 5147.40799 5602.7645 5012.85358 4611.34991 4548.64386 4080.8651 3523.21586 3316.83358 3531.73413 3334.28403 3266.18064 2788.6832 4142.50359 5002.32476 5225.92958 5459.0033 5107.54276 6015.53522 5932.08024 5856.3498 6187.68131 6808.76648 6513.7424 4519.15744 4386.79222 5202.69853 4546.06478 5650.10841 5374.83739 4264.99261 4525.06011 3275.86386 3033.05556 3381.0037 2771.62263 3548.65792 3440.26511 4017.50681 3744.79866 3264.62754 2530.58353 2850.25087 1903.5178 1394.49095 4853.28888 5424.86396 5040.2366 4790.38965 5558.92265 
