50
a88 a55 a94 a45 a53 a71 a68 a41 a65 a42 a70 a5 a75 a96 a4 a93 a54 a36 a38 a79 a13 a64 a34 a62 a35 a73 a43 a78 a60 a76 a80 a52 a56 a49 a15 a87 a48 a26 a24 a91 a37 a17 a19 a98 a59 a39 a72 a8 a81 a0
0 671.86308 2324.37626 2951.12877 4481.53467 3976.04955 3903.03907 4887.08758 5074.71191 5845.53385 5893.94376 5070.14448 5850.71423 6544.4763 6704.58239 5964.49914 5498.37303 5214.17271 3814.66748 2890.0173 2470.25707 3416.5626 3691.86687 3979.1146 4858.40601 5084.68229 6331.89774 6585.3684 6676.01895 6043.23688 5740.4931 5859.24569 6734.35617 7108.14251 7164.63851 7675.54884 6492.08634 2332.44185 1337.00598 1385.24691 1776.39663 1869.06019 2974.46617 5395.18248 5592.8313 2218.75123 2967.7879 3099.20587 2317.55043 591.40933 
671.86308 0 1653.47664 2290.75293 3961.11462 3698.41939 3781.21171 4761.29447 4924.20075 5685.95973 5790.73268 5067.00079 6021.90443 6902.07346 7107.0757 6362.70776 5894.54612 5652.79833 4359.35592 3521.90857 3140.14809 4038.25953 4249.86553 4636.27922 5529.31397 5754.07212 7001.25453 7255.3319 7346.0243 6710.06528 6379.78565 6455.01356 7294.81768 7667.99439 7721.50821 8132.86333 6733.27892 2756.00018 1779.51145 1681.20701 1801.9914 1736.08583 2725.92681 5053.34523 5129.29332 1821.5853 2707.42996 3741.09409 2988.71611 1255.76471 
2324.37626 1653.47664 0 698.41678 2860.6272 3399.60071 3879.55268 4747.5678 4834.64332 5520.84604 5762.25112 5327.04139 6625.32656 7880.2262 8176.03143 7439.2624 6979.25361 6829.45767 5768.99237 5096.099 4784.26849 5641.68636 5766.33211 6279.40029 7174.59643 7394.20915 8640.55288 8896.51797 8999.4641 8361.69941 7948.85564 7932.97832 8692.38851 9061.02009 9107.75109 9302.03015 7464.61318 4039.89356 3186.86366 2935.34053 2635.56066 2305.39823 2691.04329 4434.47505 4139.1324 1885.96182 2844.11146 5369.66777 4636.47765 2908.70418 
2951.12877 2290.75293 698.41678 0 2290.32268 3161.44413 3784.95509 4566.24857 4618.34104 5253.11612 5545.02191 5242.12858 6656.34509 8061.17888 8397.16071 7671.98025 7221.61512 7118.12517 6190.26437 5623.96133 5379.64729 6313.54108 6457.50664 6926.82164 7765.24204 7975.57051 9218.33586 9477.0009 9619.77983 8993.23418 8456.26348 8376.23955 9082.14886 9446.05764 9488.54826 9563.6504 7538.26824 4434.02323 3663.54937 3364.46281 2936.70734 2550.78909 2634.83206 4010.44249 3575.33565 2501.65745 3412.10375 6029.15334 5238.80454 3541.77385 
4481.53467 3961.11462 2860.6272 2290.32268 0 1872.97758 2799.41155 3141.51365 3076.01365 3492.23782 3905.22547 4034.6006 5682.8602 7485.9461 7940.43588 7293.61316 6904.4343 6968.84553 6589.01548 6480.11211 6542.10066 7854.89484 8173.38669 8284.65183 8786.20248 8943.45397 10128.81089 10393.69136 10743.40886 10196.29173 9071.52788 8731.44828 9200.24054 9532.34856 9557.18505 9196.77144 6642.23471 4924.28188 4555.87533 4159.64662 3458.54073 3056.49685 2215.67371 1926.56404 1285.44817 4746.00464 5689.03876 7495.43274 6442.6455 5027.92402 
3976.04955 3698.41939 3399.60071 3161.44413 1872.97758 0 932.93944 1421.06474 1456.91901 2121.41179 2384.03209 2219.2172 3829.19117 5614.68966 6076.13603 5442.74379 5068.09668 5171.04641 5020.19223 5188.09117 5466.69992 7017.47889 7494.28215 7263.86874 7492.06867 7608.85221 8725.59024 8988.30735 9464.67078 8987.67567 7528.3117 7074.31877 7446.99597 7765.15422 7784.46562 7337.05663 4782.94564 3534.62657 3504.10117 3111.71673 2389.54494 2134.21742 1003.50436 1471.32185 2149.21102 5102.6351 6097.77213 6609.03571 5407.41805 4389.80603 
3903.03907 3781.21171 3879.55268 3784.95509 2799.41155 932.93944 0 985.30655 1176.22489 1947.18772 2009.53452 1458.00995 2958.16108 4686.80061 5143.85079 4510.44166 4139.49031 4257.84887 4240.67565 4578.66291 4981.29782 6628.10033 7181.26653 6767.6029 6839.26846 6932.12925 8001.51692 8261.2726 8801.4847 8365.92434 6737.33783 6225.10739 6548.94564 6860.32798 6877.24342 6404.18426 3897.20682 2924.99111 3134.93238 2782.73696 2148.60536 2056.29278 1189.46417 2090.81515 3004.05393 5393.67565 6374.20215 6201.70017 4947.94523 4212.04285 
4887.08758 4761.29447 4747.5678 4566.24857 3141.51365 1421.06474 985.30655 0 254.82543 981.6318 1036.07818 939.3881 2616.04893 4582.79227 5102.71006 4562.1404 4264.3547 4493.38759 4823.74263 5351.03027 5836.86945 7521.94955 8104.96058 7600.89389 7543.00696 7609.3777 8612.31874 8866.20956 9479.88787 9089.20002 7259.40121 6636.45124 6809.69441 7089.18225 7095.10324 6371.80547 3578.15735 3735.93629 4068.99742 3734.43757 3126.03583 3040.92108 2103.2627 1771.04178 2923.12795 6340.77377 7327.49957 7089.36471 5818.69272 5184.2878 
5074.71191 4924.20075 4834.64332 4618.34104 3076.01365 1456.91901 1176.22489 254.82543 0 771.31381 929.09095 1113.64716 2772.51799 4770.02275 5298.51998 4774.06336 4487.02452 4727.65692 5078.30533 5601.22496 6078.4716 7757.29083 8332.71156 7846.208 7797.09343 7863.99549 8866.82773 9120.60086 9734.57888 9342.86171 7511.54059 6882.66177 7042.47187 7318.1389 7322.79414 6565.4469 3728.77379 3981.36911 4291.6463 3949.97722 3324.8236 3217.25799 2232.79421 1582.69422 2761.65186 6468.52348 7458.89871 7325.87442 6057.84029 5388.00148 
5845.53385 5685.95973 5520.84604 5253.11612 3492.23782 2121.41179 1947.18772 981.6318 771.31381 0 502.35943 1447.73789 2885.38403 4948.74853 5506.92373 5062.43973 4832.69531 5135.55304 5675.49557 6288.60764 6803.0796 8497.10692 9085.49597 8556.81512 8439.71569 8491.71479 9452.26581 9701.53622 10356.62402 9991.60698 8051.90766 7361.80807 7424.63905 7675.95935 7673.23068 6752.33797 3786.86533 4695.08094 5050.62897 4714.74337 4095.72912 3986.06372 2978.40645 1696.24762 2894.4319 7200.0959 8193.1804 8063.25003 6789.30291 6158.19495 
5893.94376 5790.73268 5762.25112 5545.02191 3905.22547 2384.03209 2009.53452 1036.07818 929.09095 502.35943 0 1123.39664 2410.27841 4476.63054 5040.31507 4621.53146 4414.55015 4743.04649 5398.89257 6100.24204 6667.37647 8385.43338 9004.32274 8392.57112 8192.90937 8230.34902 9152.26966 9397.4985 10085.89034 9747.41161 7722.37399 6996.40086 7011.20532 7251.88672 7246.27021 6277.65952 3295.80885 4554.23869 5003.12243 4691.9286 4122.04634 4063.61575 3137.81198 2173.88339 3379.40009 7376.12649 8363.37253 7947.54616 6666.12009 6163.67764 
5070.14448 5067.00079 5327.04139 5242.12858 4034.6006 2219.2172 1458.00995 939.3881 1113.64716 1447.73789 1123.39664 0 1677.55119 3656.38414 4186.75865 3678.2122 3414.4717 3695.03045 4275.5043 5002.8297 5605.53307 7338.61329 7984.8221 7305.15229 7071.42645 7107.21218 8032.65062 8278.99668 8962.52487 8626.00956 6613.69851 5914.09308 5995.19975 6256.83506 6257.54105 5452.65486 2640.6378 3501.06412 4050.853 3779.58437 3302.55204 3338.06785 2637.52687 2695.12096 3861.13312 6766.10213 7730.10349 6898.43997 5615.12288 5269.59904 
5850.71423 6021.90443 6625.32656 6656.34509 5682.8602 3829.19117 2958.16108 2616.04893 2772.51799 2885.38403 2410.27841 1677.55119 0 2066.39807 2632.76015 2276.26822 2169.18072 2602.86073 3800.3217 4884.73101 5665.46071 7396.69636 8133.31728 7154.00112 6576.75011 6546.30927 7273.15406 7496.35698 8312.79508 8097.37075 5750.83524 4891.59821 4723.65134 4928.51712 4914.50038 3867.93808 963.9222 3774.61892 4611.9085 4467.3115 4229.36827 4410.91204 4026.06532 4351.90039 5532.65117 7821.20835 8728.70082 6961.32775 5725.49116 5890.00034 
6544.4763 6902.07346 7880.2262 8061.17888 7485.9461 5614.68966 4686.80061 4582.79227 4770.02275 4948.74853 4476.63054 3656.38414 2066.39807 0 581.59866 731.60098 1113.8402 1577.12682 3310.75127 4635.76639 5527.03935 7093.43993 7893.50195 6608.71402 5642.46054 5529.50522 5957.98095 6141.54484 7081.93625 7023.75526 4405.34777 3408.89102 2912.40124 3036.44529 3006.08799 1804.48885 1296.36299 4217.79385 5207.96361 5222.86559 5268.42718 5574.82915 5549.51034 6350.2422 7499.30397 8714.55914 9512.0789 6697.25802 5641.71694 6394.84957 
6704.58239 7107.0757 8176.03143 8397.16071 7940.43588 6076.13603 5143.85079 5102.71006 5298.51998 5506.92373 5040.31507 4186.75865 2632.76015 581.59866 0 744.66435 1212.71307 1533.01337 3244.60121 4579.15767 5476.20169 6964.50896 7772.13613 6416.7738 5350.57567 5214.35106 5546.12369 5716.04916 6683.59484 6671.34567 4007.91866 2989.45564 2385.67726 2481.68834 2446.80526 1270.44441 1876.08635 4373.54524 5370.6009 5427.2411 5544.82479 5876.70937 5943.28663 6873.45946 8007.62818 8902.49325 9662.51354 6585.87534 5603.85234 6506.05948 
5964.49914 6362.70776 7439.2624 7671.98025 7293.61316 5442.74379 4510.44166 4562.1404 4774.06336 5062.43973 4621.53146 3678.2122 2276.26822 731.60098 744.66435 0 468.16236 855.61498 2594.68264 3925.81839 4820.3755 6367.75078 7169.5412 5877.12796 4925.45115 4820.69746 5304.43861 5499.01237 6414.61527 6328.54817 3748.33576 2781.54813 2455.10346 2652.3122 2639.22432 1915.39552 1758.74529 3632.48744 4629.40871 4682.68395 4805.98637 5143.35066 5251.40638 6328.56255 7431.3412 8159.56476 8925.15238 5974.71313 4939.92409 5776.35395 
5498.37303 5894.54612 6979.25361 7221.61512 6904.4343 5068.09668 4139.49031 4264.3547 4487.02452 4832.69531 4414.55015 3414.4717 2169.18072 1113.8402 1212.71307 468.16236 0 520.07788 2208.58733 3526.21412 4415.4207 6000.92876 6796.78137 5552.26918 4687.38403 4605.6943 5188.63383 5397.79779 6272.18853 6137.26209 3641.03516 2734.65062 2596.866 2843.9128 2843.27505 2346.76032 1854.46839 3166.04122 4162.74777 4214.54683 4344.66167 4687.00331 4830.29865 6017.95513 7094.33859 7691.86616 8460.41116 5598.7771 4528.63534 5316.88979 
5214.17271 5652.79833 6829.45767 7118.12517 6968.84553 5171.04641 4257.84887 4493.38759 4727.65692 5135.55304 4743.04649 3695.03045 2602.86073 1577.12682 1533.01337 855.61498 520.07788 0 1739.1012 3071.04168 3966.3047 5516.31553 6316.62014 5045.49304 4167.57124 4087.9145 4696.8417 4911.57856 5769.34052 5622.33128 3157.94015 2293.53199 2317.12969 2609.24683 2622.41454 2484.58467 2367.25368 2898.28915 3890.27197 3986.51377 4199.42186 4568.09818 4833.25998 6216.94499 7249.80641 7425.53055 8158.18423 5120.86399 4087.64639 4988.2939 
3814.66748 4359.35592 5768.99237 6190.26437 6589.01548 5020.19223 4240.67565 4823.74263 5078.30533 5675.49557 5398.89257 4275.5043 3800.3217 3310.75127 3244.60121 2594.68264 2208.58733 1739.1012 0 1335.0236 2231.95564 3794.56295 4588.41639 3399.33243 2820.20726 2835.75634 3788.66269 4043.30867 4687.07254 4369.87872 2508.20115 2194.57148 2937.75101 3310.21963 3362.63602 3979.48363 3894.32883 1761.96964 2601.43902 2836.19199 3305.53914 3727.03877 4374.61827 6331.13844 7168.39466 6020.73127 6655.53131 3390.22374 2359.79152 3474.93093 
2890.0173 3521.90857 5096.099 5623.96133 6480.11211 5188.09117 4578.66291 5351.03027 5601.22496 6288.60764 6100.24204 5002.8297 4884.73101 4635.76639 4579.15767 3925.81839 3526.21412 3071.04168 1335.0236 0 897.04515 2528.33938 3299.22127 2311.52179 2316.38706 2463.40293 3661.99249 3926.26247 4287.62976 3800.66731 2858.96502 3011.44484 3971.94323 4341.45713 4406.04414 5263.2471 5120.92228 1660.18824 1989.87562 2354.19816 3022.88687 3434.56926 4353.43416 6616.6029 7270.52694 4995.55773 5520.89712 2103.80061 1030.20386 2426.13788 
2470.25707 3140.14809 4784.26849 5379.64729 6542.10066 5466.69992 4981.29782 5836.86945 6078.4716 6803.0796 6667.37647 5605.53307 5665.46071 5527.03935 5476.20169 4820.3755 4415.4207 3966.3047 2231.95564 897.04515 0 1747.02318 2468.36565 1797.51189 2390.3391 2614.48274 3861.68059 4115.22162 4258.34017 3668.38302 3395.99661 3741.79235 4760.03036 5122.4295 5191.20766 6141.75284 5965.71245 2113.38141 2000.84807 2403.63745 3134.78053 3502.10508 4546.57596 6930.56679 7455.81894 4386.53223 4804.53338 1306.23926 173.78723 1914.40461 
3416.5626 4038.25953 5641.68636 6313.54108 7854.89484 7017.47889 6628.10033 7521.94955 7757.29083 8497.10692 8385.43338 7338.61329 7396.69636 7093.43993 6964.50896 6367.75078 6000.92876 5516.31553 3794.56295 2528.33938 1747.02318 0 810.48196 921.18022 2419.42741 2702.81224 3757.84632 3953.1275 3651.92401 2947.75372 4006.70201 4701.20197 5793.08838 6119.21645 6196.451 7447.55597 7647.40119 3837.8464 3519.25063 3906.25255 4630.24891 4936.1955 6048.06159 8488.6344 8886.89608 4647.57109 4701.79168 441.29015 1723.62989 2840.23679 
3691.86687 4249.86553 5766.33211 6457.50664 8173.38669 7494.28215 7181.26653 8104.96058 8332.71156 9085.49597 9004.32274 7984.8221 8133.31728 7893.50195 7772.13613 7169.5412 6796.78137 6316.62014 4588.41639 3299.22127 2468.36565 810.48196 0 1598.54246 3117.26162 3395.84172 4347.43373 4516.24911 4059.23392 3349.5225 4755.68965 5489.40771 6583.1655 6903.59711 6981.52791 8256.00297 8418.5557 4493.00278 4046.51084 4411.03095 5109.97241 5373.83262 6504.09133 8958.57494 9267.2456 4531.61009 4415.11087 1198.86029 2412.18925 3161.36964 
3979.1146 4636.27922 6279.40029 6926.82164 8284.65183 7263.86874 6767.6029 7600.89389 7846.208 8556.81512 8392.57112 7305.15229 7154.00112 6608.71402 6416.7738 5877.12796 5552.26918 5045.49304 3399.33243 2311.52179 1797.51189 921.18022 1598.54246 0 1521.471 1802.27218 2837.47952 3036.07444 2803.10435 2118.54974 3162.0895 3937.83253 5031.44611 5339.65739 5418.63101 6779.86644 7293.12457 3864.98642 3783.23459 4185.61393 4919.68454 5272.6097 6337.27339 8728.07705 9237.03118 5454.50566 5579.67114 952.49147 1862.77669 3387.72667 
4858.40601 5529.31397 7174.59643 7765.24204 8786.20248 7492.06867 6839.26846 7543.00696 7797.09343 8439.71569 8192.90937 7071.42645 6576.75011 5642.46054 5350.57567 4925.45115 4687.38403 4167.57124 2820.20726 2316.38706 2390.3391 2419.42741 3117.26162 1521.471 0 283.67763 1485.48847 1731.4647 1973.1447 1554.58837 1687.60185 2580.25444 3648.79213 3925.67459 4006.12781 5512.47431 6524.95824 3957.4843 4249.90094 4635.49113 5327.95139 5732.20804 6669.78171 8903.77027 9585.64953 6652.7229 6911.83709 2307.51858 2540.91421 4292.31429 
5084.68229 5754.07212 7394.20915 7975.57051 8943.45397 7608.85221 6932.12925 7609.3777 7863.99549 8491.71479 8230.34902 7107.21218 6546.30927 5529.50522 5214.35106 4820.69746 4605.6943 4087.9145 2835.75634 2463.40293 2614.48274 2702.81224 3395.84172 1802.27218 283.67763 0 1247.2181 1502.39043 1871.78337 1551.09058 1444.80068 2379.08932 3430.18148 3694.92463 3775.61399 5321.69071 6453.41437 4078.93675 4425.87133 4805.17232 5485.68619 5895.11832 6807.52238 9006.65465 9716.02655 6911.04515 7183.89901 2588.96833 2770.46314 4525.04508 
6331.89774 7001.25453 8640.55288 9218.33586 10128.81089 8725.59024 8001.51692 8612.31874 8866.82773 9452.26581 9152.26966 8032.65062 7273.15406 5957.98095 5546.12369 5304.43861 5188.63383 4696.8417 3788.66269 3661.99249 3861.68059 3757.84632 4347.43373 2837.47952 1485.48847 1247.2181 0 264.88111 1149.5286 1388.36487 1556.10411 2557.00704 3382.96911 3539.12659 3616.45241 5361.32493 7032.43827 5224.18472 5644.29712 6015.59457 6678.88928 7094.1836 7965.70449 10089.70867 10853.83089 8133.84841 8366.00598 3725.69591 4017.14239 5771.39377 
6585.3684 7255.3319 8896.51797 9477.0009 10393.69136 8988.30735 8261.2726 8866.20956 9120.60086 9701.53622 9397.4985 8278.99668 7496.35698 6141.54484 5716.04916 5499.01237 5397.79779 4911.57856 4043.30867 3926.26247 4115.22162 3953.1275 4516.24911 3036.07444 1731.4647 1502.39043 264.88111 0 1043.78638 1417.96509 1757.01167 2733.30587 3505.26718 3637.81981 3713.38256 5481.09378 7235.55236 5488.63881 5907.69024 6279.63056 6943.64083 7358.80296 8230.24969 10350.01184 11117.44436 8369.54407 8586.1252 3940.18324 4269.14101 6022.44469 
6676.01895 7346.0243 8999.4641 9619.77983 10743.40886 9464.67078 8801.4847 9479.88787 9734.57888 10356.62402 10085.89034 8962.52487 8312.79508 7081.93625 6683.59484 6414.61527 6272.18853 5769.34052 4687.07254 4287.62976 4258.34017 3651.92401 4059.23392 2803.10435 1973.1447 1871.78337 1149.5286 1043.78638 0 711.10126 2678.24196 3694.9253 4530.17704 4675.87222 4752.13636 6508.41555 8124.27597 5930.27504 6193.43669 6585.37911 7288.14284 7687.01431 8640.62081 10872.11226 11558.00921 8257.6051 8353.60234 3755.50822 4388.22117 6091.00665 
6043.23688 6710.06528 8361.69941 8993.23418 10196.29173 8987.67567 8365.92434 9089.20002 9342.86171 9991.60698 9747.41161 8626.00956 8097.37075 7023.75526 6671.34567 6328.54817 6137.26209 5622.33128 4369.87872 3800.66731 3668.38302 2947.75372 3349.5225 2118.54974 1554.58837 1551.09058 1388.36487 1417.96509 711.10126 0 2698.4931 3722.96871 4666.52472 4861.40905 4940.68669 6631.65394 7989.58403 5459.79496 5640.50964 6038.27997 6754.15524 7142.69879 8131.67418 10416.27429 11053.82441 7568.56743 7648.04557 3069.72458 3786.50763 5454.45002 
5740.4931 6379.78565 7948.85564 8456.26348 9071.52788 7528.3117 6737.33783 7259.40121 7511.54059 8051.90766 7722.37399 6613.69851 5750.83524 4405.34777 4007.91866 3748.33576 3641.03516 3157.94015 2508.20115 2858.96502 3395.99661 4006.70201 4755.68965 3162.0895 1687.60185 1444.80068 1556.10411 1757.01167 2678.24196 2698.4931 0 1027.68916 2004.63962 2253.14203 2333.91088 3943.18615 5479.3204 4163.53912 4793.84209 5117.25571 5699.16432 6124.3985 6863.86742 8824.52973 9676.5947 7776.58447 8186.6225 3802.6688 3569.48246 5245.00467 
5859.24569 6455.01356 7932.97832 8376.23955 8731.44828 7074.31877 6225.10739 6636.45124 6882.66177 7361.80807 6996.40086 5914.09308 4891.59821 3408.89102 2989.45564 2781.54813 2734.65062 2293.53199 2194.57148 3011.44484 3741.79235 4701.20197 5489.40771 3937.83253 2580.25444 2379.08932 2557.00704 2733.30587 3694.9253 3722.96871 1027.68916 0 1094.44278 1420.72446 1496.77286 2944.40928 4534.06716 3955.94957 4747.16136 5013.70691 5499.88118 5920.76296 6517.59749 8283.06091 9216.38812 8004.15973 8521.37178 4428.04076 3911.86196 5430.76284 
6734.35617 7294.81768 8692.38851 9082.14886 9200.24054 7446.99597 6548.94564 6809.69441 7042.47187 7424.63905 7011.20532 5995.19975 4723.65134 2912.40124 2385.67726 2455.10346 2596.866 2317.12969 2937.75101 3971.94323 4760.03036 5793.08838 6583.1655 5031.44611 3648.79213 3430.18148 3382.96911 3505.26718 4530.17704 4666.52472 2004.63962 1094.44278 0 373.79272 434.22575 1978.37029 4169.36878 4655.71584 5538.52634 5757.35651 6155.48747 6562.83727 7015.31354 8532.41988 9550.2568 8920.20639 9490.42676 5512.37245 4925.96965 6350.10252 
7108.14251 7667.99439 9061.02009 9446.05764 9532.34856 7765.15422 6860.32798 7089.18225 7318.1389 7675.95935 7251.88672 6256.83506 4928.51712 3036.44529 2481.68834 2652.3122 2843.9128 2609.24683 3310.21963 4341.45713 5122.4295 6119.21645 6903.59711 5339.65739 3925.67459 3694.92463 3539.12659 3637.81981 4675.87222 4861.40905 2253.14203 1420.72446 373.79272 0 80.77747 1873.46204 4318.4114 5022.92992 5910.4285 6126.44473 6516.72656 6922.16151 7355.19306 8823.83907 9857.27954 9293.66564 9861.09958 5848.74901 5289.26554 6723.20021 
7164.63851 7721.50821 9107.75109 9488.54826 9557.18505 7784.46562 6877.24342 7095.10324 7322.79414 7673.23068 7246.27021 6257.54105 4914.50038 3006.08799 2446.80526 2639.22432 2843.27505 2622.41454 3362.63602 4406.04414 5191.20766 6196.451 6981.52791 5418.63101 4006.12781 3775.61399 3616.45241 3713.38256 4752.13636 4940.68669 2333.91088 1496.77286 434.22575 80.77747 0 1806.7277 4291.81034 5068.6734 5961.47717 6173.87739 6557.50029 6961.5726 7383.85753 8833.29978 9872.06974 9352.75542 9924.65213 5924.48698 5357.64174 6783.32205 
7675.54884 8132.86333 9302.03015 9563.6504 9196.77144 7337.05663 6404.18426 6371.80547 6565.4469 6752.33797 6277.65952 5452.65486 3867.93808 1804.48885 1270.44441 1915.39552 2346.76032 2484.58467 3979.48363 5263.2471 6141.75284 7447.55597 8256.00297 6779.86644 5512.47431 5321.69071 5361.32493 5481.09378 6508.41555 6631.65394 3943.18615 2944.40928 1978.37029 1873.46204 1806.7277 0 3029.97838 5376.86758 6363.07512 6470.60901 6667.21569 7022.06266 7166.70224 8142.16605 9278.07243 9892.63994 10595.23218 7111.65754 6288.794 7411.03481 
6492.08634 6733.27892 7464.61318 7538.26824 6642.23471 4782.94564 3897.20682 3578.15735 3728.77379 3786.86533 3295.80885 2640.6378 963.9222 1296.36299 1876.08635 1758.74529 1854.46839 2367.25368 3894.32883 5120.92228 5965.71245 7647.40119 8418.5557 7293.12457 6524.95824 6453.41437 7032.43827 7235.55236 8124.27597 7989.58403 5479.3204 4534.06716 4169.36878 4318.4114 4291.81034 3029.97838 0 4276.14523 5196.70992 5111.36635 4974.46299 5202.23923 4923.8883 5303.62753 6490.3597 8550.67869 9424.83888 7224.70165 6050.35875 6459.48063 
2332.44185 2756.00018 4039.89356 4434.02323 4924.28188 3534.62657 2924.99111 3735.93629 3981.36911 4695.08094 4554.23869 3501.06412 3774.61892 4217.79385 4373.54524 3632.48744 3166.04122 2898.28915 1761.96964 1660.18824 2113.38141 3837.8464 4493.00278 3864.98642 3957.4843 4078.93675 5224.18472 5488.63881 5930.27504 5459.79496 4163.53912 3955.94957 4655.71584 5022.92992 5068.6734 5376.86758 4276.14523 0 997.05567 1113.54748 1548.94803 1973.19462 2741.89314 4956.63565 5638.04124 4531.4907 5297.04163 3398.05591 2114.82505 2197.29015 
1337.00598 1779.51145 3186.86366 3663.54937 4555.87533 3504.10117 3134.93238 4068.99742 4291.6463 5050.62897 5003.12243 4050.853 4611.9085 5207.96361 5370.6009 4629.40871 4162.74777 3890.27197 2601.43902 1989.87562 2000.84807 3519.25063 4046.51084 3783.23459 4249.90094 4425.87133 5644.29712 5907.69024 6193.43669 5640.50964 4793.84209 4747.16136 5538.52634 5910.4285 5961.47717 6363.07512 5196.70992 997.05567 0 402.93424 1136.45061 1504.04421 2556.00196 4975.11337 5456.09686 3535.88461 4304.13871 3105.94398 1920.52727 1278.23785 
1385.24691 1681.20701 2935.34053 3364.46281 4159.64662 3111.71673 2782.73696 3734.43757 3949.97722 4714.74337 4691.9286 3779.58437 4467.3115 5222.86559 5427.2411 4682.68395 4214.54683 3986.51377 2836.19199 2354.19816 2403.63745 3906.25255 4411.03095 4185.61393 4635.49113 4805.17232 6015.59457 6279.63056 6585.37911 6038.27997 5117.25571 5013.70691 5757.35651 6126.44473 6173.87739 6470.60901 5111.36635 1113.54748 402.93424 0 734.42495 1104.42972 2155.74813 4583.03317 5053.18365 3492.319 4321.8304 3497.69353 2323.05768 1490.36908 
1776.39663 1801.9914 2635.56066 2936.70734 3458.54073 2389.54494 2148.60536 3126.03583 3324.8236 4095.72912 4122.04634 3302.55204 4229.36827 5268.42718 5544.82479 4805.98637 4344.66167 4199.42186 3305.53914 3022.88687 3134.78053 4630.24891 5109.97241 4919.68454 5327.95139 5485.68619 6678.88928 6943.64083 7288.14284 6754.15524 5699.16432 5499.88118 6155.48747 6516.72656 6557.50029 6667.21569 4974.46299 1548.94803 1136.45061 734.42495 0 425.39981 1422.3115 3859.62187 4321.04443 3591.94877 4507.48821 4226.28442 3056.9699 2065.18667 
1869.06019 1736.08583 2305.39823 2550.78909 3056.49685 2134.21742 2056.29278 3040.92108 3217.25799 3986.06372 4063.61575 3338.06785 4410.91204 5574.82915 5876.70937 5143.35066 4687.00331 4568.09818 3727.03877 3434.56926 3502.10508 4936.1955 5373.83262 5272.6097 5732.20804 5895.11832 7094.1836 7358.80296 7687.01431 7142.69879 6124.3985 5920.76296 6562.83727 6922.16151 6961.5726 7022.06266 5202.23923 1973.19462 1504.04421 1104.42972 425.39981 0 1133.64236 3587.59306 3966.90812 3445.98389 4396.66203 4544.25186 3413.88606 2255.72095 
2974.46617 2725.92681 2691.04329 2634.83206 2215.67371 1003.50436 1189.46417 2103.2627 2232.79421 2978.40645 3137.81198 2637.52687 4026.06532 5549.51034 5943.28663 5251.40638 4830.29865 4833.25998 4374.61827 4353.43416 4546.57596 6048.06159 6504.09133 6337.27339 6669.78171 6807.52238 7965.70449 8230.24969 8640.62081 8131.67418 6863.86742 6517.59749 7015.31354 7355.19306 7383.85753 7166.70224 4923.8883 2741.89314 2556.00196 2155.74813 1422.3115 1133.64236 0 2454.8835 2922.2055 4238.57547 5227.23713 5647.22321 4474.7667 3387.77951 
5395.18248 5053.34523 4434.47505 4010.44249 1926.56404 1471.32185 2090.81515 1771.04178 1582.69422 1696.24762 2173.88339 2695.12096 4351.90039 6350.2422 6873.45946 6328.56255 6017.95513 6216.94499 6331.13844 6616.6029 6930.56679 8488.6344 8958.57494 8728.07705 8903.77027 9006.65465 10089.70867 10350.01184 10872.11226 10416.27429 8824.52973 8283.06091 8532.41988 8823.83907 8833.29978 8142.16605 5303.62753 4956.63565 4975.11337 4583.03317 3859.62187 3587.59306 2454.8835 0 1208.88047 6268.2547 7255.0601 8080.31911 6874.71963 5836.61691 
5592.8313 5129.29332 4139.1324 3575.33565 1285.44817 2149.21102 3004.05393 2923.12795 2761.65186 2894.4319 3379.40009 3861.13312 5532.65117 7499.30397 8007.62818 7431.3412 7094.33859 7249.80641 7168.39466 7270.52694 7455.81894 8886.89608 9267.2456 9237.03118 9585.64953 9716.02655 10853.83089 11117.44436 11558.00921 11053.82441 9676.5947 9216.38812 9550.2568 9857.27954 9872.06974 9278.07243 6490.3597 5638.04124 5456.09686 5053.18365 4321.04443 3966.90812 2922.2055 1208.88047 0 6025.06506 6973.11473 8504.61786 7375.52073 6105.87856 
2218.75123 1821.5853 1885.96182 2501.65745 4746.00464 5102.6351 5393.67565 6340.77377 6468.52348 7200.0959 7376.12649 6766.10213 7821.20835 8714.55914 8902.49325 8159.56476 7691.86616 7425.53055 6020.73127 4995.55773 4386.53223 4647.57109 4531.61009 5454.50566 6652.7229 6911.04515 8133.84841 8369.54407 8257.6051 7568.56743 7776.58447 8004.15973 8920.20639 9293.66564 9352.75542 9892.63994 8550.67869 4531.4907 3535.88461 3492.319 3591.94877 3445.98389 4238.57547 6268.2547 6025.06506 0 995.27785 4502.11772 4214.49511 2574.35118 
2967.7879 2707.42996 2844.11146 3412.10375 5689.03876 6097.77213 6374.20215 7327.49957 7458.89871 8193.1804 8363.37253 7730.10349 8728.70082 9512.0789 9662.51354 8925.15238 8460.41116 8158.18423 6655.53131 5520.89712 4804.53338 4701.79168 4415.11087 5579.67114 6911.83709 7183.89901 8366.00598 8586.1252 8353.60234 7648.04557 8186.6225 8521.37178 9490.42676 9861.09958 9924.65213 10595.23218 9424.83888 5297.04163 4304.13871 4321.8304 4507.48821 4396.66203 5227.23713 7255.0601 6973.11473 995.27785 0 4648.37111 4631.04794 3185.72347 
3099.20587 3741.09409 5369.66777 6029.15334 7495.43274 6609.03571 6201.70017 7089.36471 7325.87442 8063.25003 7947.54616 6898.43997 6961.32775 6697.25802 6585.87534 5974.71313 5598.7771 5120.86399 3390.22374 2103.80061 1306.23926 441.29015 1198.86029 952.49147 2307.51858 2588.96833 3725.69591 3940.18324 3755.50822 3069.72458 3802.6688 4428.04076 5512.37245 5848.74901 5924.48698 7111.65754 7224.70165 3398.05591 3105.94398 3497.69353 4226.28442 4544.25186 5647.22321 8080.31911 8504.61786 4502.11772 4648.37111 0 1283.33199 2512.35109 
2317.55043 2988.71611 4636.47765 5238.80454 6442.6455 5407.41805 4947.94523 5818.69272 6057.84029 6789.30291 6666.12009 5615.12288 5725.49116 5641.71694 5603.85234 4939.92409 4528.63534 4087.64639 2359.79152 1030.20386 173.78723 1723.62989 2412.18925 1862.77669 2540.91421 2770.46314 4017.14239 4269.14101 4388.22117 3786.50763 3569.48246 3911.86196 4925.96965 5289.26554 5357.64174 6288.794 6050.35875 2114.82505 1920.52727 2323.05768 3056.9699 3413.88606 4474.7667 6874.71963 7375.52073 4214.49511 4631.04794 1283.33199 0 1754.74585 
591.40933 1255.76471 2908.70418 3541.77385 5027.92402 4389.80603 4212.04285 5184.2878 5388.00148 6158.19495 6163.67764 5269.59904 5890.00034 6394.84957 6506.05948 5776.35395 5316.88979 4988.2939 3474.93093 2426.13788 1914.40461 2840.23679 3161.36964 3387.72667 4292.31429 4525.04508 5771.39377 6022.44469 6091.00665 5454.45002 5245.00467 5430.76284 6350.10252 6723.20021 6783.32205 7411.03481 6459.48063 2197.29015 1278.23785 1490.36908 2065.18667 2255.72095 3387.77951 5836.61691 6105.87856 2574.35118 3185.72347 2512.35109 1754.74585 0 
