15
aHwNY UBrR9 52PwN H8qqB 0kSSC Ms6jj M7N2p 4MOkB 9HL6t nbohZ WcEcU EZqNK Wutnl 5X0EW SabrinaSiriPrince50
0 1189324603.45 2260589850.98 2325838466.55 2386846260.45 2305009317.4370003 645859058.74 3220958375.0820003 3320784177.4820004 3242513074.8 3327364683.26 3426300517.26 3619640082.26 3719641169.26 771263587.3 
1189324603.45 0 1071265247.53 1136513863.1 1197521657.0 1115684713.987 1835183662.19 4410282978.532 4510108780.932 4431837678.25 4516689286.71 4615625120.71 4808964685.71 4908965772.71 1960588190.75 
2260589850.98 1071265247.53 0 671564876.25 1642832141.49 2186949961.517 2906448909.7200003 5481548226.061999 5581374028.462 5503102925.78 5587954534.24 5686890368.24 5880229933.24 5980231020.24 3031853438.2799997 
2325838466.55 1136513863.1 671564876.25 0 971267265.24 1643433099.935 2971697525.29 5546796841.632 5646622644.032001 5568351541.35 5653203149.81 5752138983.81 5945478548.81 6045479635.81 3097102053.8500004 
2386846260.45 1197521657.0 1642832141.49 971267265.24 0 672165834.695 3032705319.1899996 5607804635.532 5707630437.932 5629359335.25 5714210943.71 5813146777.71 6006486342.71 6106487429.71 3158109847.75 
2305009317.4370003 1115684713.987 2186949961.517 1643433099.935 672165834.695 0 2950868376.177 5525967692.519 5625793494.919001 5547522392.237 5632374000.6970005 5731309834.6970005 5924649399.6970005 6024650486.6970005 3076272904.7370005 
645859058.74 1835183662.19 2906448909.7200003 2971697525.29 3032705319.19 2950868376.177 0 2862587840.0820003 2962413642.4820004 2884142539.8 2968994148.26 3067929982.26 3261269547.26 3361270634.26 847365290.0 
3220958375.082 4410282978.532 5481548226.061999 5546796841.632 5607804635.532 5525967692.518999 2862587840.082 0 607857858.0 2136317189.27 3667490548.442 3766426382.442 3959765947.442 4059767034.442 3391793497.312 
3320784177.482 4510108780.932 5581374028.462 5646622644.032 5707630437.932 5625793494.919001 2962413642.482 607857858.0 0 2236142991.67 3767316350.842 3866252184.842 4059591749.842 4159592836.842 3491619299.712 
3242513074.8 4431837678.25 5503102925.78 5568351541.35 5629359335.25 5547522392.2369995 2884142539.8 2136317189.27 2236142991.67 0 3689045248.16 3787981082.16 3981320647.16 4081321734.16 3413348197.03 
3327364683.26 4516689286.71 5587954534.24 5653203149.809999 5714210943.71 5632374000.6970005 2968994148.26 3667490548.4420004 3767316350.842 3689045248.16 0 604356437.34 2047767343.6 2147768430.6 3498199805.4900002 
3426300517.26 4615625120.71 5686890368.24 5752138983.809999 5813146777.71 5731309834.6970005 3067929982.26 3766426382.4420004 3866252184.842 3787981082.16 604356437.34 0 2146703177.6 2246704264.6 3597135639.4900002 
3619640082.26 4808964685.71 5880229933.24 5945478548.809999 6006486342.71 5924649399.6970005 3261269547.26 3959765947.4420004 4059591749.842 3981320647.16 2047767343.6 2146703177.6 0 606752800.0 3790475204.4900002 
3719641169.26 4908965772.71 5980231020.24 6045479635.809999 6106487429.71 6024650486.6970005 3361270634.26 4059767034.4420004 4159592836.842 4081321734.16 2147768430.6 2246704264.6 606752800.0 0 3890476291.4900002 
771263587.3 1960588190.75 3031853438.2799997 3097102053.85 3158109847.75 3076272904.737 847365290.0 3391793497.3120003 3491619299.712 3413348197.0299997 3498199805.49 3597135639.49 3790475204.49 3890476291.49 0 
