51
Victoria Melinda April Sara John Jennifer Jeanette Kyle Elaine Eugene Alex Amy Kari Ralph Dennis Monique Robert Jordan Glenda Janet Steven Joshua Jamie Danielle Patrick Ashley Mariah Elizabeth Hannah Sean Natasha Garrett Walter Daniel Debra Scott Paul Gina Michael Edward Melissa Jonathan Juan Donald Rachel Rhonda Paige Arthur Aaron Cassandra Austin
0 436.0 580.0 449.0 865.0 830.0 925.0 970.0 847.0 592.0 882.0 903.0 883.0 459.0 892.0 934.0 506.0 895.0 979.0 897.0 753.0 555.0 808.0 578.0 824.0 773.0 461.0 737.0 810.0 941.0 606.0 582.0 872.0 924.0 1024.0 903.0 693.0 659.0 914.0 624.0 1028.0 934.0 881.0 822.0 659.0 534.0 662.0 994.0 893.0 630.0 400.0 
436.0 0 421.0 823.0 970.0 583.0 888.0 920.0 767.0 577.0 888.0 529.0 935.0 563.0 478.0 717.0 942.0 784.0 942.0 496.0 790.0 928.0 825.0 748.0 529.0 881.0 602.0 593.0 891.0 958.0 998.0 734.0 663.0 676.0 899.0 970.0 737.0 932.0 918.0 491.0 920.0 498.0 764.0 839.0 790.0 735.0 974.0 563.0 457.0 874.0 417.0 
580.0 421.0 0 402.0 832.0 628.0 467.0 499.0 908.0 849.0 467.0 588.0 826.0 906.0 859.0 983.0 890.0 719.0 759.0 543.0 870.0 937.0 900.0 972.0 520.0 823.0 715.0 645.0 853.0 883.0 738.0 821.0 876.0 464.0 478.0 884.0 469.0 771.0 914.0 836.0 516.0 730.0 854.0 423.0 628.0 587.0 553.0 414.0 769.0 910.0 582.0 
449.0 823.0 402.0 0 430.0 836.0 869.0 798.0 684.0 635.0 869.0 912.0 924.0 504.0 550.0 665.0 715.0 904.0 869.0 448.0 673.0 721.0 498.0 850.0 674.0 519.0 531.0 458.0 829.0 899.0 467.0 899.0 474.0 475.0 580.0 680.0 841.0 915.0 777.0 853.0 734.0 900.0 569.0 825.0 858.0 850.0 836.0 816.0 923.0 555.0 409.0 
865.0 970.0 832.0 430.0 0 407.0 811.0 731.0 669.0 900.0 924.0 916.0 847.0 558.0 717.0 454.0 667.0 884.0 734.0 878.0 621.0 841.0 928.0 512.0 879.0 656.0 620.0 741.0 448.0 853.0 897.0 871.0 667.0 824.0 413.0 830.0 477.0 851.0 428.0 640.0 907.0 773.0 876.0 703.0 750.0 785.0 868.0 866.0 873.0 843.0 839.0 
830.0 583.0 628.0 836.0 407.0 0 404.0 839.0 891.0 835.0 936.0 914.0 741.0 879.0 823.0 569.0 842.0 500.0 916.0 789.0 867.0 456.0 875.0 511.0 820.0 553.0 833.0 661.0 470.0 617.0 913.0 698.0 405.0 550.0 820.0 802.0 830.0 907.0 835.0 845.0 514.0 839.0 866.0 761.0 877.0 853.0 505.0 459.0 466.0 436.0 642.0 
925.0 888.0 467.0 869.0 811.0 404.0 0 462.0 764.0 927.0 934.0 1013.0 754.0 970.0 537.0 516.0 625.0 904.0 696.0 749.0 732.0 860.0 594.0 604.0 987.0 758.0 954.0 637.0 716.0 926.0 756.0 868.0 809.0 931.0 945.0 899.0 936.0 520.0 943.0 936.0 697.0 938.0 696.0 890.0 904.0 519.0 830.0 695.0 572.0 840.0 1002.0 
970.0 920.0 499.0 798.0 731.0 839.0 462.0 0 409.0 822.0 730.0 878.0 592.0 962.0 723.0 892.0 464.0 875.0 922.0 797.0 656.0 477.0 482.0 600.0 798.0 779.0 834.0 722.0 677.0 850.0 639.0 936.0 434.0 875.0 589.0 437.0 852.0 652.0 531.0 758.0 427.0 924.0 966.0 881.0 442.0 784.0 860.0 647.0 948.0 877.0 827.0 
847.0 767.0 908.0 684.0 669.0 891.0 764.0 409.0 0 413.0 797.0 573.0 979.0 689.0 707.0 550.0 700.0 675.0 1026.0 1086.0 958.0 864.0 445.0 939.0 852.0 537.0 425.0 701.0 421.0 826.0 1009.0 915.0 752.0 984.0 836.0 700.0 894.0 854.0 456.0 842.0 674.0 1020.0 692.0 639.0 851.0 751.0 484.0 946.0 689.0 853.0 853.0 
592.0 577.0 849.0 635.0 900.0 835.0 927.0 822.0 413.0 0 404.0 818.0 841.0 417.0 546.0 724.0 717.0 529.0 751.0 917.0 607.0 869.0 858.0 863.0 870.0 865.0 427.0 869.0 795.0 632.0 948.0 855.0 542.0 886.0 575.0 833.0 899.0 966.0 550.0 751.0 436.0 933.0 909.0 773.0 599.0 819.0 897.0 912.0 857.0 440.0 837.0 
882.0 888.0 467.0 869.0 924.0 936.0 934.0 730.0 797.0 404.0 0 414.0 820.0 821.0 687.0 572.0 675.0 779.0 517.0 963.0 977.0 784.0 890.0 888.0 724.0 917.0 831.0 1005.0 916.0 655.0 1046.0 491.0 581.0 892.0 616.0 855.0 936.0 590.0 496.0 552.0 677.0 729.0 505.0 890.0 846.0 415.0 909.0 508.0 715.0 844.0 482.0 
903.0 529.0 588.0 912.0 916.0 914.0 1013.0 878.0 573.0 818.0 414.0 0 406.0 830.0 899.0 842.0 514.0 575.0 574.0 991.0 575.0 909.0 675.0 501.0 744.0 726.0 736.0 985.0 597.0 891.0 776.0 905.0 648.0 785.0 840.0 441.0 631.0 872.0 910.0 901.0 929.0 525.0 463.0 780.0 923.0 506.0 909.0 818.0 761.0 881.0 503.0 
883.0 935.0 826.0 924.0 847.0 741.0 754.0 592.0 979.0 841.0 820.0 406.0 0 424.0 846.0 436.0 864.0 900.0 933.0 833.0 473.0 596.0 1012.0 664.0 811.0 582.0 965.0 909.0 849.0 786.0 474.0 1029.0 906.0 828.0 434.0 847.0 847.0 940.0 855.0 524.0 523.0 487.0 869.0 864.0 862.0 431.0 554.0 412.0 726.0 924.0 909.0 
459.0 563.0 906.0 504.0 558.0 879.0 970.0 962.0 689.0 417.0 821.0 830.0 424.0 0 433.0 488.0 897.0 557.0 983.0 921.0 848.0 703.0 748.0 784.0 517.0 898.0 703.0 579.0 875.0 971.0 754.0 621.0 528.0 943.0 858.0 1007.0 879.0 549.0 455.0 882.0 853.0 911.0 922.0 937.0 985.0 780.0 884.0 836.0 927.0 857.0 554.0 
892.0 478.0 859.0 550.0 717.0 823.0 537.0 723.0 707.0 546.0 687.0 899.0 846.0 433.0 0 410.0 838.0 889.0 867.0 901.0 415.0 833.0 979.0 608.0 873.0 622.0 448.0 524.0 442.0 538.0 568.0 471.0 418.0 672.0 857.0 588.0 813.0 934.0 738.0 865.0 969.0 936.0 915.0 609.0 767.0 898.0 766.0 1008.0 693.0 902.0 895.0 
934.0 717.0 983.0 665.0 454.0 569.0 516.0 892.0 550.0 724.0 572.0 842.0 436.0 488.0 410.0 0 428.0 765.0 1012.0 658.0 825.0 955.0 995.0 964.0 989.0 848.0 768.0 608.0 852.0 750.0 747.0 718.0 828.0 626.0 867.0 683.0 931.0 895.0 775.0 559.0 959.0 633.0 505.0 936.0 928.0 867.0 848.0 720.0 888.0 492.0 897.0 
506.0 942.0 890.0 715.0 667.0 842.0 625.0 464.0 700.0 717.0 675.0 514.0 864.0 897.0 838.0 428.0 0 411.0 602.0 477.0 885.0 941.0 842.0 573.0 854.0 679.0 577.0 942.0 917.0 947.0 643.0 887.0 898.0 867.0 882.0 712.0 564.0 467.0 616.0 612.0 891.0 577.0 928.0 894.0 906.0 887.0 606.0 680.0 838.0 421.0 560.0 
895.0 784.0 719.0 904.0 884.0 500.0 904.0 875.0 675.0 529.0 779.0 575.0 900.0 557.0 889.0 765.0 411.0 0 426.0 659.0 474.0 791.0 431.0 633.0 443.0 780.0 527.0 531.0 874.0 1016.0 584.0 994.0 905.0 882.0 471.0 665.0 597.0 878.0 651.0 575.0 572.0 988.0 737.0 863.0 640.0 476.0 753.0 488.0 706.0 497.0 495.0 
979.0 942.0 759.0 869.0 734.0 916.0 696.0 922.0 1026.0 751.0 517.0 574.0 933.0 983.0 867.0 1012.0 602.0 426.0 0 446.0 460.0 794.0 857.0 518.0 869.0 863.0 872.0 957.0 916.0 704.0 764.0 641.0 944.0 881.0 897.0 578.0 845.0 956.0 959.0 649.0 511.0 945.0 920.0 907.0 770.0 902.0 619.0 914.0 849.0 795.0 897.0 
897.0 496.0 543.0 448.0 878.0 789.0 749.0 797.0 1086.0 917.0 963.0 991.0 833.0 921.0 901.0 658.0 477.0 659.0 446.0 0 486.0 904.0 758.0 785.0 553.0 891.0 883.0 586.0 824.0 515.0 915.0 582.0 796.0 521.0 511.0 723.0 872.0 652.0 746.0 571.0 693.0 578.0 937.0 833.0 717.0 981.0 603.0 763.0 685.0 714.0 857.0 
753.0 790.0 870.0 673.0 621.0 867.0 732.0 656.0 958.0 607.0 977.0 575.0 473.0 848.0 415.0 825.0 885.0 474.0 460.0 486.0 0 418.0 837.0 507.0 736.0 899.0 763.0 939.0 857.0 906.0 875.0 601.0 831.0 767.0 750.0 599.0 864.0 519.0 861.0 598.0 971.0 608.0 860.0 447.0 794.0 904.0 474.0 885.0 889.0 971.0 772.0 
555.0 928.0 937.0 721.0 841.0 456.0 860.0 477.0 864.0 869.0 784.0 909.0 596.0 703.0 833.0 955.0 941.0 791.0 794.0 904.0 418.0 0 419.0 741.0 888.0 831.0 563.0 916.0 876.0 488.0 457.0 867.0 824.0 658.0 944.0 782.0 759.0 866.0 443.0 832.0 904.0 538.0 568.0 833.0 579.0 930.0 845.0 915.0 471.0 698.0 827.0 
808.0 825.0 900.0 498.0 928.0 875.0 594.0 482.0 445.0 858.0 890.0 675.0 1012.0 748.0 979.0 995.0 842.0 431.0 857.0 758.0 837.0 419.0 0 513.0 558.0 618.0 678.0 956.0 556.0 907.0 633.0 881.0 916.0 895.0 902.0 529.0 944.0 856.0 862.0 530.0 680.0 882.0 978.0 727.0 591.0 907.0 541.0 919.0 578.0 585.0 408.0 
578.0 748.0 972.0 850.0 512.0 511.0 604.0 600.0 939.0 863.0 888.0 501.0 664.0 784.0 608.0 964.0 573.0 633.0 518.0 785.0 507.0 741.0 513.0 0 455.0 871.0 773.0 942.0 518.0 712.0 894.0 885.0 916.0 738.0 925.0 583.0 845.0 925.0 920.0 558.0 987.0 669.0 635.0 721.0 479.0 749.0 915.0 558.0 936.0 944.0 582.0 
824.0 529.0 520.0 674.0 879.0 820.0 987.0 798.0 852.0 870.0 724.0 744.0 811.0 517.0 873.0 989.0 854.0 443.0 869.0 553.0 736.0 888.0 558.0 455.0 0 416.0 831.0 743.0 431.0 836.0 888.0 873.0 786.0 450.0 846.0 837.0 642.0 718.0 719.0 973.0 924.0 735.0 484.0 420.0 859.0 654.0 825.0 825.0 840.0 890.0 424.0 
773.0 881.0 823.0 519.0 656.0 553.0 758.0 779.0 537.0 865.0 917.0 726.0 582.0 898.0 622.0 848.0 679.0 780.0 863.0 891.0 899.0 831.0 618.0 871.0 416.0 0 438.0 880.0 606.0 675.0 472.0 928.0 958.0 825.0 784.0 898.0 849.0 593.0 483.0 910.0 518.0 927.0 824.0 452.0 503.0 649.0 728.0 409.0 424.0 841.0 840.0 
461.0 602.0 715.0 531.0 620.0 833.0 954.0 834.0 425.0 427.0 831.0 736.0 965.0 703.0 448.0 768.0 577.0 527.0 872.0 883.0 763.0 563.0 678.0 773.0 831.0 438.0 0 442.0 846.0 771.0 675.0 490.0 616.0 626.0 712.0 973.0 831.0 913.0 881.0 620.0 774.0 760.0 988.0 890.0 701.0 772.0 846.0 847.0 647.0 604.0 705.0 
737.0 593.0 645.0 458.0 741.0 661.0 637.0 722.0 701.0 869.0 1005.0 985.0 909.0 579.0 524.0 608.0 942.0 531.0 957.0 586.0 939.0 916.0 956.0 942.0 743.0 880.0 442.0 0 424.0 658.0 925.0 884.0 707.0 913.0 527.0 944.0 589.0 1078.0 909.0 908.0 506.0 1003.0 943.0 624.0 916.0 929.0 846.0 497.0 543.0 564.0 867.0 
810.0 891.0 853.0 829.0 448.0 470.0 716.0 677.0 421.0 795.0 916.0 597.0 849.0 875.0 442.0 852.0 917.0 874.0 916.0 824.0 857.0 876.0 556.0 518.0 431.0 606.0 846.0 424.0 0 405.0 712.0 882.0 860.0 669.0 415.0 807.0 904.0 854.0 485.0 912.0 527.0 672.0 912.0 604.0 492.0 505.0 854.0 773.0 512.0 603.0 590.0 
941.0 958.0 883.0 899.0 853.0 617.0 926.0 850.0 826.0 632.0 655.0 891.0 786.0 971.0 538.0 750.0 947.0 1016.0 704.0 515.0 906.0 488.0 907.0 712.0 836.0 675.0 771.0 658.0 405.0 0 432.0 900.0 888.0 447.0 694.0 491.0 499.0 669.0 890.0 814.0 932.0 751.0 943.0 581.0 897.0 906.0 858.0 590.0 643.0 893.0 541.0 
606.0 998.0 738.0 467.0 897.0 913.0 756.0 639.0 1009.0 948.0 1046.0 776.0 474.0 754.0 568.0 747.0 643.0 584.0 764.0 915.0 875.0 457.0 633.0 894.0 888.0 472.0 675.0 925.0 712.0 432.0 0 555.0 941.0 796.0 671.0 923.0 867.0 854.0 582.0 998.0 990.0 696.0 600.0 924.0 975.0 905.0 922.0 542.0 569.0 986.0 766.0 
582.0 734.0 821.0 899.0 871.0 698.0 868.0 936.0 915.0 855.0 491.0 905.0 1029.0 621.0 471.0 718.0 887.0 994.0 641.0 582.0 601.0 867.0 881.0 885.0 873.0 928.0 490.0 884.0 882.0 900.0 555.0 0 542.0 565.0 598.0 946.0 966.0 626.0 731.0 543.0 972.0 614.0 602.0 914.0 725.0 767.0 882.0 748.0 766.0 997.0 680.0 
872.0 663.0 876.0 474.0 667.0 405.0 809.0 434.0 752.0 542.0 581.0 648.0 906.0 528.0 418.0 828.0 898.0 905.0 944.0 796.0 831.0 824.0 916.0 916.0 786.0 958.0 616.0 707.0 860.0 888.0 941.0 542.0 0 441.0 511.0 479.0 863.0 710.0 744.0 636.0 861.0 630.0 716.0 733.0 758.0 743.0 586.0 751.0 871.0 841.0 573.0 
924.0 676.0 464.0 475.0 824.0 550.0 931.0 875.0 984.0 886.0 892.0 785.0 828.0 943.0 672.0 626.0 867.0 882.0 881.0 521.0 767.0 658.0 895.0 738.0 450.0 825.0 626.0 913.0 669.0 447.0 796.0 565.0 441.0 0 411.0 828.0 731.0 788.0 533.0 582.0 515.0 425.0 832.0 841.0 870.0 709.0 637.0 416.0 627.0 446.0 600.0 
1024.0 899.0 478.0 580.0 413.0 820.0 945.0 589.0 836.0 575.0 616.0 840.0 434.0 858.0 857.0 867.0 882.0 471.0 897.0 511.0 750.0 944.0 902.0 925.0 846.0 784.0 712.0 527.0 415.0 694.0 671.0 598.0 511.0 411.0 0 417.0 832.0 946.0 674.0 793.0 926.0 792.0 729.0 430.0 594.0 865.0 975.0 827.0 927.0 738.0 852.0 
903.0 970.0 884.0 680.0 830.0 802.0 899.0 437.0 700.0 833.0 855.0 441.0 847.0 1007.0 588.0 683.0 712.0 665.0 578.0 723.0 599.0 782.0 529.0 583.0 837.0 898.0 973.0 944.0 807.0 491.0 923.0 946.0 479.0 828.0 417.0 0 415.0 904.0 968.0 1018.0 864.0 816.0 904.0 816.0 611.0 497.0 558.0 489.0 857.0 440.0 937.0 
693.0 737.0 469.0 841.0 477.0 830.0 936.0 852.0 894.0 899.0 936.0 631.0 847.0 879.0 813.0 931.0 564.0 597.0 845.0 872.0 864.0 759.0 944.0 845.0 642.0 849.0 831.0 589.0 904.0 499.0 867.0 966.0 863.0 731.0 832.0 415.0 0 489.0 898.0 907.0 668.0 873.0 577.0 872.0 646.0 903.0 835.0 864.0 727.0 855.0 937.0 
659.0 932.0 771.0 915.0 851.0 907.0 520.0 652.0 854.0 966.0 590.0 872.0 940.0 549.0 934.0 895.0 467.0 878.0 956.0 652.0 519.0 866.0 856.0 925.0 718.0 593.0 913.0 1078.0 854.0 669.0 854.0 626.0 710.0 788.0 946.0 904.0 489.0 0 423.0 528.0 902.0 547.0 888.0 695.0 921.0 987.0 558.0 857.0 615.0 635.0 912.0 
914.0 918.0 914.0 777.0 428.0 835.0 943.0 531.0 456.0 550.0 496.0 910.0 855.0 455.0 738.0 775.0 616.0 651.0 959.0 746.0 861.0 443.0 862.0 920.0 719.0 483.0 881.0 909.0 485.0 890.0 582.0 731.0 744.0 533.0 674.0 968.0 898.0 423.0 0 427.0 479.0 945.0 917.0 935.0 946.0 911.0 470.0 586.0 736.0 696.0 618.0 
624.0 491.0 836.0 853.0 640.0 845.0 936.0 758.0 842.0 751.0 552.0 901.0 524.0 882.0 865.0 559.0 612.0 575.0 649.0 571.0 598.0 832.0 530.0 558.0 973.0 910.0 620.0 908.0 912.0 814.0 998.0 543.0 636.0 582.0 793.0 1018.0 907.0 528.0 427.0 0 429.0 637.0 490.0 553.0 837.0 545.0 582.0 919.0 871.0 618.0 567.0 
1028.0 920.0 516.0 734.0 907.0 514.0 697.0 427.0 674.0 436.0 677.0 929.0 523.0 853.0 969.0 959.0 891.0 572.0 511.0 693.0 971.0 904.0 680.0 987.0 924.0 518.0 774.0 506.0 527.0 932.0 990.0 972.0 861.0 515.0 926.0 864.0 668.0 902.0 479.0 429.0 0 497.0 904.0 799.0 869.0 954.0 584.0 490.0 942.0 876.0 684.0 
934.0 498.0 730.0 900.0 773.0 839.0 938.0 924.0 1020.0 933.0 729.0 525.0 487.0 911.0 936.0 633.0 577.0 988.0 945.0 578.0 608.0 538.0 882.0 669.0 735.0 927.0 760.0 1003.0 672.0 751.0 696.0 614.0 630.0 425.0 792.0 816.0 873.0 547.0 945.0 637.0 497.0 0 407.0 832.0 966.0 903.0 575.0 841.0 807.0 596.0 713.0 
881.0 764.0 854.0 569.0 876.0 866.0 696.0 966.0 692.0 909.0 505.0 463.0 869.0 922.0 915.0 505.0 928.0 737.0 920.0 937.0 860.0 568.0 978.0 635.0 484.0 824.0 988.0 943.0 912.0 943.0 600.0 602.0 716.0 832.0 729.0 904.0 577.0 888.0 917.0 490.0 904.0 407.0 0 431.0 691.0 677.0 472.0 986.0 400.0 507.0 853.0 
822.0 839.0 423.0 825.0 703.0 761.0 890.0 881.0 639.0 773.0 890.0 780.0 864.0 937.0 609.0 936.0 894.0 863.0 907.0 833.0 447.0 833.0 727.0 721.0 420.0 452.0 890.0 624.0 604.0 581.0 924.0 914.0 733.0 841.0 430.0 816.0 872.0 695.0 935.0 553.0 799.0 832.0 431.0 0 439.0 870.0 860.0 837.0 831.0 938.0 422.0 
659.0 790.0 628.0 858.0 750.0 877.0 904.0 442.0 851.0 599.0 846.0 923.0 862.0 985.0 767.0 928.0 906.0 640.0 770.0 717.0 794.0 579.0 591.0 479.0 859.0 503.0 701.0 916.0 492.0 897.0 975.0 725.0 758.0 870.0 594.0 611.0 646.0 921.0 946.0 837.0 869.0 966.0 691.0 439.0 0 431.0 861.0 454.0 905.0 966.0 861.0 
534.0 735.0 587.0 850.0 785.0 853.0 519.0 784.0 751.0 819.0 415.0 506.0 431.0 780.0 898.0 867.0 887.0 476.0 902.0 981.0 904.0 930.0 907.0 749.0 654.0 649.0 772.0 929.0 505.0 906.0 905.0 767.0 743.0 709.0 865.0 497.0 903.0 987.0 911.0 545.0 954.0 903.0 677.0 870.0 431.0 0 549.0 843.0 610.0 937.0 897.0 
662.0 974.0 553.0 836.0 868.0 505.0 830.0 860.0 484.0 897.0 909.0 909.0 554.0 884.0 766.0 848.0 606.0 753.0 619.0 603.0 474.0 845.0 541.0 915.0 825.0 728.0 846.0 846.0 854.0 858.0 922.0 882.0 586.0 637.0 975.0 558.0 835.0 558.0 470.0 582.0 584.0 575.0 472.0 860.0 861.0 549.0 0 869.0 585.0 607.0 835.0 
994.0 563.0 414.0 816.0 866.0 459.0 695.0 647.0 946.0 912.0 508.0 818.0 412.0 836.0 1008.0 720.0 680.0 488.0 914.0 763.0 885.0 915.0 919.0 558.0 825.0 409.0 847.0 497.0 773.0 590.0 542.0 748.0 751.0 416.0 827.0 489.0 864.0 857.0 586.0 919.0 490.0 841.0 986.0 837.0 454.0 843.0 869.0 0 586.0 512.0 634.0 
893.0 457.0 769.0 923.0 873.0 466.0 572.0 948.0 689.0 857.0 715.0 761.0 726.0 927.0 693.0 888.0 838.0 706.0 849.0 685.0 889.0 471.0 578.0 936.0 840.0 424.0 647.0 543.0 512.0 643.0 569.0 766.0 871.0 627.0 927.0 857.0 727.0 615.0 736.0 871.0 942.0 807.0 400.0 831.0 905.0 610.0 585.0 586.0 0 417.0 874.0 
630.0 874.0 910.0 555.0 843.0 436.0 840.0 877.0 853.0 440.0 844.0 881.0 924.0 857.0 902.0 492.0 421.0 497.0 795.0 714.0 971.0 698.0 585.0 944.0 890.0 841.0 604.0 564.0 603.0 893.0 986.0 997.0 841.0 446.0 738.0 440.0 855.0 635.0 696.0 618.0 876.0 596.0 507.0 938.0 966.0 937.0 607.0 512.0 417.0 0 871.0 
400.0 417.0 582.0 409.0 839.0 642.0 1002.0 827.0 853.0 837.0 482.0 503.0 909.0 554.0 895.0 897.0 560.0 495.0 897.0 857.0 772.0 827.0 408.0 582.0 424.0 840.0 705.0 867.0 590.0 541.0 766.0 680.0 573.0 600.0 852.0 937.0 937.0 912.0 618.0 567.0 684.0 713.0 853.0 422.0 861.0 897.0 835.0 634.0 874.0 871.0 0 
