25
Spheal Inkay Gothorita Archeops Electivire Furret Wailord Beheeyem Leavanny Golett Ledian Zygarde Meganium Spiritomb Bergmite Gumshoos Togepi Sigilyph Loudred Gigalith Buneary Glalie Mudbray Wartortle Glameow
0 31.06445 37.33631 129.80698 133.41541 120.61094 92.12723 94.04518999999999 96.54673 164.56468999999998 172.2884 140.89690000000002 138.61439000000001 175.26426 219.75021 234.13072999999997 175.05969 166.8205 73.62749 73.23251 135.53018 152.68335000000002 161.35233 121.05648 33.10589 
31.06445 0 68.40075999999999 156.52553 143.44883000000002 135.83959 98.24714 122.8141 127.61117999999999 193.3336 201.05731 171.96135 107.54993999999999 206.32871 241.66922999999997 239.04055999999997 143.99524 197.88495 83.66091 104.29696000000001 166.59463 121.6189 130.28788 152.12093 43.13931 
37.33631 68.40075999999999 0 101.47413 114.55083 157.94725 129.46354 131.3815 133.88304 201.90099999999998 209.62471 178.23321 175.95069999999998 212.60057 257.08652 218.10757999999998 212.39599999999996 204.15681 110.96379999999999 110.56882 172.86649 190.01966000000002 198.68863999999996 158.39279 70.4422 
129.80698 156.52553 101.47413 0 13.0767 62.60447 114.49121 111.80787 118.91071 182.32736999999997 190.05108 161.05924000000002 118.30502 195.4266 182.73943 116.63345 186.76223 131.12285 96.97938 203.03949 194.68519 215.62335 180.33321 99.33321000000001 113.38622000000001 
133.41541 143.44883000000002 114.55083 13.0767 0 49.52777 127.56791000000001 124.88457 131.98741 174.63637 203.12778 168.55463 105.22832 208.50330000000002 169.66273 103.55675 178.4862 118.04615000000001 110.05608000000001 206.64792 181.60849 211.79255 167.25651 86.25650999999999 100.30952 
120.61094 135.83959 157.94725 62.60447 49.52777 0 103.10581 127.67277 146.88895 125.1086 205.91598 160.45634 112.40861000000001 194.82370000000003 219.1905 153.08452 148.85390999999998 167.57392000000002 133.81633 193.84345000000002 132.08071999999999 162.26478 117.72874 36.72874 149.83729 
92.12723 98.24714 129.46354 114.49121 127.56791 103.10581 0 65.58201 81.23096 136.10151 143.82522 119.75707 74.81616 180.23712 148.3974 153.18418 104.01507000000001 151.50473 165.75472 165.35974 201.09269 124.67233 97.5541 105.74071 125.23312 
94.04518999999999 122.8141 131.3815 111.80787 124.88457 127.67277 65.58201 0 19.33908 70.5195 78.24321 145.93368 99.38311999999999 204.80408 192.98612 218.76619 135.82842 89.61285000000001 132.77294 167.27769999999998 203.01065 149.23929 122.12106 107.65867 127.15108 
96.54673 127.61117999999999 133.88304 118.91071 131.98740999999998 146.88895000000002 81.23096 19.33908 0 89.85857999999999 97.58229 165.27276 110.75744 216.1784 173.64704 234.41514 129.26470999999998 70.27377 152.11202 169.77924000000002 205.51219 168.57836999999998 141.46014 110.16021 129.65262 
164.56468999999998 193.3336 201.90099999999998 182.32736999999997 174.63637 125.1086 136.10151 70.5195 89.85857999999999 0 148.76271 175.24419 169.90261999999998 209.61155000000002 254.09750000000003 278.19312 206.34792 160.13235 185.46744999999999 237.79719999999998 183.73183999999998 219.75878999999998 169.37986 88.37986 197.67057999999997 
172.2884 201.05730999999997 209.62471 190.05108 203.12778 205.91598 143.82522 78.24321 97.58229 148.76271 0 67.69047 138.74407000000002 164.09007000000003 208.57602000000003 243.59564 183.35154999999997 124.36061000000001 211.01615 214.60492 152.30725 145.20824000000002 200.36426999999998 185.90188 205.39429 
140.89690000000002 171.96135 178.23321 161.05924 168.55463 160.45634 119.75707 145.93368 165.27276 175.24419 67.69047 0 71.0536 96.3996 140.88555000000002 175.90517 191.61786 150.22884000000002 195.19554 146.91445 84.61678 77.51777 160.47224 123.7276 167.59773 
138.61439 107.54993999999999 175.95069999999998 118.30502 105.22832 112.40861000000001 74.81616 99.38311999999999 110.75744 169.90261999999998 138.74407000000002 71.0536 0 105.42096000000001 149.90691 208.78507 120.56425999999999 99.37339 159.29097000000002 211.8469 155.67038000000002 133.97513 106.85690000000001 132.74896 150.68925 
175.26426 206.32871 212.60057 195.4266 208.5033 194.82370000000003 180.23712 204.80408 216.1784 209.61155000000002 164.09007000000003 96.3996 105.42096000000001 0 44.48595 110.59193 142.15994 184.5962 229.5629 243.31405 181.01638000000003 173.91737 206.03893 158.09496000000001 208.37015000000002 
219.75021 241.66922999999997 257.08652 182.73943 169.66273 219.19050000000001 148.3974 192.98612 173.64704 254.09750000000003 208.57602000000003 140.88555000000002 149.90691 44.48595 0 66.10598 97.67399 158.11404 274.04885 287.8 225.50233000000003 218.40332000000004 240.97618999999997 202.58091000000002 252.85610000000003 
234.13072999999997 239.04055999999997 218.10757999999998 116.63345 103.55675 153.08452 153.18418 218.76619 234.41514 278.19312 243.59564 175.90517 208.78507 110.59193 66.10598 0 163.77997 221.6029 213.61283 307.36323999999996 260.52195 253.42294 238.34751999999997 189.81326 201.02483999999998 
175.05969 143.99524 212.396 186.76223 178.4862 148.85390999999998 104.01507000000001 135.82842 129.26471 206.34792 183.35155 191.61786 120.56425999999999 142.15994 97.67399 163.77997 0 60.44005 181.77429 248.29219999999998 276.23464 170.42042999999998 143.3022 185.58265 187.13455 
166.82049999999998 197.88494999999998 204.15680999999998 131.12285 118.04615000000001 167.57392000000002 151.50473 89.61285 70.27377 160.13234999999997 124.36061000000001 150.22884 99.37339 184.5962 158.11404 221.6029 60.44005 0 121.33424 240.05300999999997 234.84562 221.54729 192.19247000000001 180.43398 161.85584 
73.62749 83.66091 110.96379999999999 96.97938 110.05608000000001 133.81633 165.75472 132.77294 152.11202 185.46744999999999 211.01615 195.19554 159.29097 229.5629 274.04885 213.61283 181.77429 121.33424 0 146.86 192.43957 180.38178000000002 153.26355 97.08759 40.5216 
73.23251 104.29696000000001 110.56882 203.03949 206.64792 193.84345000000002 165.35974000000002 167.2777 169.77924000000002 237.7972 214.60492 146.91445 211.8469 243.31405 287.8 307.36324 248.29219999999998 240.05301000000003 146.86 0 62.29767 182.3185 234.58483999999999 157.64965 106.33840000000001 
135.53018 166.59463 172.86649 194.68518999999998 181.60849 132.08071999999999 201.09269 203.01065 205.51219 183.73183999999998 152.30725 84.61678 155.67038000000002 181.01638000000003 225.50233000000003 260.52195 276.23464 234.84562000000003 192.43957 62.29767 0 120.02083 176.35198 95.35198 168.63607000000002 
152.68335 121.6189 190.01966 215.62335000000002 211.79255 162.26478 124.67233 149.23928999999998 168.57836999999998 219.75878999999998 145.20824 77.51777 133.97513 173.91737 218.40332 253.42293999999998 170.42043 221.54729 180.38178 182.3185 120.02083 0 94.61637 175.61637000000002 164.75821 
161.35233 130.28788 198.68864 180.33320999999998 167.25651 117.72874 97.5541 122.12106 141.46014 169.37986 200.36427 160.47224 106.8569 206.03893 240.97618999999997 238.34751999999997 143.3022 192.19247000000001 153.26355 234.58483999999999 176.35198 94.61637 0 81.0 173.42719 
121.05648 152.12093 158.39279 99.33321 86.25650999999999 36.72874 105.74071 107.65867 110.16021 88.37986 185.90188 123.7276 132.74896 158.09496000000001 202.58091000000002 189.81325999999999 185.58265 180.43398000000002 97.08759 157.64965 95.35198 175.61637 81.0 0 137.60919 
33.10589 43.13931 70.4422 113.38622000000001 100.30952 149.83729 125.23312000000001 127.15108000000001 129.65262 197.67058 205.39429 167.59773 150.68925000000002 208.37015000000002 252.85610000000003 201.02483999999998 187.13455 161.85584 40.5216 106.33840000000001 168.63607000000002 164.75821000000002 173.42719 137.60919 0 
