16
100 172 98 15 178 115 161 130 48 133 23 7 47 195 26 62
0 430786232.0 1304094768.0 1691923329.0 1808627505.0 3205715691.0 1699424487.0 1052060241.0 1542379835.0 1778876020.0 2025990208.0 2059997662.0 2279680885.0 1697100648.0 147924627.0 783183538.0 
430786232.0 0 952658449.0 1261137097.0 1377841273.0 2787137685.0 2130210719.0 1482846473.0 1846061634.0 1948075810.0 1700961622.0 1629211430.0 2710467117.0 2127886880.0 578710859.0 1213969770.0 
1304094768.0 952658449.0 0 403255316.0 519959492.0 1929255904.0 2866189315.0 1921077688.0 2316902692.0 2112843957.0 1865729769.0 2226475647.0 2977179907.0 2705346162.0 1156170141.0 1791429052.0 
1691923329.0 1261137097.0 403255316.0 0 116704176.0 1526000588.0 2462933999.0 2324333004.0 2630844942.0 2516099273.0 2268985085.0 1968648866.0 2573924591.0 3108601478.0 1559425457.0 2194684368.0 
1808627505.0 1377841273.0 519959492.0 116704176.0 0 1409296412.0 2579638175.0 2441037180.0 2747549118.0 2593410316.0 2346296128.0 1851944690.0 2457220415.0 3225305654.0 1676129633.0 2311388544.0 
3205715691.0 2787137685.0 1929255904.0 1526000588.0 1409296412.0 0 1506291204.0 2634556388.0 2907979891.0 3737937851.0 3496769119.0 1911161742.0 3260078655.0 3199261660.0 3085426045.0 3720684956.0 
1699424487.0 2130210719.0 2866189315.0 2462933999.0 2579638175.0 1506291204.0 0 1128265184.0 1401688687.0 2231646647.0 2478760835.0 2503591086.0 2014041161.0 3122540709.0 1847349114.0 2482608025.0 
1052060241.0 1482846473.0 1921077688.0 2324333004.0 2441037180.0 2634556388.0 1128265184.0 0 852677544.0 1535227509.0 1782341697.0 1856226840.0 2851014877.0 2547623682.0 1199984868.0 1835243779.0 
1542379835.0 1846061634.0 2316902692.0 2630844942.0 2747549118.0 2907979891.0 1401688687.0 852677544.0 0 2170247832.0 2288961984.0 2346546434.0 3364759195.0 2231645954.0 1609582377.0 2244841288.0 
1778876020.0 1948075810.0 2112843957.0 2516099273.0 2593410316.0 3737937851.0 2231646647.0 1535227509.0 2170247832.0 0 247114188.0 2136496895.0 3422026069.0 2162478445.0 1874180080.0 2509438991.0 
2025990208.0 1700961622.0 1865729769.0 2268985085.0 2346296128.0 3496769119.0 2478760835.0 1782341697.0 2288961984.0 247114188.0 0 1889382707.0 3220874772.0 2220872028.0 1880635923.0 2515894834.0 
2059997662.0 1629211430.0 2226475647.0 1968648866.0 1851944690.0 1911161742.0 2503591086.0 1856226840.0 2346546434.0 2136496895.0 1889382707.0 0 1348916913.0 1591875248.0 2207922289.0 2843181200.0 
2279680885.0 2710467117.0 2977179907.0 2573924591.0 2457220415.0 3260078655.0 2014041161.0 2851014877.0 3364759195.0 3422026069.0 3220874772.0 1348916913.0 0 1313064735.0 2427605512.0 3062864423.0 
1697100648.0 2127886880.0 2705346162.0 3108601478.0 3225305654.0 3199261660.0 3122540709.0 2547623682.0 2231645954.0 2162478445.0 2220872028.0 1591875248.0 1313064735.0 0 1549176021.0 2184434932.0 
147924627.0 578710859.0 1156170141.0 1559425457.0 1676129633.0 3085426045.0 1847349114.0 1199984868.0 1609582377.0 1874180080.0 1880635923.0 2207922289.0 2427605512.0 1549176021.0 0 635258911.0 
783183538.0 1213969770.0 1791429052.0 2194684368.0 2311388544.0 3720684956.0 2482608025.0 1835243779.0 2244841288.0 2509438991.0 2515894834.0 2843181200.0 3062864423.0 2184434932.0 635258911.0 0 
