23
47 10 31 2 21 24 41 43 34 17 48 28 30 35 25 7 19 45 16 12 33 27 39
0 89418055.0 172801351.0 185551825.0 290707464.0 575134188.0 421743779.0 1083076996.0 1507868399.0 2584086872.0 2609098985.0 1221856640.0 1284430911.0 1300017696.0 1397470085.0 1493396049.0 1524486096.0 1686344532.0 1109876631.0 2685871366.0 2997512453.0 2369427940.0 182772912.0 
89418055.0 0 83383296.0 274969880.0 380125519.0 664552243.0 511161834.0 1172495051.0 1597286454.0 2673504927.0 2698517040.0 1146788458.0 1209362729.0 1389435751.0 1486888140.0 1582814104.0 1613904151.0 1775762587.0 1199294686.0 2767509942.0 2922444271.0 2458845995.0 272190967.0 
172801351.0 83383296.0 0 358353176.0 463508815.0 747935539.0 594545130.0 1255878347.0 1680669750.0 2756888223.0 2781900336.0 1230171754.0 1292746025.0 1472819047.0 1570271436.0 1666197400.0 1697287447.0 1859145883.0 1282677982.0 2850893238.0 3005827567.0 2542229291.0 355574263.0 
185551825.0 274969880.0 358353176.0 0 105155639.0 482285171.0 607295604.0 990227979.0 1415019382.0 2491237855.0 2610967728.0 1407408465.0 1469982736.0 1485569521.0 1583021910.0 1307844224.0 1338934271.0 1554842190.0 1295428456.0 2871423191.0 3183064278.0 2554979765.0 368324737.0 
290707464.0 380125519.0 463508815.0 105155639.0 0 587440810.0 712451243.0 1095383618.0 1520175021.0 2596393494.0 2716123367.0 1492702158.0 1555276429.0 1567622306.0 1665074695.0 1202688585.0 1233778632.0 1449686551.0 1400584095.0 2976578830.0 3268357971.0 2660135404.0 473480376.0 
575134188.0 664552243.0 747935539.0 482285171.0 587440810.0 0 153390409.0 507942808.0 932734211.0 2008952684.0 2738358300.0 1796990828.0 1859565099.0 1509606060.0 1607058449.0 1358208310.0 1327118263.0 1111210344.0 929582699.0 2505577434.0 2892518001.0 2101074570.0 392361276.0 
421743779.0 511161834.0 594545130.0 607295604.0 712451243.0 153390409.0 0 661333217.0 1086124620.0 2162343093.0 2891748709.0 1643600419.0 1706174690.0 1356215651.0 1453668040.0 1511598719.0 1480508672.0 1264600753.0 1082973108.0 2658967843.0 3045908410.0 1947684161.0 238970867.0 
1083076996.0 1172495051.0 1255878347.0 990227979.0 1095383618.0 507942808.0 661333217.0 0 424791403.0 1501009876.0 2230415492.0 1884775322.0 1822201051.0 1392755038.0 1490207427.0 1757688759.0 1788778806.0 1619153152.0 1437525507.0 3013520242.0 3295278241.0 2609017378.0 900304084.0 
1507868399.0 1597286454.0 1680669750.0 1415019382.0 1520175021.0 932734211.0 1086124620.0 424791403.0 0 1076218473.0 1805624089.0 2309566725.0 2246992454.0 1817546441.0 1914998830.0 2182480162.0 2213570209.0 2043944555.0 1862316910.0 3438311645.0 3720069644.0 3033808781.0 1325095487.0 
2584086872.0 2673504927.0 2756888223.0 2491237855.0 2596393494.0 2008952684.0 2162343093.0 1501009876.0 1076218473.0 0 991475761.0 2561624231.0 2624198502.0 2893764914.0 2991217303.0 3258698635.0 3289788682.0 3120163028.0 2938535383.0 4487396121.0 4100455554.0 4110027254.0 2401313960.0 
2609098985.0 2698517040.0 2781900336.0 2610967728.0 2716123367.0 2738358300.0 2891748709.0 2230415492.0 1805624089.0 991475761.0 0 1570148470.0 1632722741.0 3355658336.0 3372215652.0 3720592057.0 3751682104.0 3849568644.0 3667940999.0 3495920360.0 3108979793.0 3434231707.0 2791871897.0 
1221856640.0 1146788458.0 1230171754.0 1407408465.0 1492702158.0 1796990828.0 1643600419.0 1884775322.0 2309566725.0 2561624231.0 1570148470.0 0 62574271.0 1785509866.0 1802067182.0 2150443587.0 2181533634.0 2397441553.0 2331733271.0 2268697667.0 1881757100.0 2207009014.0 1404629552.0 
1284430911.0 1209362729.0 1292746025.0 1469982736.0 1555276429.0 1859565099.0 1706174690.0 1822201051.0 2246992454.0 2624198502.0 1632722741.0 62574271.0 0 1722935595.0 1820387984.0 2087869316.0 2118959363.0 2334867282.0 2394307542.0 2331271938.0 1944331371.0 2269583285.0 1467203823.0 
1300017696.0 1389435751.0 1472819047.0 1485569521.0 1567622306.0 1509606060.0 1356215651.0 1392755038.0 1817546441.0 2893764914.0 3355658336.0 1785509866.0 1722935595.0 0 97452389.0 364933721.0 396023768.0 611931687.0 1571591355.0 1747588874.0 1902523203.0 3303899812.0 1117244784.0 
1397470085.0 1486888140.0 1570271436.0 1583021910.0 1665074695.0 1607058449.0 1453668040.0 1490207427.0 1914998830.0 2991217303.0 3372215652.0 1802067182.0 1820387984.0 97452389.0 0 462386110.0 493476157.0 709384076.0 1635887042.0 1650136485.0 1805070814.0 3401352201.0 1214697173.0 
1493396049.0 1582814104.0 1666197400.0 1307844224.0 1202688585.0 1358208310.0 1511598719.0 1757688759.0 2182480162.0 3258698635.0 3720592057.0 2150443587.0 2087869316.0 364933721.0 462386110.0 0 31090047.0 246997966.0 1936525076.0 2112522595.0 2267456924.0 3459282880.0 1482178505.0 
1524486096.0 1613904151.0 1697287447.0 1338934271.0 1233778632.0 1327118263.0 1480508672.0 1788778806.0 2213570209.0 3289788682.0 3751682104.0 2181533634.0 2118959363.0 396023768.0 493476157.0 31090047.0 0 215907919.0 1967615123.0 2143612642.0 2298546971.0 3428192833.0 1513268552.0 
1686344532.0 1775762587.0 1859145883.0 1554842190.0 1449686551.0 1111210344.0 1264600753.0 1619153152.0 2043944555.0 3120163028.0 3849568644.0 2397441553.0 2334867282.0 611931687.0 709384076.0 246997966.0 215907919.0 0 2040793043.0 2359520561.0 2514454890.0 3212284914.0 1503571620.0 
1109876631.0 1199294686.0 1282677982.0 1295428456.0 1400584095.0 929582699.0 1082973108.0 1437525507.0 1862316910.0 2938535383.0 3667940999.0 2331733271.0 2394307542.0 1571591355.0 1635887042.0 1936525076.0 1967615123.0 2040793043.0 0 1575994735.0 1962935302.0 3030657269.0 1066832424.0 
2685871366.0 2767509942.0 2850893238.0 2871423191.0 2976578830.0 2505577434.0 2658967843.0 3013520242.0 3438311645.0 4487396121.0 3495920360.0 2268697667.0 2331271938.0 1747588874.0 1650136485.0 2112522595.0 2143612642.0 2359520561.0 1575994735.0 0 386940567.0 2734710075.0 2642827159.0 
2997512453.0 2922444271.0 3005827567.0 3183064278.0 3268357971.0 2892518001.0 3045908410.0 3295278241.0 3720069644.0 4100455554.0 3108979793.0 1881757100.0 1944331371.0 1902523203.0 1805070814.0 2267456924.0 2298546971.0 2514454890.0 1962935302.0 386940567.0 0 2347769508.0 3019767987.0 
2369427940.0 2458845995.0 2542229291.0 2554979765.0 2660135404.0 2101074570.0 1947684161.0 2609017378.0 3033808781.0 4110027254.0 3434231707.0 2207009014.0 2269583285.0 3303899812.0 3401352201.0 3459282880.0 3428192833.0 3212284914.0 3030657269.0 2734710075.0 2347769508.0 0 2186655028.0 
182772912.0 272190967.0 355574263.0 368324737.0 473480376.0 392361276.0 238970867.0 900304084.0 1325095487.0 2401313960.0 2791871897.0 1404629552.0 1467203823.0 1117244784.0 1214697173.0 1482178505.0 1513268552.0 1503571620.0 1066832424.0 2642827159.0 3019767987.0 2186655028.0 0 
