24
L36 L25 L10 L45 L24 L7 L26 L38 L43 L5 L48 L30 L42 L12 L9 L3 L37 L20 L15 L28 L2 L33 L13 L23
0 40.77458 56.39602 48.4334 72.22152 64.18388 50.20999 64.84949 61.53766 76.97287 76.77069 84.96344 83.13377 70.96738 50.09419 57.84521 63.03709 58.05588 68.50343 56.30949 48.57 59.62324 48.20599 38.80974 
40.77458 0 44.95396 47.37889 59.94616 55.61006 60.19771 72.52028 65.62112 83.67446 77.47455 77.42839 68.60475 56.5527 64.15937 80.30061 73.00322 64.60407 77.176 54.11965 56.12723 64.75648 65.15022 46.76526 
56.39602 44.95396 0 41.84871 52.55923 49.31535 50.70646 54.92769 47.64846 62.16298 63.25953 65.29304 53.22349 54.56011 55.92844 67.84924 66.41396 67.55926 67.07803 56.12024 61.50752 59.52842 57.86938 38.93546 
48.4334 47.37889 41.84871 0 45.98482 56.28343 47.95355 52.30438 50.81326 64.64849 56.9321 49.76446 47.11047 61.66306 49.75665 54.28104 48.02372 56.94109 58.66803 49.917 48.9277 52.55976 56.45416 51.92774 
72.22152 59.94616 52.55923 45.98482 0 48.67885 53.0655 50.85743 61.25985 74.71961 58.2699 57.90146 56.84344 56.24197 61.52121 70.48081 78.56015 68.31677 55.84052 51.70354 77.42448 44.23568 70.66919 73.03004 
64.18388 55.61006 49.31535 56.28343 48.67885 0 50.11642 64.33504 60.87665 73.55916 70.03566 67.22928 72.06867 72.14562 75.78454 69.0745 67.21179 58.04286 56.26671 61.57361 79.99744 57.33586 70.3122 57.91185 
50.20999 60.19771 50.70646 47.95355 53.0655 50.11642 0 34.12665 44.21974 44.61033 58.25074 69.40668 75.51801 70.16074 44.59552 50.78797 68.60923 66.95558 59.6434 60.01437 67.75927 40.60769 40.85527 50.77473 
64.84949 72.52028 54.92769 52.30438 50.85743 64.33504 34.12665 0 32.10936 41.11745 42.93951 64.17109 68.66192 68.43261 47.5455 53.54374 69.96895 71.16467 51.76654 53.39761 73.54707 34.43556 46.99096 60.9583 
61.53766 65.62112 47.64846 50.81326 61.25985 60.87665 44.21974 32.10936 0 35.47511 40.45665 60.25548 68.82642 70.89463 56.95079 63.77352 61.27743 64.64078 53.27248 47.03032 64.11463 41.11959 51.71848 48.66745 
76.97287 83.67446 62.16298 64.64849 74.71961 73.55916 44.61033 41.11745 35.47511 0 43.36892 60.97534 76.2965 77.26932 58.65449 63.77027 72.3323 86.47293 70.07777 64.80312 70.14527 57.16219 65.22013 62.92967 
76.77069 77.47455 63.25953 56.9321 58.2699 70.03566 58.25074 42.93951 40.45665 43.36892 0 39.50862 61.42686 61.73914 61.75211 62.7457 61.26403 71.56477 46.6661 41.19778 61.32591 53.69412 80.36629 65.36775 
84.96344 77.42839 65.29304 49.76446 57.90146 67.22928 69.40668 64.17109 60.25548 60.97534 39.50862 0 39.98571 63.18126 72.76249 66.69078 56.53706 80.25691 63.8915 53.07766 63.48809 67.18014 90.44018 77.83551 
83.13377 68.60475 53.22349 47.11047 56.84344 72.06867 75.51801 68.66192 68.82642 76.2965 61.42686 39.98571 0 51.70996 70.11878 71.4718 67.40872 89.56816 79.2987 60.1324 68.17625 73.17646 84.57376 78.15482 
70.96738 56.5527 54.56011 61.66306 56.24197 72.14562 70.16074 68.43261 70.89463 77.26932 61.73914 63.18126 51.70996 0 52.00873 73.01818 87.817 93.93535 80.8868 82.18466000000001 56.03928 63.06746 81.37507 71.50283 
50.09419 64.15937 55.92844 49.75665 61.52121 75.78454 44.59552 47.5455 56.95079 58.65449 61.75211 72.76249 70.11878 52.00873 0 46.67757 79.50061 85.55561 73.70756 50.69851 48.50923 45.6231 47.67516 61.21453 
57.84521 80.30061 67.84924 54.28104 70.48081 69.0745 50.78797 53.54374 63.77352 63.77027 62.7457 66.69078 71.4718 73.01818 46.67757 0 56.95 76.6759 59.49437 61.43521 62.40774 58.43841 60.07812 66.39965 
63.03709 73.00322 66.41396 48.02372 78.56015 67.21179 68.60923 69.96895 61.27743 72.3323 61.26403 56.53706 67.40872 87.817 79.50061 56.95 0 50.103 53.34422 66.44364 62.40322 78.60878 80.72072 55.72142 
58.05588 64.60407 67.55926 56.94109 68.31677 58.04286 66.95558 71.16467 64.64078 86.47293 71.56477 80.25691 89.56816 93.93535 85.55561 76.6759 50.103 0 39.56994 67.79343 77.26268 72.93447 79.97889 51.81282 
68.50343 77.176 67.07803 58.66803 55.84052 56.26671 59.6434 51.76654 53.27248 70.07777 46.6661 63.8915 79.2987 80.8868 73.70756 59.49437 53.34422 39.56994 0 53.01598 76.0283 56.65511 78.47812 61.17762 
56.30949 54.11965 56.12024 49.917 51.70354 61.57361 60.01437 53.39761 47.03032 64.80312 41.19778 53.07766 60.1324 82.18466000000001 50.69851 61.43521 66.44364 67.79343 53.01598 0 45.41394 41.00894 69.54832 59.44364 
48.57 56.12723 61.50752 48.9277 77.42448 79.99744 67.75927 73.54707 64.11463 70.14527 61.32591 63.48809 68.17625 56.03928 48.50923 62.40774 62.40322 77.26268 76.0283 45.41394 0 69.42878 75.70217 53.95077 
59.62324 64.75648 59.52842 52.55976 44.23568 57.33586 40.60769 34.43556 41.11959 57.16219 53.69412 67.18014 73.17646 63.06746 45.6231 58.43841 78.60878 72.93447 56.65511 41.00894 69.42878 0 45.65958 67.95975 
48.20599 65.15022 57.86938 56.45416 70.66919 70.3122 40.85527 46.99096 51.71848 65.22013 80.36629 90.44018 84.57376 81.37507 47.67516 60.07812 80.72072 79.97889 78.47812 69.54832 75.70217 45.65958 0 87.01572999999999 
38.80974 46.76526 38.93546 51.92774 73.03004 57.91185 50.77473 60.9583 48.66745 62.92967 65.36775 77.83551 78.15482 71.50283 61.21453 66.39965 55.72142 51.81282 61.17762 59.44364 53.95077 67.95975 87.01572999999999 0 
