98
L103 L7 L114 L53 L92 L105 L56 L0 L126 L65 L155 L197 L148 L182 L175 L88 L135 L79 L78 L85 L83 L20 L86 L95 L11 L115 L40 L22 L199 L82 L68 L10 L165 L133 L116 L75 L169 L196 L187 L141 L98 L189 L180 L45 L99 L150 L61 L171 L190 L139 L173 L164 L73 L149 L72 L34 L195 L108 L96 L23 L50 L125 L74 L117 L154 L104 L32 L55 L24 L146 L8 L192 L107 L59 L147 L121 L28 L90 L130 L27 L48 L181 L87 L174 L158 L144 L186 L131 L112 L97 L70 L3 L37 L106 L60 L47 L129 L12
0 147.29451 175.9591 235.60647 285.95953 328.4331 290.9039 258.15455 302.74021 282.53338 337.13493 297.12834 301.37035 293.4471 303.16854 348.08922 317.59221 249.515 174.89802 233.48232 180.03025 194.26592 245.30424 281.89385 317.24336 288.26658 241.45812 255.72338 252.48233 219.27702 270.76932 270.43178 285.62862 301.10055 269.01861 186.02432 155.68745 193.03669 213.38205 260.88602 215.53935 248.37197 286.21584 289.01194 313.36816 305.73534 282.72682 252.042 205.07942 231.08092 180.28325 197.78899 201.11132 273.7453 257.86446 311.40521 287.46917 283.82182 299.26539 291.24896 298.65863 346.82339 317.74327 274.34204 319.45331 317.86418 281.06267 320.73161 315.41952 317.45606 250.30122 268.48774 243.76234 244.64613 305.80985 281.92802 315.80225 276.36142 245.56553 222.55058 209.39115 296.53575 349.24107 311.98941 297.02589 309.78181 343.68296 236.86984 237.54465 297.58099 327.27466 315.93759 266.22562 322.66514 381.39416 196.40306 137.92008 81.47507 
147.29451 0 116.6148 212.29056 269.12261 304.95296 227.01596 206.84548 247.93768 252.66695 282.10873 246.61496 229.07492 213.58393 260.30547 295.34302 280.15462 194.07521 191.59218 209.37827 182.27395 167.35781 182.3837 211.82821 239.5399 277.04485999999997 169.89973 212.87218 197.61523 160.63525 253.22931 272.84885 314.07674 306.25913 244.40042 197.29213 155.88137 176.0683 195.15406 204.39211 207.47069 243.53865 322.33591 323.48784 292.14902 314.3794 305.6964 239.11001 225.89701 232.75091 197.85965 182.76673 179.986 283.10955 280.66853 288.32263 236.13489 236.48982 241.81423 242.49853 220.61292 292.05208 304.67942 267.30796 299.27651 243.3017 186.33397 233.5387 227.50763 264.62987 208.57462 199.20665 150.50523 221.81172 308.83585 265.54766 297.14862 229.65996 216.74054 224.64842 201.92566 258.2294 291.85809 295.09602 319.87635 320.70256 321.98508 243.09473 258.67305 284.84368 242.08045 231.0253 255.68259 321.17471 278.7391 190.58131 172.17482 150.45456 
175.9591 116.6148 0 152.93042 222.01646 259.77511 188.23641 197.47576 259.29707 239.14257 244.56108 209.08023 221.26936 227.00027 275.85969 288.83698 271.8665 210.4183 204.60781 230.06647 219.96504 181.03979 188.58887 197.07453 224.21881 222.24678 169.80969 200.68701 168.95375 153.8138 252.02487 264.34954 304.21156 291.75932 265.04462 208.79997 196.5927 240.56929 255.56381 252.84357 234.46637 256.79376 317.6263 328.19665 262.4268 295.54304 287.44751 251.94424 230.06265 227.84385 160.48336 275.18787 154.54717 254.4758 237.41869 239.68909 226.61312 198.0355 213.80809 229.4069 247.74851 323.94614 326.94464 292.14114 304.39619 303.11919 244.90724 262.81072 248.90584 223.91021 165.47694 169.33124 164.95891 182.78617 255.65175 224.64645 257.96496 223.65954 217.84417 209.02806 163.94692 268.82172 295.98291 260.71085 323.33907 269.28566 291.58192 241.01054 285.56259 275.22419 227.83745 223.27048 241.46493 295.72651 205.43506 214.11206 188.03033 189.52211 
235.60647 212.29056 152.93042 0 121.47025 191.1494 177.07625 222.44505 246.95546 191.70415 183.08099 140.65027 177.11271 214.6542 253.00845 217.30884 221.42585 193.53967 200.34259 196.98834 231.86297 195.7743 165.39871 157.46028 196.72601 221.07911 195.25483 179.74763 213.10328 195.239 223.64206 215.50228 230.09517 189.92833 231.04207 199.78753 223.69176 291.55569 266.0018 257.52585 246.51168 182.15424 237.1422 284.11683 186.44843 218.29329 232.6831 238.26322 208.97432 195.33195 156.25559 188.4587 202.78135 244.43429 208.876 217.06938 256.64406 179.90315 210.70154 202.06822 212.62395 274.03377 269.6264 250.67652 300.22921 303.90499 264.08271 266.48591 245.25201 193.93222 140.32953 198.08113 233.72586 191.99363 206.84747 252.85149 260.84368 238.51727 270.58108 178.49645 131.25991 213.36208 263.26294 226.91796 170.40865 162.27855 199.11198 220.87997 237.07983 215.80024 230.26852 287.3806 298.57379 240.68501 203.79474 225.56937 203.24832 226.62221 
285.95953 269.12261 222.01646 121.47025 0 117.41119 181.73219 245.78034 266.03382 185.6017 181.36464 175.28715 224.18292 258.53346 269.82051 200.80683 222.84674 194.41248 225.62259 253.818 276.38363 260.73822 221.75124 179.05386 204.15878 225.9786 174.49543 176.89983 238.46509 217.03171 238.61117 226.48461 268.26057 231.01831 270.20493 256.0016 262.24693 326.09639 315.72689 290.14797 286.46429 214.28635 233.65043 306.07298 207.43759 235.05189 170.74352 203.02032 204.1563 214.15403 204.37799 242.74912 262.37673 318.87125 266.10903 256.66611 301.40675 196.90261 221.23818 199.92817 235.34934 252.68314 285.49492 274.76873 271.05786 309.02954 313.77136 318.87563 271.69024 214.79532 224.40832 314.48805 288.41112 239.37039 231.74326 273.96895 260.031 261.17513 282.23995 183.67881 184.8688 183.46375 271.10051 233.63407 167.29922 169.10514 208.22343 245.63797 248.90922 251.42515 229.07819 323.40331 309.49644 235.94144 273.07811 246.94192 239.61726 259.42565 
328.4331 304.95296 259.77511 191.1494 117.41119 0 174.72201 224.7427 240.48023 208.01842 226.42033 232.28786 253.39091 274.33376 274.75996 190.92569 244.62386 239.35552 294.9594 328.49718 315.32031 305.15775 287.92982 244.51715 262.51932 269.83819 206.3244 192.12179 236.0145 207.39024 221.11755 203.77475 272.06684 244.92744 265.87657 276.7369 284.16061 332.66222 369.10697 356.94927 341.39793 279.29402 273.76833 326.47723 247.6739 301.12602 216.37685 244.11451 264.70362 286.49009 283.83093 315.60937 299.99214 373.84005 289.30988 244.18962 319.84337 224.5155 284.01858 241.74048 256.77578 289.50708 334.06503 353.56552 306.80591 328.6872 325.27692 334.60751 293.00862 263.66986 244.24039 274.21538 295.68275 227.93148 191.97426 250.59464 266.81334 313.00451 320.3484 260.09647 231.47942 222.01983 264.32778 226.12919 204.05961 205.46066 195.26008 227.55936 261.96568 260.66288 226.47265 326.96759 300.76344 216.15416 310.12743 286.97113 280.62072 302.6021 
290.9039 227.01596 188.23641 177.07625 181.73219 174.72201 0 108.37556 179.50931 161.76879 273.61965 167.77506 187.9944 221.20646 230.42161 199.73559 180.25694 154.73002 236.39514 285.95539 315.96119 282.70794 261.87828 200.12052 236.52039 233.00734 187.90761 198.57308 171.74505 179.49034 244.45895 213.61769 264.76036 264.13608 230.07351 225.84406 221.38533 246.13171 288.38071 267.08207 253.62445 231.40333 283.05965 272.41055 169.76267 236.31626 225.04076 246.50018 253.47652 241.71924 233.02253 229.99527 225.30041 293.08241 234.66992 150.97426 162.49277 116.3791 126.81958 199.80582 207.0213 254.61929 279.31358 310.47492 253.2193 267.10994 234.25995 245.46703 167.9304 176.12644 168.54644 146.40974 164.0255 158.42352 203.46507 183.53577 224.95569 252.5249 260.05707 246.77411 223.61281 229.9498 204.99918 252.50417 251.78616 258.63157 264.06587 258.68891 277.57803 238.28516 178.57085 201.22756 261.2462 251.69476 220.31586 223.25675 234.94758 254.50167 
258.15455 206.84548 197.47576 222.44505 245.78034 224.7427 108.37556 0 126.54005 159.49012 236.95817 214.77754 190.77518 198.41762 188.26948 217.09428 188.36164 263.10558 240.78089 300.43167 301.09868 266.0359 288.13559 238.79331 269.69403 255.3599 213.84662 215.52802 152.35308 151.4583 219.99123 199.6506 238.37079 269.82578 201.10907 199.45419 164.67284 171.86156 273.17298 265.90105 241.7524 246.25616 287.48887 239.7657 211.94341 268.00891 258.94577 246.40143 254.04163 255.65973 251.21648 245.87763 193.71882 271.15947 202.65392 134.04027 137.14923 224.75466 143.86175 229.85868 209.26191 259.8734 269.68013 307.87403 255.34305 239.07595 191.40941 218.81436 182.32816 221.26669 187.60986 168.10174 149.34636 155.1995 213.19345 145.1702 224.74125 262.12153 250.97637 271.85523 242.39858 261.55042 189.23656 247.90326 283.50048 279.50499 285.8655 238.31994 247.24107 233.64754 193.25271 179.65612 202.73322 228.20704 246.18989 185.02568 197.24363 222.38469 
302.74021 247.93768 259.29707 246.95546 266.03382 240.48023 179.50931 126.54005 0 141.53505 219.00197 222.1831 161.97217 169.51334 158.06062 201.76044 204.06187 214.74318 288.0613 320.09712 313.3051 289.04419 311.11574 265.35559 261.54423 236.68283 243.40466 247.49713 210.01733 156.80319 167.4622 179.01771 213.01777 268.1966 220.3289 249.38022 212.27845 208.89987 308.04294 299.44662 300.05964 263.52205 310.21739 266.64102 253.4556 357.34777 310.76171 258.90123 247.74621 249.92645 282.64779 303.95384 212.42943 288.5903 248.46194 168.75912 215.37124 234.4941 192.40344 222.15879 141.93257 214.12139 314.43892 298.624 294.86991 233.87709 176.43248 180.12806 186.37223 223.41261 229.64218 251.77593 225.06589 238.39683 251.02065 217.11358 286.70217 296.3935 294.0211 314.34158 277.14092 255.62387 207.55631 270.93597 329.01704 281.35138 275.04643 265.39416 241.0874 254.0962 200.27954 233.97925 230.77029 183.84109 315.72829 206.41891 238.84542 269.04202 
282.53338 252.66695 239.14257 191.70415 185.6017 208.01842 161.76879 159.49012 141.53505 0 128.97368 152.65852 141.69821 181.06134 150.34141 181.74531 137.86554 162.3174 223.30101 279.95577 309.89846 269.73776 276.56043 202.20743 197.75519 210.24579 199.42515 212.89287 197.67027 177.14533 199.49167 204.05635 213.0797 262.31532 253.37918 250.73373 204.89504 241.20315 286.82464 245.67784 258.79498 211.86145 253.53692 238.39966 195.53376 215.81272 217.62893 175.8529 168.68154 168.0863 206.10587 238.10405 177.3967 230.36907 203.70621 170.42353 206.72345 188.24504 192.84974 177.32635 162.65718 159.526 177.87507 212.50293 209.53271 227.19871 230.724 224.21737 193.38325 150.86993 230.48466 255.52059 257.36091 254.18295 262.82189 217.58026 231.82614 236.51424 243.11161 235.38868 243.10582 213.77152 204.15915 248.68006 257.32156 210.72302 265.9502 284.61381 225.83736 237.99546 181.47301 239.21688 221.09003 156.24981 278.1399 154.75713 196.24775 237.06828 
337.13493 282.10873 244.56108 183.08099 181.36464 226.42033 273.61965 236.95817 219.00197 128.97368 0 110.86248 125.30365 182.08516 192.19599 187.02319 182.29716 199.92455 261.4544 276.00508 327.61857 274.29644 263.40595 182.78011 123.95963 195.31821 207.37578 236.0245 240.16121 217.57266 259.9616 287.83197 296.78657 304.18439 314.61233 322.67671 278.60726 337.49438 343.01807 274.18714 320.16615 262.57267 302.71256 325.52409 222.79097 257.09206 272.28674 214.9704 214.41459 203.03699 225.56039 258.03529 212.36529 268.17125 255.29543 227.78964 266.14357 225.62941 226.07605 177.5108 181.62025 195.55986 248.73119 223.48046 239.94596 267.9905 267.10104 260.9546 243.46722 140.27115 248.35621 272.31176 290.92517 303.8066 316.44728 292.09694 284.31799 264.30853 291.56838 265.88762 269.57838 257.0755 321.40864999999997 274.94932 259.4162 196.02546 255.26116 323.33134 298.38253 281.16307 163.00237 262.04632 282.22343 196.65403 267.49368 231.99462 270.47867 310.62102 
297.12834 246.61496 209.08023 140.65027 175.28715 232.28786 167.77506 214.77754 222.1831 152.65852 110.86248 0 125.07176 196.22539 199.87837 186.01758 162.4764 147.07057 199.52682 211.22848 294.42657 254.27243 238.94948 186.8671 170.05423 210.35899 219.47679 236.94941 252.04036 229.87059 352.15019 273.66257 269.04334 269.50254 274.76021 279.50621 244.99101 310.799 290.92318 246.98767 284.76698 210.83706 255.67107 273.55968 142.29615 185.1138 243.22902 235.11739 206.81337 180.20624 189.00099 229.48409 214.97437 259.9637 229.71646 200.34453 222.16017 200.65939 206.47756 170.84464 176.59617 222.74544 244.57823 302.53966 228.50643 272.0442 242.53466 269.23402 221.45317 137.33449 180.15699 198.11799 228.55185 255.12361 287.78083 296.30788 309.08078 285.71984 311.81516 319.14672 254.20237 269.71815 267.43149 299.77202 232.59371 191.58365 234.04581 286.75483 281.25512 243.87116 186.75657 248.73912 316.51273 226.41767 192.42422 229.16202 254.72235 274.38939 
301.37035 229.07492 221.26936 177.11271 224.18292 253.39091 187.9944 190.77518 161.97217 141.69821 125.30365 125.07176 0 82.34716 128.69151 154.9334 171.29398 185.12778 242.33428 225.17148 272.09367 212.49431 222.15759 164.6096 147.17896 186.42062 220.36588 223.6207 220.11821 191.78368 233.46103 260.83679 256.88036 247.43145 226.7833 257.99951 213.67483 273.95541 285.7573 226.89043 272.19649 218.0457 277.28434 280.30103 204.87967 257.77706 299.94197 238.59843 240.46234 226.76627 240.97914 253.51651 193.9827 244.86698 218.48659 204.11111 220.04268 208.55733 196.52181 190.35918 126.49186 184.2052 223.11717 211.42647 262.34286 204.55954 158.46523 179.79064 204.16929 187.45464 200.68808 216.35447 225.50944 253.11821 293.06425 273.61691 290.36485 261.34972 296.36197 268.71479 246.39367 253.86107 196.105 249.57636 268.85895 316.65541 231.06787 266.39207 251.24898 234.55149 163.7896 235.42533 274.11053 204.1339 248.23842 199.90879 232.06499 278.21583 
293.4471 213.58393 227.00027 214.6542 258.53346 274.33376 221.20646 198.41762 169.51334 181.06134 182.08516 196.22539 82.34716 0 122.70901 171.92275 214.31207 219.44569 263.23923 236.65565 244.36304 179.62051 216.1676 169.84038 159.18714 189.6356 218.71696 221.20041 211.93251 176.9592 227.67246 276.79725 284.21209 258.07086 210.30169 252.92028 195.11609 256.8434 290.66442 226.09117 269.76348 243.26026 296.6282 302.95719 261.13035 315.72657 329.62131 243.51339 267.66216 270.54649 275.84113 271.78485 202.39479 270.22978 236.05579 244.68724 245.19862 231.54432 209.03153 221.20328 148.70259 199.59599 253.19381 236.51497 284.73911 173.17587 123.6615 163.98865 233.22607 249.18957 235.22851 237.02139 231.14912 258.32556 312.33069 274.62509 291.43925 260.03352 290.81369 273.94195 248.14416 259.89851 179.93148 224.48012 291.39023 239.87641 247.77924 247.42674 244.27045 253.98841 176.15308 247.55899 250.67013 223.95099 288.02987 194.4329 221.08979 275.93904 
303.16854 260.30547 275.85969 253.00845 269.82051 274.75996 230.42161 188.26948 158.06062 150.34141 192.19599 199.87837 128.69151 122.70901 0 148.4642 160.47678 200.69998 248.45753 265.66114 284.95956 233.92729 287.69578 233.43711 218.50696 239.15295 248.43519 243.59704 241.48605 212.80375 256.74291 280.62776 263.30878 280.46067 227.3814 274.78162 180.89276 250.4412 298.98896 245.53066 292.53829 251.9454 260.6157 247.818 237.31946 280.91094 288.83699 213.57656 248.85786 266.18928 291.1476 309.62603 229.05676 286.82553 219.11048 231.68364 242.79043 257.77618 231.40299 242.9623 183.73247 186.55203 244.02484 212.63604 214.26733 163.91713 169.51771 240.73012 259.0411 263.79962 260.49243 262.83713 255.26009 283.37585 324.99546 284.73941 306.08736 308.16443 320.58276 307.59609 305.26794 298.5759 195.95133 268.4626 284.60093 230.7381 251.02193 254.18412 218.02403 237.27719 182.20982 250.402 254.09127 172.08919 298.51424 188.74514 227.33394 271.87698 
348.08922 295.34302 288.83698 217.30884 200.80683 190.92569 199.73559 217.09428 201.76044 181.74531 187.02319 186.01758 154.9334 171.92275 148.4642 0 152.6217 194.66482 274.92329 269.14683 300.14439 257.14492 258.67581 207.85648 217.01151 233.36873 232.49193 197.87387 253.52134 236.67969 265.40795 267.02973 271.89856 235.31676 215.82657 278.90656 240.46743 313.23755 320.72638 278.86469 323.57732 244.34098 245.15692 287.437 207.56975 271.6434 254.48287 225.91343 285.04632 298.92103 317.23719 339.32267 301.81899 353.29207 266.00007 253.42401 290.27609 243.2637 228.75094 254.45952 199.57097 207.42201 292.13695 268.0193 247.66672 206.43182 226.77727 285.23937 263.80863 275.02472 237.23779 252.27383 269.08745 266.58091 282.35277 304.61781 305.81626 321.33779 353.67418 294.7766 286.50995 262.52925 187.57158 252.69534 231.80748 197.40269 157.78493 227.13141 217.5638 199.4975 166.91518 287.52114 328.34157 194.85965 303.49764 263.87593 278.60249 313.53997 
317.59221 280.15462 271.8665 221.42585 222.84674 244.62386 180.25694 188.36164 204.06187 137.86554 182.29716 162.4764 171.29398 214.31207 160.47678 152.6217 0 140.82438 236.82454 283.53532 345.59451 282.49791 277.0061 225.60412 247.81478 238.99252 231.60972 198.8848 220.19728 245.46274 285.79397 264.07792 242.10705 281.67492 261.66478 263.34635 218.86458 266.4424 254.9838 233.63047 286.11907 231.85017 263.57188 254.11083 171.86235 186.75852 216.48837 187.31638 242.07209 239.81218 264.795 290.96323 256.07833 278.34956 229.45976 214.26736 224.60594 226.6785 255.18799 271.7609 225.37243 212.65755 258.3517 220.36395 184.49108 210.44948 247.22307 287.64579 209.57001 216.32923 209.34986 240.89353 247.07201 274.96143 289.14756 267.30974 257.98092 272.23742 295.52018 273.07928 293.42208 277.9548 213.08293 308.03819 256.32807 238.81564 243.77948 292.78559 214.04164 163.4169 164.54576 210.89539 310.01794 203.23432 279.02244 232.70566 247.96214 265.74801 
249.515 194.07521 210.4183 193.53967 194.41248 239.35552 154.73002 263.10558 214.74318 162.3174 199.92455 147.07057 185.12778 219.44569 200.69998 194.66482 140.82438 0 148.24567 209.44983 274.40018 251.69685 228.20333 193.30128 216.15668 176.84742 167.33241 196.63019 226.72554 214.83641 280.30605 257.83628 276.93421 287.61061 245.87517 235.84414 183.13987 224.11096 201.9196 179.38955 228.62678 185.44895 246.26608 252.91442 166.47409 181.01507 184.49711 171.52368 185.59804 182.67103 202.61761 225.99383 235.33409 298.22131 266.53942 242.82761 201.49373 195.43983 215.42355 201.45205 182.59312 194.24096 241.21853 199.99782 168.17011 197.79321 211.55321 270.45053 172.19043 194.33437 199.05507 189.97921 179.67091 243.76465 299.47069 281.77778 287.99025 256.09838 262.9568 231.59857 256.45921 231.33876 247.47936 317.69701 270.32858 267.5067 273.31487 268.80877 230.84364 225.55747 182.92964 217.31317 305.15967 264.81218 258.55548 193.66191 214.11042 200.13181 
174.89802 191.59218 204.60781 200.34259 225.62259 294.9594 236.39514 240.78089 288.0613 223.30101 261.4544 199.52682 242.33428 263.23923 248.45753 274.92329 236.82454 148.24567 0 144.88144 212.39884 218.97087 235.66921 219.99735 252.38065 257.51779 228.11147 259.22384 281.65721 257.83823 316.9746 296.35447 293.58754 282.87662 251.57144 220.3544 158.52755 239.11574 209.52771 183.03433 179.28584 158.36974 188.06984 211.7853 192.00682 183.66516 185.53118 216.52693 174.3246 179.66359 156.68264 177.79877 227.01792 275.0312 235.78554 280.48965 229.70014 218.71806 241.53052 211.62914 250.86986 258.01997 248.38414 178.62506 202.65512 262.72637 253.75978 316.52695 274.00074 254.4521 241.89019 214.88781 225.09922 246.113 325.9523 313.28761 324.05601 286.1483 283.40889 210.76958 241.27866 271.80291 302.21713 316.08013 244.61117 255.9972 315.88822 255.75274 249.52836 281.33809 288.5859 305.35238 307.84643 307.05822 231.2661 164.83223 165.80708 149.80196 
233.48232 209.37827 230.06647 196.98834 253.818 328.49718 285.95539 300.43167 320.09712 279.95577 276.00508 211.22848 225.17148 236.65565 265.66114 269.14683 283.53532 209.44983 144.88144 0 164.24444 173.78268 178.21824 200.3623 231.69202 252.99007 265.89433 279.4245 326.29534 291.11837 337.21682 336.42227 325.98326 255.51771 237.53865 243.70759 210.73164 304.03452 235.43982 194.03174 223.02239 164.98167 214.71359 276.33772 228.94718 247.99373 282.54817 281.62253 252.85309 246.82924 222.67758 231.35496 275.01149 311.04368 277.94643 332.4624 293.18404 262.32263 273.84134 237.85877 241.82385 275.45325 280.66482 194.02536 293.2337 269.24851 232.72931 305.16548 306.17539 300.82928 248.35273 229.32205 251.458 274.84164 357.83657 378.77077 383.57978 319.72812 348.91884 245.11945 244.99384 289.36653 311.91237 318.04423 260.77156 254.44182 286.98286 247.7116 271.38301 293.16629 309.84835 354.56569 374.52376 343.07253 251.65943 233.06449 227.59612 234.16149 
180.03025 182.27395 219.96504 231.86297 276.38363 315.32031 315.96119 301.09868 313.3051 309.89846 327.61857 294.42657 272.09367 244.36304 284.95956 300.14439 345.59451 274.40018 212.39884 164.24444 0 133.84731 198.5168 245.98871 268.42523 268.18525 252.90737 267.54676 307.11425 240.6458 281.22751 308.1073 329.64011 258.79345 225.10213 227.87229 194.38377 277.2682 278.13073 270.45106 257.5913 240.35785 259.56011 320.24544 323.52872 352.91454 322.99671 286.28693 263.64532 291.99449 258.44561 267.21146 270.90595 412.09335999999996 300.56783 357.49502 344.53969 302.49053 286.19067 268.70642 264.67044 321.20702 331.90535 279.2103 351.29182 291.74011 242.60951 310.15052 351.33816 359.34575 281.55784 277.91531 271.90624 263.76275 337.95928 356.00804 380.11821 329.77523 334.57945 254.20576 220.02769 286.79736 329.25368 274.92463 282.64354 276.17877 287.81751 177.03317 250.01203 321.27834 327.46741 379.48436 323.16981 332.65358 319.12705 236.05062 205.6002 211.43752 
194.26592 167.35781 181.03979 195.7743 260.73822 305.15775 282.70794 266.0359 289.04419 269.73776 274.29644 254.27243 212.49431 179.62051 233.92729 257.14492 282.49791 251.69685 218.97087 173.78268 133.84731 0 138.09517 183.24542 220.16607 236.26571 220.76214 202.99699 232.40954 211.56169 270.62938 307.39141 308.29814 249.44607 219.91325 205.56718 167.0263 263.00239 243.87175 219.17271 237.00256 238.00456 275.56183 321.96444 298.30567 327.00575 316.45682 244.98376 267.21174 286.04824 243.80088 235.54097 220.72668 280.22339 240.25633 318.80089 305.47053 267.84417 278.72459 284.49532 258.788 303.3058 325.59413 242.23236 318.29831 244.6959 215.20928 271.7531 316.25882 322.29208 233.26517 247.54083 248.07749 249.58026 317.85175 305.85828 304.81997 256.78424 281.63202 216.43455 192.1408 283.15959 270.35911 231.43053 245.83678 239.95459 254.28429 193.03611 219.59476 252.88356 260.60967 305.99626 285.27989 291.98197 281.99125 215.55881 176.24543 209.59531 
245.30424 182.3837 188.58887 165.39871 221.75124 287.92982 261.87828 288.13559 311.11574 276.56043 263.40595 238.94948 222.15759 216.1676 287.69578 258.67581 277.0061 228.20333 235.66921 178.21824 198.5168 138.09517 0 132.20312 202.9022 187.00186 190.51025 170.97306 235.51157 234.8567 280.66585 302.14922 323.19611 248.73663 246.59505 215.03253 231.36067 294.06218 218.41156 198.76183 234.78816 215.98344 302.85952 362.67791 286.27093 305.90839 302.9462 247.81011 275.91704 274.058 238.00997 223.84237 260.26572 303.29779 298.852 338.7661 316.25676 247.1763 288.41272 280.72158 247.94165 289.48879 322.61253 257.13713 337.71384 257.10114 245.00847 266.6569 268.67371 292.57373 216.72176 245.10657 252.24943 261.81562 314.10448 322.57367 294.45161 211.65747 264.50818 172.16715 163.00254 222.05891 273.94706 260.78527 262.52852 270.02124 258.95345 249.64673 244.65227 247.64778 254.76086 308.6299 344.70623 335.17416 303.18675 257.03331 222.95379 237.6699 
281.89385 211.82821 197.07453 157.46028 179.05386 244.51715 200.12052 238.79331 265.35559 202.20743 182.78011 186.8671 164.6096 169.84038 233.43711 207.85648 225.60412 193.30128 219.99735 200.3623 245.98871 183.24542 132.20312 0 126.26726 175.21575 166.71342 178.79745 207.13848 215.8143 270.28343 292.85559 318.01623 249.88871 238.36505 233.65267 221.74729 290.41536 262.35529 171.26195 205.75336 190.43427 270.74115 320.03394 232.29465 269.26778 256.42774 217.45768 254.60223 247.04784 225.17674 193.22454 227.81959 271.09236 254.78055 282.10544 254.32238 162.73146 209.15073 208.89482 210.85916 212.5236 263.35538 230.79086 271.70892 216.17979 223.80604 225.96141 229.87103 228.89381 235.64009 324.95182 248.36908 244.39711 304.28299 276.18288 237.43231 179.39091 236.62865 153.88775 174.71886 183.99433 194.33649 204.63987 235.79641 232.53675 269.15741 270.971 264.22908 263.52548 210.38179 280.66721 288.69857 295.05535 269.68832 200.33001 204.27942 254.63372 
317.24336 239.5399 224.21881 196.72601 204.15878 262.51932 236.52039 269.69403 261.54423 197.75519 123.95963 170.05423 147.17896 159.18714 218.50696 217.01151 247.81478 216.15668 252.38065 231.69202 268.42523 220.16607 202.9022 126.26726 0 148.9353 175.23814 232.38098 249.24721 214.81362 278.05638 328.23736 355.06098 317.0377 307.6166 319.57381 268.48755 335.87449 330.11141 232.87062 293.03572 261.13434 317.31777 363.36067 274.25402 312.31368 302.42029 219.61212 235.70836 234.85024 338.16337 238.50622 222.97161 299.6535 295.83599 300.61165 294.0852 235.14789 233.7896 301.47042999999996 184.28881 197.02107 274.33548 221.08652 265.15305 237.4774 239.56138 244.94135 263.92293 207.77316 279.72703 275.23308 286.25971 370.66436999999996 359.85735 325.04956 304.55163 242.62457 276.54914 238.31781 249.19005 238.46566 260.60311 258.37045 282.49602 235.91751 283.04641 312.98409 311.23772 320.75305 187.34096 289.29509 286.75283 270.72913 294.47534 223.44692 258.43867 301.24423 
288.26658 277.04485999999997 222.24678 221.07911 225.9786 269.83819 233.00734 255.3599 236.68283 210.24579 195.31821 210.35899 186.42062 189.6356 239.15295 233.36873 238.99252 176.84742 257.51779 252.99007 268.18525 236.26571 187.00186 175.21575 148.9353 0 123.28567 189.09057 224.96538 183.95747 243.69896 287.63019 335.7971 329.86807 302.76693 293.88312 253.65043 275.05695 258.70779 217.8001 292.34693 265.44717 352.13334 381.59594 302.56086 320.28952 304.94311 186.05699 215.60848 220.37963 243.88109 259.17685 238.08421 328.54559 345.25648 322.26983 301.47454 266.59022 272.63654 220.04059 154.52884 194.00563 278.90272 237.54841 279.43374 203.31131 217.04301 228.51346 197.66663 220.38787 258.621 281.60127 251.66331 316.86719 353.31465 321.37855 308.51322 219.61298 297.43545 239.84551 251.7519 202.62915 279.38365 312.99646 339.79952 307.75062 293.38717 311.91878 269.43484 290.42095 168.58423 249.80102 304.70775 288.63236 352.21239 236.96737 257.41281 259.39681 
241.45812 169.89973 169.80969 195.25483 174.49543 206.3244 187.90761 213.84662 243.40466 199.42515 207.37578 219.47679 220.36588 218.71696 248.43519 232.49193 231.60972 167.33241 228.11147 265.89433 252.90737 220.76214 190.51025 166.71342 175.23814 123.28567 0 130.26809 161.8334 140.45216 231.93397 261.7296 326.2512 316.9871 287.0192 257.17944 218.52133 250.70833 263.42258 232.49872 265.31233 265.20628 322.56283 358.58285 285.94331 308.50196 238.41722 141.24485 198.93432 224.93552 215.61915 221.85655 217.67977 323.31811 306.688 293.38586 280.37047 220.68372 236.27342 220.67339 215.13644 239.38223 309.98845 268.72427 245.82661 229.46309 252.35409 271.03105 225.39778 227.13631 240.69354 251.32355 229.79923 260.34725 298.89168 254.34121 237.4547 191.90447 185.74178 186.38748 206.1896 191.41918 265.09247 261.0461 278.78488 278.47282 279.21978 265.58974 250.92819 273.34502 158.88549 231.57969 246.03423 269.70214 317.20646 212.7901 212.31752 212.47089 
255.72338 212.87218 200.68701 179.74763 176.89983 192.12179 198.57308 215.52802 247.49713 212.89287 236.0245 236.94941 223.6207 221.20041 243.59704 197.87387 198.8848 196.63019 259.22384 279.4245 267.54676 202.99699 170.97306 178.79745 232.38098 189.09057 130.26809 0 138.60464 170.76436 221.2721 231.5609 271.46346 255.47324 245.35072 209.03273 211.22415 254.0497 240.37253 249.23293 274.03857 255.32 302.82778 343.86571 273.79781 294.89143 238.55912 162.55577 249.7705 271.89784 255.44076 264.70457 250.66153 313.59515 273.82331 282.99152 298.41358 232.28809 269.24999 293.47518 251.1565 275.58592 330.92015 287.25485 282.73578 236.60832 265.31309 286.12965 243.39069 272.07004 197.47205 252.96478 330.45948 237.56687 242.50524 234.68506 201.46999 196.30992 220.53025 183.45412 185.30027 206.47139 231.303 232.63181 232.61244 247.82339 210.9179 223.18993 178.53038 171.32518 169.39126 240.70386 280.65098 244.5803 320.64643 248.12426 212.90437 222.38388 
252.48233 197.61523 168.95375 213.10328 238.46509 236.0145 171.74505 152.35308 210.01733 197.67027 240.16121 252.04036 220.11821 211.93251 241.48605 253.52134 220.19728 226.72554 281.65721 326.29534 307.11425 232.40954 235.51157 207.13848 249.24721 224.96538 161.8334 138.60464 0 127.89345 209.42754 230.51041 277.05905 298.14248 263.13338 211.60056 203.21678 211.20297 268.18322 264.54537 258.55368 289.52128 349.46544 340.17198 290.6917 320.56036 287.16273 212.31504 264.54232 273.7154 247.22436 228.8582 179.42723 256.01029 235.84185 222.32332 229.8163 199.85476 232.4681 286.0437 258.69792 297.0903 323.9415 319.60561 296.37985 256.9477 249.49756 236.87053 216.05121 240.6278 202.6499 233.6562 213.98392 210.57475 233.6192 130.53862 135.74209 163.38672 159.87521 214.78455 196.22684 243.629 313.83806 327.15144 282.92187 289.22772 291.15458 268.22438 244.51928 227.40379 173.87008 169.26938 186.99294 248.63405 296.25951 216.89144 194.08897 223.26191 
219.27702 160.63525 153.8138 195.239 217.03171 207.39024 179.49034 151.4583 156.80319 177.14533 217.57266 229.87059 191.78368 176.9592 212.80375 236.67969 245.46274 214.83641 257.83823 291.11837 240.6458 211.56169 234.8567 215.8143 214.81362 183.95747 140.45216 170.76436 127.89345 0 136.92509 190.69733 259.6308 279.49428 243.36746 221.62626 188.62588 202.77224 286.93521 281.88099 274.65426 275.17612 324.93871 325.03355 292.11698 330.45849 291.90776 206.49325 208.12379 230.95682 221.45729 234.75057 154.59482 279.62764 252.54319 220.73515 249.45793 221.75159 200.60036 215.69283 185.56679 261.13398 289.24025 298.85177 297.92767 252.68484 210.89067 210.76971 222.30135 225.41836 210.04698 239.71825 207.82445 211.75212 236.76723 184.26666 234.40789 223.91368 204.57421 235.87514 191.86283 221.36472 245.83321 221.34271 288.50114 263.79981 264.50258 225.33256 234.07806 262.56782 176.30795 218.51913 168.49642 209.24896 299.16126 189.19141 186.48138 207.11742 
270.76932 253.22931 252.02487 223.64206 238.61117 221.11755 244.45895 219.99123 167.4622 199.49167 259.9616 352.15019 233.46103 227.67246 256.74291 265.40795 285.79397 280.30605 316.9746 337.21682 281.22751 270.62938 280.66585 270.28343 278.05638 243.69896 231.93397 221.2721 209.42754 136.92509 0 118.73663 196.45197 238.87652 249.75313 231.98102 248.05013 244.77485 323.33716 340.96596 314.21161 278.53278 330.23589 330.22975 324.86752 349.72025 324.3929 260.28517 233.14997 249.78211 264.19655 297.00805 216.89112 292.73416 279.14709 245.18086 314.39979 273.06324 257.43946 255.98198 200.53632 272.75533 264.49463 331.58799 374.26906 307.73998 264.75164 219.65017 254.71281 264.55785 252.43838 320.01747 299.71504 256.27912 217.47153 220.2974 269.89637 264.72438 260.67764 262.66505 202.43373 202.07083 268.79484 230.54948 315.32141 271.13508 268.51909 252.59189 220.09438 273.61617 263.25525 317.14407 232.10402 202.7219 368.20928 234.07983 223.76756 252.86866 
270.43178 272.84885 264.34954 215.50228 226.48461 203.77475 213.61769 199.6506 179.01771 204.05635 287.83197 273.66257 260.83679 276.79725 280.62776 267.02973 264.07792 257.83628 296.35447 336.42227 308.1073 307.39141 302.14922 292.85559 328.23736 287.63019 261.7296 231.5609 230.51041 190.69733 118.73663 0 134.00099 202.74873 223.63792 193.04795 329.97963 232.21586 375.96184 345.22882 296.47436 243.45421 290.66073 275.48933 272.41956 291.46481 277.61257 280.19104 242.00646 246.15136 259.692 297.95734 252.77622 299.69371 263.69378 209.33163 285.54936 248.08945 247.64652 269.7522 228.38642 293.47784 258.855 345.23646 366.46326 331.34951 287.06059 259.75831 236.70307 263.30443 217.70332 289.49713 279.41061 300.36385 148.65571 206.96088 271.04462 291.30867 287.8511 265.39514 207.35249 208.30009 270.9986 262.84764 294.29473 275.15426 264.94276 243.33778 208.12394 238.08216 291.07979 322.01251 281.33846 225.53995 342.44913 250.00967 229.23961 239.19959 
285.62862 314.07674 304.21156 230.09517 268.26057 272.06684 264.76036 238.37079 213.01777 213.0797 296.78657 269.04334 256.88036 284.21209 263.30878 271.89856 242.10705 276.93421 293.58754 325.98326 329.64011 308.29814 323.19611 318.01623 355.06098 335.7971 326.2512 271.46346 277.05905 259.6308 196.45197 134.00099 0 183.44383 230.35923 202.73602 245.22327 259.93385 289.63365 343.08198 305.30485 230.35222 259.6441 225.3567 250.30457 247.95621 291.90299 301.07101 258.81297 253.42966 270.23698 319.30513 264.22596 254.86921 214.72615 208.30492 292.63633 284.3355 297.66518 313.12359 261.74046 308.80139 243.21553 308.77737 365.0112 342.07956 301.55926 290.29339 277.7714 285.87642 219.40883 309.43769 313.37255 253.42234 194.55579 255.32891 304.18611 325.83353 337.42923 295.41361 251.45362 280.22032 285.31444 297.25682 281.36388 249.5476 260.18825 263.90256 186.34516 198.51041 322.69325 343.27106 323.54799 209.95446 328.99622 261.25094 236.73841 255.39696 
301.10055 306.25913 291.75932 189.92833 231.01831 244.92744 264.13608 269.82578 268.1966 262.31532 304.18439 269.50254 247.43145 258.07086 280.46067 235.31676 281.67492 287.61061 282.87662 255.51771 258.79345 249.44607 248.73663 249.88871 317.0377 329.86807 316.9871 255.47324 298.14248 279.49428 238.87652 202.74873 183.44383 0 143.40801 173.50323 246.49178 308.91616 304.4593 317.7159 271.01218 177.36832 198.2471 244.89786 233.39692 273.83697 289.23481 327.82769 313.71291 310.61155 297.30676 311.90591 310.36987 311.05589 230.17847 264.40272 316.85541 245.13654 259.3886 296.2456 266.17459 309.60033 279.2316 322.94814 386.65205 327.70791 281.31674 288.6602 310.20731 330.36178 225.87625 272.05486 307.23076 207.08822 196.17226 295.41024 318.41043 329.12196 368.61511 256.28026 194.56201 244.44703 239.69809 216.6397 213.49683 207.86009 207.51134 190.32757 206.80024 218.43384 335.47771 448.99899 361.70741 277.28647 304.1919 275.90175 241.3862 284.38213 
269.01861 244.40042 265.04462 231.04207 270.20493 265.87657 230.07351 201.10907 220.3289 253.37918 314.61233 274.76021 226.7833 210.30169 227.3814 215.82657 261.66478 245.87517 251.57144 237.53865 225.10213 219.91325 246.59505 238.36505 307.6166 302.76693 287.0192 245.35072 263.13338 243.36746 249.75313 223.63792 230.35923 143.40801 0 138.43582 166.27198 223.27835 260.98985 263.32175 220.53759 180.00662 209.70665 215.13088 231.7748 291.37374 290.49309 308.15924 316.92685 322.21914 310.58946 300.08643 290.66838 324.0325 229.48257 253.25192 252.12267 216.74125 208.22225 281.65667 237.78087 281.22789 277.94325 314.89104 339.82335 244.34737 184.24167 242.3192 268.67325 336.84414 224.97416 211.49537 223.56022 163.10318 231.70111 266.97825 309.36451 318.78686 343.02773 270.58867 223.25253 254.4789 180.21407 219.43696 261.612 266.34819 248.02442 153.6911 199.49943 224.66061 299.06508 333.55977 316.61107 291.53052 294.63951 228.65217 206.55545 246.02814 
186.02432 197.29213 208.79997 199.78753 256.0016 276.7369 225.84406 199.45419 249.38022 250.73373 322.67671 279.50621 257.99951 252.92028 274.78162 278.90656 263.34635 235.84414 220.3544 243.70759 227.87229 205.56718 215.03253 233.65267 319.57381 293.88312 257.17944 209.03273 211.60056 221.62626 231.98102 193.04795 202.73602 173.50323 138.43582 0 145.03165 172.62177 188.2287 239.97704 163.43655 171.98059 240.20423 232.37429 245.65686 263.7785 263.95052 278.77114 274.80667 274.95813 241.10112 225.85556 239.4074 258.33958 207.88 248.24026 235.99418 202.55351 242.60432 297.402 269.90957 313.55369 278.825 303.47629 341.53763 279.55108 234.91885 252.64067 247.9386 308.89163 188.12132 212.53449 213.45215 146.57759 200.90001 213.89933 246.5774 244.32317 258.79908 196.60217 152.2923 232.14721 229.54358 233.71019 255.89915 282.37464 285.59905 192.14017 181.80315 204.38479 307.39838 303.18605 288.10454 305.12673 283.56387 205.76152 245.77167000000003 158.94082 
155.68745 155.88137 196.5927 223.69176 262.24693 284.16061 221.38533 164.67284 212.27845 204.89504 278.60726 244.99101 213.67483 195.11609 180.89276 240.46743 218.86458 183.13987 158.52755 210.73164 194.38377 167.0263 231.36067 221.74729 268.48755 253.65043 218.52133 211.22415 203.21678 188.62588 248.05013 329.97963 245.22327 246.49178 166.27198 145.03165 0 131.84834 190.95898 189.27083 169.25976 191.5746 222.0056 204.26643 238.05906 259.77169 242.62037 208.80311 222.01896 244.18938 226.52644 220.80859 194.73458 256.62032 190.58745 245.26437 205.66221 215.23789 221.76641 256.10667 233.81059 256.23026 257.16989 228.59773 239.35592 195.26981 174.16602 248.98006 251.18464 290.32343 221.62961 207.59518 187.18528 196.68721 278.82198 233.55404 265.37728 255.75668 248.23708 222.93629 220.52237 263.70376 219.87357 248.21698 261.26298 265.32184 289.17901 188.49794 173.34308 225.78561 251.16758 254.09102 227.43417 258.91858 269.17387 127.0394 100.74002 123.71028 
193.03669 176.0683 240.56929 291.55569 326.09639 332.66222 246.13171 171.86156 208.89987 241.20315 337.49438 310.799 273.95541 256.8434 250.4412 313.23755 266.4424 224.11096 239.11574 304.03452 277.2682 263.00239 294.06218 290.41536 335.87449 275.05695 250.70833 254.0497 211.20297 202.77224 244.77485 232.21586 259.93385 308.91616 223.27835 172.62177 131.84834 0 190.41299 236.23242 201.1791 251.10752 319.17166 260.7967 304.4663 311.90323 302.48085 256.60021 255.915 267.46751 267.74654 256.65269 219.53535 282.5622 268.42993 267.70062 212.03689 347.08623 264.70857 301.34121 255.06434 288.23998 270.83308 300.72612 303.35297 232.44218 201.44078 235.32538 216.97545 307.30725 258.5579 256.86165 199.96307 235.28158 298.62032 222.72023 276.26083 258.34463 227.65301 270.30819 262.8892 273.81983 259.37794 314.22026 364.24654 365.36704 368.26827 272.48687 222.15795 272.69957 289.93485 245.98247 237.12365 311.6716 345.48975 175.42378 161.24772 145.99449 
213.38205 195.15406 255.56381 266.0018 315.72689 369.10697 288.38071 273.17298 308.04294 286.82464 343.01807 290.92318 285.7573 290.66442 298.98896 320.72638 254.9838 201.9196 209.52771 235.43982 278.13073 243.87175 218.41156 262.35529 330.11141 258.70779 263.42258 240.37253 268.18322 286.93521 323.33716 375.96184 289.63365 304.4593 260.98985 188.2287 190.95898 190.41299 0 165.55357 195.70672 209.39801 310.8161 299.95362 284.76492 255.06432 291.97208 256.12176 269.233 260.79562 253.44931 249.95915 277.9844 289.38344 306.88511 339.16531 271.43648 286.49536 338.89485 341.00419 285.27615 303.65414 293.27129 343.97369000000003 310.39475 245.31548 249.31291 293.59311 232.14792 318.20741 237.66708 264.7391 233.56332 289.90172 346.75509 325.67825 319.21008 248.32468 264.18537 237.28791 262.19307 281.13254 306.56403 370.36999 348.87727 363.93728 354.03516 307.15893 217.68727 231.68334 310.55823 282.1893 365.73127 367.66981 343.66247 243.9579 209.12165 166.43062 
260.88602 204.39211 252.84357 257.52585 290.14797 356.94927 267.08207 265.90105 299.44662 245.67784 274.18714 246.98767 226.89043 226.09117 245.53066 278.86469 233.63047 179.38955 183.03433 194.03174 270.45106 219.17271 198.76183 171.26195 232.87062 217.8001 232.49872 249.23293 264.54537 281.88099 340.96596 345.22882 343.08198 317.7159 263.32175 239.97704 189.27083 236.23242 165.55357 0 152.81041 185.95245 285.54516 292.98895 257.85243 252.69519 275.22706 227.58935 262.96838 252.32399 248.24082 210.70165 254.43626 273.0502 286.5265 332.77896 237.61432 231.78684 283.14561 273.88962 250.33941 218.87136 248.2632 178.42012 240.90178 168.16921 208.6209 253.24768 228.25806 282.10625 281.95578 252.54285 245.34493 301.52943 386.35839 329.27584 297.43476 213.69125 248.49726 208.63142 265.65491 255.74565 242.61474 320.59016 326.50733 329.84823 361.53934 325.34174 265.32015 284.30505 272.99514 278.9616 328.13 357.76569 315.75252 185.1634 197.29046 215.49084 
215.53935 207.47069 234.46637 246.51168 286.46429 341.39793 253.62445 241.7524 300.05964 258.79498 320.16615 284.76698 272.19649 269.76348 292.53829 323.57732 286.11907 228.62678 179.28584 223.02239 257.5913 237.00256 234.78816 205.75336 293.03572 292.34693 265.31233 274.03857 258.55368 274.65426 314.21161 296.47436 305.30485 271.01218 220.53759 163.43655 169.25976 201.1791 195.70672 152.81041 0 153.81106 251.81214 237.98594 252.08154 253.83899 259.93611 341.67266 271.50196 258.24453 225.96041 161.32782 238.18099 244.72066 239.97004 295.13422 205.05969 178.74923 241.09982 267.3834 284.30309 277.4054 239.64306 259.49755 299.82544 258.39316 242.83684 252.91474 248.58149 296.40621 276.5295 234.80333 242.37559 226.59833 321.56326 266.79976 263.17838 217.63416 233.20486 174.87997 206.68245 236.95407 239.82691 272.11393 303.72557 327.9077 382.05162 296.0459 272.78395 305.16129 336.09808 321.10777 291.69894 369.73508 290.33001 156.75663 138.04123 175.10749 
