23
31 23 11 32 9 49 5 1 34 13 40 20 3 42 18 6 35 29 22 10 47 24 0
0 20681760.49054 28713925.07807 43492761.98737 56195414.19696 54384215.021139994 46670042.35896 35082052.961600006 52611296.67050001 61371486.89846 79065169.0547 82406801.66561 87668968.86198 96095225.10365 96323644.90759 92463970.4188 93043069.48981 66957585.20459 66301586.84296 80097514.05856 73546040.30298999 42250831.816080004 40567113.90239 
20681760.49054 0 49395685.56861 64174522.47791 76877174.6875 75065975.51167999 51933857.55571 54750392.03875001 51164595.50839 62944574.61984 80638256.77608001 92230295.20243001 89242056.58336 109210109.24986 103729982.58693999 90549706.73803 98518455.20047 87639345.69512999 71565402.03971 59415753.56802 68979106.75691 56353068.09859 61248874.39293 
28713925.07807 49395685.56861 0 14778836.9093 27481489.11889 25670289.94307 44429269.41636 56017258.813719995 66164396.745 67969135.04162 71118246.06717 69947199.1186 78448430.94373 85705782.21366 75303893.22435 63750045.34073 69035933.8491 38243660.12652 64060813.90036 54395468.41381 44832115.22492 48848479.95924 69281038.98046 
43492761.98737 64174522.47791 14778836.9093 0 12702652.20959 32364353.19271 59208106.32566 59981425.98975 77510669.69865 82747971.95092 75468568.29863 74861107.59036 83362339.41549 77854848.06526001 61898569.09702 49023234.85915 54257096.9398 38359654.41675 51198623.49149001 69174305.32311 59610952.13422 63627316.86854 78912246.69407 
56195414.19696 76877174.6875 27481489.11889 12702652.20959 0 19661700.98312 58127515.7659 69715505.16326 79862643.09454 80459598.24528 62765916.089039996 62158455.38077 70659687.2059 72116810.52198 56414370.39377 61725887.068739995 66959749.149390005 25657002.20716 38495971.2819 57436771.09494001 67000124.28383001 62546726.30878 66209594.48448 
54384215.021139994 75065975.51167999 25670289.94307 32364353.19271 19661700.98312 0 39935478.0552 51523467.45256 61670605.38384 63475343.680460006 66621042.14542 48183130.08202 56684361.90715 61871553.520059995 49957291.60386 81387588.05186 86621450.13251 45318703.190280005 58157672.265020005 77098472.07806 70502405.16799 44354688.59808 46547893.50136 
46670042.35896 51933857.55571 44429269.41636 59208106.32566 58127515.7659 39935478.0552 0 11587989.39736 21735127.32864 23539865.62526 41233547.7815 57008822.033590004 49837347.58878 72723126.07072 80417688.59638 83525029.57929 77066741.82046 48906724.53589 19631544.484 38572344.29704 45294134.8944 4419210.54288 65473839.25506 
35082052.961600006 54750392.03875001 56017258.81372 59981425.98975 69715505.16326001 51523467.45256001 11587989.39736 0 17529243.7089 26289433.936860003 43983116.093100004 59758390.34519 52586915.90038 80980557.07221 76211804.97664 90094170.83431 83901956.62545 44351874.88992 31219533.88136 48166440.88295 38603087.69406 7168778.85448 68223407.56666 
52611296.6705 51164595.50839 66164396.745 77510669.69865 79862643.09454 61670605.38384 21735127.32864 17529243.7089 0 11779979.11145 29473661.267690003 45248935.51978 38077461.07497 65716268.47057 58682561.26774 81859301.17629 80673284.1485 61881118.59882 41366671.81264 33122360.754650004 23559007.56576 17315916.78576 57274281.79606 
61371486.89846 62944574.61984 67969135.04162 82747971.95092 80459598.24528 63475343.680460006 23539865.62526 26289433.936860003 11779979.11145 0 17693682.15624 33468956.40833 26297481.96352 54691123.13535 57656483.80289 77990432.85947001 80469077.64006999 54802596.03812 43171410.10926 34687518.12011 25124164.93122 19120655.08238 69054260.90751 
79065169.0547 80638256.77608001 71118246.06717 75468568.29863 62765916.089039996 66621042.14542 41233547.7815 43983116.0931 29473661.267690003 17693682.15624 0 18437912.0634 26939143.88853 40010694.29662 48206777.10091 71594628.24247 73203766.77426 37108913.88188 36070205.68547 35849484.03114 26286130.84225 36814337.23862 86747943.06375 
82406801.66561 92230295.20243001 69947199.1186 74861107.59036 62158455.38077 48183130.08202 57008822.033590004 59758390.34519 45248935.51978 33468956.40833 18437912.0634 0 8501231.82513 32767723.968 46935190.163040005 61544105.16583 55163098.32983 37483624.297800004 51312632.32294 32814541.63441 29187294.765809998 52589611.490710005 94665895.63373001 
87668968.86198 89242056.58336 78448430.94373 83362339.41549 70659687.2059 56684361.90715 49837347.58878 52586915.90038 38077461.07497 26297481.96352 26939143.88853 8501231.82513 0 29974541.35126 48762927.76357 66239630.14421 63664330.15496 45984856.122930005 42811400.49781 41315773.45954 37688526.59094 45418137.0459 95351742.87103 
96095225.10365 109210109.24986 85705782.21366 77854848.06526001 72116810.52198 61871553.520059995 72723126.07072 80980557.07221 65716268.47057 54691123.13535 40010694.29662 32767723.968 29974541.35126 0 22515671.92001 59274464.42005 51869229.29541 51172047.73584 67404910.49034 57256731.021000005 47693377.83211 73811778.21773 108354319.07177001 
96323644.90759 103729982.58693999 75303893.22435 61898569.09702 56414370.39377 49957291.60386 80417688.59638 76211804.97664 58682561.26774 57656483.80289 48206777.10091 46935190.16304 48762927.76357 22515671.92001 0 36940940.98998 40615161.864360005 37367668.22414 63651160.31338 44710360.50034 45665006.25046 75998478.0535 93942818.27811 
92463970.4188 90549706.73803 63750045.34073 49023234.85915 61725887.068739995 81387588.05186 83525029.57929 90094170.83431 81859301.17629 77990432.85947001 71594628.24247 61544105.16583 66239630.14421 59274464.42005 36940940.98998 0 7968748.46244 58868034.94563 83250881.60483 67863646.79942 58300293.610530004 82925391.97983 78374925.03896 
93043069.48981 98518455.20047 69035933.8491 54257096.939799994 66959749.14939 86621450.13251 77066741.82046 83901956.62545 80673284.1485 80469077.64006999 73203766.77426 55163098.32983 63664330.15496 51869229.29541 40615161.86436 7968748.46244 0 50899286.48319 75282133.14239 67759073.82405001 61004731.34377 76733177.77097 86343673.5014 
66957585.20459 87639345.69513 38243660.12652 38359654.41675 25657002.20716 45318703.190280005 48906724.53589 44351874.88992 61881118.59882 54802596.03812 37108913.88188 37483624.297800004 45984856.122930005 51172047.73584 37367668.22414 58868034.94563 50899286.48319 0 29275180.05189 48215979.864930004 57779333.05382001 51520653.7444 91866596.69164 
66301586.84296 71565402.03971 64060813.90036 51198623.49149001 38495971.2819 58157672.265020005 19631544.484 31219533.88136 41366671.81264 43171410.10926 36070205.68547 51312632.32294 42811400.49781 67404910.49034 63651160.31338 83250881.60483001 75282133.14239001 29275180.05189 0 18940799.81304 28504153.00193 24050755.02688 85105383.73906 
80097514.05856 59415753.56802 54395468.41381 69174305.32311 57436771.09494001 77098472.07806 38572344.29704 48166440.88295 33122360.754650004 34687518.12011 35849484.03114 32814541.63441 41315773.45954 57256731.021 44710360.50034 67863646.79942 67759073.82405001 48215979.864930004 18940799.81304 0 9563353.18889 42991554.83992 76048590.9635 
73546040.30298999 68979106.75691 44832115.22492 59610952.13422 67000124.28383 70502405.16799 45294134.8944 38603087.69406 23559007.56576 25124164.93122 26286130.84225 29187294.765809998 37688526.59094 47693377.83211 45665006.25046 58300293.610530004 61004731.343770005 57779333.05382 28504153.00193 9563353.18889 0 40874924.35152 66485237.77461 
42250831.816080004 56353068.09859 48848479.95924 63627316.86854 62546726.30878 44354688.59808 4419210.54288 7168778.85448 17315916.78576 19120655.08238 36814337.23862 52589611.490710005 45418137.0459 73811778.21773 75998478.0535 82925391.97983 76733177.77097 51520653.7444 24050755.02688 42991554.83992 40874924.35152 0 61054628.71218 
40567113.90239 61248874.39293 69281038.98046 78912246.69407 66209594.48448 46547893.50136 65473839.25506 68223407.56666 57274281.79606 69054260.90751 86747943.06375 94665895.63373001 95351742.87103 108354319.07177001 93942818.27811 78374925.03896 86343673.5014 91866596.69164 85105383.73906 76048590.9635 66485237.77461 61054628.71218 0 
