48
43 99 27 9 57 89 65 95 15 45 96 18 60 24 94 78 67 62 21 3 51 35 13 32 71 37 61 90 38 46 5 72 26 42 98 7 23 58 47 20 83 17 52 11 40 74 4 0
0 3766104.13174 11677460.24111 19072231.22835 19847582.21181 15561807.08464 40751433.87844 44589272.4169 28719293.96559 19218057.57078 31309663.75243 32652492.592710003 36405844.33118 42559342.00682 38848531.546110004 53995019.98685 56600026.07535 65809549.0441 48353790.642620005 41157200.461679995 62521142.492819995 52892721.602180004 25017493.43124 32721788.515929997 40833646.90738 43975981.31194 57915507.58754 73267821.68088 72011529.75841999 28469066.87795 35124833.239310004 24333270.76359 34363968.28345 31562931.28989 35685613.06953 21060356.83475 18877938.61477 52671725.37647 48623843.26912 51977648.226270005 21732798.70887 26041198.256389998 45388736.55173 43507534.40152 27197473.20471 23396897.571609996 57043684.281220004 8075560.90316 
3766104.13174 0 7911356.10937 15306127.096609998 17537443.942619998 12031514.8878 37039719.13372 40877557.672180004 26632355.32877 15451953.43904 32366443.71097 32916586.395790003 37365820.485640004 40735900.82899 37101553.61134 51260402.1042 53078328.01204 64202460.2333 45619172.75997 44261778.82018 61252861.99942 50805782.96536 28783597.562980004 33353379.84713 44599751.03912 44240075.11502 54820696.17569 73624501.9827 75453656.34865001 24702962.74621 31358729.10757 25235748.03621 35266445.55607 27796827.15815 35699017.00337 24527694.67916 22644042.74651 55224387.804299995 46283713.08231 48211544.09453 21997153.72439 26191515.66674 45539053.96208 39741430.26978 30963577.33645 23632476.965379998 57213804.41223 11841665.0349 
11677460.241109999 7911356.10937 0 7394770.98724 9626087.83325 19942870.99717 44951075.243090004 48788913.781550005 34543711.43814 23363309.54841 34364365.47369 38999637.80188 38429374.81487 43346616.52212 39635806.06141 54279105.22887 58270352.32783 69908222.66611 53408475.76598 47917694.8128 67669857.78141 58717139.074729994 33295385.40626 41264735.9565 49018079.62785 49172457.03492 62732052.28506 81535858.09207 80190754.86929 28162122.8395 34817889.20086 30194911.78115 40225609.30101 32373605.36705 34044737.69612 16616338.56979 30555398.85588 63135743.913669996 47025857.30804 56122900.2039 29908509.833759997 32742543.08552 46866684.9958 36948104.26983 38874933.44582 28580782.774179995 65122081.918479994 16764885.85163 
19072231.22835 15306127.096609998 7394770.98724 0 2231316.84601 22978109.882080004 39815013.31052 43585510.352520004 27192193.75127 30574297.735360004 26969594.48645 31604866.81464 31034603.82763 43247129.71707 39536319.25636 55351787.048709996 57970464.8553 66923531.30755 54398504.83391 42466831.30538 64028156.17622 51365621.38786 25900614.41902 38649565.76743 41623308.64061 41777686.04768 55805575.47304 74609381.28005 72801191.49165 23087334.19947 28560033.43223 22800140.793909997 32830838.313769996 36619860.73061 41439508.683359995 24011109.55703 37950169.843119994 58782616.90705 48593156.88364 54608446.50581 37303280.820999995 25347772.098279998 39471914.00856 41452286.09354 46269704.43306 21186011.78694 58305190.01023 14003338.154660001 
19847582.21181 17537443.942619998 9626087.83325 2231316.84601 0 20746793.036070004 42046330.15653 45816827.19853 29423510.59728 28342980.889350004 29200911.33246 33564282.06626 28803286.98162 43007167.15231 41760188.92854 53120470.2027 59345457.54637 68305883.4861 53903125.56463 44698148.15139 66259473.02223 53596938.23387 23669297.57301 36418248.92142 39391991.7946 44009002.89369 56567311.72931 74723950.95969 70569874.64564 20856017.35346 27511783.714819998 25031457.639919996 35062155.159779996 34388543.8846 43670825.529369995 26242426.40304 38725520.82658 56551300.06104 50824473.72965 52377129.6598 39534597.667009994 27579088.944289997 41703230.85457 43683602.93955 47045055.41652 23417328.63295 60536506.85624 11772021.308650002 
15561807.08464 12031514.8878 19942870.99717 22978109.882080004 20746793.036070004 0 25189626.7938 29027465.33226 31395855.171230003 25545731.30812 43078002.34364 44712289.34869 47841025.8259 34951247.48942 31240437.02871 39267784.17602 45492771.51969 54896901.61326 38397154.713130005 49025278.662640005 49371495.04851 51066419.06107 25916704.255500004 33620999.34019 41732857.731639996 49010738.11118 44844256.425730005 62824273.43298 63603564.008729994 36734477.63401 32260980.18695 35474168.52579 41595144.71393 39828342.045949996 47730531.89117 36559209.56696 34439745.69941 50344348.19541 42579000.25858 47554908.72124 33792856.67729 38100995.01237 57448533.30771 51772945.15758 42759280.28935 25052734.24403 58381070.39886 8974771.72742 
40751433.87844 37039719.13372 44951075.243090004 39815013.31052 42046330.15653 25189626.7938 0 3837838.53846 12622819.55925 23803221.448980004 37302982.00658 36584355.98465 42664203.806940004 40761665.98454 44472476.44525 28160736.0165 34279295.28271 36192741.18712 22519506.67227 30252243.05066 24213142.8657 36796247.19584 30054696.96751 47788051.07271 36536697.02979 34693422.77132 30196927.6779 48360650.3519 38413937.21493 49620935.27624 56276701.6376 60222542.17079 65188944.25736 64836546.29187 72231328.01882 61038411.65243 38774009.8634 50353370.89175 45347542.53788 53479103.124129996 55785361.78526 63231234.80046 78581897.39886001 61826802.416820005 44996711.38822 48881765.389520004 43725285.188829996 32803802.87291 
44589272.4169 40877557.672180004 48788913.781550005 43585510.352520004 45816827.19853 29027465.33226 3837838.53846 0 16393316.60125 27573718.49098 41073479.048580006 40354853.02665 46434700.84894 44532163.026539996 41513747.33834 25567373.33484 30441456.74425 36916593.467549995 26357345.21073 34022740.092659995 28050981.40416 40566744.23784 26216858.42905 43950212.53425 40374535.56825 38531261.30978 34034766.21636 44942636.52464 42251775.75339 52871363.12968 59527129.49104 63948623.65287 68762876.65597999 68674384.83033 76069166.55728 62487439.01095 42611848.40186 51417372.77168 48918542.55636 57316941.66259 59569615.81854 67069073.338920005 82419735.93732 65597299.45882 48767208.43022 52719603.927980006 47563123.72729 36641641.41137 
28719293.96559 26632355.32877 34543711.43814 27192193.75127 29423510.59728 31395855.171230003 12622819.55925 16393316.60125 0 11180401.88973 24680162.44733 23961536.4254 30041384.24769 28138846.42529 31849656.886 39694666.758489996 44347107.22352 41792002.23873 35142326.231520005 17629423.49141 36835962.42495 24173427.63659 19764203.7404 39918976.6881 49159516.589039996 35931291.18632 42819747.23715 59849196.68487 49902483.5479 41836976.8842 43683694.49183 49875226.263380006 55263750.26038 54429182.48692 61047290.99599999 49779650.80034 47597232.580359995 42875031.88663 35504671.70655 47886016.991390005 43176299.21729 51258481.893319994 66664107.75983 49203982.85757 32373891.82897 38499045.96042 54638700.52610999 22421083.44381 
19218057.57078 15451953.43904 23363309.54841 30574297.735360004 28342980.889350004 25545731.30812 23803221.448980004 27573718.49098 11180401.88973 0 17532271.035520002 35141938.31513 39487827.56064 25283947.38995 23188816.65699 42181087.205850005 37626374.573 48761719.82641 46322728.12125 28809825.38114 48016364.31468 35353829.52632 30944605.63013 41217187.19347 49329045.584920004 40774155.70396 47821507.18489 66430093.37797 61082885.43763 36477657.40008 40408071.40033 40687701.47525 49413626.39727 43248780.59719 51150970.44241 39979648.1182 38095996.185550004 39772434.36526 34846450.55221 47227795.837050006 37449107.16343 41094543.535 60442081.83034 53243689.96892 43554293.7187 32648922.09731 65819102.41584 16570959.5807 
31309663.75243 32366443.71097 34364365.47369 26969594.48645 29200911.33246 43078002.34364001 37302982.00658 41073479.048580006 24680162.44733 17532271.035520002 0 20297423.35272 24746657.44257 29601466.919290002 25890656.458580002 46219509.88605 52444497.229720004 51943333.73648 31062746.57022 42309585.93874 54719339.29634 43680521.926910006 44355384.81802 58749458.22899 57434739.30439 58306426.73948 63255645.95088 82059451.75789 72114918.87615 50056928.68592 55529627.91868 49769735.280360006 58580524.96381 36318922.83754 46885750.83452 40671315.1763 46285951.11031 40227179.0326 22256168.54086 34637513.8257 29533002.47916 43450779.20752 51424635.81791 54166238.594239995 48872288.12945 41945478.05268 78878888.97328 34103230.616220005 
32652492.592709996 32916586.395789996 38999637.80188 31604866.81464 33564282.06626 44712289.348689996 36584355.98465 40354853.02665 23961536.4254 35141938.31513 20297423.35272 0 6079847.82229 15908456.69431 19619267.15502 41403024.989 46277108.39841 48133755.63925 48892324.55673 41590959.91681 60797498.85035 48134964.06199 35715409.56526 54619357.92103 66513453.58206 57206185.84823 65499145.16284999 82051631.07654 73864019.9733 54420299.41972 60164900.246869996 49936964.59691 56687015.75725 36869065.52236 47387724.4193 42041302.69212 45737933.24074 57150710.083229996 42553591.893580005 54934937.17842001 30039960.43801 44648813.14729 52193511.35566 54935114.13199 49804320.28847 42495620.7375 71206590.67445 36952234.41538 
36405844.33118 37365820.48564 38429374.81487 31034603.82763 28803286.98162 47841025.825899996 42664203.806940004 46434700.84894 30041384.24769 39487827.56064 24746657.44257 6079847.82229 0 14203880.17069 17914690.6314 37218091.72767 43443079.07134 43798724.34823 42812476.73444 47670807.739099994 59863814.54492 54214811.884279996 41795257.387550004 60699205.74332 68195278.77622 54903986.613749996 59883055.13864 75971783.25424999 79943867.79559 49659304.33508 56315070.69644 49541243.724860005 59571941.244720004 41318299.61221 51885127.60919 46490536.781969994 44033356.71712 55913314.279709995 47002825.98343 59384171.26827 34555243.580180004 46444544.24096 58273359.177949995 59664095.04741 43724472.46618 46944854.82735 67961976.36336 40575308.29027 
42559342.00682 40735900.82899 43346616.52212 43247129.71707 43007167.15231 34951247.48942 40761665.98454 44532163.026539996 28138846.42529 25283947.38995 29601466.91929 15908456.69431 14203880.17069 0 3710810.46071 25494568.29469 30368651.7041 36843788.4274 40651331.610520005 37692171.16463 47165781.49129 46880596.49712 42870739.047749996 63656664.10105 64321743.060770005 63324481.571339995 61731073.45244 78293635.01313001 69965231.22112 61761604.79003 65692018.79028 62748399.86761 72595472.45156 52691895.7161 63258723.713080004 56574156.94123 29829476.54643 41709434.109019995 37134527.061069995 49515872.34591 45920035.40716 59614948.27154 65533749.68843 45460214.87672 56164453.12309 53293041.40487 81486611.73678 41774891.37385 
38848531.546110004 37101553.61134 39635806.06141 39536319.25636 41760188.92854 31240437.02871 44472476.445250005 41513747.33834 31849656.886 23188816.65699 25890656.458580002 19619267.15502 17914690.6314 3710810.46071 0 21783757.83398 26657841.24339 33132977.966689996 36940521.14981 41402981.62534 43454971.03058 43169786.03641 39159928.58704 59945853.64034 68032553.52148 63962972.36095 65441883.91315 74582824.55242 73676041.68183 59666474.05707 63501417.21566 61883668.84724 70055848.02327 53286664.94176 63853492.93874 56252144.6312 26118666.08572 45420244.56973 37942420.064449996 50323765.34929 46344493.88585 59775159.76665 67000174.94432999 49171025.33743 52453642.66238 55837738.7543 77775801.27607 39759776.23769 
53995019.98684999 51260402.1042 54279105.22887 55351787.048709996 53120470.2027 39267784.17602 28160736.0165 25567373.33484 39694666.75849 42181087.205850005 46219509.88605 41403024.989 37218091.72767 25494568.29469 21783757.83398 0 6224987.34367 16143010.92962 15156763.31583 24873694.56123 22645722.81725 27223412.032909997 41594114.37031 61521389.90546 58554682.82613 58085336.5045 53632915.66558 67093467.75469 57146754.61772 68248619.07094 71528764.36297 73898756.12558 80665185.62268999 73636083.77356 84202911.77054 70007993.5216 47902423.9197 36564897.84874 28288846.21734 40670191.50218 67263532.26486999 73943812.0493 86078055.77078 50597012.11159 58430902.855340004 64320518.420049995 55992043.44209 48242555.90344 
56600026.07535 53078328.01204 58270352.32783 57970464.8553 59345457.54637 45492771.51969 34279295.28271 30441456.74425 44347107.22352 37626374.573 52444497.22972 46277108.39841 43443079.071339995 30368651.7041 26657841.24339 6224987.34367 0 15964169.16251 21381750.6595 31098681.9049 16797129.78719 26000977.23223 47819101.713980004 62574869.4243 57176494.23506 64310323.84817 56420180.86214 65728163.22748999 55781450.090519994 69561150.14265999 71715790.73065001 78314076.04824999 84017487.78235 75384179.91 85951007.90698 74886690.89762 52776507.32911 42789885.19241 34062636.46141 46443981.74625 72137615.67427999 78574064.32072 90417789.18950999 51210359.35689 64655890.19901 67151785.4152 62217030.78576 51174820.96578 
65809549.0441 64202460.2333 69908222.66611 66923531.30755 68305883.4861 54896901.61326 36192741.18712 36916593.467549995 41792002.23873 48761719.82641 51943333.73648 48133755.63925 43798724.34823 36843788.4274 33132977.96669 16143010.92962 15964169.16251 0 20880587.16626 35903139.89302 32761298.9497 23445872.24744 57677589.71758 77664400.83508 69359041.29141 70589754.29567 63121607.37035 70665317.72972 60718604.59275 81669060.34851 84273882.93265 89072482.4525 95693308.99673 84820730.36046 94871938.98031 86151004.45121999 59251644.05241 44844103.44006 38284392.25554 50657904.715450004 77447749.36305 88984082.45231 98462214.54917 57177644.73215 70287277.80614999 78865654.22472 71231401.26412 63011691.422240004 
48353790.64262 45619172.75997 53408475.765980005 54398504.83391 53903125.56463 38397154.713130005 22519506.67227 26357345.21073 35142326.23152 46322728.121249996 31062746.57022 48892324.55673 42812476.73444 40651331.61052 36940521.14981 15156763.31583 21381750.6595 20880587.16626 0 21110176.58871 37802486.13308 31926574.0433 41902310.165690005 60806258.521460004 53630339.988900006 50732255.87888 52716434.35017 60194624.12705 53383236.6452 61491031.999390006 63393295.76639 69585247.07555 74973771.07255 65147088.0355 75218878.22644 69414147.47737 61293516.53567 36807303.78882 27111451.08847 39492796.37331 60595749.049380004 71810688.42671001 82487382.38813001 56191397.11836 57560273.392450005 58209066.77259 50350814.09786 42131104.25598 
41157200.461679995 44261778.82018 47917694.8128 42466831.30538 44698148.15139 49025278.662640005 30252243.05066 34022740.092659995 17629423.49141 28809825.38114 42309585.93874 41590959.91681 47670807.739099994 37692171.16463 41402981.62534 24873694.56123 31098681.9049 35903139.89302 21110176.58871 0 22432026.03347 36462738.99136 37393627.23181 57548400.17951 63450942.907529995 53560714.677729994 46115567.29089 42219773.19346 32273060.05649 57108138.53825 50452372.17689 63073139.42128 66729079.06901 68985624.4649 76243139.63147 61893768.12556 60035139.07644999 57917480.37752999 46348891.31912 58730236.60396 60805722.7087 66560476.71326 81938745.31394 66833406.34898 50003315.32038 51708959.80153 71460990.68656999 40050506.93522 
62521142.492819995 61252861.99942 67669857.78141 64028156.17622 66259473.02223 49371495.04851 24213142.8657 28050981.40416 36835962.42495 48016364.31468 54719339.29634 60797498.85035001 59863814.54492 47165781.491289996 43454971.03058 22645722.81725 16797129.78719 32761298.949699998 37802486.13308 22432026.03347 0 14030712.95789 51889762.419130005 69786197.72939 60749839.89549 58906565.63702 54410070.5436 48931033.440299995 38984320.30333 72836982.23537 72884398.21036 84435685.03649 89161105.10248 89049689.15757 95855437.41833 83581499.32756999 62987152.7291 59210620.665989995 50859766.2486 62319432.16253 79998504.65096 87302170.1863 101006452.31447 68007489.14408 64499450.5077 73061016.55184 66149840.10444 56983054.03523 
52892721.60218 50805782.96536 58717139.07473 51365621.38786 53596938.23387 51066419.06107 36796247.19584 40566744.23784 24173427.63659 35353829.52632 43680521.926910006 48134964.06199 54214811.884279996 46880596.49712 43169786.036410004 27223412.03291 26000977.23223 23445872.24744 31926574.0433 36462738.99136 14030712.95789 0 37859049.46124 55755484.7715 67649580.43253 47610193.20963 66993174.87374 54209054.16008 44262341.02311 63875507.49279 64995751.97034 73992595.11770001 79076500.56138 78602610.12351 83794579.45149 72514900.50277 66833522.791250005 46896241.65402 38511032.44237 50892377.72721 67349726.85388 75431909.52991 89162671.07961 73377410.49416 50468737.54981 62616414.81474 76677231.1347 46538452.298130006 
25017493.43124 28783597.562979996 33295385.40626 25900614.41902 23669297.57301 25916704.255500004 30054696.96751 26216858.42905 19764203.7404 30944605.63013 44355384.81802 35715409.56526 41795257.38755 42870739.047749996 39159928.58704 41594114.37031 47819101.713980004 57677589.71758 41902310.165690005 37393627.23181 51889762.41913 37859049.46124 0 20785925.0533 32680020.714330003 36175663.82429 57396026.11278 71159494.95368999 63824442.23893 26654504.70063 33310271.06199 39930798.96591 43019923.83485 50236687.56446 57686123.264400005 40257724.13807 43895432.04601 59970333.74366 51516111.7096 58034118.06842 46750292.14011 48467222.07828 61766307.86973 66179774.97722 40947725.00135 30290914.728600003 63108088.68225 16941932.52808 
32721788.515929997 33353379.84713 41264735.9565 38649565.76743 36418248.92142 33620999.34019 47788051.07271 43950212.53425 39918976.6881 41217187.19347 58749458.22899 54619357.92103 60699205.74332 63656664.10105 59945853.64034 61521389.90546 62574869.4243 77664400.83508 60806258.521460004 57548400.17951 69786197.72939 55755484.7715 20785925.0533 0 11894095.66103 15389738.77099 36610101.05948 52116673.59246 43038517.18563 47440429.75393 54096196.11529 37381302.60432 47412000.12418 57935945.16775 60290702.70883 53006675.48648 51599727.13069999 80756258.79696001 72302036.7629 78820043.12172 54454587.2248 56527520.18345 66452142.28957 73094810.11691001 59919261.720639996 39460552.028469995 74052526.28421 24646227.61277 
40833646.90738 44599751.039119996 49018079.62785 41623308.64061 39391991.7946 41732857.731639996 36536697.02979 40374535.56825 49159516.589039996 49329045.58492 57434739.30439 66513453.58206 68195278.77622 64321743.060770005 68032553.52148001 58554682.82613 57176494.23506 69359041.29141 53630339.988900006 63450942.907529995 60749839.89549 67649580.43253 32680020.714330003 11894095.66103 0 27283834.43202 48504196.72051 41124595.98801 31177882.85104 59334525.414960004 65990291.77632 49275398.26535 59306095.78521 66052841.0406 72184798.36986 56073877.614209995 59711585.522149995 81464204.20838001 72063435.43178 84444780.71662 62566445.61625 64639378.5749 78089106.72657 83075594.73414999 68031120.11208999 48836048.52083 74836118.50546 32758086.004219998 
43975981.31194 44240075.11502 49172457.03492 41777686.04768 44009002.89369 49010738.11118 34693422.77132 38531261.30978 35931291.18632 40774155.70396 58306426.73948 57206185.84823 54903986.613749996 63324481.571339995 63962972.36095 58085336.5045 64310323.848170005 70589754.29567 50732255.87888 53560714.677729994 58906565.63702 47610193.20963 36175663.82429 15389738.77099 27283834.43202 0 51999839.830469996 67506412.36344999 58428255.95662 62830168.52492 69485934.88628 52771041.37531 62801738.895169996 69512378.30965 73861230.76439999 65036338.146689996 54906821.07752 78806323.07295 71420359.63764 83403703.61213 61965306.19283 60490809.62813 79285851.48262 83229972.14122 68305183.01528999 42629739.33954 73649885.67683 40035966.38376 
57915507.58754 54820696.17569 62732052.28506 55805575.47304 56567311.72931 44844256.425730005 30196927.6779 34034766.21636 42819747.23715 47821507.18489 63255645.95088 65499145.16284999 59883055.13864 61731073.45244 65441883.91315 53632915.66558 56420180.86214 63121607.37035 52716434.35017 46115567.29089 54410070.5436 66993174.87374 57396026.11278 36610101.05948 48504196.72051 51999839.830469996 0 18803805.80701 28750518.94398 53963216.99303 60618983.354389995 71704213.479 81734910.99886 82544636.97665 90352914.12184 72934308.8475 68970937.5413 79098403.96388 71659365.06076 80692840.76852 76255966.68408 80564105.01916 95169335.47719 82849184.73157999 75193639.06612 60239588.60295 73922212.86673 49839946.68438 
73267821.68088 73624501.9827 81535858.09207 74609381.28005 74723950.95969 62824273.43298 48360650.3519 44942636.52464 59849196.684870005 66430093.37797 82059451.75789 82051631.07654 75971783.25424999 78293635.01313001 74582824.55242 67093467.75469001 65728163.22748999 70665317.72972 60194624.12705 42219773.19346 48931033.440299995 54209054.16008 71159494.95368999 52116673.59246 41124595.98801 67506412.36344999 18803805.80701 0 9946713.13697 72767022.80004 67069431.6756 87952695.63784 97983393.1577 101348442.78366 107919575.70919 91191217.6073 82350093.01991 96360009.29632 87306075.21552 99496646.57553 94610091.18905 97073553.3484 113609349.75838 100982713.00268 92223088.51384 78205114.88382 83370952.75393 65192260.77772 
72011529.75842 75453656.34865001 80190754.86929 72801191.49165 70569874.64564 63603564.008729994 38413937.21493 42251775.75339 49902483.5479 61082885.43763 72114918.87615 73864019.9733 79943867.79559 69965231.22112 73676041.68183 57146754.61772 55781450.090519994 60718604.59275 53383236.6452 32273060.05649 38984320.30333 44262341.02311 63824442.23893 43038517.18563 31177882.85104 58428255.95662 28750518.94398 9946713.13697 0 63778484.89999 57122718.53863 80419819.78995 90450517.30981 97001771.26759 97972862.57222 81244504.47033 77187947.07833 87266177.45816 78621951.37561 91003296.66045 84663378.05208 93345387.36511001 103673976.37407 91035999.86570999 82276375.37687 80013931.37187 82139222.40375999 63935968.85526 
28469066.877949998 24702962.74621 28162122.8395 23087334.19947 20856017.35346 36734477.63401 49620935.27624 52871363.12968 41836976.8842 36477657.40008 50056928.68592 54420299.41972 49659304.33508 61761604.79003 59666474.05707 68248619.07094 69561150.14265999 81669060.34851 61491031.999390006 57108138.53825 72836982.23537 63875507.49279 26654504.70063 47440429.75393 59334525.414960004 62830168.52492 53963216.99303 72767022.80003999 63778484.89999 0 6655766.36136 23979552.67553 34010250.19539 40840816.807840005 43179402.57808 25751003.45175 47347005.49271999 76250091.76534 70986675.82852 72882858.31006 37255055.13941 40716242.16946 55531741.66906001 64288653.02504 50805114.0012 22365423.66856 65397717.17570999 32628038.662109997 
35124833.23931 31358729.10757 34817889.20086 28560033.43223 27511783.714819998 32260980.18695 56276701.637600005 59527129.49104 43683694.49183 40408071.40033 55529627.91868 60164900.24687 56315070.69644 65692018.79028 63501417.21566 71528764.36297 71715790.73065001 84273882.93265 63393295.76639 50452372.17689 72884398.21036 64995751.97034 33310271.06199 54096196.11529 65990291.77632 69485934.88628 60618983.354389995 67069431.6756 57122718.53863 6655766.36136 0 25090297.24776 35120994.76762 47496583.1692 49835168.93944 32406769.81311 47141231.10199 80180505.76559 74541637.98026 78021871.90193 43910821.500769995 36222668.82648 55570207.12182 70012319.52577 57460880.36256 29021190.029919997 72053483.53707 39283805.02347 
24333270.76359 25235748.03621 30194911.78115 22800140.793909997 25031457.639919996 35474168.52579 60222542.17079 63948623.65287 49875226.263380006 40687701.47525 49769735.28036 49936964.59691 49541243.724860005 62748399.86761 61883668.84724 73898756.12558 78314076.04824999 89072482.4525 69585247.07555 63073139.42128 84435685.03649 73992595.11770001 39930798.96591 37381302.60432 49275398.26535 52771041.37531 71704213.479 87952695.63784 80419819.78995 23979552.67553 25090297.24776 0 10030697.51986 30490862.89075 32845620.431829996 45393627.598340005 38658963.25307 72452750.01477 69775575.2352 70932230.34636 34649907.663720004 32670161.92628 45181787.75197 63706184.30427 39904315.20869 11464624.876050001 74436942.70455 27454142.81957 
34363968.28345 35266445.55607 40225609.30101 32830838.31377 35062155.15978 41595144.71393 65188944.25736 68762876.65597999 55263750.26038 49413626.39727 58580524.96381 56687015.75725 59571941.24472 72595472.45156 70055848.02327 80665185.62268999 84017487.78235 95693308.99673 74973771.07255 66729079.06901 89161105.10248 79076500.56138 43019923.83485 47412000.12418 59306095.78521 62801738.895169996 81734910.99886 97983393.1577 90450517.30981 34010250.19539 35120994.76762 10030697.51986 0 34732889.33226 42876317.95169 50490156.12952 48689660.772929996 82483447.53463 78684273.70116 80962927.86622 44680605.183579996 40820086.747150004 55212485.27183001 68258392.62001 38040956.93024 21495322.39591 75897130.55433 32842666.81657 
31562931.28989 27796827.15815 32373605.36705 36619860.73061 34388543.8846 39828342.045949996 64836546.29187 68674384.83033 54429182.48692 43248780.59719 36318922.83754 36869065.52236 41318299.61221 52691895.7161 53286664.94176 73636083.77356 75384179.91 84820730.36046 65147088.0355 68985624.4649 89049689.15757 78602610.12351 50236687.56446 57935945.16775 66052841.0406 69512378.30965 82544636.97665 101348442.78366 97001771.26759 40840816.807840005 47496583.1692 30490862.89075 34732889.33226 0 10566827.99698 15757266.79726 46442771.145950004 61082439.94278 58575091.3784 70956436.66324 33996261.60389 35750943.67261 34164472.98348001 41083192.53243 55322329.30275 26882638.97011 84867327.81024 38339411.300100006 
35685613.06953 35699017.00337 34044737.69612 41439508.68336 43670825.52937 47730531.89117 72231328.01882 76069166.55728 61047290.99599999 51150970.44241 46885750.83452 47387724.4193 51885127.60919 63258723.713080004 63853492.93874 84202911.77054 85951007.90698 94871938.98031 75218878.22644 76243139.63147 95855437.41833 83794579.45149 57686123.2644 60290702.70883 72184798.36986 73861230.7644 90352914.12184 107919575.70919 97972862.57222 43179402.57808 49835168.93944 32845620.431829996 42876317.951689996 10566827.99698 0 17428399.12633 37773622.49251 65949926.33847 67931586.65551999 62422380.66522 43128880.11871 46317771.66959 44731300.98046 51650020.529410005 58852038.52482 31231491.42486 92347237.91161999 42940939.24018 
21060356.83475 24527694.67916 16616338.56979 24011109.55703 26242426.40304 36559209.56696 61038411.65243 62487439.01095 49779650.80034 39979648.1182 40671315.1763 42041302.69212 46490536.781969994 56574156.94123 56252144.6312 70007993.5216 74886690.89762 86151004.45121999 69414147.47737 61893768.12556 83581499.32756999 72514900.50277 40257724.13807 53006675.48648 56073877.614209995 65036338.14669 72934308.8475 91191217.6073 81244504.47033 25751003.45175 32406769.81311 45393627.598340005 50490156.12952 15757266.79726 17428399.12633 0 39938295.44952 63841747.33606 62848157.21491 72739238.77369 42793155.543620005 47101555.09114 49921739.78074 53564442.83962 48257830.03946 42639905.76737 76225583.5254 28360447.87371 
18877938.61477 22644042.74651 30555398.85588 37950169.84312 38725520.82658 34439745.69941 38774009.8634 42611848.40186 47597232.580359995 38095996.18555 46285951.110309996 45737933.24074 44033356.71712 29829476.54643 26118666.08572 47902423.9197 52776507.32911 59251644.05241 61293516.53567 60035139.07645 62987152.7291 66833522.791250005 43895432.04601 51599727.1307 59711585.522149995 54906821.07752 68970937.5413 82350093.01991 77187947.07833 47347005.49272 47141231.10199 38658963.25307 48689660.772929996 46442771.145950004 37773622.49251 39938295.44952 0 33793786.7617 37892985.85688 50274331.141720004 40610737.323640004 44919136.87116 40881508.85861 62385473.01629 46075411.81948 30141494.33578 75921622.89599 26953499.51793 
52671725.37647 55224387.804299995 63135743.913669996 58782616.90705 56551300.06104 50344348.19541 50353370.89175 51417372.77168 42875031.88663 39772434.36526 40227179.0326 57150710.08323 55913314.279709995 41709434.109019995 45420244.56972999 36564897.84874 42789885.19241 44844103.44006 36807303.78882 57917480.37752999 59210620.665989995 46896241.65402 59970333.74366 80756258.79696 81464204.20838001 78806323.07295 79098403.96388 96360009.29631999 87266177.45816 76250091.76534 80180505.76559 72452750.01476999 82483447.53462999 61082439.94278 65949926.33847 63841747.33606 33793786.7617 0 17971010.49174 30352355.77658 57149770.35595 65801505.34535 74675295.62031 62774570.5413 71202267.05563 63935281.09748 78184678.31734 56343393.94596 
48623843.26912 46283713.08231 47025857.30804 48593156.88364 50824473.72965 42579000.25858 45347542.537879996 48918542.55636 35504671.70655 34846450.55221 22256168.54086 42553591.893580005 47002825.98343 37134527.061069995 37942420.064449996 28288846.21734 34062636.46141 38284392.25554 27111451.08847 46348891.31912 50859766.248600006 38511032.44237 51516111.7096 72302036.7629 72063435.43178 71420359.63764 71659365.06076 87306075.21552 78621951.37561 70986675.82852 74541637.98026 69775575.2352 78684273.70116 58575091.3784 67931586.65551999 62848157.21491 37892985.85688 17971010.49174 0 12381345.28484 51789171.02002 65706947.748380005 73680804.35877 58199663.49335 65283726.17086 64201646.59354 70417453.74833 51417410.132910006 
51977648.22627 48211544.09453 56122900.2039 54608446.50581 52377129.6598 47554908.72124 53479103.124129996 57316941.66259 47886016.991390005 47227795.83705 34637513.8257 54934937.17842 59384171.26827 49515872.34591 50323765.34929 40670191.502179995 46443981.746249996 50657904.715450004 39492796.37331 58730236.60396 62319432.16253 50892377.72721 58034118.06842 78820043.12172 84444780.71662 83403703.61213 80692840.76852 99496646.57553 91003296.66045 72882858.31006 78021871.90193 70932230.34636 80962927.86622 70956436.66324 62422380.66522 72739238.77369 50274331.14172 30352355.77658 12381345.28484 0 47276487.1194 63071149.603700005 82418687.89904001 66389456.313260004 73415286.75711 70374395.08022 80872862.91167 54296432.56361 
21732798.70887 21997153.72439 29908509.83376 37303280.821 39534597.66701 33792856.67729 55785361.78526 59569615.81854 43176299.21729 37449107.16343 29533002.47916 30039960.43801 34555243.580180004 45920035.40716 46344493.88585 67263532.26487 72137615.67428 77447749.36305 60595749.049380004 60805722.7087 79998504.65096 67349726.85388 46750292.14011 54454587.2248 62566445.61624999 61965306.19283 76255966.68407999 94610091.18905 84663378.05208 37255055.13941 43910821.500769995 34649907.663720004 44680605.18358 33996261.60389 43128880.11871 42793155.543620005 40610737.323640004 57149770.35595 51789171.02002 47276487.1194 0 15794662.4843 35142200.779640004 35549132.34813 48930271.91358 23185282.78767 77948983.66649 29808359.61203 
26041198.256389998 26191515.66674 32742543.08552 25347772.098279998 27579088.944289997 38100995.01237 63231234.80046 67069073.338920005 51258481.893319994 41094543.535 43450779.20752 44648813.14729 46444544.24096 59614948.27154 59775159.76665 73943812.0493 78574064.32072 88984082.45231 71810688.42671 66560476.71326 87302170.1863 75431909.52991 48467222.07828 56527520.18345 64639378.5749 60490809.62813 80564105.01916 97073553.3484 93345387.36511001 40716242.16946 36222668.82648 32670161.92628 40820086.747150004 35750943.67261 46317771.66959 47101555.09114 44919136.87116 65801505.34535 65706947.748380005 63071149.603700005 15794662.4843 0 19347538.29534 51294423.9619 49566947.85505 31056032.919309996 81287591.24212 31881292.57068 
45388736.55173 45539053.96208 46866684.9958 39471914.00856 41703230.85457 57448533.30771 78581897.39886001 82419735.93732001 66664107.75983 60442081.83034 51424635.81791 52193511.35566 58273359.177949995 65533749.68843 67000174.94432999 86078055.77078 90417789.18950999 98462214.54917 82487382.38813001 81938745.31394 101006452.31447001 89162671.07961 61766307.86973 66452142.28957 78089106.72657 79285851.48262 95169335.47719 113609349.75838 103673976.37407 55531741.66906 55570207.12182 45181787.75197 55212485.27183 34164472.98348 44731300.98046 49921739.78074 40881508.85861 74675295.62031 73680804.35877 82418687.89904001 35142200.779640004 19347538.29534 0 51399032.134330004 64871944.96863 36656112.14308 97777104.01879 48489596.56728 
43507534.40152 39741430.26978 36948104.26983 41452286.09354 43683602.93955 51772945.15758 61826802.416820005 65597299.45882 49203982.85757 53243689.96892 54166238.59424 54935114.13199 59664095.04741 45460214.87672 49171025.33742999 50597012.11159 51210359.35689 57177644.73215 56191397.11836 66833406.348979995 68007489.14408 73377410.49416 66179774.97722 73094810.11691001 83075594.73414999 83229972.14122 82849184.73157999 100982713.00267999 91035999.86570999 64288653.02504 70012319.52577 63706184.30427 68258392.62001 41083192.53243 51650020.529410005 53564442.83962 62385473.016289994 62774570.5413 58199663.49335 66389456.313260004 35549132.34813 51294423.9619 51399032.134330004 0 70705007.60622999 52241559.42822 96955234.68201 51583095.30468 
27197473.20471 30963577.336449996 38874933.44582 46269704.43306 47045055.41652 42759280.289349996 44996711.38822 48767208.43022 32373891.82897 43554293.7187 48872288.12945 49804320.28847 43724472.46618 56164453.12309 52453642.66238 58430902.855340004 64655890.19901001 70287277.80615 57560273.392450005 50003315.32038 64499450.507699996 50468737.54981 40947725.00135 59919261.720639996 68031120.11208999 68305183.01528999 75193639.06612 92223088.51384 82276375.37687 50805114.0012 57460880.36256 39904315.20869 38040956.93024 55322329.30275 58852038.52482 48257830.03946 46075411.81948 71202267.05563 65283726.17086 73415286.75711 48930271.91358 49566947.85505 64871944.96863 70705007.60622999 0 28439690.33264 78328504.27096 35273034.10787 
23396897.571609996 23632476.965379998 28580782.774180003 21186011.78694 23417328.63295 25052734.24403 48881765.38952 52719603.92798 38499045.96042 32648922.09731 41945478.05268 42495620.7375 46944854.82735 53293041.40487 55837738.7543 64320518.420049995 67151785.4152 78865654.22472 58209066.77259 51708959.80153 73061016.55184 62616414.81474 30290914.728600003 39460552.028469995 48836048.52083 42629739.33954 60239588.60295 78205114.88382 80013931.37187 22365423.66856 29021190.029919997 11464624.876050001 21495322.395910002 26882638.97011 31231491.42486 42639905.76737 30141494.33578 63935281.09748 64201646.59354 70374395.08022 23185282.78767 31056032.91931 36656112.14308 52241559.42822 28439690.33264 0 65484261.18805 16077962.51661 
57043684.281220004 57213804.41223 65122081.918479994 58305190.01023 60536506.85624 58381070.39886 43725285.188829996 47563123.72729 54638700.52610999 65819102.41583999 78878888.97328 71206590.67445 67961976.36336 81486611.73678 77775801.27607 55992043.44209 62217030.78576 71231401.26412 50350814.09786 71460990.68657 66149840.10444 76677231.1347 63108088.68225 74052526.28421 74836118.50546 73649885.67683 73922212.86673 83370952.75393 82139222.40375999 65397717.17570999 72053483.53706999 74436942.70455 75897130.55433 84867327.81024 92347237.91161999 76225583.5254 75921622.89599 78184678.31734 70417453.74833 80872862.91167 77948983.66649 81287591.24212 97777104.01879 96955234.68201 78328504.27096 65484261.18805 0 49406298.67144 
8075560.90316 11841665.0349 16764885.85163 14003338.154660001 11772021.308650002 8974771.72742 32803802.87291 36641641.41137 22421083.44381 16570959.5807 34103230.616220005 36952234.41538 40575308.29027 41774891.37385 39759776.23769 48242555.90344 51174820.96578 63011691.422240004 42131104.25598 40050506.93522 56983054.03523 46538452.298130006 16941932.52808 24646227.61277 32758086.004219998 40035966.38376 49839946.68438 65192260.77772 63935968.85526 32628038.66211 39283805.02347 27454142.81957 32842666.81657 38339411.300100006 42940939.24018 28360447.87371 26953499.51793 56343393.94596 51417410.13291 54296432.56361 29808359.61203 31881292.57068 48489596.56728 51583095.304680005 35273034.10787 16077962.51661 49406298.67144 0 
