20
30 5 36 13 31 46 11 4 7 1 3 19 20 28 41 16 14 40 34 0
0 21.0238 39.62323 34.52535 60.41523 66.24216 53.7122 74.66139 68.70136 68.54377 68.8186 78.3854 78.76282 51.86521 65.30697 51.91112 26.90725 28.07134 58.69412 27.294819999999998 
21.0238 0 20.59126 44.63289 46.701620000000005 51.169320000000006 38.63936 60.20797 62.24147 65.8424 75.91969 82.02439 92.45919 69.37913 83.09633 67.72015999999999 47.93105 47.59385 60.024100000000004 47.42669 
39.62323 20.59126 0 24.04163 52.361230000000006 59.977000000000004 59.23062 64.40424 58.21764 65.8424 74.87086 82.24361999999999 91.44899000000001 72.02777 94.04786 75.80269 47.51842 62.73356 54.52113 33.12099 
34.52535 44.63289 24.04163 0 28.3196 35.93537 36.38186 40.362610000000004 34.17601 41.80077 50.9902 58.201989999999995 67.84743 49.83528 73.08215 52.95281 49.241350000000004 50.68812 30.4795 36.67424 
60.41523 46.701620000000005 52.361230000000006 28.3196 0 7.61577 8.06226 21.21724 44.42852 56.86058 68.97668 71.73996 84.34739 73.77201 98.61811 77.83579 55.56441 75.41243 44.86058 64.99384 
66.24216 51.169320000000006 59.977000000000004 35.93537 7.61577 0 12.52996 13.60147 38.83298 58.01087 72.02777 71.56815 91.03770999999999 81.21968 106.23388 85.15822 63.18018000000001 82.07314 46.01087 62.93648 
53.7122 38.63936 59.23062 36.38186 8.06226 12.52996 0 26.13143 51.36294 52.95281 66.98848 69.35403 84.21401 73.39917 96.20811 79.11034000000001 63.626670000000004 73.00098 51.10807 73.0561 
74.66139 60.20797 64.40424 40.362610000000004 21.21724 13.60147 26.13143 0 30.14963 51.41984 65.45551 67.82106 83.54639 78.03204 104.30724 83.34879 64.66717 84.81156 39.84972 71.84706 
68.70136 62.24147 58.21764 34.17601 44.42852 38.83298 51.36294 30.14963 0 21.93171 35.44009 38.33293 53.60037 52.3259 78.72666 59.13568 59.89371 67.6757 33.931709999999995 70.85024999999999 
68.54377 65.8424 65.8424 41.80077 56.86058 58.01087 52.95281 51.41984 21.93171 0 14.03567 16.40122 33.34232 33.34345 59.66678 39.05462 49.21559 55.03635 12.0 70.72482 
68.8186 75.91969 74.87086 50.9902 68.97668 72.02777 66.98848 65.45551 35.44009 14.03567 0 14.43398 20.23155 47.37912 55.15974 32.55764 42.19005 55.31727 26.03567 78.56844 
78.3854 82.02439 82.24361999999999 58.201989999999995 71.73996 71.56815 69.35403 67.82106 38.33293 16.40122 14.43398 0 24.66553 38.20995 59.5063 44.49108 51.47815 65.9242 28.40122 87.12603999999999 
78.76282 92.45919 91.44899000000001 67.84743 84.34739 91.03770999999999 84.21401 83.54639 53.60037 33.34232 20.23155 24.66553 0 28.30194 54.70269999999999 40.29526 51.85557 59.17882 45.34232 89.81120999999999 
51.86521 69.37913 72.02777 49.83528 73.77201 81.21968 73.39917 78.03204 52.3259 33.34345 47.37912 38.20995 28.30194 0 26.40076 31.167009999999998 59.45128 30.88689 40.31415 66.27907 
65.30697 83.09633 94.04786 73.08215 98.61811 106.23388 96.20811 104.30724 78.72666 59.66678 55.15974 59.5063 54.70269999999999 26.40076 0 37.68004 47.41277 50.39221 66.63748000000001 78.48098999999999 
51.91112 67.72015999999999 75.80269 52.95281 77.83579 85.15822 79.11034000000001 83.34879 59.13568 39.05462 32.55764 44.49108 40.29526 31.167009999999998 37.68004 0 28.28427 28.42534 46.02532 65.50068 
26.90725 47.93105 47.51842 49.241350000000004 55.56441 63.18018 63.626670000000004 64.66717 59.89371 49.21559 42.19005 51.47815 51.85557 59.45128 47.41277 28.28427 0 46.22454 37.21559 42.17825 
28.07134 47.59385 62.73356 50.68812 75.41243 82.07314 73.00098 84.81156 67.6757 55.03635 55.31727 65.9242 59.17882 30.88689 50.39221 28.42534 46.224540000000005 0 61.286500000000004 44.493790000000004 
58.69412 60.024100000000004 54.52113 30.4795 44.86058 46.01087 51.10807 39.84972 33.931709999999995 12.0 26.03567 28.40122 45.34232 40.31415 66.63748000000001 46.02532 37.21559 61.286500000000004 0 64.88451 
27.294819999999998 47.42669 33.12099 36.67424 64.99384 62.93648 73.0561 71.84706 70.85024999999999 70.72482 78.56844 87.12603999999999 89.81120999999999 66.27906999999999 78.48098999999999 65.50068 42.17825 44.49379 64.88451 0 
