20
12 18 17 16 19 49 48 8 4 3 2 5 6 37 39 28 26 21 23 14
0 1504.87375 1352.87841 1716.56925 1931.33425 2951.83295 2799.63242 3321.34594 4027.12919 3935.66147 3640.59377 3791.59663 2799.63242 3659.56788 4666.74612 3808.3072899999997 3836.48969 3808.9851799999997 2799.63242 372.92358 
1504.87375 0 309.02589 454.67021 1477.40482 2069.1204199999997 1916.91989 2438.63341 3144.41666 3052.94894 2757.8812399999997 2908.8840999999998 1916.91989 2776.85535 3784.03359 2925.59476 2953.7771599999996 2926.27265 1916.91989 1847.15267 
1352.87841 309.02589 0 375.82177 1205.68819 1819.91334 1667.71281 2189.4263300000002 2895.20958 2803.74186 2508.67416 2659.67702 1667.71281 2527.64827 3534.82651 2676.38768 2704.57008 2677.0655699999998 1667.71281 1725.80199 
1716.56925 454.67021 375.82177 0 1105.1561 1668.80134 1516.60081 2038.31433 2744.0975799999997 2652.62986 2357.56216 2508.56502 1516.60081 2376.53627 3383.71451 2525.2756799999997 2553.45808 2525.9535699999997 1516.60081 2089.49283 
1931.33425 1477.40482 1205.68819 1105.1561 0 1020.4987 868.29817 1390.01169 2095.7949399999998 2004.3272200000001 1709.25952 1860.2623800000001 868.29817 1728.2336300000002 2735.41187 1876.97304 1905.15544 1877.65093 868.29817 2304.25783 
2951.83295 2069.1204199999997 1819.91334 1668.80134 1020.4987 0 152.20053 1298.9140499999999 2004.6972999999998 1913.2295800000002 1618.16188 1769.16474 777.20053 1637.13599 2644.31423 1785.8754 1814.0578 1786.5532899999998 777.20053 3324.75653 
2799.63242 1916.91989 1667.71281 1516.60081 868.29817 152.20053 0 1146.71352 1852.49677 1761.02905 1465.96135 1616.96421 625.0 1484.9354600000001 2492.1137 1633.67487 1661.85727 1634.35276 625.0 3172.556 
3321.34594 2438.63341 2189.4263300000002 2038.3143300000002 1390.01169 1298.91405 1146.71352 0 705.78325 708.30855 783.00511 1363.31361 521.71352 2006.64898 3013.82722 2155.38839 2183.5707899999998 2156.06628 1146.71352 3694.2695200000003 
4027.1291899999997 3144.41666 2895.2095799999997 2744.09758 2095.7949399999998 2004.6973 1852.49677 705.78325 0 502.31166 1194.73051 1998.0889499999998 1227.49677 2712.43223 3719.6104699999996 2861.17164 2889.35404 2861.84953 1852.49677 4400.052769999999 
3935.66147 3052.94894 2803.74186 2652.62986 2004.3272200000001 1913.2295800000002 1761.02905 708.30855 502.31166 0 1434.5264 2071.62216 1136.02905 2620.9645100000002 3628.14275 2769.70392 2797.88632 2770.38181 1761.02905 4308.58505 
3640.5937700000004 2757.8812399999997 2508.67416 2357.56216 1709.25952 1618.16188 1465.96135 783.00511 1194.73051 1434.5264 0 929.40034 840.96135 2325.89681 3333.0750500000004 2474.6362200000003 2502.81862 2475.3141100000003 1465.96135 4013.5173500000005 
3791.59663 2908.8841 2659.67702 2508.56502 1860.2623800000001 1769.1647400000002 1616.96421 1363.31361 1998.0889499999998 2071.62216 929.40034 0 991.96421 2476.8996700000002 3484.07791 2625.63908 2653.82148 2626.31697 1616.96421 4164.52021 
2799.63242 1916.91989 1667.71281 1516.60081 868.29817 777.20053 625.0 521.71352 1227.49677 1136.02905 840.96135 991.96421 0 1484.9354600000001 2492.1137 1633.67487 1661.85727 1634.35276 625.0 3172.556 
3659.5678800000005 2776.85535 2527.64827 2376.53627 1728.2336300000002 1637.1359900000002 1484.9354600000001 2006.6489800000002 2712.4322300000003 2620.9645100000002 2325.89681 2476.8996700000002 1484.9354600000001 0 1007.17824 2493.6103300000004 2521.79273 2494.2882200000004 1484.9354600000001 4032.4914600000006 
4666.74612 3784.03359 3534.82651 3383.71451 2735.41187 2644.31423 2492.1137 3013.82722 3719.61047 3628.14275 3333.07505 3484.07791 2492.1137 1007.17824 0 3500.7885699999997 3528.97097 3501.4664599999996 2492.1137 5039.6696999999995 
3808.30729 2925.59476 2676.38768 2525.27568 1876.97304 1785.8754000000001 1633.67487 2155.38839 2861.17164 2769.70392 2474.6362200000003 2625.63908 1633.67487 2493.61033 3500.7885699999997 0 136.74063 427.32657 1008.67487 4181.23087 
3836.4896900000003 2953.7771599999996 2704.57008 2553.45808 1905.15544 1814.0578 1661.85727 2183.5707899999998 2889.3540399999997 2797.88632 2502.81862 2653.82148 1661.85727 2521.79273 3528.9709700000003 136.74063 0 302.76393 1036.85727 4209.41327 
3808.98518 2926.27265 2677.0655699999998 2525.95357 1877.65093 1786.55329 1634.35276 2156.06628 2861.84953 2770.38181 2475.3141100000003 2626.31697 1634.35276 2494.28822 3501.4664599999996 427.32657 302.76393 0 1009.35276 4181.90876 
2799.63242 1916.91989 1667.71281 1516.60081 868.29817 777.20053 625.0 1146.71352 1852.49677 1761.02905 1465.96135 1616.96421 625.0 1484.9354600000001 2492.1137 1008.67487 1036.85727 1009.35276 0 3172.556 
372.92358 1847.15267 1725.80199 2089.49283 2304.25783 3324.75653 3172.556 3694.26952 4400.05277 4308.58505 4013.51735 4164.52021 3172.556 4032.49146 5039.6697 4181.23087 4209.41327 4181.90876 3172.556 0 
