37
71 76 80 78 74 10 6 2 21 26 28 24 30 88 82 89 98 92 91 97 94 93 36 37 32 33 61 66 70 42 47 43 53 12 16 19 75
0 1093.90722 1572.60167 2428.3132 5332.9798 7832.9798 9501.56243 11182.64809 7832.9798 8438.06244 8687.05298 9624.08784 11005.168160000001 7832.9798 9819.22097 10514.96283 8029.68516 9455.54721 9596.40885 10254.41016 10792.58209 10107.10051 8881.50495 8987.80489 10140.59892 11606.15265 7832.9798 9464.22288 11057.06184 9344.76848 9604.51586 7832.9798 9489.33514 10079.0074 10398.08876 12178.50474 1361.04959 
1093.90722 0 1431.68188 1438.0911 5307.82972 7807.82972 9476.41235 11157.498010000001 7807.82972 8412.91236 8661.9029 9598.93776 10980.018079999998 7807.82972 9794.070889999999 10489.81275 8004.53508 9430.39713 9571.25877 10229.26008 10767.43201 10081.95043 8856.35487 8962.65481 10115.44884 11581.00257 7807.82972 9439.0728 11031.911759999999 9319.6184 9579.36578 7807.82972 9464.18506 10053.85732 10372.93868 12153.354659999999 1783.81754 
1572.60167 1431.68188 0 1667.88879 4472.43398 6972.43398 8641.01661 10322.102270000001 6972.43398 7577.516619999999 7826.50716 8763.54202 10144.62234 6972.43398 8958.67515 9654.41701 7169.13934 8595.00139 8735.86303 9393.86434 9932.03627 9246.55469 8020.959129999999 8127.25907 9280.0531 10745.60683 6972.43398 8603.67706 10196.51602 8484.22266 8743.97004 6972.43398 8628.78932 9218.46158 9537.54294 11317.95892 2861.51918 
2428.3132 1438.0911 1667.88879 0 3869.73862 6369.73862 8038.32125 9719.40691 6369.73862 6974.82126 7223.8118 8160.84666 9541.92698 6369.73862 8355.97979 9051.72165 6566.44398 7992.30603 8133.16767 8791.16898 9329.340909999999 8643.85933 7418.26377 7524.56371 8677.35774 10142.911470000001 6369.73862 8000.9817 9593.82066 7881.5273 8141.27468 6369.73862 8026.09396 8615.76622 8934.84758 10715.26356 3221.90864 
5332.9798 5307.82972 4472.43398 3869.73862 0 2500.0 4168.58263 5849.66829 2500.0 3105.08264 3354.07318 4291.10804 5672.18836 2500.0 4486.24117 5181.983029999999 2696.70536 4122.56741 4263.42905 4921.43036 5459.60229 4774.12071 3548.52515 3654.8250900000003 4807.619119999999 6273.172850000001 2500.0 4131.24308 5724.082039999999 4011.78868 4271.53606 2500.0 4156.35534 4746.027599999999 5065.10896 6845.52494 6668.9274 
7832.9798 7807.82972 6972.43398 6369.73862 2500.0 0 1668.58263 3349.66829 2500.0 3105.08264 3354.07318 4291.10804 5672.18836 2500.0 4486.24117 5181.983029999999 2696.70536 4122.56741 4263.42905 4921.43036 5459.60229 4774.12071 3548.52515 3654.8250900000003 4807.619119999999 6273.172850000001 2500.0 4131.24308 5724.082039999999 4011.78868 4271.53606 2500.0 4156.35534 4746.027599999999 5065.10896 6845.52494 9168.927399999999 
9501.56243 9476.41235 8641.016609999999 8038.32125 4168.58263 1668.58263 0 1681.08566 4168.58263 4773.6652699999995 5022.65581 5959.69067 7340.77099 4168.58263 6154.8238 6850.56566 4365.28799 5791.15004 5932.01168 6590.012989999999 7128.18492 6442.70334 5217.10778 5323.40772 6476.20175 7941.75548 4168.58263 5799.82571 7392.66467 5680.37131 5940.118689999999 4168.58263 5824.93797 6414.61023 6733.69159 8514.10757 10837.51003 
11182.648089999999 11157.49801 10322.10227 9719.40691 5849.66829 3349.66829 1681.08566 0 5849.66829 6454.750929999999 6703.74147 7640.77633 9021.85665 5849.66829 7835.90946 8531.651319999999 6046.3736499999995 7472.235699999999 7613.097339999999 8271.09865 8809.27058 8123.789 6898.193439999999 7004.49338 8157.287409999999 9622.84114 5849.66829 7480.91137 9073.750329999999 7361.456969999999 7621.20435 5849.66829 7506.02363 8095.695889999999 8414.77725 10195.19323 12518.595689999998 
7832.9798 7807.82972 6972.43398 6369.73862 2500.0 2500.0 4168.58263 5849.66829 0 605.08264 854.07318 1791.10804 3172.1883599999996 2500.0 4486.24117 5181.983029999999 2696.70536 4122.56741 4263.42905 4921.43036 5459.60229 4774.12071 3548.52515 3654.8250900000003 4807.619119999999 6273.172850000001 2500.0 4131.24308 5724.082039999999 4011.78868 4271.53606 2500.0 4156.35534 4746.027599999999 5065.10896 6845.52494 9168.927399999999 
8438.062440000002 8412.91236 7577.51662 6974.821260000001 3105.08264 3105.08264 4773.66527 6454.75093 605.08264 0 273.48126 1377.02033 2581.15052 3105.08264 5091.32381 5787.06567 3301.788 4727.65005 4868.51169 5526.513 6064.684929999999 5379.20335 4153.60779 4259.90773 5412.70176 6878.25549 3105.08264 4736.32572 6329.16468 4616.87132 4876.6187 3105.08264 4761.437980000001 5351.11024 5670.1916 7450.60758 9774.01004 
8687.05298 8661.9029 7826.507159999999 7223.8117999999995 3354.07318 3354.07318 5022.65581 6703.74147 854.07318 273.48126 0 1137.77546 2318.11518 3354.07318 5340.31435 6036.05621 3550.77854 4976.64059 5117.50223 5775.50354 6313.67547 5628.1938900000005 4402.59833 4508.89827 5661.6923 7127.24603 3354.07318 4985.31626 6578.15522 4865.86186 5125.60924 3354.07318 5010.4285199999995 5600.10078 5919.18214 7699.59812 10023.000579999998 
9624.08784 9598.93776 8763.54202 8160.84666 4291.10804 4291.10804 5959.69067 7640.77633 1791.10804 1377.02033 1137.77546 0 1789.83826 4291.10804 6277.34921 6973.09107 4487.8134 5913.675450000001 6054.53709 6712.5383999999995 7250.71033 6565.22875 5339.6331900000005 5445.93313 6598.72716 8064.28089 4291.10804 5922.35112 7515.19008 5802.896720000001 6062.6440999999995 4291.10804 5947.46338 6537.13564 6856.217000000001 8636.63298 10960.03544 
11005.168160000001 10980.01808 10144.62234 9541.92698 5672.18836 5672.18836 7340.77099 9021.85665 3172.1883599999996 2581.15052 2318.11518 1789.83826 0 5672.18836 7658.42953 8354.17139 5868.89372 7294.75577 7435.61741 8093.61872 8631.79065 7946.30907 6720.71351 6827.01345 7979.8074799999995 9445.361210000001 5672.18836 7303.43144 8896.2704 7183.97704 7443.7244200000005 5672.18836 7328.5437 7918.2159599999995 8237.29732 10017.7133 12341.115759999999 
7832.9798 7807.82972 6972.43398 6369.73862 2500.0 2500.0 4168.58263 5849.66829 2500.0 3105.08264 3354.07318 4291.10804 5672.18836 0 1986.24117 2681.98303 2696.70536 4122.56741 4263.42905 4921.43036 5459.60229 4774.12071 3548.52515 3654.8250900000003 4807.619119999999 6273.172850000001 2500.0 4131.24308 5724.082039999999 4011.78868 4271.53606 2500.0 4156.35534 4746.027599999999 5065.10896 6845.52494 9168.927399999999 
9819.22097 9794.07089 8958.67515 8355.979790000001 4486.24117 4486.24117 6154.8238 7835.90946 4486.24117 5091.32381 5340.314350000001 6277.34921 7658.42953 1986.24117 0 737.93563 4682.94653 6108.808580000001 6249.67022 6907.67153 7445.84346 6760.36188 5534.766320000001 5641.0662600000005 6793.8602900000005 8259.41402 4486.24117 6117.48425 7710.3232100000005 5998.029850000001 6257.77723 4486.24117 6142.59651 6732.268770000001 7051.350130000001 8831.76611 11155.16857 
10514.96283 10489.81275 9654.41701 9051.72165 5181.983029999999 5181.983029999999 6850.565659999999 8531.651319999999 5181.983029999999 5787.065669999999 6036.05621 6973.0910699999995 8354.17139 2681.98303 737.93563 0 5378.688389999999 6804.550439999999 6945.412079999999 7603.41339 8141.585319999999 7456.10374 6230.508179999999 6336.80812 7489.602149999999 8955.15588 5181.983029999999 6813.22611 8406.065069999999 6693.771709999999 6953.51909 5181.983029999999 6838.3383699999995 7428.010629999999 7747.091989999999 9527.507969999999 11850.910429999998 
8029.68516 8004.53508 7169.13934 6566.44398 2696.70536 2696.70536 4365.28799 6046.3736499999995 2696.70536 3301.788 3550.77854 4487.8134 5868.89372 2696.70536 4682.94653 5378.688389999999 0 1798.49826 1833.60983 2448.36027 2969.78848 2284.3069 3745.23051 3851.53045 5004.324479999999 6469.878210000001 2696.70536 4327.94844 5920.787399999999 4208.49404 4468.24142 2696.70536 4353.0607 4942.732959999999 5261.8143199999995 7042.2303 9365.632759999999 
9455.54721 9430.39713 8595.00139 7992.30603 4122.56741 4122.56741 5791.1500399999995 7472.235699999999 4122.56741 4727.650049999999 4976.64059 5913.67545 7294.75577 4122.56741 6108.80858 6804.550439999999 1798.49826 0 1274.33473 2035.07248 2573.7904 2067.36789 5171.092559999999 5277.3925 6430.186529999999 7895.7402600000005 4122.56741 5753.81049 7346.649449999999 5634.356089999999 5894.10347 4122.56741 5778.92275 6368.595009999999 6687.676369999999 8468.092349999999 10791.494809999998 
9596.40885 9571.25877 8735.86303 8133.16767 4263.42905 4263.42905 5932.01168 7613.097339999999 4263.42905 4868.511689999999 5117.50223 6054.53709 7435.61741 4263.42905 6249.67022 6945.41208 1833.60983 1274.33473 0 794.61752 1358.95548 793.66051 5311.9542 5418.25414 6571.04817 8036.6019 4263.42905 5894.67213 7487.51109 5775.21773 6034.965109999999 4263.42905 5919.78439 6509.45665 6828.53801 8608.95399 10932.35645 
10254.41016 10229.26008 9393.86434 8791.16898 4921.43036 4921.43036 6590.01299 8271.09865 4921.43036 5526.513 5775.503540000001 6712.5384 8093.61872 4921.43036 6907.6715300000005 7603.41339 2448.36027 2035.07248 794.61752 0 567.06702 254.65663 5969.95551 6076.255450000001 7229.04948 8694.603210000001 4921.43036 6552.6734400000005 8145.5124 6433.21904 6692.966420000001 4921.43036 6577.7857 7167.45796 7486.53932 9266.955300000001 11590.357759999999 
10792.58209 10767.43201 9932.03627 9329.34091 5459.602290000001 5459.602290000001 7128.184920000001 8809.27058 5459.602290000001 6064.68493 6313.675470000001 7250.710330000001 8631.79065 5459.602290000001 7445.843460000001 8141.58532 2969.78848 2573.7904 1358.95548 567.06702 0 685.48158 6508.12744 6614.427380000001 7767.22141 9232.775140000002 5459.602290000001 7090.845370000001 8683.68433 6971.39097 7231.138350000001 5459.602290000001 7115.957630000001 7705.62989 8024.71125 9805.127230000002 12128.52969 
10107.10051 10081.950429999999 9246.55469 8643.85933 4774.12071 4774.12071 6442.70334 8123.789 4774.12071 5379.20335 5628.1938900000005 6565.22875 7946.30907 4774.12071 6760.36188 7456.1037400000005 2284.3069 2067.36789 793.66051 254.65663 685.48158 0 5822.6458600000005 5928.9458 7081.73983 8547.29356 4774.12071 6405.36379 7998.20275 6285.909390000001 6545.65677 4774.12071 6430.47605 7020.1483100000005 7339.229670000001 9119.64565 11443.04811 
8881.504949999999 8856.35487 8020.959129999999 7418.26377 3548.52515 3548.52515 5217.10778 6898.19344 3548.52515 4153.60779 4402.59833 5339.6331900000005 6720.71351 3548.52515 5534.76632 6230.50818 3745.23051 5171.09256 5311.9542 5969.95551 6508.12744 5822.6458600000005 0 1355.42244 2995.28179 3648.79035 3548.52515 5179.76823 6772.60719 5060.31383 5320.06121 3548.52515 5204.88049 5794.55275 6113.63411 7894.05009 10217.452549999998 
8987.80489 8962.65481 8127.25907 7524.56371 3654.8250900000003 3654.8250900000003 5323.40772 7004.49338 3654.8250900000003 4259.90773 4508.898270000001 5445.93313 6827.01345 3654.8250900000003 5641.0662600000005 6336.80812 3851.53045 5277.3925 5418.25414 6076.255450000001 6614.42738 5928.9458 1355.42244 0 1719.48161 2618.34776 3654.8250900000003 5286.0681700000005 6878.90713 5166.61377 5426.361150000001 3654.8250900000003 5311.18043 5900.85269 6219.93405 8000.3500300000005 10323.752489999999 
10140.59892 10115.44884 9280.0531 8677.35774 4807.619119999999 4807.619119999999 6476.201749999999 8157.287409999999 4807.619119999999 5412.701759999999 5661.6923 6598.7271599999995 7979.8074799999995 4807.619119999999 6793.86029 7489.602149999999 5004.324479999999 6430.186529999999 6571.048169999999 7229.04948 7767.221409999999 7081.7398299999995 2995.28179 1719.48161 0 3410.20498 4807.619119999999 6438.8622 8031.701159999999 6319.407799999999 6579.15518 4807.619119999999 6463.974459999999 7053.646719999999 7372.728079999999 9153.144059999999 11476.546519999998 
11606.15265 11581.002569999999 10745.606829999999 10142.91147 6273.17285 6273.17285 7941.75548 9622.84114 6273.17285 6878.25549 7127.24603 8064.28089 9445.36121 6273.17285 8259.41402 8955.15588 6469.87821 7895.7402600000005 8036.6019 8694.60321 9232.77514 8547.29356 3648.79035 2618.34776 3410.20498 0 6273.17285 7904.41593 9497.25489 7784.9615300000005 8044.708909999999 6273.17285 7929.52819 8519.20045 8838.28181 10618.69779 12942.100249999998 
7832.9798 7807.82972 6972.43398 6369.73862 2500.0 2500.0 4168.58263 5849.66829 2500.0 3105.08264 3354.07318 4291.10804 5672.18836 2500.0 4486.24117 5181.983029999999 2696.70536 4122.56741 4263.42905 4921.43036 5459.60229 4774.12071 3548.52515 3654.8250900000003 4807.619119999999 6273.172850000001 0 1631.24308 3224.08204 4011.78868 4271.53606 2500.0 4156.35534 4746.027599999999 5065.10896 6845.52494 9168.927399999999 
9464.222880000001 9439.0728 8603.67706 8000.9817 4131.24308 4131.24308 5799.82571 7480.91137 4131.24308 4736.32572 4985.3162600000005 5922.35112 7303.43144 4131.24308 6117.48425 6813.22611 4327.94844 5753.81049 5894.67213 6552.6734400000005 7090.84537 6405.36379 5179.76823 5286.0681700000005 6438.8622 7904.415930000001 1631.24308 0 1849.71484 5643.03176 5902.779140000001 4131.24308 5787.59842 6377.27068 6696.35204 8476.76802 10800.170479999999 
11057.061839999998 11031.911759999999 10196.51602 9593.82066 5724.082039999999 5724.082039999999 7392.664669999999 9073.750329999999 5724.082039999999 6329.164679999999 6578.15522 7515.190079999999 8896.2704 5724.082039999999 7710.32321 8406.065069999999 5920.787399999999 7346.649449999999 7487.511089999999 8145.5124 8683.68433 7998.2027499999995 6772.607189999999 6878.90713 8031.701159999999 9497.25489 3224.08204 1849.71484 0 7235.870719999999 7495.6181 5724.082039999999 7380.437379999999 7970.109639999999 8289.190999999999 10069.60698 12393.009439999998 
9344.768479999999 9319.6184 8484.22266 7881.5273 4011.78868 4011.78868 5680.37131 7361.45697 4011.78868 4616.87132 4865.86186 5802.896720000001 7183.97704 4011.78868 5998.02985 6693.77171 4208.4940400000005 5634.35609 5775.21773 6433.21904 6971.39097 6285.909390000001 5060.31383 5166.61377 6319.4078 7784.9615300000005 4011.78868 5643.03176 7235.87072 0 1279.12666 1511.78868 5668.14402 6257.81628 6576.89764 8357.31362 10680.716079999998 
9604.51586 9579.36578 8743.97004 8141.27468 4271.53606 4271.53606 5940.11869 7621.20435 4271.53606 4876.6187 5125.609240000001 6062.6441 7443.7244200000005 4271.53606 6257.777230000001 6953.51909 4468.24142 5894.10347 6034.96511 6692.966420000001 7231.13835 6545.6567700000005 5320.06121 5426.361150000001 6579.15518 8044.708910000001 4271.53606 5902.779140000001 7495.6181 1279.12666 0 1771.53606 5927.8914 6517.56366 6836.64502 8617.061000000002 10940.463459999999 
7832.9798 7807.82972 6972.43398 6369.73862 2500.0 2500.0 4168.58263 5849.66829 2500.0 3105.08264 3354.07318 4291.10804 5672.18836 2500.0 4486.24117 5181.983029999999 2696.70536 4122.56741 4263.42905 4921.43036 5459.60229 4774.12071 3548.52515 3654.8250900000003 4807.619119999999 6273.172850000001 2500.0 4131.24308 5724.082039999999 1511.78868 1771.53606 0 4156.35534 4746.027599999999 5065.10896 6845.52494 9168.927399999999 
9489.33514 9464.18506 8628.78932 8026.09396 4156.35534 4156.35534 5824.93797 7506.02363 4156.35534 4761.43798 5010.42852 5947.46338 7328.5437 4156.35534 6142.59651 6838.3383699999995 4353.0607 5778.92275 5919.78439 6577.7857 7115.95763 6430.47605 5204.88049 5311.18043 6463.974459999999 7929.528190000001 4156.35534 5787.59842 7380.437379999999 5668.14402 5927.8914 4156.35534 0 6402.3829399999995 6721.4643 8501.880280000001 10825.282739999999 
10079.007399999999 10053.85732 9218.46158 8615.76622 4746.027599999999 4746.027599999999 6414.610229999999 8095.695889999999 4746.027599999999 5351.110239999999 5600.10078 6537.1356399999995 7918.2159599999995 4746.027599999999 6732.26877 7428.010629999999 4942.732959999999 6368.595009999999 6509.456649999999 7167.45796 7705.629889999999 7020.14831 5794.552749999999 5900.85269 7053.646719999999 8519.20045 4746.027599999999 6377.27068 7970.109639999999 6257.816279999999 6517.56366 4746.027599999999 6402.3829399999995 0 3433.13851 3863.8605 11414.954999999998 
10398.088759999999 10372.93868 9537.54294 8934.84758 5065.10896 5065.10896 6733.691589999999 8414.77725 5065.10896 5670.191599999999 5919.18214 6856.217 8237.29732 5065.10896 7051.35013 7747.091989999999 5261.8143199999995 6687.676369999999 6828.538009999999 7486.53932 8024.711249999999 7339.22967 6113.634109999999 6219.93405 7372.728079999999 8838.28181 5065.10896 6696.35204 8289.190999999999 6576.897639999999 6836.64502 5065.10896 6721.4643 3433.13851 0 2210.20044 11734.036359999998 
12178.50474 12153.354659999999 11317.95892 10715.26356 6845.52494 6845.52494 8514.10757 10195.19323 6845.52494 7450.60758 7699.598120000001 8636.63298 10017.7133 6845.52494 8831.76611 9527.50797 7042.2303 8468.09235 8608.95399 9266.9553 9805.12723 9119.64565 7894.050090000001 8000.3500300000005 9153.14406 10618.69779 6845.52494 8476.76802 10069.60698 8357.31362 8617.061 6845.52494 8501.880280000001 3863.8605 2210.20044 0 13514.452339999998 
1361.04959 1783.81754 2861.51918 3221.90864 6668.9274 9168.9274 10837.510030000001 12518.595690000002 9168.9274 9774.010040000001 10023.00058 10960.03544 12341.11576 9168.9274 11155.16857 11850.91043 9365.63276 10791.49481 10932.356450000001 11590.35776 12128.52969 11443.04811 10217.45255 10323.75249 11476.54652 12942.100250000001 9168.9274 10800.17048 12393.00944 10680.71608 10940.46346 9168.9274 10825.28274 11414.955 11734.03636 13514.45234 0 
