42
16 36 43 6 11 10 50 14 17 5 77 7 28 39 12 20 8 31 3 91 25 2 4 34 32 48 56 26 37 18 42 40 24 19 23 47 41 49 1 74 85 0
0 48879385.23058 64313214.36371 51319498.93277 85074076.44262 87770251.55375 71686770.58882 78586594.52547 70079221.07558 135842337.67758 6001662.72082 81505002.58182 104673259.36746 181442018.61735 158133955.32106 107346597.84611002 122343877.47481999 106370245.90021 136173811.9081 45210760.90407 129853646.64785 99787952.90087 132461316.77751 155265359.08581 187228234.04793 135845764.43159 61488902.29962 159358108.51798 153813890.73714 143654593.92376 171573808.57450002 122108048.66511 127891373.64429 91573049.19709 103656561.81825 99368457.43164 147994491.57996 188455412.4571 133809842.61499 44291580.63271 62431859.62703 96300086.26271 
48879385.23058 0 92673485.4574 96503324.96637 122433050.61343 96038933.98434 108121194.30915 127465979.75605 118958606.30616 183283871.12785 53443196.17109 127605772.29233 152114792.81773 203794968.77823 175943669.42681 134365645.19072 146844826.65991 115456629.06213 167871490.42435 94090146.13464999 161046197.31599 148667338.13145 165530086.65568998 204144744.31639 210446109.32244 158629940.4694 81647487.62163 175495470.00176 145969900.61721 130406930.00316 172144972.43605 170987433.89569002 176770758.87487 140452434.42767 132885358.18388 148247842.66222 177625024.15331 207270916.35221 163519314.71189 92553974.1911 74932066.6463 145179471.49329 
64313214.36371 92673485.4574 0 51222585.84463 90555295.5815 118497594.92273 110896685.29260999 116909782.17365 124872557.7871 151974473.87176 58311551.64289 105509458.389 84817177.30864 162292520.99356 129557523.6907 138241569.41202 131049446.8663 126578809.1356 194113808.57183 43923248.93807 123565634.21380001 155142999.08155 140893553.68792 195444985.74835 166953280.74583 185587123.25408 89218444.20374 166665882.93668 155636522.29374 179857234.21254998 153749245.7276 127314320.14491999 119018972.53954 146831589.73229 96945501.97805 148331642.24329 210344568.97967 210115407.70834 113536408.74943 94504785.75425 95933865.17907 128379512.19579 
51319498.93277 96503324.96637 51222585.84463 0 63800392.18141 72718189.15538 88801670.12031 115261620.77156 121398720.00835 169823661.94087 57321161.65359 71087156.02669 84867621.24194999 133381009.36756 118368721.71092 105962369.41409 112851731.61535 125819483.54075 154079619.69771 21420565.62138 99824390.99417 117961972.44118 100654825.8661 179382441.49566 165139815.13899 160451464.21118 82344840.23672 175859616.89634 132426823.58742 128634648.36792 121996898.16069 78761856.97306 144349435.9585 111240893.70399 110967712.62699 150687956.36440998 172775882.87152 234146407.93263 130151088.8292 92782364.87088999 80165691.59707999 106027322.34458 
85074076.44262 122433050.61343 90555295.5815 63800392.18141 0 47419079.51657 63502560.4815 128977396.04127 127346897.48124 149236512.91707 79072413.7218 121717981.06024 122818133.27469 161342229.93504998 166737826.06207 130048316.93868 147000554.86241 156011121.10861 155794524.03974998 55426955.88923 143882224.60478002 145642929.42674 154253624.49978 238891946.28054 191560715.41237 146679452.64006 110069747.29021 184417911.25214 148719732.49765 140239599.04047 155661641.816 117330942.07541 143142781.14694 148885595.2278 122581874.39483 182098490.86065 152846349.37635 234925826.64517 143868021.31718 118183191.74181 103354326.31488 132816910.72227 
87770251.55375 96038933.98434 118497594.92273 72718189.15538 47419079.51657 0 16083480.96493 85935371.98184 122429430.82104 112709230.27083 92649102.61347 143805345.18207002 116201379.51532 113923150.41848 140040126.50458997 124604764.13576 129607242.64826 129046575.59189 108375444.52318 84127784.37923 171824523.94601 179944479.1122 173373015.02148 243035610.63955998 209424222.57755 105586370.91677 113990757.02436 208267947.54454 196138812.01422 151876780.04408 183383713.30889 151480046.12844 156775860.14114 159188530.05158 139622526.76444 187138708.98539 136685951.00177 232736707.6215 191287100.83375 101732732.14001 120706177.99969 143221121.58781 
71686770.58882 108121194.30915 110896685.29260999 88801670.12031 63502560.4815 16083480.96493 0 71296276.46286 113431727.97283 123822343.25215 76565621.64854 149826261.65718 132284860.48025 122642577.64864 127729317.62801 140688245.10069 132684395.53473 137747319.4693 108972917.95766 84581229.04016 164223614.31589 171474723.48969 174533909.81953 226952129.67463 224813914.58697 97371551.03311 130074237.98929 224351428.50947 212222292.97915 167960261.00901 190390744.54645 167563527.09337 169785566.93363 162634544.4185 127659328.61885 171055228.02046 122366508.17555 248820188.58642998 177523894.52425 115676399.66855001 133726976.54982 127137640.62288 
78586594.52547 127465979.75605 116909782.17365 115261620.77156 128977396.04127 85935371.98184 71296276.46286 0 104389534.69972 179579390.4284 78175201.8772 118732248.93574 167922775.51477 167088399.42807 169311004.0637 178831284.38142002 183496001.21333 147928501.49387002 150807169.42114 104562798.36103 187604669.14073002 175006649.31586 204634855.93389 231439635.15996 248194969.41181 129890786.02875 101038916.12293 200038279.43087 164256149.71247 215828133.08014 234913938.121 167949162.52065 204411428.30566 168877058.86886 162512496.87745 159453774.0215 191267254.78439 260628951.61348 195147717.20711 91757477.3983 107754337.09826 164438370.6973 
70079221.07558 118958606.30616 124872557.7871 121398720.00835 127346897.48124 122429430.82104 113431727.97283 104389534.69972 0 88719010.46705 66561006.14421 142825122.44858 123405806.20692 131159024.49717 148013077.32226 119798246.74561 154164834.28924 163374275.27638 143696403.61916 114131600.25966 169829847.88582 146323076.72127 158509173.90551 225344580.16139 231502421.8899 188936083.33614 79061714.96884 173325390.21775 184279776.64947 194998895.30506 153260852.87217 192187269.74069 176221095.31922 159732725.98254 157706784.19205 169447678.50722 146106235.51346 246570248.79279 135778154.697 88698301.26342 72761986.86229 124193835.40646 
135842337.67758 183283871.12785 151974473.87176 169823661.94087 149236512.91707 112709230.27083 123822343.25215 179579390.4284 88719010.46705 0 129840674.95676 185456431.08414 212124816.67396998 202641007.15479 175587902.29495 189545504.09247 210381584.95849 220030681.19203 182189561.33243 177411269.07221 244675252.81725 176151760.44991 219136577.30658 205109156.04886 305788988.41522 176934049.15551 135694158.50687 229542140.88700002 255235406.36057 180504717.55914 178446752.80458 241499319.251 235160113.60377002 157216169.614 212763118.52627 232866752.09561002 183183842.90034 281530884.5177 204064782.3732 166354311.53923 128978737.53154 209475960.30991 
6001662.72082 53443196.17109 58311551.64289 57321161.65359 79072413.7218 92649102.61347 76565621.64854 78175201.8772 66561006.14421 129840674.95676 0 76264116.30437 98671596.64664 176276029.67681 154638831.43513 103838516.43468 116342214.754 105054788.69516 135802256.92894 47570594.11545 131783229.97784 96831447.43866 126459654.05669 161267021.80663002 192373530.24892002 141540760.07835 55487239.5788 153356445.79716 159070416.81665 137652931.20294 165572145.85368 128109711.38593 127917606.93326 93171719.83833 97654899.09743 103026077.13885 153996154.30078 182453749.73628 127808179.89417 39110778.02001 57161354.90128 96917710.68815 
81505002.58182 127605772.29233 105509458.389 71087156.02669 121717981.06024 143805345.18207002 149826261.65718 118732248.93574 142825122.44858 185456431.08414 76264116.30437 0 108362865.91328 182196975.14973998 149461977.84688 128688979.71419 157864624.14419 172816288.38691 191807258.07477 66291025.17101 162495210.57837 173095563.74303 166727272.36777002 199162800.5596 178574252.68086 183993408.6117 82310994.34854 174920136.47973 162132546.66302 190006325.83068 193084054.18738002 149849012.99975002 185683506.53127 169435836.14270002 172956478.64345002 179290193.44322002 229499494.16178 226012675.28952 172242299.97062 111760490.93358 82918903.00783 161185706.55202 
104673259.36746 152114792.81773 84817177.30864 84867621.24194999 122818133.27469 116201379.51532 132284860.48025 167922775.51477 123405806.20692 212124816.67396998 98671596.64664 108362865.91328 0 118292227.9154 137763766.22076 135404796.77978 125207222.57199 189197813.94425 224576824.0385 68279997.89556 157210669.61112 192111847.97621 170874944.41665 252180139.90319 217800969.8822 221787750.43208998 130002693.34614 161936205.33276 208077358.48147 199971700.57659 199010948.93878 157613851.38357 196125780.84373 130603782.97562 167671937.6762 165886807.6302 252667750.94742 262385520.02443 165882379.71468 114049553.61076 127025123.87125999 151517580.03842 
181442018.61735 203794968.77823 162292520.99356 133381009.36756 161342229.93505 113923150.41848 122642577.64864 167088399.42807 131159024.49717 202641007.15479 176276029.67681 182196975.14973998 118292227.9154 0 32734997.30286 108195690.20087 152122106.86662 142882191.74064 192282077.10774 145658191.71985 130796318.49956 208427135.51181 150991918.54088 203505193.94314 264196686.76716998 148836666.18407 122147481.1566 221146844.46454 178971187.92355 175432773.78604 159183154.26771 144360653.13692 189319474.14626 226338891.47681 194262007.69559 240661329.44900998 174994757.51572 144093292.10903 221725362.9431 151559297.94993 128862902.13193 199785430.14507 
158133955.32106 175943669.42681 129557523.6907 118368721.71092 166737826.06207 140040126.50458997 127729317.62801 169311004.0637 148013077.32226 175587902.29495 154638831.43513 149461977.84688 137763766.22076 32734997.30286 0 99686818.45828 167316975.96615 124186275.82117 181299121.06212002 112923194.41699 163531315.80242 194600413.59173 124793657.81567 210329698.1676 231461689.46431 181571663.48692998 154882478.45946 207833852.27544 177798695.17482 199919744.00214 187763304.72239 135300298.30503 209705476.31618 196716689.66051 210209432.75945002 207926332.14615 188127357.88783 172957431.67981 188990365.64024 184294295.25279 158432122.52420998 206474810.51581 
107346597.84611002 134365645.19072 138241569.41202 105962369.41409 130048316.93868 124604764.13576 140688245.10069 178831284.38142002 119798246.74561 189545504.09247 103838516.43468 128688979.71419 135404796.77978 108195690.20087 99686818.45828 0 109817067.0589 183966414.94129997 213769980.94919 97377450.84843 127948729.94002 160135321.03655002 187355740.85178 223144629.94666 250910057.39740002 155566866.33687 132489843.78697 231489207.09491003 188090202.92426 228296389.69399002 227663936.63235 126619017.96623 185719778.39266 179149710.75484002 152395041.10656 160096480.16756 182155577.8902 224480382.66187 181419282.31187 117748989.96541 135097157.92369 175697274.54471 
122343877.47481999 146844826.65991 131049446.8663 112851731.61535 147000554.86241 129607242.64826 132684395.53473 183496001.21333 154164834.28924 210381584.95849 116342214.754 157864624.14419 125207222.57199 152122106.86662 167316975.96615 109817067.0589 0 139431896.48828 185808565.1438 91573598.97318 156898735.42589 171957928.66202 193235791.44667 264832814.1764 169854434.10366 219714169.52461 82457085.0904 163648372.09485 237628807.55374998 199770503.06771 158032460.63482 190510804.61452 157941750.30026 195024669.85847 197223386.74848002 170872711.31804 203754875.31884 261368728.91321 171008489.93683 142861632.30754 81402847.42695 133418835.93899 
106370245.90021 115456629.06213 126578809.1356 125819483.54075 156011121.10861 129046575.59189 137747319.4693 147928501.49387002 163374275.27638 220030681.19203 105054788.69516 172816288.38691 189197813.94425 142882191.74064 124186275.82117 183966414.94129997 139431896.48828 0 107099505.04557 129237322.29448001 199848850.90218002 201886236.13382 138169643.77731 205924268.55422 177350952.38429 218936869.01532 148251314.27375 232492030.04259 207835605.04033 196143254.96591 198820580.89857 187709969.58326 222901629.88873 156473545.66763 191818423.04684 121759537.20438 189430522.03893 275712874.53984 152112500.95892 116381854.89079 154966735.24908 138362760.75608 
136173811.9081 167871490.42435 194113808.57183 154079619.69771 155794524.03974998 108375444.52318 108972917.95766 150807169.42114 143696403.61916 182189561.33243 135802256.92894 191807258.07477 224576824.0385 192282077.10774 181299121.06212002 213769980.94919 185808565.1438 107099505.04557 0 174468281.99788 229652416.91007 232633704.3676 185118396.9464 251706666.22978 210958270.6919 206344468.99076998 150046902.16515 222660087.98494 236199707.62405998 251265390.65892 233679593.0217 232841476.67077 250157681.90350997 209936796.42299 178676712.65319 184943542.46995002 219234088.04682 280477427.17323 206593157.07789 156007546.04501998 143976305.83128 216756523.32814 
45210760.90407 94090146.13464999 43923248.93807 21420565.62138 55426955.88923 84127784.37923 84581229.04016 104562798.36103 114131600.25966 177411269.07221 47570594.11545 66291025.17101 68279997.89556 145658191.71985 112923194.41699 97377450.84843 91573598.97318 129237322.29448001 174468281.99788 0 97250177.96135001 132151356.32644 114578097.43547 188865360.34675002 157840478.23243 171865938.78298 61722695.45058 159308529.33116 147618621.46282 150055213.9893 130730951.04322 100182422.59444 127845782.94817 103451070.88529 107711446.02643001 144579218.33571 192102673.5068 226847071.02607 108730523.20782 83311860.11935 58745125.9757 94894681.38101 
129853646.64785 161046197.31599 123565634.21380001 99824390.99417 143882224.60478002 171824523.94601 164223614.31589 187604669.14073002 169829847.88582 244675252.81725 131783229.97784 162495210.57837 157210669.61112 130796318.49956 163531315.80242 127948729.94002 156898735.42589 199848850.90218002 229652416.91007 97250177.96135001 0 77630817.01225 83096678.06155 171268517.0071 231465157.06131 181210414.11192 108981094.31038 207980457.61832 218358238.87255 202738159.56405 161000117.13116 178586247.96723 212353606.49311 143450722.74781 150030337.55741 225416626.50177 270389653.37987 259583280.59843 205980701.16917002 150536787.18866 115696515.28570999 183619209.05852002 
99787952.90087 148667338.13145 155142999.08155 117961972.44118 145642929.42674 179944479.1122 171474723.48969 175006649.31586 146323076.72127 176151760.44991 96831447.43866 173095563.74303 192111847.97621 208427135.51181 194600413.59173 160135321.03655002 171957928.66202 201886236.13382 232633704.3676 132151356.32644 77630817.01225 0 124064090.20126 200841444.3668 261536922.05532 200848286.95695 147774169.5542 241622151.93433 217271402.94482 234484378.64159998 230682319.32659 196340809.1364 170825683.81146 190003167.27699 173446941.76286 189791951.82357 219976931.17898 251060263.90348 216211904.8268 134396360.21841 141058748.57887 169688060.02184 
132461316.77751 165530086.65568998 140893553.68792 100654825.8661 154253624.49978 173373015.02148 174533909.81953 204634855.93389 158509173.90551 219136577.30658 126459654.05669 166727272.36777002 170874944.41665 150991918.54088 124793657.81567 187355740.85178 193235791.44667 138169643.77731 185118396.9464 114578097.43547 83096678.06155 124064090.20126 0 88171838.94555 148368478.99976 191792583.3081 129526845.83692 203457190.53318998 233081649.45352 167666287.20423 157187495.29482 179416682.83916 214506005.13469 197831714.86666 189019303.38616 159843715.60332 202406510.92651 288871322.72081 205802644.64615 121452577.8853 125872894.53880998 200947128.53263998 
155265359.08581 204144744.31639 195444985.74835 179382441.49566 238891946.28054 243035610.63955998 226952129.67463 231439635.15996 225344580.16139 205109156.04886 161267021.80663002 199162800.5596 252180139.90319 203505193.94314 210329698.1676 223144629.94666 264832814.1764 205924268.55422 251706666.22978 188865360.34675002 171268517.0071 200841444.3668 88171838.94555 0 149041892.5308 189218595.66379 192167642.3709 229316972.52242 270100372.63313997 200101815.39606 193104306.23646 243001054.62296 180577716.08649 246838408.2829 255905920.13731998 240692332.88917 290578349.87206 337312768.75406003 263000742.26677 197413981.86787 185452221.39557 204911699.73732 
187228234.04793 210446109.32244 166953280.74583 165139815.13899 191560715.41237 209424222.57755 224813914.58697 248194969.41181 231502421.8899 305788988.41522 192373530.24892002 178574252.68086 217800969.8822 264196686.76716998 231461689.46431 250910057.39740002 169854434.10366 177350952.38429 210958270.6919 157840478.23243 231465157.06131 261536922.05532 148368478.99976 149041892.5308 0 128854939.25971 198916522.43605 297915885.74399 282867460.2097 277605630.72725 255832263.84462 241231549.43928 246767066.14566 181782053.36924 177845398.20817 271339472.38629 281534076.9643 317215825.2259 266571001.44025 183896734.12193 205631943.41138 244209509.3296 
135845764.43159 158629940.4694 185587123.25408 160451464.21118 146679452.64006 105586370.91677 97371551.03311 129890786.02875 188936083.33614 176934049.15551 141540760.07835 183993408.6117 221787750.43208998 148836666.18407 181571663.48692998 155566866.33687 219714169.52461 218936869.01532 206344468.99076998 171865938.78298 181210414.11192 200848286.95695 191792583.3081 189218595.66379 128854939.25971 0 137375986.53447 201662599.41717 270219569.20959 223778341.03623 257879209.26995 233605077.49935 240748498.71719998 211475733.90158 191569664.34438 235214221.86323 219738059.20866 268041942.55366 243004234.73643 180137345.0643 144091407.5098 224509191.65599 
61488902.29962 81647487.62163 89218444.20374 82344840.23672 110069747.29021 113990757.02436 130074237.98929 101038916.12293 79061714.96884 135694158.50687 55487239.5788 82310994.34854 130002693.34614 122147481.1566 154882478.45946 132489843.78697 82457085.0904 148251314.27375 150046902.16515 61722695.45058 108981094.31038 147774169.5542 129526845.83692 192167642.3709 198916522.43605 137375986.53447 0 98999363.30794 158655201.85845 151305677.9961 149142091.73266 144319361.97125 103372512.18273 130492009.93491 128462357.90153 156090567.78361 161408559.06949 237940989.31508 105628248.20196 74236667.02787 6715420.97533 147132314.66273 
159358108.51798 175495470.00176 166665882.93668 175859616.89634 184417911.25214 208267947.54454 224351428.50947 200038279.43087 173325390.21775 229542140.88700002 153356445.79716 174920136.47973 161936205.33276 221146844.46454 207833852.27544 231489207.09491003 163648372.09485 232492030.04259 222660087.98494 159308529.33116 207980457.61832 241622151.93433 203457190.53318998 229316972.52242 297915885.74399 201662599.41717 98999363.30794 0 151457084.83881 233862971.66537 192124929.23248 241435364.89903 192808559.4536 151975171.6264 222310340.28166002 250875690.73805 209101006.9753 315849956.09638 188543280.88746 140138831.05905 100563403.35546 246131677.97067 
153813890.73714 145969900.61721 155636522.29374 132426823.58742 148719732.49765 196138812.01422 212222292.97915 164256149.71247 184279776.64947 255235406.36057 159070416.81665 162132546.66302 208077358.48147 178971187.92355 177798695.17482 188090202.92426 237628807.55374998 207835605.04033 236199707.62405998 147618621.46282 218358238.87255 217271402.94482 233081649.45352 270100372.63313997 282867460.2097 270219569.20959 158655201.85845 151457084.83881 0 175507935.88429 208367340.21048 177841581.56726 200145064.30627 198124869.49449 223547124.51799 203756845.86288 267338348.48035002 222705721.72855997 188591060.14494 119959638.79664 161354706.55017 191914769.15693998 
143654593.92376 130406930.00316 179857234.21254998 128634648.36792 140239599.04047 151876780.04408 167960261.00901 215828133.08014 194998895.30506 180504717.55914 137652931.20294 190006325.83068 199971700.57659 175432773.78604 199919744.00214 228296389.69399002 199770503.06771 196143254.96591 251265390.65892 150055213.9893 202738159.56405 234484378.64159998 167666287.20423 200101815.39606 277605630.72725 223778341.03623 151305677.9961 233862971.66537 175507935.88429 0 41738042.43289 207396505.34098 254678190.17883003 230824651.04127 194902841.55428 240679008.34179 246845768.48356 295225438.35441 185375668.88084 176763709.22294998 158021098.97143 230838087.77891 
171573808.57450002 172144972.43605 153749245.7276 121996898.16069 155661641.816 183383713.30889 190390744.54645 234913938.121 153260852.87217 178446752.80458 165572145.85368 193084054.18738002 199010948.93878 159183154.26771 187763304.72239 227663936.63235 158032460.63482 198820580.89857 233679593.0217 130730951.04322 161000117.13116 230682319.32659 157187495.29482 193104306.23646 255832263.84462 257879209.26995 149142091.73266 192124929.23248 208367340.21048 41738042.43289 0 167848271.33829 242253449.34944 233237791.86468 169435778.07515 229487981.47739 288583810.91645 253487395.92152 179008493.01999 186165781.78628 155857512.70799 189100045.34602 
122108048.66511 170987433.89569002 127314320.14491999 78761856.97306 117330942.07541 151480046.12844 167563527.09337 167949162.52065 192187269.74069 241499319.251 128109711.38593 149849012.99975002 157613851.38357 144360653.13692 135300298.30503 126619017.96623 190510804.61452 187709969.58326 232841476.67077 100182422.59444 178586247.96723 196340809.1364 179416682.83916 243001054.62296 241231549.43928 233605077.49935 144319361.97125 241435364.89903 177841581.56726 207396505.34098 167848271.33829 0 74405178.01115 190002750.67705 149042340.01669 173054282.78346 251537739.84458 276876221.72428 208912945.80225998 166399629.29782 151034782.94658 156901972.01952 
127891373.64429 176770758.87487 119018972.53954 144349435.9585 143142781.14694 156775860.14114 169785566.93363 204411428.30566 176221095.31922 235160113.60377002 127917606.93326 185683506.53127 196125780.84373 189319474.14626 209705476.31618 185719778.39266 157941750.30026 222901629.88873 250157681.90350997 127845782.94817 212353606.49311 170825683.81146 214506005.13469 180577716.08649 246767066.14566 240748498.71719998 103372512.18273 192808559.4536 200145064.30627 254678190.17883003 242253449.34944 74405178.01115 0 174777741.42475 203170872.72607 193916748.81395 250298247.03652 232624626.97953 189251901.28882 167028384.95327 106181376.07223 187344483.2752 
91573049.19709 140452434.42767 146831589.73229 111240893.70399 148885595.2278 159188530.05158 162634544.4185 168877058.86886 159732725.98254 157216169.614 93171719.83833 169435836.14270002 130603782.97562 226338891.47681 196716689.66051 179149710.75484002 195024669.85847 156473545.66763 209936796.42299 103451070.88529 143450722.74781 190003167.27699 197831714.86666 246838408.2829 181782053.36924 211475733.90158 130492009.93491 151975171.6264 198124869.49449 230824651.04127 233237791.86468 190002750.67705 174777741.42475 0 154348361.00715 190941506.62873 230994620.38318 275625469.57461 212181594.09311 92310215.15613 137207430.91024 179611860.839 
103656561.81825 132885358.18388 96945501.97805 110967712.62699 122581874.39483 139622526.76444 127659328.61885 162512496.87745 157706784.19205 212763118.52627 97654899.09743 172956478.64345002 167671937.6762 194262007.69559 210209432.75945002 152395041.10656 197223386.74848002 191818423.04684 178676712.65319 107711446.02643001 150030337.55741 173446941.76286 189019303.38616 255905920.13731998 177845398.20817 191569664.34438 128462357.90153 222310340.28166002 223547124.51799 194902841.55428 169435778.07515 149042340.01669 203170872.72607 154348361.00715 0 183408919.25226 233660337.52995 275926706.87596 188974795.95423 136765677.11744002 121746936.9262 167489349.71672 
99368457.43164 148247842.66222 148331642.24329 150687956.36440998 182098490.86065 187138708.98539 171055228.02046 159453774.0215 169447678.50722 232866752.09561002 103026077.13885 179290193.44322002 165886807.6302 240661329.44900998 207926332.14615 160096480.16756 170872711.31804 121759537.20438 184943542.46995002 144579218.33571 225416626.50177 189791951.82357 159843715.60332 240692332.88917 271339472.38629 235214221.86323 156090567.78361 250875690.73805 203756845.86288 240679008.34179 229487981.47739 173054282.78346 193916748.81395 190941506.62873 183408919.25226 0 247362949.0116 285479826.87513 230834257.03302002 125803266.5886 160187432.04013002 195668543.69435 
147994491.57996 177625024.15331 210344568.97967 172775882.87152 152846349.37635 136685951.00177 122366508.17555 191267254.78439 146106235.51346 183183842.90034 153996154.30078 229499494.16178 252667750.94742 174994757.51572 188127357.88783 182155577.8902 203754875.31884 189430522.03893 219234088.04682 192102673.5068 270389653.37987 219976931.17898 202406510.92651 290578349.87206 281534076.9643 219738059.20866 161408559.06949 209101006.9753 267338348.48035002 246845768.48356 288583810.91645 251537739.84458 250298247.03652 230994620.38318 233660337.52995 247362949.0116 0 223187033.67701 245829997.02278 179527747.35137 154693138.09416 244294577.84267 
188455412.4571 207270916.35221 210115407.70834 234146407.93263 234925826.64517 232736707.6215 248820188.58642998 260628951.61348 246570248.79279 281530884.5177 182453749.73628 226012675.28952 262385520.02443 144093292.10903 172957431.67981 224480382.66187 261368728.91321 275712874.53984 280477427.17323 226847071.02607 259583280.59843 251060263.90348 288871322.72081 337312768.75406003 317215825.2259 268041942.55366 237940989.31508 315849956.09638 222705721.72855997 295225438.35441 253487395.92152 276876221.72428 232624626.97953 275625469.57461 275926706.87596 285479826.87513 223187033.67701 0 310261929.63045 221564527.75629 239615104.63756 220714759.0842 
133809842.61499 163519314.71189 113536408.74943 130151088.8292 143868021.31718 191287100.83375 177523894.52425 195147717.20711 135778154.697 204064782.3732 127808179.89417 172242299.97062 165882379.71468 221725362.9431 188990365.64024 181419282.31187 171008489.93683 152112500.95892 206593157.07789 108730523.20782 205980701.16917002 216211904.8268 205802644.64615 263000742.26677 266571001.44025 243004234.73643 105628248.20196 188543280.88746 188591060.14494 185375668.88084 179008493.01999 208912945.80225998 189251901.28882 212181594.09311 188974795.95423 230834257.03302002 245829997.02278 310261929.63045 0 154542163.10126 102506737.37326 201071586.40707 
44291580.63271 92553974.1911 94504785.75425 92782364.87088999 118183191.74181 101732732.14001 115676399.66855001 91757477.3983 88698301.26342 166354311.53923 39110778.02001 111760490.93358 114049553.61076 151559297.94993 184294295.25279 117748989.96541 142861632.30754 116381854.89079 156007546.04501998 83311860.11935 150536787.18866 134396360.21841 121452577.8853 197413981.86787 183896734.12193 180137345.0643 74236667.02787 140138831.05905 119959638.79664 176763709.22294998 186165781.78628 166399629.29782 167028384.95327 92310215.15613 136765677.11744002 125803266.5886 179527747.35137 221564527.75629 154542163.10126 0 77151307.01126 136028488.70816 
62431859.62703 74932066.6463 95933865.17907 80165691.59707999 103354326.31488 120706177.99969 133726976.54982 107754337.09826 72761986.86229 128978737.53154 57161354.90128 82918903.00783 127025123.87125999 128862902.13193 158432122.52420998 135097157.92369 81402847.42695 154966735.24908 143976305.83128 58745125.9757 115696515.28570999 141058748.57887 125872894.53880998 185452221.39557 205631943.41138 144091407.5098 6715420.97533 100563403.35546 161354706.55017 158021098.97143 155857512.70799 151034782.94658 106181376.07223 137207430.91024 121746936.9262 160187432.04013002 154693138.09416 239615104.63756 102506737.37326 77151307.01126 0 153030845.63001 
96300086.26271 145179471.49329 128379512.19579 106027322.34458 132816910.72227 143221121.58781 127137640.62288 164438370.6973 124193835.40646 209475960.30991 96917710.68815 161185706.55202 151517580.03842 199785430.14507 206474810.51581 175697274.54471 133418835.93899 138362760.75608 216756523.32814 94894681.38101 183619209.05852002 169688060.02184 200947128.53263998 204911699.73732 244209509.3296 224509191.65599 147132314.66273 246131677.97067 191914769.15693998 230838087.77891 189100045.34602 156901972.01952 187344483.2752 179611860.839 167489349.71672 195668543.69435 244294577.84267 220714759.0842 201071586.40707 136028488.70816 153030845.63001 0 
