22
1 4 6 9 19 3 25 24 12 17 7 2 22 11 5 15 10 16 20 13 37 0
0 12221532.54226 18784644.67906 25234794.17669 30824272.72885 44391184.46919 67431765.80753 30697914.64307 28719336.49488 28593955.13347 28705836.80471 32443780.18336 37769078.61726 71039636.62043 85869786.22424999 88267397.23154001 98436922.85284 91970623.20764 94521054.24904001 65101424.80667 32957526.18679 1714073.8321 
12221532.54226 0 29661325.50787 37032625.91792 40987566.44932 46495420.7332 61232023.65686 42063737.55586 31062772.23837 35532412.93312 38620542.037 44286385.15356 31630488.82069 83261169.16269 88213221.96774 82744995.03431 88688559.43224 103768454.94887 103590127.47648 77322957.34893 39960904.942 10783147.05954 
18784644.67906 29661325.50787 0 42884520.12694 49608917.407910004 58554570.46702 79979112.34192 49482559.32213 45498794.98259 46443805.24044 45228834.17743 43412912.66378 42967479.36252 89824281.29948999 94622159.60978 95327344.8134 84427779.51469 83851941.46838 112341252.08574 80200958.11259 40300252.89192 19534271.6688 
25234794.17669 37032625.91792 42884520.12694 0 10979636.50874 38701415.56209 71636301.40351 54667387.27015 45105827.76712 53630989.46536 53940630.9814 53111926.70356 63003872.79395001 56792346.35059 90313918.19635 93917425.50746 80782735.88625 66735829.03095 99980397.44394 90336218.98336 21050996.04326 26249478.85838 
30824272.72885 40987566.44932 49608917.407910004 10979636.50874 0 42242275.71785 82615937.91225001 46117828.54005 43473466.10091 46757911.56232 58041814.36724 62246013.73451 61911290.48365 55890194.88977 81966630.37437 92466897.35221 91762372.39499 76016988.94888 110960033.95267999 89817679.46786 32030632.552 30204419.38978 
44391184.46919 46495420.7332 58554570.46702 38701415.56209 42242275.71785 0 51568529.08067 62886662.4381 62025821.77687 64808060.04448 68562509.88594 76834964.65255 78125909.55388999 95493761.91268 109756162.08262 124713982.6556 100097071.11326 83666534.68948 124382438.60463999 93221855.36366 28766212.73955 46054362.60399 
67431765.80753 61232023.65686 79979112.34192 71636301.40351 82615937.91225001 51568529.08067 0 69289689.90006 80290655.21755 78202910.76871 84252984.57809 99220930.06944999 88384302.92499 125430379.20522 90790050.66491 126663253.92612001 89687272.10758 90523527.82741 128596794.44369999 110895440.20145 72507423.38999 65717691.97543 
30697914.64307 42063737.55586 49482559.32213 54667387.27015 46117828.54005 62886662.4381 69289689.90006 0 11000965.31749 25353673.13263 42490321.75509 53221792.44589 48306836.42539 95314913.91859 55280107.20387 66623931.37854 82202285.12415999 88127210.87928 99519608.67885 67764476.25283 47791956.5955 32157621.82753 
28719336.49488 31062772.23837 45498794.98259 45105827.76712 43473466.10091 62025821.77687 80290655.21755 11000965.31749 0 34582739.93979 42576186.82341 61163116.67824 59307801.74288 99363660.99068001 57150449.72937 62688160.87873 71201319.80667 77126245.56179 90691831.30687 78765441.57032 45231016.58313 30433410.32698 
28593955.13347 35532412.93312 46443805.24044 53630989.46536 46757911.56232 64808060.04448 78202910.76871 25353673.13263 34582739.93979 0 49002292.70181 60884748.701000005 63651255.5184 77478520.48603 80633780.3365 91977604.51117 88885079.93358 105315616.35735999 120188491.02392 60820356.77607 43542029.07412 27381510.60698 
28705836.80471 38620542.037 45228834.17743 53940630.9814 58041814.36724 68562509.88594 84252984.57809 42490321.75509 42576186.82341 49002292.70181 0 52721528.62671 54748286.18811 80064612.66895 74940233.79912 99974588.52801 103866533.84645 119702432.3852 114110734.56046 93807261.61138001 60707766.415759996 27837394.97746 
32443780.18336 44286385.15356 43412912.66378 53111926.70356 62246013.73451 76834964.65255 99220930.06944999 53221792.44589 61163116.67824 60884748.701000005 52721528.62671 0 56348465.09853 91766525.76327 108501899.64976001 119845723.82443 97784339.01187 114214875.43564999 101687729.78849 60396390.87018 57497678.48191 33503238.09402 
37769078.61726 31630488.82069 42967479.36252 63003872.79395001 61911290.48365 78125909.55388999 88384302.92499 48306836.42539 59307801.74288 63651255.5184 54748286.18811 56348465.09853 0 78027281.14742 91909960.81487 114375483.85499999 81997662.88522 98428199.309 125169888.62735 102175586.95851 65158227.72927 39483152.44936 
71039636.62043 83261169.16269 89824281.29948999 56792346.35059 55890194.88977 95493761.91268 125430379.20522 95314913.91859 99363660.99068001 77478520.48603 80064612.66895 91766525.76327 78027281.14742 0 116188492.30638 124727552.4119 137575082.23684 123528175.38154 147812112.01939 131959578.28834 69306759.04364 72753710.45253 
85869786.22424999 88213221.96774 94622159.60978 90313918.19635 81966630.37437 109756162.08262 90790050.66491 55280107.20387 57150449.72937 80633780.3365 74940233.79912 108501899.64976001 91909960.81487 116188492.30638 0 35873203.26121 85798856.15829 102229392.58207 143308949.29298 102029166.94081 102381466.3125 84264394.34139 
88267397.23154001 82744995.03431 95327344.8134 93917425.50746 92466897.35221 124713982.6556 126663253.92612001 66623931.37854 62688160.87873 91977604.51117 99974588.52801 119845723.82443 114375483.85499999 124727552.4119 35873203.26121 0 94269314.87263 110699851.29641 124416295.50949 118286465.46492 102904285.63732 86553323.39944 
98436922.85284 88688559.43224 84427779.51469 80782735.88625 91762372.39499 100097071.11326 89687272.10758 82202285.12415999 71201319.80667 88885079.93358 103866533.84645 97784339.01187 81997662.88522 137575082.23684 85798856.15829 94269314.87263 0 16430536.42378 109540138.63514 101433280.67996 81201141.4207 96722849.02074 
91970623.20764 103768454.94887 83851941.46838 66735829.03095 76016988.94888 83666534.68948 90523527.82741 88127210.87928 77126245.56179 105315616.35735999 119702432.3852 114214875.43564999 98428199.309 123528175.38154 102229392.58207 110699851.29641 16430536.42378 0 99385116.05252 108251765.08043 64770604.99692 92985307.88933 
94521054.24904001 103590127.47648 112341252.08574 99980397.44394 110960033.95267999 124382438.60463999 128596794.44369999 99519608.67885 90691831.30687 120188491.02392 114110734.56046 101687729.78849 125169888.62735 147812112.01939 143308949.29298 124416295.50949 109540138.63514 99385116.05252 0 149555148.82468 95616225.86509 92806980.41694 
65101424.80667 77322957.34893 80200958.11259 90336218.98336 89817679.46786 93221855.36366 110895440.20145 67764476.25283 78765441.57032 60820356.77607 93807261.61138001 60396390.87018 102175586.95851 131959578.28834 102029166.94081 118286465.46492 101433280.67996 108251765.08043 149555148.82468 0 98058950.99346 66815498.63877 
32957526.18679 39960904.942 40300252.89192 21050996.04326 32030632.552 28766212.73955 72507423.38999 47791956.5955 45231016.58313 43542029.07412 60707766.415759996 57497678.48191 65158227.72927 69306759.04364 102381466.3125 102904285.63732 81201141.4207 64770604.99692 95616225.86509 98058950.99346 0 32870371.4383 
1714073.8321 10783147.05954 19534271.6688 26249478.85838 30204419.38978 46054362.60399 65717691.97543 32157621.82753 30433410.32698 27381510.60698 27837394.97746 33503238.09402 39483152.44936 72753710.45253 84264394.34139 86553323.39944 96722849.02074 92985307.88933 92806980.41694 66815498.63877 32870371.4383 0 
