95
54 142 121 37 2 146 118 134 159 40 61 147 29 115 27 31 133 184 151 144 122 163 102 167 90 10 180 30 23 48 97 149 49 74 64 34 120 16 14 60 32 169 114 82 91 47 7 127 15 42 156 160 130 136 81 88 18 68 108 36 168 125 154 100 137 72 53 87 20 62 170 172 24 116 46 105 51 103 196 139 135 131 152 176 119 17 178 78 96 75 186 188 99 67 21
0 78103113.67804 135858378.18882 158056489.79989 165689944.39277 298990431.42991 315630486.79019 288351360.49039 356130899.36655 491563904.16969997 561399734.98314 537641208.96652 512420912.27565 549114393.07907 636478925.94191 618469932.2516899 683767915.7989 717988720.4842 704100540.49364 738568262.7912099 760141922.8344901 757494777.42682 742692407.73477 690204905.53678 650885261.45274 555349357.95176 554976308.44263 529678619.79147 392924251.85004 194734444.56531 140850793.70769 348284074.78235 419823611.31945 517372277.87916 561735733.43794 587527995.04266 630431561.89485 628537268.84835 608286825.71137 689067732.9294001 640305592.88291 584517466.20511 482006320.57748 560222220.30516 571236229.82008 707818384.05853 714275785.45625 777787913.03989 787133847.33083 778593000.02859 922083838.85681 949505253.03512 919976422.7063501 927258778.7773 892610545.00668 840096256.32996 814679703.87379 942596884.03695 876077444.32026 853412673.78238 798643177.21337 726534824.80724 824407562.0449 766416794.20053 770350651.62159 783814393.29757 788513543.5008 892770970.83897 967243828.42172 1029952182.33108 1135245489.74396 1079446253.77706 1038311701.03977 1152333063.68326 1196736074.99264 1081122265.48454 1083676465.55841 1079087140.99869 944932374.61857 939340088.8663 868703438.37042 812995707.40974 824491006.20398 919945516.82392 877431426.458 843607323.5788 823226809.35692 814024444.92209 852540886.27416 817954235.58043 931816410.39642 957533499.62762 926231172.07685 772079513.79114 82981148.78417 
78103113.67804 0 58222493.97625 86269278.19718 96944153.02028 224422853.97024 245269695.48209 232266821.55597 316619056.56044 452814572.87583 522053941.38132 487037272.92256 459264136.87149 485984372.01282 579493598.67279 566882399.21016 637054922.24638 680189626.37257 667639522.5989 711195644.56691 739871928.61907 744485470.09427 733427402.83243 679582811.27594 637862132.90548 539821574.53609 533909099.39763 523441843.69926 384567996.8822 177888381.81685 101525110.75069 273885770.16066 346128771.45882004 443306298.36583006 485179681.41512 510338898.87925 553111225.11632 551129558.36915 530954020.05542 611985287.86513 563110783.53294 507553977.67311 405969860.45373 488815515.45526004 498175070.35195 630854895.52653 637669687.14357 701130003.58763 711183811.75084 702249263.19508 845158752.79255 872041637.8611 842773675.71868 850498489.53479 816107946.34077 763602707.7077 737368223.80624 865212546.15164 802359854.78072 782743207.71246 728367907.95243 654908076.76234 757895159.22777 705343913.08094 712334540.79415 731097243.27329 734164309.47524 833304650.53595 902961913.5048 962252565.20552 1066351386.8363 1010871864.21146 972896630.72779 1086551458.62361 1135806087.16854 1021526667.02483 1031571142.72423 1030398557.22564 895294715.88035 892045538.81356 827645937.43299 773711631.2682099 793042737.49345 897278713.50817 862857393.70734 827472310.46312 811935614.99903 803706125.93627 846884245.84605 814158591.02602 899967016.59572 919601546.27165 865041404.05537 705700895.05576 84042046.81049 
135858378.18882 58222493.97625 0 144491772.17343 155166646.99653 220829255.82924 187047201.50584 177913458.26138 270048264.95238 404980944.55073 473372820.91519 433031950.81743 404260031.64642 428401575.319 523349701.78997004 512396682.96608 584408652.14792 631614485.00347 619751005.05034 668083284.34812 701344285.20024 709837763.82678 700757612.18586 646496793.7626 603877172.84441 505026732.17834 495699785.92993 495055908.69792 356954927.37864 154776823.98479 159747604.72694 240537046.41705 312487464.13341 408353555.95846 442926939.35657 467956949.86001 506725820.31844 503867509.98917 484519217.82362 567299156.933 512016797.95589 455265116.02646 351657934.6388 431703875.74975 442080327.99468 578512570.20334 584331831.87791 647886461.6519 656646514.44405 648821338.92292 792720366.89075 823146764.22594 796811717.64968 806539757.85453 773147917.62949 720763010.23042 690746321.4147799 816966874.69112 745714758.54145 724829388.49803 670448575.18478 597300814.48921 699805182.60766 647779142.16445 655478919.05178 675862645.46096 678374773.19741 776020523.51883 844866758.30836 904049984.4335201 1008241040.10968 952649370.23521 914726631.60419 1028345747.75071 1078140399.806 964120249.20415 976245533.56426 976326071.29559 840978841.46751 838640938.45187 776985347.34334 724259377.47872 747353512.58702 856173217.74642 826694979.90519 790586605.7088699 778143643.22631 770545187.0012 817009709.60774 785138812.90265 853772426.16574 870693683.30265 807391606.6345 647488340.73693 99467495.1198 
158056489.79989 86269278.19718 144491772.17343 0 101418836.13657 183943268.35665 212804537.21922 241092867.28366 336044328.86459 468142491.98002005 534126692.82445 483727605.29335 452623985.78293 463586508.16110003 564048328.36653 560635780.28683 636803819.81262 691487560.36902 680803681.90663 734747376.88542 771953743.67459 783014758.27834 775182745.95051 720854273.28819 677605562.36789 578614010.65361 567200497.73185 572800560.03572 433853089.31489 242772395.72898 150898095.95054 190354508.22978 261768520.01102 359318234.63214 405726644.84919 431239129.8973 477526779.6792 476667213.06678 455568924.07369 534235269.33692 495317022.92742 443044280.55245 347079606.76932 443416530.93153 449108959.52643 563456654.34 573564549.21237 637134996.0456101 649919643.05176 636604254.81724 777793682.92718 798675221.0877 765646504.12804 771373736.86726 736489294.74914 683980301.1796501 661307815.8627 790702039.33425 748634590.40983 736035411.54777 684460000.05851 608150331.53191 726549428.66321 680925721.03697 693518512.30269 720548143.55109 720981820.19609 810577953.29229 870836792.33714 922814177.49171 1023853148.47579 969029230.37378 938389879.01994 1050544247.53836 1108734473.95298 997281680.80157 1019509198.20873 1023567431.07489 887912743.48106 888126317.7385299 832959661.27557 781375857.41727 810863855.13052 924311558.34953 898712723.67408 862063723.67223 851703587.78201 844289923.41218 891566472.1135 860812116.62314 916344561.85929 928229531.54621 838986746.3447 670842292.03468 163971268.5987 
165689944.39277 96944153.02028 155166646.99653 101418836.13657 0 133300487.03714 167082541.36054 139674031.14709 236318158.46815997 369619730.28198 437394320.01917 394568544.90102 365459879.03632 389201377.1688 483825897.27907 473777080.54649997 546365889.19562 595446549.80482 584526206.9484899 634879778.52992 670764037.23379 681596093.70726 673995223.65565 619917558.01438 576391321.95125 477396414.21077 465832440.17407 471465719.67262 340998223.03814 141920477.75671 198158380.2816 277578133.16312003 320857049.60595 395838500.15354 423718320.2703 447650178.15885 483314010.2188 483514142.45619 462095176.53774 545357405.04286 483145359.80143 425990201.81003 350219116.56404 395921981.95665 405743082.06908 549258123.81299 553571591.20717 617129970.01975 624407259.26287 618307721.50905 762943393.66941 796437056.56928 773034455.97015 784615888.07186 752102537.07931 699937664.35872 666506157.40016 791090361.2451 710732783.21501 687761469.9227 633290352.86217 560863923.94912 660985928.3183501 608579650.07941 617936178.13853 637542157.59205 639246052.09308 736763803.98241 806048141.52888 865988643.50365 970572274.88756 914895403.0499 876103385.2442 989827096.63615 1038979923.47385 924880884.01264 937791217.8897101 937771835.23162 802359815.2228 800230757.18092 739770639.91557 686961735.63857 712642975.69157 823894538.20282 797325193.64405 760681545.10241 750392316.15399 742960049.35654 790590948.55194 760192084.83596 818711793.7312 833669649.57868 768222716.15786 609031416.36269 118785203.62611 
298990431.42991 224422853.97024 220829255.82924 183943268.35665 133300487.03714 0 33782054.3234 112354081.29475 218991752.20456 325849644.401 384397744.39804 316590880.47306 283005404.24338 281516335.6173 384752151.88435 388303535.50827 468736522.86359 536240899.22704005 527527254.22146 595238331.73272 645734290.77392 668434445.46541 668305134.05247 615069785.48949 569316747.56365 473481971.0692 451662956.60702 486768098.33135 365561970.80483 228024416.83862 321003402.57187 175624744.58256 228935421.48431998 306901857.41571 325936545.14266 336032066.57456 362761984.19597 362701543.50342 341030380.56499 426720431.88177 353454821.78445 295582385.98223 216918629.5269 264392661.48502 273774792.35114 418411803.8052 421256504.8499 484826951.68314004 491235962.15877 486128058.85794 630825509.34007 668375070.06973 649644348.66775 664455113.09101 634084306.47543 582741831.62878 542820931.76877 664155121.6089 578287806.77553 558320353.74222 505029399.87869 430736694.48302 542693840.89083 497493463.0436 511383967.28058 543382596.21118 541741476.12278 627464150.20126 687135742.29955 741219493.97028 843867553.86515 788596780.01444 755097665.6589199 867785098.97364 924906876.94744 813588220.02285 839684270.73234 846738394.19656 711320643.64001 714030306.16075 667557167.36121 619647038.93073 661268378.1531 786301305.26402 776267833.30128 737973853.16458 738025590.58027 732297771.41649 786681766.38555 760992716.79608 763084025.95975 765537106.18319 655166120.2303 488814546.74813 249950077.20148998 
315630486.79019 245269695.48209 187047201.50584 212804537.21922 167082541.36054 33782054.3234 0 91516225.80762 191671041.35175 293361618.21264 351060342.43132 282808826.14966 256518325.36403 250781970.94188 352832904.58754 354994011.36567 435137389.26478 502864342.88426 494419892.75922 563655389.20779 613843125.2836001 637589323.39687 638311650.40412 585560295.97313 539480000.56331 444515171.96154 421485973.28947 460634555.56874 343491528.98496 223560705.92339 344163844.51658 205593249.16793 254280020.34646 326716898.77063 326887095.20350003 346567072.26487 367816195.10535 363407695.65974 346610479.8596 432532139.85594 350475491.5812 292167684.24164 183136575.2035 244656674.24391 256761980.91536 413400837.88098 413546399.01272 476627404.40019 486021710.84584004 478410132.56221 623330746.50344 665802274.60293 651050799.95101 668042690.06449 639037725.50902 588351306.76956 544414072.45483 662653124.69114 561810360.66892 537782186.99219 483441505.67671 410906739.6931 515744587.41776 468218379.70127 480713975.08347 510618752.16124 509910505.20116997 597801427.98339 660565413.71384 717395236.02878 821236449.93898 765688247.43931 729353121.86916 842624416.78256 896828692.66775 784712244.7366 808137923.76709 814374384.42547 679456100.81706 682484548.8173699 634052505.85342 585880336.47402 627589429.57743 753335943.46429 744627397.57657 706062264.36071 707180468.51173 701680374.90889 756636142.3693299 732115892.55196 729359483.9363 731809991.4544799 627046556.3968999 461816901.08339 259617934.49136 
288351360.49039 232266821.55597 177913458.26138 241092867.28366 139674031.14709 112354081.29475 91516225.80762 0 115181280.82067999 234936481.23959 300659330.05333 255686904.43941 227913768.38834 260763032.58868 348515999.28718 334719484.70938 406884082.75544 457946611.33405 447277124.4835 504291838.91449004 547346435.22206 565228065.25416 562555848.84936 508740409.46984 463474476.02549 366039064.42493 350807805.61767 375450223.62132 253438088.98057002 147802986.78101 333291496.10931 285685332.11585 341286195.20374 417504157.98064 417513032.82085 438083298.07249 455343823.35765 448019136.48916 434611491.21893 520319227.67533 430491999.08955 372489998.54874 264265085.56477 297870746.54681 330171073.54266 490090944.51385 487529198.1931 547963423.85967 546898732.18909 550410455.78258 694550094.2021 744137681.92393 734539008.78194 753338602.03651 725597928.87487 675562296.06256 628141570.90311 743710054.98974 615388368.47015 580793213.80546 524137290.83477 458174922.57625 536252623.63625 478896032.92050004 482626280.14664 498846638.92143 502171037.84361 604419610.34858 680708058.76295 747653615.72727 854901728.58388 799449236.83043 752751903.8294 866979088.85441 908446542.67672 792777975.18776 799304321.16826 798514702.52005 663252326.13637 660727886.95254 600559282.68456 548312562.24199 578284652.77726 694915435.33332 676652141.02223 638938850.92645 634774834.29201 628385022.83396 680807198.84417 653684810.71281 683003409.22895 695139366.6441 638059841.31743 488749871.95729 216057527.53819 
356130899.36655 316619056.56044 270048264.95238 336044328.86459 236318158.46815997 218991752.20456 191671041.35175 115181280.82067999 0 136353662.53638 206472766.31817 191240426.18115 225912943.04843 242753028.24506 302159462.59535 270776675.60672 329042805.29091 363791265.50133 351033478.83624 398838447.18687 437765459.62115 454215664.95679 451464471.95901 397713498.69347 353967895.23153 255214281.12564 236362944.20061 269064748.43059 161680760.64503 170757363.72841 412429338.34537 394446278.04661 445941603.95988 515379929.334 504618124.51431 521119733.21647 529312360.87867 520131774.72317 510238061.06582 593847405.33368 489481421.23302 434158084.70298 333351646.51369 326868425.58886 350508740.27652 543703381.95952 531029616.64915 588782489.58807 580148548.24816 592224044.48187 732014572.33411 793600991.93094 793721582.48275 817616900.02227 793367658.27961 745576743.3296 690210007.55935 794651805.1372 627771028.41185 579814081.77948 522148519.08365 467757670.33167 509353489.54928994 440524987.51426 434123572.43933 435302666.52437 443730476.8212 558275476.8847799 648102379.53085 726071773.27718 835722076.38351 779842268.96565 722548601.33756 836043154.51281 862086957.17853 743943362.94931 732728621.18864 724426079.10273 591411070.4811 589024966.63256 512924882.98353 458003092.18605 477344090.66476 588288562.96256 566410214.43459 529119763.08569 523747500.21467996 517288418.10537 569749243.23249 542942370.13713 583913794.85287 603416076.83107 596213082.39201 470848099.80855 274556106.2331 
491563904.16969997 452814572.87583 404980944.55073 468142491.98002005 369619730.28198 325849644.401 293361618.21264 234936481.23959 136353662.53638 0 94016166.02119 119993868.9842 113120743.33458 202796215.53063 211556505.73914 161914529.68569 200910790.73852 233684652.51946 214906476.66651 270293770.99515 320991938.31617 349332886.62245 355307972.81312 308986828.56225 276454981.59741 179071517.98526 144589201.62509 225412390.67254 194917828.82757 301567346.37081 548718961.58579 497657562.34975004 537773252.05484 595702574.36876 562812006.5395 574749495.44613 568079543.3590701 556737662.64741 552260439.79607 629145771.52811 511006217.74090004 462272868.51588 388443276.36336 326825840.17194 356808250.24636 549044008.20245 530834627.00329 580377373.94776 562643129.26702 584971414.29497 713820431.77432 789231563.73296 802945030.13291 832958010.06849 814267864.50212 770918353.68669 705923035.70138 794318839.90943 582499186.16749 520881310.0511 472888329.41492 428230768.31109 422443568.69777 347205200.67952 330035511.44475996 326174735.67005 327108501.13548 452486158.1034 551995494.30511 639274014.0116 749287559.46745 694684059.89818 627116058.95837 737892480.58062 749597524.66227 630816810.09025 605321146.23324 593425827.47559 462619629.02993 452671304.09618 377213662.00917 321649429.64967 344577836.54812 461420458.04704 451873620.06794 413311241.70132995 418076405.38385 413423938.13447 472108137.53091 451644797.29958 449101790.35823 467066748.67107 492294511.66628 398277271.17011 409270508.20041 
561399734.98314 522053941.38132 473372820.91519 534126692.82445 437394320.01917 384397744.39804 351060342.43132 300659330.05333 206472766.31817 94016166.02119 0 99519729.06369 134192245.93097001 208239507.88967 182795148.6609 121327858.75385 189380698.94991 158241664.08828 177019839.94123 212641704.84564 274084485.68704 311834497.80212 324476278.4699 280068272.73093 238374209.91622 179258611.72389 163769431.15131 239875020.84889 246548778.23385 371146215.07157 618414690.13751 551926079.03422 587770009.1028 633015081.40927 596494734.83036 605948105.09943 592371929.23741 580503525.62463 578454497.01896 650696054.07494 527153133.06264 484166020.12083 417484734.80257 342110330.55605 368909784.07938004 558540618.6831 536807867.04468 580975495.60907 558850724.80042 586059641.15597 706980230.40485 788695147.17435 809143517.37569 841937482.92574 826241974.63024 785595630.611 716618746.7154 795255455.8241099 563253441.92079 495226156.59978 441850086.23983 416273223.6488 382979812.92498 305310281.58944 283343377.28178 256210483.26789 270024119.95697 398798723.31481 509888768.13023996 595767163.58842 704862256.11071 651436771.46601 578630949.02831 686999013.84675 690719297.55793 572119665.60804 539359820.30741 525171800.78568 395755433.9655 399146537.77483 308861025.31506 254461910.66298997 277956761.97454 402800968.74931 403985612.83059 365166041.18315 377938740.86001 374760996.41475 436578846.5804 420790787.46838 382398461.56725 397950698.40968 443476378.20246994 367971183.80645 479156386.82709 
537641208.96652 487037272.92256 433031950.81743 483727605.29335 394568544.90102 316590880.47306 282808826.14966 255686904.43941 191240426.18115 119993868.9842 99519729.06369 0 34672516.86728 109269802.24065 114711265.04167 80828723.28517 165199707.77475 223291113.92101 242069289.77396 301676190.20036 369854125.28131 410472731.77542 423939440.48083 379431359.05922 336108171.71488 270101158.99145 263289045.91982 323493195.10166 293051784.22282 360922833.57363 587322819.30125 473565258.66764 501543810.70013 540774283.59433 500144370.36087 508596519.19133 493310492.05475 481104196.08884 479757902.22489 551276463.0385 427644952.10694 384905133.01673 317965005.73888 243140624.90703 269940078.43035996 459966104.4114 439431512.65134 485320920.77977 466271592.26410997 490205890.56628 615356284.86713 693779340.82383 711700719.41144 743744168.51708 727401781.79514 686634279.68153 617952260.14109 699553090.31767 483058342.30957997 420931106.22129 363259806.90309 327543751.45574 325995489.66307 253768070.01534 243413987.61762 246389151.86227 252490050.64005 367035050.70363 460915393.35681 544037971.65315 654198506.6259899 598982025.06284 535884232.50994 648425812.71711 670846530.99738 552864484.80921 546046798.25885 543473958.70222 408391606.7186 405663487.79935 351243679.70376 319511360.49571997 352159801.74415 486979318.51 498078143.42812 459496330.24985003 475655822.86151 472919518.16322 535309295.15922 520276264.96729004 449862264.00134 449001165.30482 406088109.00767 297882577.56348 461053144.15584 
512420912.27565 459264136.87149 404260031.64642 452623985.78293 365459879.03632 283005404.24338 256518325.36403 227913768.38834 225912943.04843 113120743.33458 134192245.93097001 34672516.86728 0 89675472.19605 127930272.68228 108317201.51018 185833129.23979 257963630.78829 276741806.64124 334918986.97527 401344938.0996 440060404.93913 451880046.48426 405814174.59707 361598740.18311 289628674.8942 257709944.95967 338518137.38168 293593732.68138 340961031.5034 560026432.23662 458630148.82594 466871293.83285 507432345.68986 468714896.44588 477810688.2603 464733070.96194 453293064.36826 450479319.25243 524082440.71784997 401841252.93759 356955558.86446 285765953.52222 216515115.08377 243687506.91178 439613180.02792 418411487.50811 467307146.07595 449624356.22572 471933247.28007 601013790.89435 676161335.86115 690834655.86094 721630035.64461 703986820.38461 661793050.1941099 595055084.354 681280672.89453 474025027.63089 416949314.86898 359948495.71157 317361907.17436 336862820.53427 265884392.5903 261268145.42403 272082278.55573 277695258.23547 385240997.91157997 473591680.32824004 552587039.53884 662551492.1472399 606857331.74314 547953989.8684 661397704.93211 689838367.89123 572404216.39084 573675298.6700001 572311956.1953 436899936.18648 435659159.71822 384551763.11783 337402284.21164 386780005.07691 521119881.01613 530317096.88659 491564986.46964 506081229.9655 503002687.07058 564751966.49054 548213346.97645 484487716.52524 482729534.48638 422309343.02337 301484935.71364 435169062.70268 
549114393.07907 485984372.01282 428401575.319 463586508.16110003 389201377.1688 281516335.6173 250781970.94188 260763032.58868 242753028.24506 202796215.53063 208239507.88967 109269802.24065 89675472.19605 0 106825319.35638 137155428.60744 216803488.62177 308397777.81046 308126502.27001 399859941.26793 473148352.4631 516837190.1763 531882803.93187 488300870.22282 445377973.95553 377934359.1127 340152132.5293 428117078.94043 378878992.67585003 395394138.54574 587359757.4504 411851643.21141 426645224.39736 452173604.5419 403737566.02070004 408829202.88776 388400099.83448 375807928.77718 377845211.18188 444590435.82174 319581990.38068 279498258.38011 226246979.46467 133870822.66638 160670276.18971 350699542.83933 330161710.41069 393732157.24393 372498610.41235995 382574917.35792 511460036.66264 586681281.02835 602822683.36624 634527041.84413 618159550.63981 577364477.44088 508792805.39512 591804227.75267 388832867.70672 337241172.85339 279569873.53519 230218845.25952 275632465.90646 219378272.91061 229949123.725 265113543.24671 263902919.97000998 348384785.40708005 419945621.98779 489268695.6778 597832362.2012 541716354.88049 492186319.09602 606435105.92246 649829977.4471 535826396.19958 558574329.7483 568118182.13116 433583644.20762 439788807.11585 410186460.08148 371932193.79171 436976785.66003 577714695.03032 598639742.7542 561287466.29881 580536419.27804 578404550.4573 641541491.72082 627624042.13584 525799092.53291 510299394.38897 379215361.23276997 233244660.25402 476763281.46465 
636478925.94191 579493598.67279 523349701.78997004 564048328.36653 483825897.27907 384752151.88435 352832904.58754 348515999.28718 302159462.59535 211556505.73914 182795148.6609 114711265.04167 127930272.68228 106825319.35638 0 61467289.90705 125064265.54426 225267789.89791 229922916.65663 327984153.16592 408026791.60827 459416446.73541 480623877.83444 444246123.71945 405873406.5023 359534424.23561996 319446089.87503 422436001.75793 406411196.86534 468764194.22533 680947614.73134 518600352.59244 531565337.39392 551216007.1402 495532432.80694 498228244.45166 469218901.75261 455946822.09434 460183728.74244 519372989.72002 391718520.19535 362030787.11648 326585887.70388 217276646.87281 241404585.36783 411392446.58081 381406942.04588 416790013.40044 389936400.20185 422393874.89857 533566958.67358005 620259039.35984 648678634.48969 684903625.37392 673850050.58162 639858734.1452 564019918.84482 628791147.81625 383299678.6822 314655662.60345 261331823.67578 242052168.9399 211572519.81006 139056804.97367 134110280.85946 158782703.73601002 157077600.61363 257595877.77547 346698605.4344 429425106.92768 539584659.65223 484476039.31295 421535868.87604 534466161.32049 562418273.84369 445455034.57189 455489610.88481 462398224.29744995 327388895.94505 332976359.38168 307296040.96933 273926214.75011 349401479.46637 492058081.56541 525911916.94464004 488962109.01999 517423837.51354 517021993.57421 581515935.70983 573281478.5634 429134300.63778 407392337.99926 294380053.90671 191593221.23893 560940573.36858 
618469932.2516899 566882399.21016 512396682.96608 560635780.28683 473777080.54649997 388303535.50827 354994011.36567 334719484.70938 270776675.60672 161914529.68569 121327858.75385 80828723.28517 108317201.51018 137155428.60744 61467289.90705 0 84370984.48958 176011096.60338 192036901.79174 273121819.84377 351023864.76355 400559945.71604 420639062.92634 383277046.57522 344528739.01762 299120538.75828 259032235.95298 361115249.84473 356457338.11637 441099204.61309 667539856.18932 536719201.47583 558060718.97535 585476695.80037 535681900.86882 542196819.32108 516724680.08112 503422722.76147 505729936.00063 569435111.49815 442298539.1015 407819070.14276004 359559076.93664 261196683.39814 293471384.77631 463406329.16418 438675108.92759 475925384.80975 450089886.74588 481412793.61992 594536050.00211 680588833.14203 707285590.1598101 743259114.71175 730474496.95485 693382149.19015 620465989.43575 688719091.71137 444432791.69353 374539142.34721 322064436.94868 303071096.72016 263057522.90755 186337413.22693 168363148.32018 165562216.84288 188025515.2093 298582087.52924 390082753.7144 478277334.63518 588098558.43073 533863682.70869 465201834.7879 576139139.20889 592554511.23526 474404538.05072 465358097.15982 463994754.68512 328582734.6763 327490537.4517 282121600.31393 240052637.24559 303834496.26174 445449957.30132 472154617.83143 434549235.28693 460199893.31702 459535034.94781 523587726.48648 513985965.49675 392896924.69808 381656852.19447 331134884.10046 252726849.33596998 541757430.99375 
683767915.7989 637054922.24638 584408652.14792 636803819.81262 546365889.19562 468736522.86359 435137389.26478 406884082.75544 329042805.29091 200910790.73852 189380698.94991 165199707.77475 185833129.23979 216803488.62177 125064265.54426 84370984.48958 0 101307638.49744 108688727.78214 207724308.93376 290559950.36406 345836197.47603 371477815.23354995 341829369.44159 309428351.79827 288423453.48854 250202752.24693 355862857.38906 388845499.30033 499074432.57079 736466259.11664 619918800.28831 641058788.82558 668900462.17414 617185724.23986 621089708.67304 593856092.13647 580682985.5134001 584330153.36115 644433010.14704 516782785.73960996 486025712.03715 443000307.01931 340316422.22368 364464825.38611 531889234.76817 506070194.12810004 536070010.05755 506481383.6 541889082.8069 644016627.03507 735329143.09399 768298970.02397 805785288.53157 796239594.04985 761803548.62881 686716106.93482 745222888.30651 482009190.7707 405484470.41220003 358820691.77219 356548083.40987 280693884.23969 202456363.98488998 179610613.23584002 125350901.09358999 136838958.70364 265578224.89475 377758511.39859 474176997.75324 581226001.43842 529788440.70107 451113265.0805 556172460.38912 554118775.92811 436561677.44808 404616080.20547 395457097.07272 262600644.93361 298457657.62635 199107050.84107 155681652.75601 224337213.92211002 367046316.71039 403100664.31011 366899706.27892 399278224.28998 399901805.03176 464495916.7407 459821752.82141 308995603.91114 298109813.08226 310067341.45262 276457612.85763 603125002.01785 
717988720.4842 680189626.37257 631614485.00347 691487560.36902 595446549.80482 536240899.22704005 502864342.88426 457946611.33405 363791265.50133 233684652.51946 158241664.08828 223291113.92101 257963630.78829 308397777.81046 225267789.89791 176011096.60338 101307638.49744 0 18778175.85295 108692230.92644 192548085.17714 250993740.55194 279730476.16476 258248932.22347 235346265.26176 242565259.94608 211439913.55435 310606854.28608996 373820437.36454 525803972.17153 776050932.03621 696647488.88726 724834924.62114 758894910.22119 711313938.63826 716579072.25851 691970608.65412 678894733.45156 681609233.56946 743885368.95427 616418940.45604 583557223.6927 533411651.18353 437207780.00152004 462054432.00555 632956214.27418 606473607.11585 637172914.01877 607141412.01812 643018374.95405 742833330.28893 835366668.6957 869370388.01498 907021207.08858 897544094.68945 862954167.42908 788023745.43226 845618890.61438 577372690.23756 498206267.67733 455957489.41299 457106401.3599 359694571.61608 286404975.55795 277459662.05306 217788227.56538 204778742.7827 326605132.52573 444056622.19297 544382074.94314 647003735.3880601 599084585.01287 513288885.69795 610041088.33655 591050019.72907 472246874.63427 408898055.27862 384460292.53371 278172549.87982 254692731.58038 154090655.55533 96220246.57471 129474823.77384 269469963.6597 301817002.80272 265805838.42123 301942183.13199 301587454.78399 366207142.49333 364368206.40409 232533616.73711 239709034.3214 371761319.31708 371340835.16464 635334054.9336 
704100540.49364 667639522.5989 619751005.05034 680803681.90663 584526206.9484899 527527254.22146 494419892.75922 447277124.4835 351033478.83624 214906476.66651 177019839.94123 242069289.77396 276741806.64124 308126502.27001 229922916.65663 192036901.79174 108688727.78214 18778175.85295 0 99052196.03249 181871222.58192 238667339.09307 266068755.99142 242405796.09925 216568089.40881 223795906.76308 192866324.19937 291828678.43314 356332492.49586 511317273.14762 762849068.01425 690793347.4934101 719721644.55776 756776917.70331 711164310.2330201 716901043.49233 693860860.56665 680891602.45593 682968972.87998 746772690.76835 619998373.40465 585185364.7933 531807761.62157 438519493.39212 464777955.70582 637987076.11825 611176843.53483 644347659.94008 615095544.27122 650124628.91252 752449475.06182 844017870.87613 876584291.50337 913728743.47971 903498121.54668 868112570.29504 793766416.33668 853889346.10364 588682737.72676 510251901.15706 465919930.45467 465206772.75289 373299189.10499 298945403.72622 258681486.20011 199010051.71243 220347761.34135 343556728.45491 460855856.44761 561013190.87901 663953531.2801 615446810.69919 530481780.05421 627936289.56077 609621056.52521 490817911.43041 427465208.56974 402445991.70873 296941245.92214 271366251.51918 170810446.10411 112535030.66672 134206335.28809 273613824.89426 295989000.28801 259133374.77957 290615863.20704 291372539.0688 355932401.48304 352266445.53198 236167209.73035 258487210.17435 388628045.18747 382617934.21874 621344306.84111 
738568262.7912099 711195644.56691 668083284.34812 734747376.88542 634879778.52992 595238331.73272 563655389.20779 504291838.91449004 398838447.18687 270293770.99515 212641704.84564 301676190.20036 334918986.97527 399859941.26793 327984153.16592 273121819.84377 207724308.93376 108692230.92644 99052196.03249 0 83971441.07567 146347836.80028 175385088.76866 164305338.10773 153775588.58753 203737309.45263 188526154.50328 263147414.94921 362406358.38898 543867706.79914 801366387.70016 764567783.8798599 799025351.4539 842351332.6651299 800762019.31356 808016845.32488 787781446.81253 775000023.74657 776697986.14263 842139282.07846 715230950.88643 678883034.33354 619455204.05843 532336801.75038 558294620.56798 735741511.54729 709389139.28222 743274640.44143 714144808.04995 749031996.42895 851156655.20049 943053452.02775 975500189.20273 1012460680.05794 1001830582.65754 965869199.43754 892001992.82866 952939718.32284 686049386.12112 606698189.38337 564079650.3150101 564258051.42292 467118677.008 394763088.19576 352734042.33393 287271451.75548 309444015.51984 425521778.4918 542911546.343 644354125.32566 743799536.87716 697826084.77008 610269916.3578999 700052874.39236 662789138.14706 553384607.87644 467545340.05141 435299186.88888 334890675.13844 308783612.78854 199699003.65635 155041590.84928998 94716140.89456 191159103.30303 199172108.55141 161427525.03088 193376082.67417002 193523902.91646 258132438.92518002 255791562.30262 197945929.2124 247492004.15926003 469485495.7834 480029595.83956 655730523.13045 
760141922.8344901 739871928.61907 701344285.20024 771953743.67459 670764037.23379 645734290.77392 613843125.2836001 547346435.22206 437765459.62115 320991938.31617 274084485.68704 369854125.28131 401344938.0996 473148352.4631 408026791.60827 351023864.76355 290559950.36406 192548085.17714 181871222.58192 83971441.07567 0 62376395.72461 97937778.42535 106561769.29983 120048900.32316 204792564.88273 205984457.31581 248833565.80712 369829159.5224 566347306.21455 824717373.87667 818568391.09387 857955636.75328 906994941.06409 869998495.64218 878450644.47264 861356317.18705 848817084.98566 849157467.5204301 917250401.97138 791249469.91936 752646287.3416901 687100060.93352 606623632.14261 633059628.56222 814427084.7274 789433733.65415 824464700.28673 796092599.45891 830146866.0857 934305233.239 1025475688.64275 1056561291.64192 1092923529.02276 1081369391.45063 1044350939.5109 971401467.33486 1035056531.77314 769910351.32559 690669630.45904 647451768.89868 646442604.46751 550888484.21661 478734200.73892 436678727.41283 370327914.00078 392791212.3672 505938674.60677 623346428.87797 725023345.89345 822720018.36906 778029856.07834 688193954.1018 775500329.53594 730572151.1640401 624641756.8259 527882633.27561 485006687.66514 403245994.28777 372261125.84389 266769709.54764998 222112296.74058998 169773373.19301 163453957.97316 130908617.30401 92319303.38516 109404641.5985 109552461.84079 174160997.84951 171820121.22695 218965760.64567 295632017.82259 549678227.27056 563859992.4323 677514701.02848 
757494777.42682 744485470.09427 709837763.82678 783014758.27834 681596093.70726 668434445.46541 637589323.39687 565228065.25416 454215664.95679 349332886.62245 311834497.80212 410472731.77542 440060404.93913 516837190.1763 459416446.73541 400559945.71604 345836197.47603 250993740.55194 238667339.09307 146347836.80028 62376395.72461 0 63290613.01555 71252977.82255 106777471.97148 205774097.97841 217852815.59717 231575506.22868 364626519.1213 568056275.8901399 824616183.32439 843175440.81633 886488655.06338 941343044.8873199 907646890.25797 917592329.29639 903783223.83017 891525395.32772 890150582.30697 961368335.1054201 836310050.05249 795377864.79215 724366223.01452 650691157.92079 677497080.4883 862743170.44696 838295625.212 876147469.74758 849004000.16497 881709224.41948 989383039.13127 1079038590.72287 1107788437.56073 1143230764.50062 1130382115.54297 1092045294.82376 1020383339.96363 1088035378.3996701 827285456.68984 748872969.19835 704405597.72325 700778953.1557399 610519259.70438 537304606.69023 496002398.19949 431103050.3334 453566348.69982004 567954190.09566 685444504.40662 787080119.98145 885050908.93388 840101981.28772 750521882.83948 837773710.32052 791464718.65322 686407439.04838 587024959.78943 542294905.82908 464689152.39637 433195974.32901 329146105.27225995 284453512.84853 202219735.43333 189816665.55143 120435506.25786 90687512.39566 69591145.11486 64091051.51202 124836563.3838 114093302.31272 267794800.62985 342541218.91888 611813685.48812 621247042.01144 677450360.09632 
742692407.73477 733427402.83243 700757612.18586 775182745.95051 673995223.65565 668305134.05247 638311650.40412 562555848.84936 451464471.95901 355307972.81312 324476278.4699 423939440.48083 451880046.48426 531882803.93187 480623877.83444 420639062.92634 371477815.23354995 279730476.16476 266068755.99142 175385088.76866 97937778.42535 63290613.01555 0 54328472.66232 99100760.5953 197304421.42654 216850116.74338 213013787.9433 349926177.67716 555613167.99822 810184798.94518 843711656.11972 889513203.83801 949069035.9328501 917072882.46866 927959562.65271 916613117.4462 904590409.79591 902288681.81179 975171514.33398 851355125.03049 808577819.29842 733837333.49706 665374620.38415 692377323.2637 880374733.3497499 856763332.44 896507229.2565 870496257.04247 901955623.71668 1012764722.7622299 1100882021.52052 1127488363.64512 1162122587.73874 1148163342.78296 1108759219.53764 1038232111.62245 1109298524.09482 853164614.91193 776320657.14848 729932792.77648 722277855.19558 639261797.87251 564923431.08555 524627473.54782 461680650.78456 484143949.15098 600613180.64562 718264400.23127 819739214.09432 918766631.67199 873139187.23698 784251184.28944 872923896.25547 828509929.58939 722559637.56457 624583615.38922 580137864.22902 501171678.61781 470198904.26924 364252618.31465 319457390.6855 240785627.58189 225369329.13364 143439870.63968 120230620.47953 128419799.34413001 127381664.52757001 118381901.90476 96336824.48646 306709302.96212 380488995.38815004 644787968.49614 647424351.20172 663448161.86852 
690204905.53678 679582811.27594 646496793.7626 720854273.28819 619917558.01438 615069785.48949 585560295.97313 508740409.46984 397713498.69347 308986828.56225 280068272.73093 379431359.05922 405814174.59707 488300870.22282 444246123.71945 383277046.57522 341829369.44159 258248932.22347 242405796.09925 164305338.10773 106561769.29983 71252977.82255 54328472.66232 0 46080295.40982 143107428.67786 164397626.93716 161263783.77231 300211254.49314 504456683.05965996 757030157.85639 790694530.0720501 837260226.37791 896091031.17304 868203220.65674 879720324.1154 870547245.55901 858424106.69177 856293493.8495 929841066.57478 807076311.16616 762769733.46153 685798460.27415 621024212.5907 648143601.17226 838275779.83296 816876139.77561 857651098.08921 833087027.88791 862954622.63323 977607813.37909 1063575005.65589 1087549772.51333 1121186980.13156 1106104523.01063 1065662925.39364 996367822.04794 1071268166.41628 822078413.54157 746544319.94515 698662157.54703 686276055.0362799 613920458.38235 537852336.88623 499742868.60841 441270248.89503 462734674.66127 584271464.70058 701836974.04961 802631007.16661 904308137.55591 856841384.64429 770181434.0999 863317351.93183 826833976.67956 717508705.33878 628794278.19588 588621862.93248 499196013.24617004 469862964.77154005 360748933.52648 316120942.83229 257686748.8369 258488030.27758 190897346.98042 161891916.90992 133385174.85474 124787394.88807 172710374.56708002 150665297.14878 325414878.88484 393936990.85339 629079103.56855 617457740.81964 610109866.65592 
650885261.45274 637862132.90548 603877172.84441 677605562.36789 576391321.95125 569316747.56365 539480000.56331 463474476.02549 353967895.23153 276454981.59741 238374209.91622 336108171.71488 361598740.18311 445377973.95553 405873406.5023 344528739.01762 309428351.79827 235346265.26176 216568089.40881 153775588.58753 120048900.32316 106777471.97148 99100760.5953 46080295.40982 0 98996626.00693 139084960.36752 128784665.48396 258163963.15246 461278803.91866 717893347.33882 744941492.14621 791215559.71727 850075484.14153 822607936.39875 834322188.15244 825527223.66996 814664583.83909 810481798.11229 885674761.39994 763220281.79543 718327078.33529 639718164.86433 578113855.26688 604562642.57966 795725699.36732 774062476.8020899 816876967.26875 793198784.40992 822080008.00146 938987220.66402 1023559068.97327 1046003022.8649501 1079076697.15802 1063509953.51002 1022428845.28342 953799054.83365 1030865568.4974501 786307380.04128 712206029.74452 663056463.94801 647474899.48706 583963875.20168 505726354.94688 469364861.93054 415578141.12124 435709996.83748 560124817.8637199 677093811.03958 776893882.59298 880504061.88762 831737438.42375 747035378.55816 843401058.30706 813543564.61655 701733702.44687 621121279.33238 584469057.29584 486577854.91455 459732699.23897 351881725.97625 308610405.06101 243443020.59259 281981915.15304 226576500.51359 194489866.79487002 174273127.4395 166685260.43179 217482662.50006002 192635891.98865 339014660.96883 398044084.43978 605194503.95959 582923584.86343 570672888.12484 
555349357.95176 539821574.53609 505026732.17834 578614010.65361 477396414.21077 473481971.0692 444515171.96154 366039064.42493 255214281.12564 179071517.98526 179258611.72389 270101158.99145 289628674.8942 377934359.1127 359534424.23561996 299120538.75828 288423453.48854 242565259.94608 223795906.76308 203737309.45263 204792564.88273 205774097.97841 197304421.42654 143107428.67786 98996626.00693 0 40088334.36059 68571498.88186 165102019.50187 363965137.08406 621614563.69653 649106695.22242 697734156.25097 760441235.23107 737461447.25822 750663232.8682 746382062.36103 735246869.97437 730166503.4891701 807925111.2552099 689252111.65449 641157211.06634 556307922.06478 505417254.53526 532505237.6648 727139855.2679 708040162.40231 755338642.33011 735204965.65125 760172551.21 885457443.8585801 963872863.83998 980410598.95823 1011195786.04336 993041792.1117 949939739.48295 884429833.12045 969507747.35429 742482593.29155 673659389.4318 620836655.53812 595531835.37269 555712787.15238 477475266.89758 447473968.0997 405963071.53297 424245466.90613 552810777.34706 666150344.25155 762306176.0435799 869643639.27113 817994335.65481 739238398.39514 842516192.53268 828235412.83868 713455301.42292 650389908.54974 621651846.84442 509093973.46365 487437772.41573 386205215.73566 336137245.28104 298287146.7927 367612785.1142 323186991.22374 288468689.45449 273269753.44642997 265676619.58532 315125239.5588 287728089.01149 401683238.66503 449537226.55882 597663246.89035 545597923.29258 474290104.91482 
