46
26 32 58 9 96 35 4 7 5 75 3 69 78 64 27 73 85 70 59 10 23 31 46 34 30 71 0 57 67 63 17 45 51 68 21 93 80 49 79 56 44 86 66 90 11 29
0 64024090.94257 82302813.02225 151309682.74551 111868615.2424 280142734.89603 386526332.78915 449265843.09219 390376985.23922 426933201.39561 278552585.57237 213773086.57262 321694032.99445 387143880.86034 431905332.28443 500413374.06402 577828167.8824 647072603.79487 659665159.54992 694166822.44138 661660322.86566 700812176.0852699 779571115.24666 759946399.20758 600938261.13764 574185857.37472 588702944.83297 590110594.95012 651168533.19536 693836850.01232 694589116.89095 672981657.55079 629984158.0973 535225790.65206003 744824147.84234 913371278.90782 1099877206.0209699 1108245148.21976 889501059.25668 798619040.0952499 712313336.26651 748504547.94333 731552316.84088 735730815.8199 151279118.89843 87357248.13544 
64024090.94257 0 35572091.13407 118847074.4637 126693774.25636 260343441.05638 364472061.80763 413381717.10509 351089334.54772 374316049.6472 225848254.28064 149892710.72606 258825927.80336 337688137.21857 389189871.21671 442259010.61079 513832804.00755 585890305.64811 600288061.5610601 636367618.41544 605783341.82335 645755681.38687 726082698.78929 710883476.72883 550104655.5529 526568429.5603 554026484.36637 557322933.54901 614859377.59663 657109036.36261 658472877.64834 644453462.98877 608791897.86604 502692826.0295 705473417.82729 856607852.10496 1037534919.2961501 1044221057.27719 825565820.90775 734594949.1526799 648452229.01447 688383517.73948 672394463.53168 688411068.91249 162605047.25554 151381339.07801002 
82302813.02225 35572091.13407 0 83274983.32963 91121683.12229 224771349.92231 328938504.8554 378726037.78172 317011337.51718 345440957.72855 196973866.40515 185464801.86013 294398018.93742996 373260228.35264 424761962.35077995 448827540.15672 505063308.94165 565684174.36373 580081930.27668 611864009.41913 579539804.9169 619233456.91805 697992157.10117 681124562.4181199 520473228.33554 494954791.69853 519288386.26957 522327140.03433 580410385.92544 622771174.6763 624024266.46117 609081905.46701 573258340.91381 469790567.06080997 671707820.46324 831146491.5746801 1019370445.80137 1027259437.86918 813403891.50886 719488548.35833 641021942.97245 688327211.96684 679363327.07214 704539124.82928 127032956.12147 154298494.8358 
151309682.74551 118847074.4637 83274983.32963 0 76659588.68581 142521269.96351 248905749.4844 298533708.82123 239067368.95959 286242595.28879 243621796.43361002 268739785.18975997 377673002.26706 402408387.19744 465743304.78661 474673470.7212 494405987.32995 525085586.58893 538595202.5076 559740465.32485 522673859.46527 559702797.77786 636133749.3059 611488283.03481 454652210.80689 425719705.77286 438570848.50197 440830522.29891 500990003.74368 543117171.21961 544037249.09171 526421613.73106 492770852.22563004 389025635.99648 593905855.37854 774887806.06144 980893321.09975 991699065.85586 790780572.92868 692368554.42583 631190914.51509 697981681.14235 694202530.87375 748122285.44054 207424773.48233 195281090.76394 
111868615.2424 126693774.25636 91121683.12229 76659588.68581 0 172457646.63239 278258599.43747 351273735.20796 297910575.75114 358753994.10766 218156561.60459 224976662.8946 336983179.28297 444482800.11827 501043279.08253 532810001.5138 567726568.46426 601688827.3005099 615085638.05386 633742606.5243 595625823.93345 631609084.52104 705267265.09493 677019386.46389 523335641.82575 492058094.88493 487779958.87977 488802363.36250997 551390080.66884 594183693.66613 594317716.2078 566658704.88322 520152234.43303 425008163.15303 647697827.04842 847500383.08322 1057313211.53339 1068293862.32204 866947370.80492 769028143.11164 704607962.4361 764872550.95773 757432962.10959 794583542.45022 218154639.24376 126105945.59852 
280142734.89603 260343441.05638 224771349.92231 142521269.96351 172457646.63239 0 106384479.52089 188355681.68432 147585928.77177 249781762.42947 183162157.27302998 325960535.37701 368548991.96957 521915171.41434 590756088.67499 567256564.13186 534760293.2391 509818512.02875 524168006.63599 520326246.12354 473631234.94024 502048088.83417 565786391.77366 525953518.43973 384185064.21426 347087599.6409 317979149.91324 316344716.73012 382184702.69427 424862170.2076 424501150.67074 394205673.58891 350249582.26212 255083937.3838 480322435.55881 716843112.77298 958251123.01921 973063520.82023 799695103.63884 695950876.42869 666943285.95643 761604109.9587 769102088.64443 856140787.26553 349943639.90755 293016460.28059 
386526332.78915 364472061.80763 328938504.8554 248905749.4844 278258599.43747 106384479.52089 0 112510804.64296 114828173.90635 239774625.65143 223363534.85382 366935153.31683 434641930.10503 599712078.31724 674088095.4946799 624093217.59508 555293801.46781 490140836.33805 504426850.62791 475756812.41572 425835477.37171 448625576.3942 502262482.77685 450703543.90311 327608217.27878 286143465.94826 221145486.81389 216482057.43426 285466829.39817 327425687.84271 326183296.63378 288945674.69153 244319836.05841 148699457.86291 385450009.62213 657827924.38296 917962791.88491 938116027.72954 788810598.80868 683565049.30943 679332122.31899 792413365.98171 809436111.1789299 919481765.29773 452029266.64294 395947295.78564 
449265843.09219 413381717.10509 378726037.78172 298533708.82123 351273735.20796 188355681.68432 112510804.64296 0 66144584.71894 160849450.67322 216896409.26626 373123570.52524996 413069802.13776 587829692.3589699 663628155.89065 583483966.68442 480736070.98712 388889513.76426 402892726.57874 372425724.70554 319578181.28334 336370842.31897 392495056.9943 342016528.61385 215312529.50818 173650756.10723 140692028.84862 149672999.70237002 207438916.94647002 244593660.22884 245513970.75461 245994543.95112002 229323593.2517 108073454.11172 296510063.09819 546175932.64106 808913985.2981501 828125813.09167 688844315.98228 583673933.38216 595529799.32019 721937406.71927 745251902.37164 881369222.05293 491334885.63367003 477379680.80648 
390376985.23922 351089334.54772 317011337.51718 239067368.95959 297910575.75114 147585928.77177 114828173.90635 66144584.71894 0 124982699.6078 153260321.22902 307094681.9324 350952326.25122 523526819.95111 598320764.84025 528516513.85301 442737485.17605 378054449.61463 392419649.45693 373134020.38587 326045306.16847 354462160.0624 418338245.74008 399133315.06327 236600994.79911 199891823.89677 205014276.3287 211062496.66218 264108110.4298 306154721.36998 307739786.20975 304620379.18327 291984703.78046 171666094.65363 354838486.41895 569376061.23837 814825902.64681 833005179.40309 675434584.98856 572898606.95125 564982882.91343 683624179.3969901 700509321.15512 825617032.77345 425190300.91473 423915058.83934 
426933201.39561 374316049.6472 345440957.72855 286242595.28879 358753994.10766 249781762.42947 239774625.65143 160849450.67322 124982699.6078 0 148467795.36656 283266615.18279 281602465.05353 455326837.1614 531153839.8161 430640152.04758 320829929.46616 260475262.06674 274842754.55514 275811080.95237 237174983.16551 274456440.63987 361093016.45683 354335718.92741 215552438.07273 209614753.19504 257456224.26991 271623954.48384 298738611.99056 334211743.07308 338563950.82289 367949406.4371 380917371.81005 262127391.08932 366454690.72729 489437912.64234996 709090823.10953 724541460.1032801 554177746.91573 450483301.71317 440343182.30578 566097100.05494 584436434.02811 742923977.2128999 425984197.1923 480817585.22548 
278552585.57237 225848254.28064 196973866.40515 243621796.43361002 218156561.60459 183162157.27302998 223363534.85382 216896409.26626 153260321.22902 148467795.36656 0 156227161.25899 211294290.24902 378271835.64178 451806620.53841 406778343.41294 373232705.14367 383532265.69592 397930021.60886997 424278876.31893003 383689594.47127 422259590.5129 501018529.67429 486800891.07963 324268570.81547 301063171.51735 352551366.69475 363117142.70364 407760834.9696 450554996.88132 450893667.3753 455162558.00106 440864985.29251 321857604.8357 491007675.22577 635952523.94811 839364961.7342 851422238.3018 655930056.34611 564352411.75119 510124806.97309005 595463920.14404 602283838.18967 697315816.27138 313602482.7967 335786348.41218 
213773086.57262 149892710.72606 185464801.86013 268739785.18976 224976662.8946 325960535.37701 366935153.31683 373123570.52524996 307094681.9324 283266615.18279 156227161.25899 0 112006516.38837 286766406.60958004 307152942.17785 308183804.70346 364186637.31295 451227329.11957 462666798.34382 514178266.11146 491059724.55776 533482215.11792 617996606.33384 616683035.24502 456878426.13565004 439369927.33929 507937702.93595 516371899.84478 561444375.04329 601068329.78742 604115037.05803 611389719.26005 595429854.91543 477473260.98543 640500798.99553 735629733.2896 896253488.00904 905253686.37331 677331190.09433 587661004.4884 499414622.02378 542751218.44096 533698858.00692 599598311.68433 157375321.53771 301130334.70806 
321694032.99445 258825927.80336 294398018.93742996 377673002.26706 336983179.28297 368548991.96957 434641930.10503 413069802.13776 350952326.25122 281602465.05353 211294290.24902 112006516.38837 0 174759890.22121 250558353.75289 201685717.72592 263359195.53843 384905366.11167 394156020.64703 464159580.60892 451684784.68773 495394646.72870004 581970437.25592 595729694.29529 438988648.43008 434511520.21513 534681848.43082 546831545.99687 579915812.49515 615814155.61606 620166415.87642 643642535.97605 642323200.67713 521101789.98412 646318075.77643 681603751.42008 816530096.16842 814979324.62402 579958839.42842 498661476.67711 393678981.72966 430744702.05259 421692341.61855 487591795.29596 241523749.35368 406663619.24515 
387143880.86034 337688137.21857 373260228.35264 402408387.19744 444482800.11827 521915171.41434 599712078.31724 587829692.3589699 523526819.95111 455326837.1614 378271835.64178 286766406.60958004 174759890.22121 0 75866482.04425 151710529.74809 340448230.3585 514016823.12166 520027251.23805 606717296.92602 603563804.61714 646902344.65238 733538920.46934 756464383.45674 610603664.40372 604548037.83608 709423334.46001 721472374.90452 754015442.2327 789275722.80755 793787881.75757 818385248.79777 815427116.40775 694572541.3403 817688223.61104 813743222.66904 895189029.52536 889183325.59663 638372469.36559 576067990.01386 437778005.05573 405837139.67705 382188453.98977 350722931.69392 270144185.548 473088598.98208 
431905332.28443 389189871.21671 424761962.35077995 465743304.78661 501043279.08253 590756088.67499 674088095.4946799 663628155.89065 598320764.84025 531153839.8161 451806620.53841 307152942.17785 250558353.75289 75866482.04425 0 188382531.20689 396330348.57551 579495666.494 584558676.1901 675012031.1758 674353707.6487 717415854.97234 803048469.64172 829151021.88812 679354607.09696 679695243.4995 785240202.18371 797141110.14158 829866072.51601 865142204.8518 869654363.80182 894119050.65313 890305468.62071 769609052.07063 893018134.83765 877827909.04859 942149740.51441 933661503.0931699 679515977.39791 625687103.05107 500016627.94885004 421640659.42499 376505971.44976 306949315.38169 310643970.06915 514858347.45804 
500413374.06402 442259010.61079 448827540.15672 474673470.7212 532810001.5138 567256564.13186 624093217.59508 583483966.68442 528516513.85301 430640152.04758 406778343.41294 308183804.70346 201685717.72592 151710529.74809 188382531.20689 0 234304167.96952 413236182.98725 413764890.03176 512400803.90359 520959460.66381 561956454.49481 644822979.1178399 682862442.33452 546799626.4695 556768316.55401 687282655.35836 701795969.1204 720585571.35865 751500013.33448 757679017.4882001 797901438.52383 810349781.57614 689930842.77685 768348743.14374 702892133.49336 754138194.23121 745278971.8862801 491783278.67136 439187754.27263 315674462.33077 257879544.69328 245276826.79838002 362371755.23402 395326284.57927 587735951.48762 
577828167.8824 513832804.00755 505063308.94165 494405987.32995 567726568.46426 534760293.2391 555293801.46781 480736070.98712 442737485.17605 320829929.46616 373232705.14367 364186637.31295 263359195.53843 340448230.3585 396330348.57551 234304167.96952 0 202441399.76158 203651082.03469 307098737.45793 325375630.90875 366367330.51834 440355227.95714 488770473.09751 376256003.30234 398149263.52309 549220394.78904 567265037.80734 568351262.79312 590532830.57729 597253497.41509 655720414.57711 688272937.28674 576482901.85739 596203443.51634 487963203.58875 558888617.75252 556232384.81098 319459252.81031 239065092.0411 136892101.82942 248843075.0169 272101311.95146 462412890.92252994 504869386.11276 658980308.57714 
647072603.79487 585890305.64811 565684174.36373 525085586.58893 601688827.3005099 509818512.02875 490140836.33805 388889513.76426 378054449.61463 260475262.06674 383532265.69592 451227329.11957 384905366.11167 514016823.12166 579495666.494 413236182.98725 202441399.76158 0 14397755.91295 105055841.64241 132575900.06746 163925930.75676 238097423.21372 291763431.77073 213727438.25376 249421346.40674 408792303.38535 428595919.12645 414504763.26930004 422488606.98723 429977294.2544 503816319.86682 554298917.83323 458847762.89394 415602337.04049 300116139.13605 455836955.99138 468357368.81426 299957108.6415 194844157.33662 246669642.00496 406228870.00966 453465762.29545 661687319.7989199 608030752.17832 715144159.34894 
659665159.54992 600288061.5610601 580081930.27668 538595202.5076 615085638.05386 524168006.63599 504426850.62791 402892726.57874 392419649.45693 274842754.55514 397930021.60886997 462666798.34382 394156020.64703 520027251.23805 584558676.1901 413764890.03176 203651082.03469 14397755.91295 0 107704407.78761 146973655.98041 168684819.40165 240975445.30308 296541481.23812 228125194.16671002 261364368.25783 420832031.21635 440684553.85866 425588544.90294003 433097244.89985 440777925.49508 514479304.76965 566375780.44891 471948207.52314 423660749.40928 293717966.17833 442371939.76145 455096693.51428 286293880.41428 181005664.54829 238850091.35822 399955321.36178 450889623.98315 659907394.92362 619149832.87553 728250011.59222 
694166822.44138 636367618.41544 611864009.41913 559740465.32485 633742606.5243 520326246.12354 475756812.41572 372425724.70554 373134020.38587 275811080.95237 424278876.31893003 514178266.11146 464159580.60892 606717296.92602 675012031.1758 512400803.90359 307098737.45793 105055841.64241 107704407.78761 0 52847543.4222 96557405.46316999 133271037.51547 189858475.22394 157113195.19736 199503920.40384 349696486.52357 369700694.4235 337282446.33457 344791146.33148 349312648.46162 431535156.06684 493142443.73843 413522674.131 324934751.96412 291303075.6551 443887190.61792004 462478657.93121 351197930.50671 253894221.40294 343270228.93568 507659729.14939 556051925.32165 766727659.60539 671207423.96272 755021556.0887899 
661660322.86566 605783341.82335 579539804.9169 522673859.46527 595625823.93345 473631234.94024 425835477.37171 319578181.28334 326045306.16847 237174983.16551 383689594.47127 491059724.55776 451684784.68773 603563804.61714 674353707.6487 520959460.66381 325375630.90875 132575900.06746 146973655.98041 52847543.4222 0 43709862.04097 130346437.85793 163394842.18876 104265651.77516 146847326.07437 300469712.05222 317372312.82654 287032849.2951 294769584.55094 302332647.56468 381836890.49334 441392381.53477 360678123.21743 283603486.37219 252262929.47684 492277792.82397 513505884.59417 402046532.88265 304468701.71676 378846991.52386 538740648.84309 584983376.73383 786824408.9783 646706273.30296 717933129.06009 
700812176.0852699 645755681.38687 619233456.91805 559702797.77786 631609084.52104 502048088.83417 448625576.3942 336370842.31897 354462160.0624 274456440.63987 422259590.5129 533482215.11792 495394646.72870004 646902344.65238 717415854.97234 561956454.49481 366367330.51834 163925930.75676 168684819.40165 96557405.46316999 43709862.04097 0 86636575.81696 170777526.04918998 121736435.04966 163260497.83861 300330541.17416 319932315.87268 290942113.79847 281812095.96362 289700814.7271 374791829.95755 440724046.9978 370271210.2976 262298328.94779 216425174.57247 474129430.99828 514511802.15911996 409136639.26512 315041342.53683996 407534910.75987005 568445593.52437 617150649.1401 824079420.2242299 688644200.0332 754937106.41261 
779571115.24666 726082698.78929 697992157.10117 636133749.3059 705267265.09493 565786391.77366 502262482.77685 392495056.9943 418338245.74008 361093016.45683 501018529.67429 617996606.33384 581970437.25592 733538920.46934 803048469.64172 644822979.1178399 440355227.95714 238097423.21372 240975445.30308 133271037.51547 130346437.85793 86636575.81696 0 84140950.23223 208373010.86662 218844300.88707 323514638.12512 341417473.13091 287146044.56774 275312251.24629 303794548.08155 375264878.71006 451576793.50578 402412670.28797 238334584.42209 158032038.13963 460515552.49530995 478483877.335 436587927.91119 354130083.54534 467834815.04564 632468319.88953 684995457.66215 899401084.15649 772325231.51082 829974043.04541 
759946399.20758 710883476.72883 681124562.4181199 611488283.03481 677019386.46389 525953518.43973 450703543.90311 342016528.61385 399133315.06327 354335718.92741 486800891.07963 616683035.24502 595729694.29529 756464383.45674 829151021.88812 682862442.33452 488770473.09751 291763431.77073 296541481.23812 189858475.22394 163394842.18876 170777526.04918998 84140950.23223 0 162532320.26416 205448978.14819002 254214136.58929 270493321.46834 210095137.47223 193657010.65459 219664704.47174 304917717.46488 373429074.81457 343128308.84589 154204740.81228 242172988.37185997 529652591.27639 560160771.89645 517648513.82592 431058074.61256 533061449.75443 696037631.10611 745058190.46279 950149933.28736 765953490.94701 803017504.69031 
600938261.13764 550104655.5529 520473228.33554 454652210.80689 523335641.82575 384185064.21426 327608217.27878 215312529.50818 236600994.79911 215552438.07273 324268570.81547 456878426.13565004 438988648.43008 610603664.40372 679354607.09696 546799626.4695 376256003.30234 213727438.25376 228125194.16671002 157113195.19736 104265651.77516 121736435.04966 208373010.86662 162532320.26416 0 42916657.88403 196739348.81861 216743556.71854 213119312.18295002 214848085.4454 221820467.32957 290088881.61306 342103269.45914 256557621.66013 256606606.10091 333077175.2417 593601455.78997 616150404.87429 502057198.0866 400140142.15136 455713414.83508 607238390.79869 646730360.68515 830804749.5225 603487896.91238 648502911.96901 
574185857.37472 526568429.5603 494954791.69853 425719705.77286 492058094.88493 347087599.6409 286143465.94826 173650756.10723 199891823.89677 209614753.19504 301063171.51735 439369927.33929 434511520.21513 604548037.83608 679695243.4995 556768316.55401 398149263.52309 249421346.40674 261364368.25783 199503920.40384 146847326.07437 163260497.83861 218844300.88707 205448978.14819002 42916657.88403 0 159761526.64496 179497383.60351 170202654.29892 194731696.78047 200910700.93419 259472001.32671 305187456.19579 214781775.90445 213689948.21688 372525176.53383 636518113.674 659063912.13853 544284347.34496 438996131.47897 485907756.27508 633637867.27421 670004923.59434 844887121.79148 584183924.84333 617858302.03051 
588702944.83297 554026484.36637 519288386.26957 438570848.50197 487779958.87977 317979149.91324 221145486.81389 140692028.84862 205014276.3287 257456224.26991 352551366.69475 507937702.93595 534681848.43082 709423334.46001 785240202.18371 687282655.35836 549220394.78904 408792303.38535 420832031.21635 349696486.52357 300469712.05222 300330541.17416 323514638.12512 254214136.58929 196739348.81861 159761526.64496 0 20004207.89993 86282523.35156 106925284.0103 129852948.47993 110618783.16547 145547954.2828 92639195.27748 164335239.89069 480363881.31469 768870987.2484 795392103.33889 698427318.54837 596879490.96997 644281878.12981 788263173.66396 821035739.75872 981580238.64021 630204577.24343 610778236.85737 
590110594.95012 557322933.54901 522327140.03433 440830522.29891 488802363.36250997 316344716.73012 216482057.43426 149672999.70237002 211062496.66218 271623954.48384 363117142.70364 516371899.84478 546831545.99687 721472374.90452 797141110.14158 701795969.1204 567265037.80734 428595919.12645 440684553.85866 369700694.4235 317372312.82654 319932315.87268 341417473.13091 270493321.46834 216743556.71854 179497383.60351 20004207.89993 0 71322715.43105 111598592.75214 109848740.58 97006119.28393 125702998.70678 72634987.37755 171704625.2901 497774623.01545 787633593.9943 814406863.35355 718431526.4483 616883698.8699 663484668.81447 806716146.7063 838895874.74606 997285117.02558 636252797.57691 609354346.36476 
651168533.19536 614859377.59663 580410385.92544 500990003.74368 551390080.66884 382184702.69427 285466829.39817 207438916.94647002 264108110.4298 298738611.99056 407760834.9696 561444375.04329 579915812.49515 754015442.2327 829866072.51601 720585571.35865 568351262.79312 414504763.26930004 425588544.90294003 337282446.33457 287032849.2951 290942113.79847 287146044.56774 210095137.47223 213119312.18295002 170202654.29892 86282523.35156 71322715.43105 0 42794161.91172 43638599.2945 94822579.99265 181581806.99182 143957702.8086 100381909.85905 439839064.47859 739747728.74862 764949981.49322 687932153.82282 589637046.69609 652603617.87501 803117248.59531 840182907.5109 1012173917.76871 688745253.47974 674801660.76862 
693836850.01232 657109036.36261 622771174.6763 543117171.21961 594183693.66613 424862170.2076 327425687.84271 244593660.22884 306154721.36998 334211743.07308 450554996.88132 601068329.78742 615814155.61606 789275722.80755 865142204.8518 751500013.33448 590532830.57729 422488606.98723 433097244.89985 344791146.33148 294769584.55094 281812095.96362 275312251.24629 193657010.65459 214848085.4454 194731696.78047 106925284.0103 111598592.75214 42794161.91172 0 86432761.20622 137616741.90437 183032870.6696 183611626.75296 61165013.59716 422293908.45781 723283796.18466 753488490.03616 690945286.93578 595379931.1932 667921223.76482 821868134.14767 861352691.44198 1039610615.78368 730260211.59981 717549917.87524 
694589116.89095 658472877.64834 624024266.46117 544037249.09171 594317716.2078 424501150.67074 326183296.63378 245513970.75461 307739786.20975 338563950.82289 450893667.3753 604115037.05803 620166415.87642 793787881.75757 869654363.80182 757679017.4882001 597253497.41509 429977294.2544 440777925.49508 349312648.46162 302332647.56468 289700814.7271 303794548.08155 219664704.47174 221820467.32957 200910700.93419 129852948.47993 109848740.58 43638599.2945 86432761.20622 0 93420938.36909 180180165.36826003 181247281.59775 65459963.65946 441280321.61459 730864498.3351 761146944.92638 698836117.53979 603206869.86456 675464767.69274 828932731.88753 868492426.1751001 1045697101.56076 732283141.39171 717357767.40254 
672981657.55079 644453462.98877 609081905.46701 526421613.73106 566658704.88322 394205673.58891 288945674.69153 245994543.95112002 304620379.18327 367949406.4371 455162558.00106 611389719.26005 643642535.97605 818385248.79777 894119050.65313 797901438.5238299 655720414.57711 503816319.86682 514479304.76965 431535156.06684 381836890.49334 374791829.95755 375264878.71006 304917717.46488 290088881.61306 259472001.32671 110618783.16547 97006119.28393 94822579.99265 137616741.90437 93420938.36909 0 86759226.99917 142185523.39846 153188460.21274 523036102.6768 823802437.19969 853708052.64834 782677225.88825 684449012.71108 744900908.8322699 893109868.60092 927817993.17669 1092199021.80568 726677172.5945201 684693764.17306 
629984158.0973 608791897.86604 573258340.91381 492770852.22563004 520152234.43303 350249582.26212 244319836.05841 229323593.2517 291984703.78046 380917371.81005 440864985.29251 595429854.91543 642323200.67713 815427116.40775 890305468.62071 810349781.57614 688272937.28674 554298917.83323 566375780.44891 493142443.73843 441392381.53477 440724046.9978 451576793.50578 373429074.81457 342103269.45914 305187456.19579 145547954.2828 125702998.70678 181581806.99182 183032870.6696 180180165.36826003 86759226.99917 0 121276856.64305 239947687.21191 603238925.36278 900714321.46073 929305508.02126 843423088.69432 742084488.26854 788095490.83362 928877128.82026 958826781.49462 1107805534.17853 696349102.70135 632072628.3764 
535225790.65206003 502692826.0295 469790567.06080997 389025635.99648 425008163.15303 255083937.3838 148699457.86291 108073454.11172 171666094.65363 262127391.08932 321857604.8357 477473260.98543 521101789.98412 694572541.3403 769609052.07063 689930842.77685 576482901.85739 458847762.89394 471948207.52314 413522674.131 360678123.21743 370271210.2976 402412670.28797 343128308.84589 256557621.66013 214781775.90445 92639195.27748 72634987.37755 143957702.8086 183611626.75296 181247281.59775 142185523.39846 121276856.64305 0 244339612.66765 560168967.48004 843203148.5799 868186611.1226 755530307.05957 651832223.52882 687889018.79489 817212278.32116 844227964.70687 989442676.16465 584994335.41584 544424509.12258 
744824147.84234 705473417.82729 671707820.46324 593905855.37854 647697827.04842 480322435.55881 385450009.62213 296510063.09819 354838486.41895 366454690.72729 491007675.22577 640500798.99553 646318075.77643 817688223.61104 893018134.83765 768348743.14374 596203443.51634 415602337.04049 423660749.40928 324934751.96412 283603486.37219 262298328.94779 238334584.42209 154204740.81228 256606606.10091 213689948.21688 164335239.89069 171704625.2901 100381909.85905 61165013.59716 65459963.65946 153188460.21274 239947687.21191 244339612.66765 0 375820357.95513 680067799.78056 711862309.19918 667569813.14815 577273789.18865 662243734.16115 820522917.05196 863789648.78774 1052108526.88844 775232254.68335 772057652.15196 
913371278.90782 856607852.10496 831146491.5746801 774887806.06144 847500383.08322 716843112.77298 657827924.38296 546175932.64106 569376061.23837 489437912.64234996 635952523.94811 735629733.2896 681603751.42008 813743222.66904 877827909.04859 702892133.49336 487963203.58875 300116139.13605 293717966.17833 291303075.6551 252262929.47684 216425174.57247 158032038.13963 242172988.37185997 333077175.2417 372525176.53383 480363881.31469 497774623.01545 439839064.47859 422293908.45781 441280321.61459 523036102.6768 603238925.36278 560168967.48004 375820357.95513 0 305674221.01953 339549087.91279 370948733.92316 321447920.16241 469657150.84933 630183107.2012 690764172.64801 924406775.6944699 893005054.8273101 970161543.96775 
1099877206.0209699 1037534919.2961501 1019370445.80137 980893321.09975 1057313211.53339 958251123.01921 917962791.88491 808913985.2981501 814825902.64681 709090823.10953 839364961.7342 896253488.00904 816530096.16842 895189029.52536 942149740.51441 754138194.23121 558888617.75252 455836955.99138 442371939.76145 443887190.61792004 492277792.82397 474129430.99828 460515552.49530995 529652591.27639 593601455.78997 636518113.674 768870987.2484 787633593.9943 739747728.74862 723283796.18466 730864498.3351 823802437.19969 900714321.46073 843203148.5799 680067799.78056 305674221.01953 0 40382371.16084 275452439.3687 319823525.71142 464985221.07242 577807588.89556 643786042.09248 884375714.3757299 1049319248.38745 1170282503.16846 
1108245148.21976 1044221057.27719 1027259437.86918 991699065.85586 1068293862.32204 973063520.82023 938116027.72954 828125813.09167 833005179.40309 724541460.1032801 851422238.3018 905253686.37331 814979324.62402 889183325.59663 933661503.09317 745278971.8862801 556232384.81098 468357368.81426 455096693.51428 462478657.93121 513505884.59417 514511802.15911996 478483877.335 560160771.89645 616150404.87429 659063912.13853 795392103.33889 814406863.35355 764949981.49322 753488490.03616 761146944.92638 853708052.64834 929305508.02126 868186611.1226 711862309.19918 339549087.91279 40382371.16084 0 255662837.26471 317592681.88491 454550408.98174 558656382.06992 624785601.16754 862887674.8223 1052424325.05725 1179231473.04879 
889501059.25668 825565820.90775 813403891.50886 790780572.92868 866947370.80492 799695103.63884 788810598.80868 688844315.98228 675434584.98856 554177746.91573 655930056.34611 677331190.09433 579958839.42842 638372469.36559 679515977.39791 491783278.67136 319459252.81031 299957108.6415 286293880.41428 351197930.50671 402046532.88265 409136639.26512 436587927.91119 517648513.82592 502057198.0866 544284347.34496 698427318.54837 718431526.4483 687932153.82282 690945286.93578 698836117.53979 782677225.88825 843423088.69432 755530307.05957 667569813.14815 370948733.92316 275452439.3687 255662837.26471 0 105288215.86599 209920303.78266 319339358.96113 375900602.53277 617298833.87676 821469605.0504 967631790.26501 
798619040.0952499 734594949.1526799 719488548.35833 692368554.42583 769028143.11164 695950876.42869 683565049.30943 583673933.38216 572898606.95125 450483301.71317 564352411.75119 587661004.4884 498661476.67711 576067990.01386 625687103.05107 439187754.27263 239065092.0411 194844157.33662 181005664.54829 253894221.40294 304468701.71676 315041342.53683996 354130083.54534 431058074.61256 400140142.15136 438996131.47897 596879490.96997 616883698.8699 589637046.69609 595379931.1932 603206869.86456 684449012.71108 742084488.26854 651832223.52882 577273789.18865 321447920.16241 319823525.71142 317592681.88491 105288215.86599 0 159556039.05703 324486203.17608 373837772.26359 611949931.64964 736588527.33178 873226755.17095 
712313336.26651 648452229.01447 641021942.97245 631190914.51509 704607962.4361 666943285.95643 679332122.31899 595529799.32019 564982882.91343 440343182.30578 510124806.97309005 499414622.02378 393678981.72966 437778005.05573 500016627.94885004 315674462.33077 136892101.82942 246669642.00496 238850091.35822 343270228.93568 378846991.52386 407534910.75987005 467834815.04564 533061449.75443 455713414.83508 485907756.27508 644281878.12981 663484668.81447 652603617.87501 667921223.76482 675464767.69274 744900908.8322699 788095490.83362 687889018.79489 662243734.16115 469657150.84933 464985221.07242 454550408.98174 209920303.78266 159556039.05703 0 164930164.11905 221740888.53385 454749624.84514 633631829.35091 794505803.81103 
748504547.94333 688383517.73948 688327211.96684 697981681.14235 764872550.95773 761604109.9587 792413365.98171 721937406.71927 683624179.3969901 566097100.05494 595463920.14404 542751218.44096 430744702.05259 405837139.67705 421640659.42499 257879544.69328 248843075.0169 406228870.00966 399955321.36178 507659729.14939 538740648.84309 568445593.52437 632468319.88953 696037631.10611 607238390.79869 633637867.27421 788263173.66396 806716146.7063 803117248.59531 821868134.14767 828932731.88753 893109868.60092 928877128.82026 817212278.32116 820522917.05196 630183107.2012 577807588.89556 558656382.06992 319339358.96113 324486203.17608 164930164.11905 0 66129219.09762 307690267.21973 650064292.30728 835861796.07877 
731552316.84088 672394463.53168 679363327.07214 694202530.87375 757432962.10959 769102088.64443 809436111.1789299 745251902.37164 700509321.15512 584436434.02811 602283838.18967 533698858.00692 421692341.61855 382188453.98977 376505971.44976 245276826.79838002 272101311.95146 453465762.29545 450889623.98315 556051925.32165 584983376.73383 617150649.1401 684995457.66215 745058190.46279 646730360.68515 670004923.59434 821035739.75872 838895874.74606 840182907.5109 861352691.44198 868492426.1751001 927817993.17669 958826781.49462 844227964.70687 863789648.78774 690764172.64801 643786042.09248 624785601.16754 375900602.53277 373837772.26359 221740888.53385 66129219.09762 0 241678981.48494 626942635.34114 818790861.39153 
735730815.8199 688411068.91249 704539124.82928 748122285.44054 794583542.45022 856140787.26553 919481765.29773 881369222.05293 825617032.77345 742923977.2128999 697315816.27138 599598311.68433 487591795.29596 350722931.69392 306949315.38169 362371755.23402 462412890.92252994 661687319.7989199 659907394.92362 766727659.60539 786824408.9783 824079420.2242299 899401084.15649 950149933.28736 830804749.5225 844887121.79148 981580238.64021 997285117.02558 1012173917.76871 1039610615.78368 1045697101.56076 1092199021.80568 1107805534.17853 989442676.16465 1052108526.88844 924406775.6944699 884375714.3757299 862887674.8223 617298833.87676 611949931.64964 454749624.84514 307690267.21973 241678981.48494 0 615789624.655 820218512.63565 
151279118.89843 162605047.25554 127032956.12147 207424773.48233 218154639.24376 349943639.90755 452029266.64294 491334885.63367003 425190300.91473 425984197.1923 313602482.7967 157375321.53771 241523749.35368 270144185.548 310643970.06915 395326284.57927 504869386.11276 608030752.17832 619149832.87553 671207423.96272 646706273.30296 688644200.0332 772325231.51082 765953490.94701 603487896.91238 584183924.84333 630204577.24343 636252797.57691 688745253.47974 730260211.59981 732283141.39171 726677172.5945201 696349102.70135 584994335.41584 775232254.68335 893005054.8273101 1049319248.38745 1052424325.05725 821469605.0504 736588527.33178 633631829.35091 650064292.30728 626942635.34114 615789624.655 0 204445575.44688 
87357248.13544 151381339.07801002 154298494.8358 195281090.76394 126105945.59852 293016460.28059 395947295.78564 477379680.80648 423915058.83934 480817585.22548 335786348.41218 301130334.70806 406663619.24515 473088598.98208 514858347.45804 587735951.48762 658980308.57714 715144159.34894 728250011.59222 755021556.0887899 717933129.06009 754937106.41261 829974043.04541 803017504.69031 648502911.96901 617858302.03051 610778236.85737 609354346.36476 674801660.76862 717549917.87524 717357767.40254 684693764.17306 632072628.3764 544424509.12258 772057652.15196 970161543.96775 1170282503.16846 1179231473.04879 967631790.26501 873226755.17095 794505803.81103 835861796.07877 818790861.39153 820218512.63565 204445575.44688 0 
