45
node95 node37 node88 node99 node55 node48 node83 node75 node31 node60 node79 node47 node53 node17 node74 node97 node54 node94 node76 node23 node57 node56 node2 node35 node45 node19 node5 node6 node59 node64 node92 node39 node93 node12 node25 node72 node29 node11 node27 node8 node14 node69 node66 node78 node87
0 4326.20749 9277.92918 16017.87011 19465.08313 31887.09644 31221.596039999997 54523.63002 47872.85754 59449.73972 67584.34905 54781.717599999996 41565.45126 34872.02114 24013.16951 36617.608720000004 34082.77374 29137.57462 50130.46249 61989.871629999994 75209.98031 82183.5577 54214.70176 46430.61541 43540.72627 49164.98465 56244.18497 55061.06705 41200.6164 40172.59713 29019.840360000002 29196.92494 26709.29592 14623.7754 26031.99349 37515.43465 40973.16946 21613.25343 43519.61546 20941.88082 51938.16658999999 50487.3224 72135.2831 71315.85201 16122.58858 
4326.20749 0 13604.136669999998 20344.077599999997 15180.07755 27560.88895 28980.53843 52357.60783 45841.85614 55790.66845 64011.09459 50496.71202 37239.24377 30545.81365 28339.377 40943.816210000005 37581.93594 33463.78211 51094.94324 58389.6149 71152.49863 77914.7178 49888.49427 42367.26833 39477.37919 48202.41306 57240.52929 52250.34402 38279.1426 39770.58413 33346.04785 31067.0769 22383.08843 16455.6232 27856.99874 41841.64214 45299.37695 25939.460919999998 47845.82295 25268.08831 49142.72899 46161.11491 68920.09037 69017.55112 20448.79607 
9277.92918 13604.13667 0 11650.09635 18423.95355 31245.36237 30107.4781 53361.05324 46929.42135 58273.26505 66116.73369 53678.41461 40611.62448 33916.85618 23473.70556 36078.14477 33496.33121 32047.12311 49544.01996 61417.87042 73843.24993 81168.25344 53171.683469999996 44401.62695 42560.94829 42415.72188 55296.384959999996 53946.94911 40086.49846 39645.71553 27040.20602 38428.88505 31847.02363 13093.13748 24501.35557 38147.37277 41100.68184 26236.9699 43339.53893 21656.94815 50266.155159999995 54125.59231 70954.12625 67563.75751 21440.643340000002 
16017.87011 20344.0776 11650.09635 0 6773.8572 19595.26602 21563.03604 44415.69513 37876.23321 49222.64451 55604.87424 42028.31826 29519.9942 22888.04904 15668.31341 28272.75262 25552.20818 20397.02676 40152.70079 53670.02634 63765.14656 69553.62808 41805.72969 33800.74108 30910.85194 42537.88483 50102.65717 49449.97795 35478.77653 39079.85842 28531.41299 34942.36366 32475.31781 24743.233829999997 36017.0259 48665.88557 48757.50863 28530.96389 49070.69589 26492.96125 45408.40885 46408.7251 63884.34366 61998.39641 25605.27624 
19465.08313 15180.07755 18423.95355 6773.8572 0 13510.29761 17680.64335 39311.50275 31585.41103 42448.78731 48831.01704 35316.63447 23685.651830000003 17304.12789 22442.17061 27064.05444 23771.89755 27170.88396 35914.86569 49097.91024 58196.27004 62920.79165 35192.179390000005 27187.19078 24297.30164 49311.74203 47679.49217 48431.508069999996 34460.30665 39718.16319 30341.55696 39035.11328 37563.16598 31517.091029999996 42641.35702 55439.74277 55352.727889999995 34447.57756 47559.46654 33266.81845 44178.48162 47804.36557 57110.48646 58882.49962 32379.133439999998 
31887.09644 27560.88895 31245.36237 19595.26602 13510.29761 0 9441.69112 26563.42304 18280.96719 35474.82142 43440.10037 36469.72691 21832.70349 28548.01007 35263.57943 36095.78188 27441.96327 32597.14469 37742.97346 51267.04521 55529.25895 54046.77519 26013.213 20669.117729999998 17779.22859 51563.42458 37920.01449 39924.75116 28933.54634 37080.25932 32949.32923 43326.92021 29671.69116 44016.51215 55417.88769 63086.77787 58114.60338 47912.62411 59657.73904 44957.03289 54988.48452 58507.03639 44855.19393 48229.42218 45200.54226 
31221.596039999997 28980.53843 30107.4781 21563.03604 17680.64335 9441.69112 0 23377.0694 27722.65831 28791.23381 40960.82194 29083.7532 31274.39461 29411.69962 37231.34945 43464.41237 35873.998719999996 34269.58777 47184.66458 60708.73633 64970.950070000006 61637.13853 33997.35905 30110.808849999998 27220.91971 43642.25891 29998.84882 31065.70979 37751.29486 27638.5682 23507.63811 36949.18865 39010.78886 43200.61558 53732.129310000004 59404.18784 50687.01278999999 49675.51354 65240.10989 48055.99729 61859.12497 65268.65048 45974.68228 42526.41857 46466.24452 
54523.63002 52357.60783 53361.05324 44415.69513 39311.50275 26563.42304 23377.0694 0 8282.45585 8911.39838 21080.986510000002 26471.21557 41464.73014 41445.69002 51266.79027 60959.27053 51766.22389 52101.71792 57893.39875 70488.37598000001 67006.53843 52717.55382 35511.77799 38706.7197 41596.60884 35488.96466 34556.08371 27938.512 27199.77314 37133.75546 46884.70751 55221.01868 46493.86971 63428.46687 72604.14553 82268.25111 67127.93262 72946.65901999999 86012.00743 70734.99337 79826.04083 84203.87386 26094.84685 36780.00326 69727.90707 
47872.85754 45841.85614 46929.42135 37876.23321 31585.41103 18280.96719 27722.65831 8282.45585 0 17193.85423 29363.44236 18188.75972 40113.670679999996 38366.41438 42984.33442 52676.81468 43500.99198 43827.128 55389.69222 63868.97046 60996.93449 49939.52704 27229.32214 30424.26385 33314.15299 38512.01604 26273.62786 31408.80204 26727.36562 36840.09228 49445.60179 51037.26053 38211.41386 60022.558829999994 69755.40149 73985.79526 64708.98563 66032.98859 77729.55158 63082.48843 71543.58498 75929.251 27664.098700000002 33537.72366 62606.43397 
59449.73972 55790.66845 58273.26505 49222.64451 42448.78731 35474.82142 28791.23381 8911.39838 17193.85423 0 12169.58813 17638.88916 39440.64806 40864.52932 53847.166209999996 60918.32881 54055.21922 57330.67699000001 55869.31667 66026.38096 61010.11332 44764.5466 27991.04322 36761.09974 38885.92097 26577.56628 40220.97637 36674.29967 36111.17152 45865.45394 52298.871920000005 63330.01783 49515.1642 69248.79237 79005.50713 85289.5456 75654.31267 76782.76106 87127.40633 73868.62895 79786.35979 84402.88511999999 17183.44847 32796.32562 74056.72516 
67584.34905 64011.09459 66116.73369 55604.87424 48831.01704 43440.10037 40960.82194 21080.986510000002 29363.44236 12169.58813 0 15677.64584 39543.12071 42839.19655 56779.76891 62626.80357 52950.92305 55459.04251 52504.39009 62259.46093 53871.21089 33560.04247 24347.81176 29840.63145 32730.52059 38747.15441 49859.3597 48745.06288 48280.75965000001 58035.042069999996 61650.813389999996 73901.83823000001 60086.9846 79209.87117 89520.68462 95861.36600000001 86587.41399 83278.5946 89934.62084 80254.10725 81014.23048 85860.3279 23055.75376 43128.2703 81210.15048 
54781.717599999996 50496.71202 53678.41461 42028.31826 35316.63447 36469.72691 29083.7532 26471.21557 18188.75972 17638.88916 15677.64584 0 23905.5949 30620.90148 45246.53002 46970.253840000005 37281.8873 42437.06872 40334.263510000004 48550.60482 44459.22693999999 35460.52733 36119.94866 27349.89214 30239.78128 36042.55596 44462.387579999995 49597.56176 44916.12534 53979.38911 52591.39131 66032.94185 52475.78834 65951.46056 76836.3663 86659.35171 79657.30311 68925.74527 74316.73749 64622.95956 65354.10898 70185.63514 34822.337629999995 49504.47232 66654.3508 
41565.45126 37239.24377 40611.62448 29519.9942 23685.651830000003 21832.70349 31274.39461 41464.73014 40113.670679999996 39440.64806 39543.12071 23905.5949 0 6715.30658 21340.935120000002 23382.36415 27165.16172 32320.34314 16428.66861 29952.74036 34881.58267 42606.623550000004 19762.37208 10992.31556 13882.204699999998 46016.38157 59659.791659999995 61135.64208 50766.24983 58873.789390000005 54027.208790000004 62595.325619999996 48783.34209 53694.86697 65055.48518 78171.31591 76595.96379 50545.63538 53810.73087 44876.13965 41564.76492 46556.668000000005 56597.94429 66899.08396 55125.27044 
34872.02114 30545.81365 33916.85618 22888.04904 17304.12789 28548.01007 29411.69962 41445.69002 38366.41438 40864.52932 42839.19655 30620.90148 6715.30658 0 14625.62854 20093.04153 20789.10834 25944.28976 23143.97519 36668.04694 40892.14215 48343.08872 26477.678659999998 17707.62214 20597.51128 43308.06895 56078.39818 58427.32946 47796.99117 54226.61501 47645.684850000005 56197.99742 43827.28923 47001.43685 58346.94081 71552.75789 70619.58524 44254.01472 47095.42429 38876.8505 38924.59879 43573.40806 58047.977790000004 65762.96351 48493.325280000005 
24013.16951 28339.377 23473.70556 15668.31341 22442.17061 35263.57943 37231.34945 51266.79027 42984.33442 53847.166209999996 56779.76891 45246.530020000006 21340.935120000002 14625.62854 0 12604.43921 22292.80575 27447.98717 26163.91337 38001.71293 51353.591649999995 62811.725510000004 39186.08008 32333.25068 35223.139820000004 57933.69749 62488.29036 62215.19347 49177.3124 54748.17183 44199.7264 50610.677070000005 48143.63122 36566.84304 46721.65785 61528.60416 64425.82204 43879.768540000005 34745.21716 24256.31718 29740.09544 34731.99852 68796.57885 73729.59676 39083.44198 
36617.608720000004 40943.816210000005 36078.14477 28272.75262 27064.05444 36095.78188 43464.41237 60959.27053 52676.81468 60918.32881 62626.80357 46970.253840000005 23382.36415 20093.04153 12604.43921 0 9688.36654 14843.54796 19752.42319 28528.04228 44914.29696 62176.24806 40130.63099 33963.74646 36853.6356 60492.316 73463.26118999999 74530.12216 61470.36905 66782.21763 56356.87377 62339.54104 51614.75496 49171.28225 55334.11579 72286.16918 75215.18938 40663.779800000004 37653.22103 26763.78264 28476.86365 23484.96057 77678.43250000001 84325.20406 40295.18869 
34082.77374 37581.93594 33496.33121 25552.20818 23771.89755 27441.96327 35873.998719999996 51766.22389 43500.99198 54055.21922 52950.92305 37281.8873 27165.16172 20789.10834 22292.80575 9688.36654 0 5155.18142 16047.68875 29571.760499999997 41225.23753 54396.16194 30784.65245 24275.37992 27165.26906 55888.19149 65351.55286 66939.70851 54729.76076 60883.51431 53106.760290000006 59517.71096 48888.92622 46589.468689999994 57997.686779999996 71595.55029 73233.27575 49567.78445 39909.62608 32325.7371 38165.23019 33173.32711 70400.16059 75671.38545 45917.183569999994 
29137.57462 33463.78211 32047.12311 20397.02676 27170.88396 32597.14469 34269.58777 52101.71792 43827.128 57330.67699000001 55459.04251 42437.06872 32320.343139999997 25944.28976 27447.98717 14843.54796 5155.18142 0 21202.87017 34726.94192 46380.41895 59551.34336 34226.73008 26941.72923 24101.09546 50733.01007 64167.89746 65335.29756 52462.68404 58894.22253 48170.42163 55339.390419999996 43733.7448 43761.35002 53130.44296 66653.00927000001 68771.29252 44413.28673 34754.44466 37480.91852 37094.05902 32102.15594 71207.01074 74914.95021000001 40762.685849999994 
50130.46249 51094.94324 49544.01996 40152.70079 35914.86569 37742.97346 47184.66458 57893.39875 55389.69222 55869.31667 52504.39009 40334.263510000004 16428.66861 23143.97519 26163.91337 19752.42319 16047.68875 21202.87017 0 13524.07175 25339.42221 45662.03017 28160.37008 26088.93292 28978.82206 62321.58611 74517.01954 77440.84662 66594.81408 74823.23277999999 65986.18227 74835.23394 62985.4266 62637.157439999995 72885.57122 87641.73823 88814.5357 53257.2582 55957.31483 46516.205830000006 42301.0671 37309.16402 71741.39681 83244.36343 60047.611880000004 
61989.871629999994 58389.6149 61417.87042 53670.026340000004 49097.91024 51267.04521 60708.73633 70488.37598000001 63868.97046 66026.38096 62259.46093 48550.60482 29952.74036 36668.04694 38001.71293 28528.04228 29571.760499999997 34726.94192 13524.07175 0 26296.92243 48089.90915 38537.6631 38295.82897 41185.71811 75845.65785999999 88041.09129 90771.36487 80118.88583 87453.71484 79327.16004 87744.51087 75428.17153 74511.0079 83862.15807 99505.30627999999 101515.52216 64224.23408 47513.04162 55291.82492 40834.25154 45826.15462 83208.39149 95884.44819 62458.71021 
75209.98031 71152.49863 73843.24993 63765.14656 58196.27004 55529.25895 64970.950070000006 67006.53843 60996.93449 61010.11332 53871.21089 44459.22693999999 34881.58267 40892.14215 51353.591649999995 44914.29696 41225.23753 46380.41895 25339.42221 26296.92243 0 29539.3501 34269.33889 39526.02107 37912.22552 78519.85260000001 87270.56235 91951.03057 83747.78566 92366.50588 86774.82694 97090.13957 83598.35097 86446.93818 97855.15626999999 111990.6227 111390.89918 78596.68041 68452.55152000001 71620.83764 55377.45733 60161.950699999994 76697.13789 93772.41928 78367.76658 
82183.5577 77914.7178 81168.25344 69553.62808 62920.79165 54046.77519 61637.13853 52717.55382 49939.52704 44764.5466 33560.04247 35460.52733 42606.623550000004 48343.08872 62811.725510000004 62176.24806 54396.16194 59551.34336 45662.03017 48089.90915 29539.3501 0 34867.99192 38062.93363 38642.83143 68577.3001 74863.13423 80532.58278 76423.87401 86534.69307 85066.24926 97105.50346 83326.12001 94230.18617 105559.65349 116886.67201 111757.15319 92597.10344 89159.34194000001 86505.71936 76434.89789 81358.40163 55933.5966 76573.48332 91024.75989 
54214.70176 49888.49427 53171.683469999996 41805.72969 35192.179390000005 26013.213 33997.35905 35511.77799 27229.32214 27991.04322 24347.81176 36119.94866 19762.37208 26477.67866 39186.08008 40130.63099 30784.65245 34226.73008 28160.37008 38537.6631 34269.33889 34867.99192 0 8770.05652 10894.87775 47763.88805 53502.95 58305.74708 53956.68776 61635.92725 57219.22656 69320.65221 55505.82726 66264.82095 77673.03903999999 88664.92647 83948.73947999999 66141.57209999999 68981.17474 63110.38955 60377.81761 62662.68238 44670.72839 59562.76902 64306.09382 
46430.61541 42367.26833 44401.62695 33800.74108 27187.19078 20669.117729999998 30110.808849999998 38706.7197 30424.26385 36761.09974 29840.63145 27349.89214 10992.31556 17707.62214 32333.250679999997 33963.74646 24275.37992 26941.72923 26088.93292 38295.82897 39526.02107 38062.93363 8770.05652 0 2889.88914 38993.83153 52637.24162 54113.09204 49515.71953 55947.20353 50296.117379999996 61444.66554 47722.317039999994 57494.764429999996 68902.98251999999 80105.85637 75951.77838 58136.58349 61377.07405 55868.45521 52372.829 57364.73208 46570.61677 57610.80911 55804.24877 
43540.72627 39477.37919 42560.94829 30910.85194 24297.30164 17779.22859 27220.91971 41596.60884 33314.15299 38885.92097 32730.52059 30239.781280000003 13882.204699999998 20597.51128 35223.13982 36853.6356 27165.26906 24101.09546 28978.82206 41185.71811 37912.22552 38642.83143 10894.87775 2889.88914 0 41883.72067 55527.13076 57002.98118 46712.77493 54859.487909999996 49450.71664 60599.2648 46870.48316 55587.6279 66916.82206 78688.73125 75313.39538 55246.69435 58487.18491 57403.81319 49482.93986 54474.84294 48413.64648 59513.557660000006 56516.12818 
49164.98465 48202.41306 42415.72188 42537.88483 49311.74203 51563.42458 43642.25891 35488.96466 38512.01604 26577.56628 38747.15441 36042.55596 46016.38157 43308.06895 57933.69749 60492.316 55888.19149 50733.01007 62321.58611 75845.65785999999 78519.85260000001 68577.3001 47763.88805 38993.83153 41883.72067 0 13643.41009 15119.26051 29090.461929999998 32236.94486 43289.369699999996 40911.52466 47894.35058 50060.25278 57848.4929 60971.90297 49076.74639 63380.01659 81102.75558 63950.28898 78699.92276 82835.16601 37521.93104 28408.576740000004 59754.8788 
56244.18497 57240.52929 55296.384959999996 50102.65717 47679.49217 37920.01449 29998.84882 34556.08371 26273.62786 40220.97637 49859.3597 44462.387579999995 59659.791659999995 56078.39818 62488.29036 73463.26118999999 65351.55286 64167.89746 74517.01954 88041.09129 87270.56235 74863.13423 53502.95 52637.24162 55527.13076 13643.41009 0 28762.670599999998 42733.872019999995 45516.03133 32910.52182 44430.56863 58245.42226 61591.91635 68160.56804 74615.31306 60748.18324 76807.36291 94719.88091 75909.66283 91437.05116 95267.4993 26803.60594 26682.72951 72366.72783 
55061.06705 52250.34402 53946.949109999994 49449.97795 48431.508069999996 39924.75116 31065.70979 27938.512 31408.80204 36674.29967 48745.06288 49597.56176 61135.64208 58427.32946 62215.19347 74530.12216 66939.70851 65335.29756 77440.84662 90771.36487 91951.03057 80532.58278 58305.74708 54113.09204 57002.98118 15119.26051 28762.670599999998 0 13971.20142 17117.68435 28170.10919 38093.32023 32775.09007 57633.48212 63611.95173 62253.73326 47013.72447 73378.77569 93919.82234 74029.80777 91955.28891 95858.70305000001 35171.37333 27415.1937 69904.90916 
41200.6164 38279.1426 40086.498459999995 35478.77653 34460.30665 28933.54634 37751.29486 27199.77314 26727.36562 36111.17152 48280.75965000001 44916.12534 50766.24983 47796.99117 49177.3124 61470.36905 54729.76076 52462.68404 66594.81408 80118.88583 83747.78566 76423.87401 53956.68776 49515.71953 46712.77493 29090.461929999998 42733.872019999995 13971.20142 0 10112.72666 22718.23617 28021.24554 27990.85877 52860.13846 56606.99404 55336.31186 42567.025819999995 60701.79554 80089.2207 60199.91168 78425.64199 81887.50163000001 40171.79491 36018.77818 57323.204979999995 
40172.59713 39770.58413 39645.71553 39079.85842 39718.16319 37080.25932 27638.5682 37133.75546 36840.09228 45865.45394 58035.042069999996 53979.38911 58873.789390000005 54226.61501 54748.17183 66782.21763 60883.51431 58894.22253 74823.23277999999 87453.71484 92366.50588 86534.69307 61635.92725000001 55947.20353 54859.487909999996 32236.94486 45516.03133 17117.68435 10112.72666 0 12605.50951 20975.63588 17878.13211 42747.4118 46494.26738 45223.5852 32454.29916 59667.64518 82441.03065 61095.52536 82682.49816 85378.41694 48887.45683 34691.82665 55554.16931 
29019.840360000002 33346.04785 27040.20602 28531.41299 30341.55696 32949.32923 23507.63811 46884.70751 49445.60179 52298.871920000005 61650.813389999996 52591.39131 54027.208790000004 47645.684850000005 44199.7264 56356.87377 53106.760290000006 48170.42163 65986.18227 79327.16004 86774.82694 85066.24926 57219.22656 50296.117379999996 49450.71664 43289.369699999996 32910.52182 28170.10919 22718.23617 12605.50951 0 13441.55054 27256.40417 36951.86318 48360.08127 47997.45645 29759.16515 47066.72482 70379.74495000001 48697.15417 71030.1445 73867.50349 56117.483510000005 47297.336160000006 43416.123940000005 
29196.92494 31067.0769 38428.88505 34942.36366 39035.11328 43326.92021 36949.18865 55221.01868 51037.26053 63330.01783 73901.83823000001 66032.94185 62595.325619999996 56197.99742 50610.677070000005 62339.54104 59517.71096 55339.39042 74835.23394 87744.51087 97090.13957 97105.50346 69320.65221 61444.66554 60599.2648 40911.52466 44430.56863 38093.32023 28021.24554 20975.63588 13441.55054 0 13814.85363 25335.74757 36743.96566 34555.90591 16317.61461 44932.743930000004 71292.98835 49007.51335 74561.5972 76394.14936 68193.04045 55667.462530000004 41274.28877 
26709.29592 22383.08843 31847.02363 32475.31781 37563.16598 29671.69116 39010.78886 46493.86971 38211.41386 49515.1642 60086.9846 52475.78834 48783.34209 43827.28923 48143.63122 51614.75496 48888.92622 43733.7448 62985.4266 75428.17153 83598.35097 83326.12001 55505.82726 47722.317039999994 46870.48316 47894.35058 58245.42226 32775.09007 27990.85877 17878.13211 27256.40417 13814.85363 0 24869.27969 31543.98763 35774.3814 28442.91222 44329.62963 70228.91137999999 47651.176739999995 67887.28182 68544.20334 63098.92096 49217.72487 37676.0372 
14623.7754 16455.6232 13093.13748 24743.233829999997 31517.091029999996 44016.51215 43200.61558 63428.46687 60022.558829999994 69248.79237 79209.87117 65951.46056 53694.86697 47001.43685 36566.84304 49171.282250000004 46589.468689999994 43761.35002 62637.157439999995 74511.0079 86446.93818 94230.18617 66264.82095 57494.764429999996 55587.6279 50060.25278 61591.91635 57633.48212 52860.13846 42747.4118 36951.86318 25335.74757 24869.27969 0 11408.21809 26297.36819 41459.904760000005 20293.49056 47214.28056 24811.263030000002 52750.95646 54638.82868 80548.18878 73972.78218 16642.88968 
26031.99349 27856.99874 24501.35557 36017.0259 42641.35702 55417.88769 53732.129310000004 72604.14553 69755.40149 79005.50713 89520.68462 76836.3663 65055.48518 58346.94081 46721.65785 55334.11579 57997.686779999996 53130.44296 72885.57122 83862.15807 97855.15626999999 105559.65349 77673.03903999999 68902.98251999999 66916.82206 57848.4929 68160.56804 63611.95173 56606.99404 46494.26738 48360.081269999995 36743.96566 31543.98763 11408.21809 0 16952.05339 35190.34469 28759.264580000003 55324.965840000004 32747.231200000002 61287.72897 61405.39406 89106.21324 80761.7125 23409.45506 
37515.43465 41841.64214 38147.37277 48665.88557 55439.74277 63086.77787 59404.18784 82268.25111 73985.79526 85289.5456 95861.36600000001 86659.35171 78171.31591 71552.75789 61528.60416 72286.16918 71595.55029 66653.00927000001 87641.73823 99505.30628 111990.6227 116886.67201 88664.92647 80105.85637 78688.73125 60971.90297 74615.31306 62253.73326 55336.31186 45223.5852 47997.45645 34555.90591 35774.3814 26297.36819 16952.05339 0 18238.2913 42813.71619 70689.98288 49699.284589999996 77990.26053 78273.09476 92601.23278 79915.41185 40361.50845 
40973.16946 45299.37695 41100.68184 48757.50863 55352.727889999995 58114.60338 50687.01278999999 67127.93262 64708.98563 75654.31267 86587.41399 79657.30311 76595.96379 70619.58524 64425.82204 75215.18938 73233.27575 68771.29252 88814.5357 101515.52216 111390.89918 111757.15319 83948.73947999999 75951.77838 75313.39538 49076.74639 60748.18324 47013.72447 42567.025819999995 32454.29916 29759.16515 16317.61461 28442.91222 41459.904760000005 35190.34469 18238.2913 0 53132.45609 80876.6127 58298.87806 85756.88447 87866.02966999999 79724.26225 64398.06519 49870.09067 
21613.25343 25939.46092 26236.9699 28530.96389 34447.57756 47912.62411 49675.51354 72946.65901999999 66032.98859 76782.76106 83278.5946 68925.74527 50545.63538 44254.01472 43879.768540000005 40663.779800000004 49567.78445 44413.28673 53257.2582 64224.23408 78596.68041 92597.10344 66141.57209999999 58136.58349 55246.69435 63380.01659 76807.36291 73378.77569 60701.79554 59667.64518 47066.72482 44932.743930000004 44329.629629999996 20293.49056 28759.26458 42813.71619 53132.45609 0 27876.26669 28238.94792 35629.74215 35514.83292 90646.58271 88293.73979 16391.50724 
43519.61546 47845.82295 43339.53893 49070.69589 47559.46654 59657.73904 65240.10989 86012.00743 77729.55158 87127.40633 89934.62084 74316.73749 53810.73087 47095.42429 34745.21716 37653.22103 39909.62608 34754.44466 55957.31483 47513.04162 68452.55152000001 89159.34194000001 68981.17474 61377.07405 58487.18491 81102.75558 94719.88091 93919.82234 80089.2207 82441.03065 70379.74495000001 71292.98835 70228.91138 47214.28056 55324.965840000004 70689.98288 80876.6127 27876.26669 0 22577.73464 49070.44711000001 54062.35019000001 103502.44347 106382.37467 44267.773929999996 
20941.88082 25268.08831 21656.94815 26492.96125 33266.81845 44957.03289 48055.99729 70734.99337 63082.48843 73868.62895 80254.10725 64622.95956 44876.13965 38876.8505 24256.31718 26763.78264 32325.7371 37480.91852 46516.205830000006 55291.82492 71620.83764 86505.71936 63110.38955 55868.45521 57403.81319 63950.28898 75909.66283 74029.80777 60199.91168 61095.52536 48697.15417 49007.51335 47651.176739999995 24811.263030000002 32747.231200000002 49699.28459 58298.87806 28238.94792 22577.73464 0 30996.28577 35473.34534 88535.46449 88031.88649 23442.62136 
51938.16658999999 49142.72899 50266.155159999995 45408.40885 44178.48162 54988.48452 61859.12497 79826.04083 71543.58498 79786.35979 81014.23048 65354.10898 41564.76492 38924.59879 29740.09544 28476.86365 38165.23019 37094.05902 42301.0671 40834.25154 55377.45733 76434.89789 60377.81761 52372.829 49482.93986 78699.92276 91437.05116 91955.28891 78425.64199 82682.49816 71030.1445 74561.5972 67887.28182 52750.95646 61287.72897 77990.26053 85756.88447 35629.74215 49070.44711 30996.28577 0 4991.90308 96570.80795 103060.98124 42987.84208 
50487.3224 46161.11491 54125.59231 46408.7251 47804.36557 58507.03639 65268.65048 84203.87386 75929.251 84402.88511999999 85860.3279 70185.63514 46556.668000000005 43573.40806 34731.99852 23484.96057 33173.32711 32102.15594 37309.16402 45826.15462 60161.950699999994 81358.40163 62662.68238 57364.73208 54474.84294 82835.16601 95267.4993 95858.70305000001 81887.50163000001 85378.41694 73867.50349 76394.14936 68544.20334 54638.82867999999 61405.39406 78273.09476 87866.02966999999 35514.83292 54062.35019 35473.34534 4991.90308 0 101097.1371 106686.86519000001 37995.939 
72135.2831 68920.09037 70954.12625 63884.34366 57110.48646 44855.19393 45974.68228 26094.84685 27664.098700000002 17183.44847 23055.75376 34822.337629999995 56597.94429 58047.977790000004 68796.57885 77678.43250000001 70400.16059 71207.01074 71741.39681 83208.39149 76697.13789 55933.5966 44670.72839 46570.61677 48413.64648 37521.93104 26803.60594 35171.37333 40171.79491 48887.45683 56117.483510000005 68193.04045 63098.92096 80548.18878 89106.21324 92601.23278 79724.26225 90646.58271 103502.44347 88535.46449 96570.80795 101097.1371 0 22727.86645 87933.05890999999 
71315.85201 69017.55112 67563.75751 61998.39641 58882.49962 48229.42218 42526.41857 36780.00326 33537.72366 32796.32562 43128.2703 49504.47232 66899.08396 65762.96351 73729.59676 84325.20406 75671.38545 74914.95021000001 83244.36343 95884.44819 93772.41928 76573.48332 59562.76902 57610.80911 59513.557660000006 28408.576740000004 26682.72951 27415.1937 36018.77818 34691.82665 47297.336160000006 55667.462530000004 49217.72487 73972.78218 80761.7125 79915.41185 64398.06519 88293.73979 106382.37467 88031.88649 103060.98124 106686.86519000001 22727.86645 0 85646.99711 
16122.58858 20448.79607 21440.643340000002 25605.27624 32379.133439999998 45200.54226 46466.24452 69727.90707 62606.43397 74056.72516 81210.15048 66654.3508 55125.27044 48493.325280000005 39083.44198 40295.18869 45917.183569999994 40762.685849999994 60047.611880000004 62458.71021 78367.76658 91024.75989 64306.09382 55804.24877 56516.12818 59754.8788 72366.72783 69904.90916 57323.204979999995 55554.16931 43416.123940000005 41274.28877 37676.0372 16642.88968 23409.45506 40361.50845 49870.09067 16391.50724 44267.773929999996 23442.62136 42987.84208 37995.939 87933.05890999999 85646.99711 0 
