21
node45 node42 node10 node30 node23 node14 node11 node37 node47 node8 node46 node25 node32 node40 node7 node39 node50 node28 node2 node17 node41
0 15140.1735 22260.70523 43599.061180000004 61158.22645 74066.55447999999 79491.78207 90398.63209 77440.51982 85983.83789 81277.30773999999 69361.63402999999 69151.69383 67639.08709 65325.43064 56669.2582 59605.43923 50096.68811 76059.03679 69167.33397 10139.51154 
15140.1735 0 14719.17772 31494.30925 50123.30795 59655.54751 66953.15672 80673.60128 71314.74097 76848.90409 72468.60294 59848.56457 71309.60338 67522.70028 67035.48626 69174.90635 59594.5681 62083.031010000006 80560.6431 66018.89485 25279.68504 
22260.70523 14719.17772 0 41042.28238 58160.38006 71801.76494 75660.38946 86600.73853 73112.09822 81477.40889 76852.91027 59863.80562 65108.88862 63062.52905 60856.4276 64278.13033 53272.55384 47363.85329 72281.06523000001 64587.74911 13464.96877 
43599.061180000004 31494.30925 41042.28238 0 18628.9987 35050.376690000005 35950.16365 49433.5235 41466.77909 46006.67805 40974.29369 36614.48782 46854.76906 52727.10584999999 55506.49608999999 40717.680349999995 49830.79174 58657.46144 72602.71544 42634.57015 53096.44537 
61158.22645 50123.30795 58160.38006 18628.9987 0 18860.48236 19098.74606 37446.93704 38406.60365 42921.12962 47953.51398 40777.82923 52224.05505 60508.09841 65176.34172 50387.52598 60871.94012 68218.90902 85395.22472 46201.63779 71297.73799 
74066.55447999999 59655.54751 71801.76494 35050.376690000005 18860.48236 0 23603.7022 45258.5297 51785.09917 47127.68652 43521.1814 59638.311590000005 70107.91751 79368.58077 83698.74417 69145.22961 79653.42274 87079.39138 103051.31480000001 65062.12015 84095.65754 
79491.78207 66953.15672 75660.38946 35950.16365 19098.74606 23603.7022 0 21654.8275 30812.96462 23822.38356 28854.76792 42860.04238 52902.17889 62140.41511 69027.89309 55748.41826 66753.5062 78152.64642 86959.30651 45971.86326 89046.60902 
90398.63209 80673.60128 86600.73853 49433.5235 37446.93704 45258.5297 21654.8275 0 19553.92585 32365.23382 35354.70628 36831.24978 44631.68571 54454.7059 62417.62776 52242.398049999996 62642.78696 75460.78248 78756.04453 37841.94948 100065.70730000001 
77440.51982 71314.74097 73112.09822 41466.77909 38406.60365 51785.09917 30812.96462 19553.92585 0 12811.307970000002 17843.69233 36538.79867 25077.75986 35006.582599999994 42893.09135 47016.00809999999 43088.86111 56307.60501 59537.89123 18302.71351 86577.06698999999 
85983.83789 76848.90409 81477.40889 46006.67805 42921.12962 47127.68652 23822.38356 32365.23382 12811.307970000002 0 5032.38436 32219.66651 37529.51154 47259.72355 55218.50965 47528.66305 55423.48119 68457.10091 71607.99044 31114.021480000003 94942.37766 
81277.30773999999 72468.60294 76852.91027 40974.29369 47953.51398 43521.1814 28854.76792 35354.70628 17843.69233 5032.38436 0 27187.28215 35892.09491 45820.91765 53489.49678 42496.27869 53052.57539 65808.96569 70449.74988 28974.53763 90317.87904 
69361.63402999999 59848.56457 59863.80562 36614.48782 40777.82923 59638.311590000005 42860.04238 36831.24978 36538.79867 32219.66651 27187.28215 0 11461.03881 19994.31927 26963.05862 15411.14827 25870.32856 38723.83527 44781.29774 18465.184979999998 72226.25342 
69151.69383 71309.60338 65108.88862 46854.76906 52224.05505 70107.91751 52902.17889 44631.68571 25077.75986 37529.51154 35892.09491 11461.03881 0 9928.82274 17973.44476 21938.24824 19777.49842 34352.92082 34815.949049999996 7004.14617 77369.17197 
67639.08709 67522.70028 63062.52905 52727.10584999999 60508.09841 79368.58077 62140.41511 54454.7059 35006.582599999994 47259.72355 45820.91765 19994.31927 9928.82274 0 8200.85968 12009.4255 23015.001989999997 27836.639259999996 24887.12631 16932.96891 73309.71905 
65325.43064 67035.48626 60856.4276 55506.49608999999 65176.34172 83698.74417 69027.89309 62417.62776 42893.09135 55218.50965 53489.49678 26963.05862 17973.44476 8200.85968 0 14788.81574 25794.392229999998 20522.216630000003 23185.15485 24977.59093 70023.57743 
56669.2582 69174.90635 64278.13033 40717.680349999995 50387.52598 69145.22961 55748.41826 52242.398049999996 47016.0081 47528.66305 42496.27869 15411.14827 21938.24824 12009.4255 14788.81574 0 11005.57649 23312.687 35318.8755 28942.39441 66808.76973999999 
59605.43923 59594.5681 53272.55384 49830.79174 60871.94012 79653.42274 66753.5062 62642.78696 43088.86111 55423.48119 53052.57539 25870.32856 19777.49842 23015.001989999997 25794.392229999998 11005.57649 0 14575.4224 41666.85613 25220.92157 62568.21442 
50096.68811 62083.03101 47363.85329 58657.46144 68218.90902 87079.39138000002 78152.64642 75460.78248 56307.60501 68457.10091 65808.96569 38723.83527 34352.92082 27836.639259999996 20522.216630000003 23312.687 14575.4224 0 27091.433729999997 39141.99156 56414.818040000006 
76059.03679 80560.6431 72281.06523000001 72602.71544 85395.22472 103051.31480000001 86959.30651 78756.04453 59537.89123 71607.99044 70449.74988 44781.29774 34815.949049999996 24887.12631 23185.15485 35318.8755 41666.85613 27091.433729999997 0 41563.15105 79740.33804 
69167.33397 66018.89485 64587.74911 42634.57015 46201.63779 65062.12015 45971.86326 37841.94948 18302.71351 31114.021480000003 28974.53763 18465.184979999998 7004.14617 16932.96891 24977.59093 28942.39441 25220.92157 39141.99156 41563.15105 0 78052.71788 
10139.51154 25279.68504 13464.96877 53096.44537 71297.73799 84095.65754 89046.60902 100065.70730000001 86577.06698999999 94942.37766 90317.87904 72226.25342 77369.17197 73309.71905 70023.57743 66808.76973999999 62568.21442 56414.818040000006 79740.33804 78052.71788 0 
