47
11b0b b4bd dda9 62e5 d005 c261 14e32 110d0 4b06 1476 4e6f c933 a3b 139bc 132ea 14ac9 121dd a047 2fbe 6d20 da40 8bd1 2583 bb8f 14760 10d67 d36e 92a3 1408e 664e 221a da4 69b7 9cde 1eb1 3327 128af 13d25 13653 e7e4 10695 960c 84ff ffc3 8868 8f3a 369
0 1532.95821 1667.8061200000002 2613.51156 3085.80118 3425.11142 3480.9553699999997 4105.12828 4608.25563 4080.3017800000002 6145.90792 5444.10111 5173.01368 6258.20397 6950.77953 7073.82796 7722.82317 8225.969860000001 8513.624909999999 9472.33235 8691.32589 6358.31655 5837.21197 6439.00027 7151.02693 7560.3374 7235.64649 7944.09285 5778.60103 4233.36545 4173.19305 4111.1169 3502.88895 3020.32787 2210.87161 1545.05526 3161.2755899999997 3534.98326 3652.17743 4311.46038 4745.58893 4905.31576 5756.39761 5234.25 3280.12984 6567.6873 629.70305 
1532.95821 0 1021.78706 1080.55335 1655.2062 1962.93006 1947.99716 2715.65458 3460.9685 3272.43491 5090.57461 4932.564179999999 4594.53574 5656.03972 6401.10557 6378.29247 6877.06275 7430.38414 8030.24207 9276.86738 8480.68975 6195.41534 5865.74219 6679.0063 7343.75265 7641.9079 7610.63482 8141.90545 6307.39729 4901.73735 4797.12819 4678.57443 4246.9678 4147.48483 3318.20745 2976.03273 4624.50926 4948.62882 4973.86154 5547.02999 5984.3001 5782.81647 6348.27568 4954.28392 2144.69089 5234.86261 1568.50435 
1667.8061200000002 1021.78706 0 1687.24819 1872.33062 2568.88701 2969.78422 3615.75373 4456.83298 3876.4181 6089.6255 5781.98587 5616.3228 6668.82433 7422.892629999999 7400.07953 7898.84981 8450.03862 9034.8386 10234.59598 9438.95888 7132.29862 6739.726909999999 7490.61703 8180.17606 8508.35633 8368.57844 8976.82147 6991.95253 5519.86162 5420.09593 5331.89753 4727.00954 4448.23031 3624.56262 3195.48468 4465.37289 5172.612889999999 5261.88082 5739.2342 6194.03118 6283.0291 7001.961 5911.07743 3166.47795 6130.2349300000005 1856.52363 
2613.51156 1080.55335 1687.24819 0 740.50743 882.37671 1329.0481 2014.10109 3065.04573 2524.55623 4677.33416 4713.46794 4636.18504 5625.10796 6384.94011 6245.61862 6601.21429 7187.37489 8023.52556 9458.03671 8664.84536 6470.785339999999 6260.80388 7196.23206 7821.47191 8021.617 8175.4512 8602.39303 6995.96236 5696.963379999999 5575.02016 5433.952 5145.93763 5141.40523 4324.23586 4025.9325 5655.65583 6015.74165 6014.91962 6566.71196 6994.90377 6662.78506 7068.90175 5200.12084 1925.59465 4538.22392 2628.97449 
3085.80118 1655.2062 1872.33062 740.50743 0 1622.8841400000001 1838.67276 2378.11281 3567.95407 3058.12674 5126.78647 5330.68834 5285.582920000001 6240.00788 6999.96512 6814.5558 7099.26003 7698.02046 8631.43795 10124.09931 9333.84413 7169.07306 6984.16748 7936.73949 8551.8504 8739.17169 8915.958630000001 9342.900459999999 7735.34908 6437.47081 6305.03139 6166.771989999999 5821.24534 5796.71597 4970.04932 4581.60062 6175.76957 6584.86464 6627.88524 7202.04966 7638.39093 7377.2649 7809.40918 5898.4634 2562.08823 4809.60666 3222.91535 
3425.11142 1962.93006 2568.88701 882.37671 1622.8841400000001 0 897.73385 1325.20989 2549.62061 2082.37832 4079.07336 4401.71757 4390.1498 5311.058309999999 6044.1498 5818.30931 6062.63987 6665.50543 7665.46942 9230.82018 8448.1534 6361.01948 6265.97996 7318.617249999999 7862.35197 7992.37399 8333.09828 8620.32662 7240.84796 6066.42292 5975.58977 5834.994849999999 5599.514279999999 5737.53864 4947.79124 4768.86376 6417.43475 6728.75354 6693.156169999999 7191.899509999999 7597.44735 7082.49469 7343.5057 5099.78299 1925.93846 3813.11553 3361.42984 
3480.9553699999997 1947.99716 2969.78422 1329.0481 1838.67276 897.73385 0 767.87793 1830.4986199999998 1357.8175099999999 3400.4744100000003 3508.12067 3699.74861 4413.32446 5170.64095 5094.292460000001 5285.05373 5877.08211 6798.60404 8364.38092 7599.736269999999 5465.1405 5387.34493 6420.8834 6988.46359 7094.64014 7445.26401 7791.94476 6446.68151 5379.450019999999 5212.77428 5042.2135 5155.182769999999 5265.710370000001 4497.64121 4493.51568 6139.64773 6365.30805 6243.0061399999995 6693.95607 7125.920190000001 6409.62844 6564.6263 4546.8969 1201.37765 3288.63269 3124.42178 
4105.12828 2715.65458 3615.75373 2014.10109 2378.11281 1325.20989 767.87793 0 1288.69174 1461.81953 2755.46018 3229.22282 3307.47489 4098.40709 4837.56783 4659.78428 4767.7334900000005 5353.82938 6430.92854 8088.50568 7320.83842 5369.25107 5410.12412 6500.70816 7015.72342 7043.47805 7543.44024 7819.20459 6679.6472 5731.29593 5577.24683 5394.89563 5448.91896 5807.78107 5106.54529 5185.95873 6820.44309 7005.98437 6845.33214 7255.21439 7623.90398 6813.74463 6823.16755 4153.99723 1135.59208 2524.12283 3862.9952599999997 
4608.25563 3460.9685 4456.83298 3065.04573 3567.95407 2549.62061 1830.4986199999998 1288.69174 0 581.04701 1834.32154 2900.38626 2940.60614 2814.99627 3574.9535100000003 3693.5755200000003 3539.81775 4132.93561 5143.16638 6812.20235 6050.77906 4187.33822 4334.80688 5465.82608 5920.01098 5878.74415 6514.28853 6596.9403 5831.3864 5127.76051 4963.73732 4768.23182 5047.47727 5716.96509 5019.7045 5343.45338 6889.65027 6945.33935 6765.06943 6982.9345 7299.22913 6232.58673 6008.1656 3036.35103 1328.12579 2189.95191 4169.30572 
4080.3017800000002 3272.43491 3876.4181 2524.55623 3058.12674 2082.37832 1357.8175099999999 1461.81953 581.04701 0 2213.43685 2319.33925 2359.55913 3230.98656 3967.00752 3952.54771 4088.41508 4672.58968 5587.79566 7175.23722 6399.3939 4407.81534 4448.79717 5549.201370000001 6053.37344 6085.280699999999 6592.00942 6765.99835 5894.85346 4938.529259999999 4771.85352 4582.13161 4753.9677 5227.76337 4604.27077 4857.5649 6435.12287 6532.19171 6303.37746 6683.34101 6983.91234 6030.09384 5935.60717 3189.07939 1909.1728 2770.99892 3637.40821 
6145.90792 5090.57461 6089.6255 4677.33416 5126.78647 4079.07336 3400.4744100000003 2755.46018 1834.32154 2213.43685 0 1647.60258 2039.58463 2559.24989 2579.43287 2062.05683 2012.27331 2626.56585 3958.2103 5844.51516 5156.00376 3827.30668 4278.87794 5417.52378 5695.4634 5456.52849 6422.29131 6235.86461 6129.87924 5832.08497 5666.9452200000005 5467.58603 5989.87782 6690.81037 6244.95542 6723.76555 8172.91383 8127.70991 7787.51632 7974.35617 8228.53307 6905.42276 6356.03929 3045.07133 2945.88372 1744.7476 5706.69359 
5444.10111 4932.564179999999 5781.98587 4713.46794 5330.68834 4401.71757 3508.12067 3229.22282 2900.38626 2319.33925 1647.60258 0 422.27236 911.64731 1671.5533 1633.20846 2333.16509 2782.10545 3310.05762 4860.74668 4091.6156 2308.84905 2653.7963 3802.23284 4139.5774 4205.54595 4844.69639 4748.25441 4483.2627 4282.53809 4115.86235 3920.66574 4557.27138 5348.32843 5035.48266 5682.46966 6969.8266 6828.50396 6425.05474 6529.28951 6742.57307 5323.61783 4708.43671 1397.64774 2787.87329 3392.35018 4882.02162 
5173.01368 4594.53574 5616.3228 4636.18504 5285.582920000001 4390.1498 3699.74861 3307.47489 2940.60614 2359.55913 2039.58463 422.27236 0 1086.47594 1810.00565 1914.91068 2696.18176 3105.40893 3435.8527 4887.741 4144.5308 2090.13542 2327.87387 3479.28533 3864.42057 3783.27359 4518.77396 4512.14319 4350.99394 3860.26573 3693.58999 3892.94918 4141.99361 5082.06855 5437.12473 5331.41195 6583.56972 6423.64004 6015.68473 6110.9715 6321.44076 4903.73549 4610.73766 1819.9201 3210.14565 3715.13593 4601.53502 
6258.20397 5656.03972 6668.82433 5625.10796 6240.00788 5311.058309999999 4413.32446 4098.40709 2814.99627 3230.98656 2559.24989 911.64731 1086.47594 0 759.95724 878.57925 1791.40425 2094.33228 2399.54161 4001.77005 3251.90141 2486.74215 2435.66538 3512.57799 3703.99246 3423.32168 4468.16719 4206.39657 4428.80045 4559.976909999999 4393.30117 4210.90516 4981.72904 5921.803980000001 5633.86007 6363.79569 7541.32308 7325.90606 6881.22389 6900.508 7061.82796 5509.24226 4678.03274 2309.29505 3699.5206 3775.00275 5675.83543 
6950.77953 6401.10557 7422.892629999999 6384.94011 6999.96512 6044.1498 5170.64095 4837.56783 3574.9535100000003 3967.00752 2579.43287 1671.5533 1810.00565 759.95724 0 691.35703 1629.58981 1702.48093 1639.58437 3331.92616 2582.91372 1726.78491 2493.85086 3429.31678 3472.79792 3062.30647 4357.97698 3851.50931 4513.78035 4904.1142199999995 4737.43848 4569.20101 5567.25252 6314.07311 6183.53766 7023.0693200000005 8057.25049 7791.58806 7364.602 7272.98884 7393.16184 5759.49275 4776.71465 2412.93656 4459.3611 4323.70274 6356.85114 
7073.82796 6378.29247 7400.07953 6245.61862 6814.5558 5818.30931 5094.292460000001 4659.78428 3693.5755200000003 3952.54771 2062.05683 1633.20846 1914.91068 878.57925 691.35703 0 978.83449 1215.75303 1909.66817 3791.02199 3129.39478 2389.39798 3117.34979 4120.67381 4162.86528 3749.91065 4972.2351 4538.13042 5139.85757 5384.45697 5245.2144100000005 5057.32558 5857.918100000001 6716.44297 6511.40981 7231.71745 8419.9018 8201.606240000001 7751.69771 7755.55949 7903.60851 6315.26797 5397.77263 2341.35069 4335.0161 3709.17809 6502.456 
7722.82317 6877.06275 7898.84981 6601.21429 7099.26003 6062.63987 5285.05373 4767.7334900000005 3539.81775 4088.41508 2012.27331 2333.16509 2696.18176 1791.40425 1629.58981 978.83449 0 615.64399 2436.32717 4272.47052 3724.02715 3353.80644 4095.15633 5058.85579 5080.9516 4615.80039 5901.34023 5394.0817 6118.03091 6336.01256 6183.96163 6002.1588 6769.88024 7609.49634 7355.0700799999995 8015.50638 9275.59583 9091.15355 8659.488570000001 8690.96735 8852.78014 7283.93877 6376.30941 3280.54321 4867.94354 3358.75313 7214.301979999999 
8225.969860000001 7430.38414 8450.03862 7187.37489 7698.02046 6665.50543 5877.08211 5353.82938 4132.93561 4672.58968 2626.56585 2782.10545 3105.40893 2094.33228 1702.48093 1215.75303 615.64399 0 1820.68318 3837.72465 4285.39465 3393.07506 4187.86849 5058.53941 4994.05631 4463.06428 5825.34111 5219.1238 6199.80886 6564.20974 6418.8714 6245.29197 7059.62664 7929.77628 7725.68814 8435.01445 9635.6242 9414.08467 8959.96485 8948.21117 9082.37998 7460.96636 6463.52545 3543.05923 5324.08522 3942.68087 7662.54466 
8513.624909999999 8030.24207 9034.8386 8023.52556 8631.43795 7665.46942 6798.60404 6430.92854 5143.16638 5587.79566 3958.2103 3310.05762 3435.8527 2399.54161 1639.58437 1909.66817 2436.32717 1820.68318 0 2024.12319 2820.611 2528.69976 3365.60512 3933.73784 3691.80573 2970.07393 4448.94632 3732.72552 5177.69552 5942.72736 5825.43542 5686.7257 6626.56638 7566.641320000001 7546.77312 8396.68261 9363.77469 8998.26788 8482.12175 8330.9228 8377.08733 6649.43072 5443.66934 3319.47386 6097.93091 5534.63504 7906.27888 
9472.33235 9276.86738 10234.59598 9458.03671 10124.09931 9230.82018 8364.38092 8088.50568 6812.20235 7175.23722 5844.51516 4860.74668 4887.741 4001.77005 3331.92616 3791.02199 4272.47052 3837.72465 2024.12319 0 796.48781 3166.11582 3694.51149 3729.63757 3017.61091 2311.3792 3642.33576 2597.97045 4900.21937 6111.35596 6040.06475 5957.71476 6955.49312 7886.80968 8097.80174 9037.50357 9670.991989999999 9200.76301 8637.8889 8328.09721 8262.66413 6512.1614 5136.21761 4323.51855 7562.78385 7492.98056 8843.83443 
8691.32589 8480.68975 9438.95888 8664.84536 9333.84413 8448.1534 7599.736269999999 7320.83842 6050.77906 6399.3939 5156.00376 4091.6156 4144.5308 3251.90141 2582.91372 3129.39478 3724.02715 4285.39465 2820.611 796.48781 0 2369.6280100000004 2952.16602 3003.04098 2593.08055 2399.61891 3234.15591 2280.35088 4329.65897 5438.61054 5356.52788 5261.58613 6255.89961 7192.82597 7355.20785 8292.40435 8984.86186 8540.50117 7993.89538 7713.79547 7678.463449999999 5920.95148 4589.89285 3527.88145 6773.5029 6837.14152 8081.209779999999 
6358.31655 6195.41534 7132.29862 6470.785339999999 7169.07306 6361.01948 5465.1405 5369.25107 4187.33822 4407.81534 3827.30668 2308.84905 2090.13542 2486.74215 1726.78491 2389.39798 3353.80644 3393.07506 2528.69976 3166.1158200000004 2369.6280100000004 0 836.90536 1988.46827 1870.61434 2428.99549 2631.19207 2674.09551 2860.0254299999997 3414.26237 3297.29581 3160.76232 4114.16317 5054.23811 5107.581 6011.76709 6844.74767 6476.82808 5956.16331 5806.33422 5868.64506 4163.64027 3074.75049 1270.6645 4650.86341 5553.52231 5730.76949 
5837.21197 5865.74219 6739.726909999999 6260.80388 6984.16748 6265.97996 5387.34493 5410.12412 4334.80688 4448.79717 4278.87794 2653.7963 2327.87387 2435.66538 2493.85086 3117.34979 4095.15633 4187.86849 3365.60512 3694.51149 2952.16602 836.90536 0 1151.56291 1606.8921 1776.16571 2190.90009 2410.37327 2023.12007 2595.39564 2486.03025 2362.19538 3349.95823 4278.0113 4403.29025 5342.99208 6075.14465 5679.44884 5148.11698 4977.75015 5031.7397 3327.3684 2282.86379 2107.56986 4549.34245 6023.62554 5291.66937 
6439.00027 6679.0063 7490.61703 7196.23206 7936.73949 7318.617249999999 6420.8834 6500.70816 5465.82608 5549.201370000001 5417.52378 3802.23284 3479.28533 3512.57799 3429.31678 4120.67381 5058.85579 5058.53941 3933.73784 3729.63757 3003.04098 1988.46827 1151.56291 0 712.02666 1433.75846 1048.56438 1505.7641 1330.63476 2569.39211 2526.6844 2487.09522 3467.21387 4367.77696 4698.16913 5698.123 6119.90585 5617.36226 5048.6803199999995 4752.7543 4676.70935 2920.20855 1586.85187 3259.13277 5693.02952 7104.28828 5821.75071 
7151.02693 7343.75265 8180.17606 7821.47191 8551.8504 7862.35197 6988.46359 7015.72342 5920.01098 6053.37344 5695.4634 4139.5774 3864.42057 3703.99246 3472.79792 4162.86528 5080.9516 4994.05631 3691.80573 3017.61091 2593.08055 1870.61434 1606.8921 712.02666 0 721.7318 1613.6778100000001 803.48117 2042.66142 3260.92383 3226.67945 3194.42218 4168.0871 5058.57769 5407.42454 6400.56609 6813.65209 6272.64743 5698.76316 5339.34365 5252.45598 3511.26462 2122.08216 2883.93551 6149.84556 7416.18951 6524.18143 
7560.3374 7641.9079 8508.35633 8021.617 8739.17169 7992.37399 7094.64014 7043.47805 5878.74415 6085.280699999999 5456.52849 4205.54595 3783.27359 3423.32168 3062.30647 3749.91065 4615.80039 4463.06428 2970.07393 2311.3792 2399.61891 2428.99549 1776.16571 1433.75846 721.7318 0 1478.87239 790.23907 2588.84072 3862.3863 3809.33152 3916.15398 4744.68463 5659.630520000001 5944.55557 6925.18426 7419.57745 6932.79559 6352.49035 6021.4318 5951.2854800000005 4205.29831 2843.81396 2896.20131 6262.50506 7193.62167 6933.65563 
7235.64649 7610.63482 8368.57844 8175.4512 8915.958630000001 8333.09828 7445.26401 7543.44024 6514.28853 6592.00942 6422.29131 4844.69639 4518.77396 4468.16719 4357.97698 4972.2351 5901.34023 5825.34111 4448.94632 3642.33576 3234.15591 2631.19207 2190.90009 1048.56438 1613.6778100000001 1478.87239 0 1072.26759 2379.1991399999997 3119.45501 3128.23368 3148.05918 4046.2523 4867.54121 5332.12374 6332.23009 6522.96047 5946.41746 5366.19789 4926.27175 4861.63458 3104.12261 2635.41625 3498.21064 6621.28938 8141.23482 6634.52778 
7944.09285 8141.90545 8976.82147 8602.39303 9342.900459999999 8620.32662 7791.94476 7819.20459 6596.9403 6765.99835 6235.86461 4748.25441 4512.14319 4206.39657 3851.50931 4538.13042 5394.0817 5219.1238 3732.72552 2597.97045 2280.35088 2674.09551 2410.37327 1505.7641 803.48117 790.23907 1072.26759 0 2538.96555 4002.45327 3981.56389 3963.38221 4922.9815499999995 5791.26322 6177.56139 7174.26885 7498.08002 6949.32716 6369.48058 5962.14423 5833.02388 4140.37299 2745.1983600000003 3686.44038 6900.50334 7971.38136 7326.40912 
5778.60103 6307.39729 6991.95253 6995.96236 7735.34908 7240.84796 6446.68151 6679.6472 5831.3864 5894.85346 6129.87924 4483.2627 4350.99394 4428.80045 4513.78035 5139.85757 6118.03091 6199.80886 5177.69552 4900.21937 4329.65897 2860.0254299999997 2023.12007 1330.63476 2042.66142 2588.84072 2379.1991399999997 2538.96555 0 1576.76271 1610.65731 1670.13053 2496.84068 3299.70997 3790.48197 4787.37707 4966.03688 4410.84375 3830.66454 3445.70496 3362.44476 1616.45759 2917.48663 3089.54164 5638.96258 7716.54839 5198.79584 
4233.36545 4901.73735 5519.86162 5696.963379999999 6437.470809999999 6066.42292 5379.450019999999 5731.29593 5127.76051 4938.529259999999 5832.08497 4282.53809 3860.26573 4559.976909999999 4904.1142199999995 5384.45697 6336.01256 6564.20974 5942.72736 6111.35596 5438.61054 3414.26237 2595.39564 2569.39211 3260.92383 3862.3863 3119.45501 4002.45327 1576.76271 0 166.67574 366.02907 926.79729 1798.57189 2221.92841 3214.13704 3561.21377 3191.09346 2621.2541 2402.55066 2519.31737 1104.82622 1752.82847 3070.53946 4616.63342 7217.44155 3769.7789700000003 
4173.19305 4797.12819 5420.09593 5575.02016 6305.03139 5975.58977 5212.77428 5577.24683 4963.73732 4771.85352 5666.9452200000005 4115.86235 3693.58999 4393.30117 4737.43848 5245.2144100000005 6183.96163 6418.8714 5825.43542 6040.06475 5356.52788 3297.29581 2486.03025 2526.6844 3226.67945 3809.33152 3128.23368 3981.56389 1610.65731 166.67574 0 199.35919 941.41766 1850.299 2236.54878 3206.51418 3630.92724 3197.25332 2662.09206 2537.18749 2679.91963 1271.5019599999998 1586.15273 2903.86372 4486.75112 7050.77167 3603.10323 
4111.1169 4678.57443 5331.89753 5433.952 6166.771989999999 5834.994849999999 5042.2135 5394.89563 4768.23182 4582.13161 5467.58603 3920.66574 3892.94918 4210.90516 4569.20101 5057.32558 6002.1588 6245.29197 5686.7257 5957.71476 5261.58613 3160.76232 2362.19538 2487.09522 3194.42218 3916.15398 3148.05918 3963.38221 1670.13053 366.02907 199.35919 0 998.05151 1931.36554 2214.4295 3211.02778 3728.4989100000003 3375.7062300000002 2795.40099 2704.13022 2855.19315 1470.85529 1675.80769 2721.63211 4287.39193 6851.41248 3802.4624200000003 
3502.88895 4246.9678 4727.00954 5145.93763 5821.24534 5599.514279999999 5155.182769999999 5448.91896 5047.47727 4753.9677 5989.87782 4557.27138 4141.99361 4981.72904 5567.25252 5857.918100000001 6769.8802399999995 7059.62664 6626.56638 6955.49312 6255.89961 4114.16317 3349.95823 3467.21387 4168.0871 4744.68463 4046.2523 4922.9815499999995 2496.84068 926.79729 941.41766 998.05151 0 940.07494 1295.13112 2295.23747 2737.20831 2379.61736 1901.58486 2170.57983 2257.90107 1556.01956 2422.56637 3516.56741 4313.47164 7212.05152 2873.1859 
3020.32787 4147.48483 4448.23031 5141.40523 5796.71597 5737.53864 5265.710370000001 5807.78107 5716.96509 5227.76337 6690.81037 5348.32843 5082.06855 5921.803980000001 6314.07311 6716.44297 7609.49634 7929.77628 7566.641320000001 7886.80968 7192.82597 5054.23811 4278.0113 4367.77696 5058.57769 5659.630520000001 4867.54121 5791.26322 3299.70997 1798.57189 1850.299 1931.36554 940.07494 0 833.45109 1636.81205 1797.13337 1485.16327 2065.46851 1455.57764 1860.20982 2496.0945 3179.26366 4400.38301 4688.77563 7783.27122 2629.71627 
2210.87161 3318.20745 3624.56262 4324.23586 4970.04932 4947.79124 4497.64121 5106.54529 5019.7045 4604.27077 6244.95542 5035.48266 5437.12473 5633.86007 6183.53766 6511.40981 7355.0700799999995 7725.68814 7546.77312 8097.80174 7355.20785 5107.581 4403.29025 4698.16913 5407.42454 5944.55557 5332.12374 6177.56139 3790.48197 2221.92841 2236.54878 2214.4295 1295.13112 833.45109 0 1000.10635 1938.72807 2318.61436 1745.36493 2244.10827 2693.66091 2722.3016 3716.83091 4689.91999 4369.79882 7205.304 1796.26518 
1545.05526 2976.03273 3195.48468 4025.9325 4581.60062 4768.86376 4493.51568 5185.95873 5343.45338 4857.5649 6723.76555 5682.46966 5331.41195 6363.79569 7023.0693200000005 7231.71745 8015.50638 8435.01445 8396.68261 9037.50357 8292.40435 6011.76709 5342.99208 5698.123 6400.56609 6925.18426 6332.23009 7174.26885 4787.37707 3214.13704 3206.51418 3211.02778 2295.23747 1636.81205 1000.10635 0 1651.98578 2003.57756 2111.68264 2766.40512 3224.72256 3636.47896 4707.04083 5087.21469 4173.267400000001 7481.60574 1407.52838 
3161.2755899999997 4624.50926 4465.37289 5655.65583 6175.76957 6417.43475 6139.64773 6820.44309 6889.65027 6435.12287 8172.91383 6969.8266 6583.56972 7541.32308 8057.25049 8419.9018 9275.59583 9635.6242 9363.77469 9670.991989999999 8984.86186 6844.74767 6075.14465 6119.90585 6813.65209 7419.57745 6522.96047 7498.08002 4966.03688 3561.21377 3630.92724 3728.4989100000003 2737.20831 1797.13337 1938.72807 1651.98578 0 707.24 1223.82452 1875.81125 2298.32929 3464.04312 4804.53864 6139.73166 5779.66208 9057.64977 3056.00491 
3534.98326 4948.62882 5172.612889999999 6015.74165 6584.86464 6728.75354 6365.30805 7005.98437 6945.33935 6532.19171 8127.70991 6828.50396 6423.64004 7325.90606 7791.58806 8201.606240000001 9091.15355 9414.08467 8998.26788 9200.76301 8540.50117 6476.82808 5679.44884 5617.36226 6272.64743 6932.79559 5946.41746 6949.32716 4410.84375 3191.09346 3197.25332 3375.7062300000002 2379.61736 1485.16327 2318.61436 2003.57756 707.24 0 580.30524 1175.90556 1611.6524100000001 2853.29159 4228.58672 5885.54628 5942.34165 9132.22856 3386.76716 
3652.17743 4973.86154 5261.88082 6014.91962 6627.88524 6693.156169999999 6243.0061399999995 6845.33214 6765.06943 6303.37746 7787.51632 6425.05474 6015.68473 6881.22389 7364.602 7751.69771 8659.488570000001 8959.96485 8482.12175 8637.8889 7993.89538 5956.16331 5148.11698 5048.6803199999995 5698.76316 6352.49035 5366.19789 6369.48058 3830.66454 2621.2541 2662.09206 2795.40099 1901.58486 2065.46851 1745.36493 2111.68264 1223.82452 580.30524 0 701.58923 1152.22235 2273.79283 3648.607 5418.10306 5736.1542 8873.48137 3405.35719 
4311.46038 5547.02999 5739.2342 6566.71196 7202.04966 7191.899509999999 6693.95607 7255.21439 6982.9345 6683.34101 7974.35617 6529.28951 6110.9715 6900.508 7272.98884 7755.55949 8690.96735 8948.21117 8330.9228 8328.09721 7713.79547 5806.33422 4977.75015 4752.7543 5339.34365 6021.4318 4926.27175 5962.14423 3445.70496 2402.55066 2537.18749 2704.13022 2170.57983 1455.57764 2244.10827 2766.40512 1875.81125 1175.90556 701.58923 0 459.26442 1832.54575 3234.38002 5425.76233 6137.17322 9163.11263 3993.54786 
4745.58893 5984.3001 6194.03118 6994.90377 7638.39093 7597.44735 7125.920190000001 7623.90398 7299.22913 6983.91234 8228.53307 6742.57307 6321.44076 7061.82796 7393.16184 7903.60851 8852.78014 9082.37998 8377.08733 8262.66413 7678.463449999999 5868.64506 5031.7397 4676.70935 5252.45598 5951.2854800000005 4861.63458 5833.02388 3362.44476 2519.31737 2679.91963 2855.19315 2257.90107 1860.20982 2693.66091 3224.72256 2298.32929 1611.6524100000001 1152.22235 459.26442 0 1757.51197 3130.68421 5572.36708 6492.5665 9468.9765 4437.0679 
4905.31576 5782.81647 6283.0291 6662.78506 7377.2649 7082.49469 6409.62844 6813.74463 6232.58673 6030.09384 6905.42276 5323.61783 4903.73549 5509.24226 5759.49275 6315.26797 7283.93877 7460.96636 6649.43072 6512.1614 5920.95148 4163.64027 3327.3684 2920.20855 3511.26462 4205.29831 3104.12261 4140.37299 1616.45759 1104.82622 1271.5019599999998 1470.85529 1556.01956 2496.0945 2722.3016 3636.47896 3464.04312 2853.29159 2273.79283 1832.54575 1757.51197 0 1401.83427 4036.60799 5690.89296 8316.56472 4429.20546 
5756.39761 6348.27568 7001.961 7068.90175 7809.40918 7343.5057 6564.6263 6823.16755 6008.1656 5935.60717 6356.03929 4708.43671 4610.73766 4678.03274 4776.71465 5397.77263 6376.30941 6463.52545 5443.66934 5136.21761 4589.89285 3074.75049 2282.86379 1586.85187 2122.08216 2843.81396 2635.41625 2745.1983600000003 2917.48663 1752.82847 1586.15273 1675.80769 2422.56637 3179.26366 3716.83091 4707.04083 4804.53864 4228.58672 3648.607 3234.38002 3130.68421 1401.83427 0 3319.46874 5766.33091 7957.31488 5189.25209 
5234.25 4954.28392 5911.07743 5200.12084 5898.4634 5099.78299 4546.8969 4153.99723 3036.35103 3189.07939 3045.07133 1397.64774 1819.9201 2309.29505 2412.93656 2341.35069 3280.54321 3543.05923 3319.47386 4323.51855 3527.88145 1270.6645 2107.56986 3259.13277 2883.93551 2896.20131 3498.21064 3686.44038 3089.54164 3070.53946 2903.86372 2721.63211 3516.56741 4400.38301 4689.91999 5087.21469 6139.73166 5885.54628 5418.10306 5425.76233 5572.36708 4036.60799 3319.46874 0 3380.19891 4678.74215 4616.26736 
3280.12984 2144.69089 3166.47795 1925.59465 2562.08823 1925.93846 1201.37765 1135.59208 1328.12579 1909.1728 2945.88372 2787.87329 3210.14565 3699.5206 4459.3611 4335.0161 4867.94354 5324.08522 6097.93091 7562.78385 6773.5029 4650.86341 4549.34245 5693.02952 6149.84556 6262.50506 6621.28938 6900.50334 5638.96258 4616.63342 4486.75112 4287.39193 4313.47164 4688.77563 4369.79882 4173.267400000001 5779.66208 5942.34165 5736.1542 6137.17322 6492.5665 5690.89296 5766.33091 3380.19891 0 3324.34022 2908.65257 
6567.6873 5234.86261 6130.2349300000005 4538.22392 4809.6066599999995 3813.11553 3288.63269 2524.12283 2189.95191 2770.99892 1744.7476 3392.35018 3715.13593 3775.00275 4323.70274 3709.17809 3358.75313 3942.68087 5534.63504 7492.98056 6837.14152 5553.52231 6023.62554 7104.28828 7416.18951 7193.62167 8141.23482 7971.38136 7716.54839 7217.44155 7050.77167 6851.41248 7212.05152 7783.27122 7205.304 7481.60574 9057.64977 9132.22856 8873.48137 9163.11263 9468.9765 8316.56472 7957.31488 4678.74215 3324.34022 0 6231.32406 
629.70305 1568.50435 1856.52363 2628.97449 3222.91535 3361.42984 3124.42178 3862.9952599999997 4169.30572 3637.40821 5706.69359 4882.02162 4601.53502 5675.83543 6356.85114 6502.456 7214.301979999999 7662.54466 7906.27888 8843.83443 8081.209779999999 5730.76949 5291.66937 5821.75071 6524.18143 6933.65563 6634.52778 7326.40912 5198.79584 3769.7789700000003 3603.10323 3802.4624200000003 2873.1859 2629.71627 1796.26518 1407.52838 3056.00491 3386.76716 3405.35719 3993.54786 4437.0679 4429.20546 5189.25209 4616.26736 2908.65257 6231.32406 0 
