21
329d 10df 56c4 4113 4ab7 3eaa 9a4 c0d 28f9 45e5 3506 4d2 51f2 3c41 2690 2427 39d8 1a83 4d20 4f89 484e
0 232.93345 409.13759 414.98625 418.70258 502.96775 533.25657 538.9889599999999 623.87371 573.86102 610.1945 761.58498 865.03881 980.73113 721.60845 869.20607 939.64818 795.72908 737.9495 256.35379 127.42128 
232.93345 0 212.092 417.57878 466.20124 535.4282 543.75534 382.11676 455.36769 356.83032 401.36134 562.59926 659.90825 747.79768 488.79052 639.69835 725.05728 592.00153 530.73797 69.64065 292.66706 
409.13759 212.092 0 340.51544 414.16298 497.82587 521.70444 485.10527 604.79971 539.98939 589.37266 741.24707 844.49486 949.28618 700.65116 849.13279 921.36555 778.58827 720.23068 237.40436 460.43077 
414.98625 417.57878 340.51544 0 80.82644 165.86086 279.67172 349.44573 512.37125 538.3639 588.22005 686.89221 792.86236 954.1401500000001 798.2700199999999 984.43727 1108.96994 993.0712599999999 929.81594 482.47198 468.24144 
418.70258 466.20124 414.16298 80.82644 0 85.03442 198.84528 321.84363 483.5272 531.96015 579.14811 660.52928 764.01915 926.5380500000001 807.8961899999999 995.98382 1131.20829 1023.49581 960.24446 533.8463 546.12386 
502.96775 535.4282 497.82587 165.86086 85.03442 0 168.25571 328.95544 482.64396 553.65245 597.12519 658.25114 759.20844 927.89904 836.1042400000001 1029.69308 1174.62278 1074.54611 1011.38874 604.32728 624.73744 
533.25657 543.75534 521.70444 279.67172 198.84528 168.25571 0 180.77763 343.70315 411.10185 450.71497999999997 493.57861 590.95273 763.85453 693.5536400000001 894.37509 1051.85354 967.08786 904.95066 558.4877 638.90744 
538.9889599999999 382.11676 485.10527 349.44573 321.84363 328.95544 180.77763 0 162.92552 312.44786999999997 269.93735 339.2099 444.10581 604.69442 520.27126 713.59746 872.80761 793.81214 732.52283 444.49211 598.2117 
623.87371 455.36769 604.79971 512.37125 483.5272 482.64396 343.70315 162.92552 0 149.52235 201.58177 177.00208 281.18029 446.48118999999997 406.33296 605.70346 781.05464 728.35178 671.53595 525.00834 682.40327 
573.86102 356.83032 539.98939 538.3639 531.96015 553.65245 411.10185 312.44786999999997 149.52235 0 52.05942 205.76923 310.60988 421.10071 282.45179 483.59519 649.26311 583.62688 525.37342 391.61639 614.6428000000001 
610.1945 401.36134 589.37266 588.22005 579.14811 597.12519 450.71497999999997 269.93735 201.58177 52.05942 0 164.83077 258.55046 435.15446 250.33391 450.93703 629.54747 570.65713 514.93343 431.4033 637.98746 
761.58498 562.59926 741.24707 686.89221 660.52928 658.25114 493.57861 339.2099 177.00208 205.76923 164.83077 0 195.29492 270.32369 406.34626 498.92892 692.30871 671.71112 623.65717 595.67203 798.48869 
865.03881 659.90825 844.49486 792.86236 764.01915 759.20844 590.95273 444.10581 281.18029 310.60988 258.55046 195.29492 0 183.6731 403.89398000000006 535.85201 684.25284 691.65634 678.2147299999999 687.94093 896.53734 
980.73113 747.79768 949.28618 954.1401500000001 926.5380500000001 927.89904 763.85453 604.69442 446.48118999999997 421.10071 435.15446 270.32369 183.6731 0 316.92794 385.74 573.60026 620.24629 593.69811 760.40176 983.4281699999999 
721.60845 488.79052 700.65116 798.2700199999999 807.8961899999999 836.1042400000001 693.5536400000001 520.27126 406.33296 282.45179 250.33391 406.34626 403.89398000000006 316.92794 0 201.26426 387.08542 350.33028 386.92859 483.74361999999996 704.79286 
869.20607 639.69835 849.13279 984.43727 995.98382 1029.69308 894.37509 713.59746 605.70346 483.59519 450.93703 498.92892 535.85201 385.74 201.26426 0 194.61598 301.70566 238.45034 618.07547 828.74933 
939.64818 725.05728 921.36555 1108.96994 1131.20829 1174.62278 1051.85354 872.80761 781.05464 649.26311 629.54747 692.30871 684.25284 573.60026 387.08542 194.61598 0 160.32364 205.64073 684.39154 874.6653 
795.72908 592.00153 778.58827 993.0712599999999 1023.49581 1074.54611 967.08786 793.81214 728.35178 583.62688 570.65713 671.71112 691.65634 620.24629 350.33028 301.70566 160.32364 0 63.25532 544.22454 732.65066 
737.9495 530.73797 720.23068 929.81594 960.24446 1011.38874 904.95066 732.52283 671.53595 525.37342 514.93343 623.65717 678.2147299999999 593.69811 386.92859 238.45034 205.64073 63.25532 0 484.7526 669.39534 
256.35379 69.64065 237.40436 482.47198 533.8463 604.32728 558.4877 444.49211 525.00834 391.61639 431.4033 595.67203 687.94093 760.40176 483.74361999999996 618.07547 684.39154 544.22454 484.7526 0 223.02641 
127.42128 292.66706 460.43077 468.24144 546.12386 624.73744 638.90744 598.2117 682.40327 614.6428000000001 637.98746 798.48869 896.53734 983.4281699999999 704.79286 828.74933 874.6653 732.65066 669.39534 223.02641 0 
