46
node93 node59 node83 node88 node76 node87 node81 node57 node69 node64 node99 node58 node63 node71 node98 node84 node66 node67 node65 node54 node62 node60 node96 node56 node51 node78 node61 node86 node72 node74 node91 node55 node79 node70 node97 node89 node52 node94 node50 node92 node90 node75 node31 node68 node73 node0
0 3115.26076 3745.62833 3886.30443 4807.89509 4253.30323 4372.99552 5346.02294 7555.64899 9152.9325 8699.7644 9329.8412 10397.29197 12221.9118 11930.962759999999 10852.10862 9078.12663 7959.46127 8395.68485 12725.77787 13339.73954 12901.34315 12455.44245 12455.38213 13663.75032 14534.44354 14694.0567 10363.15498 10868.91727 6936.60377 7255.62472 5057.38292 3646.0807499999996 3838.17488 4039.13252 4440.06146 6210.36317 5559.49034 7398.76065 8817.23692 9603.22395 11047.60201 5004.05588 7329.53138 7513.8559399999995 336.25754 
3115.26076 0 759.54182 1081.15002 2323.33995 2173.62246 2168.21946 2786.18431 4792.46897 6282.78031 6165.58936 6686.3155 7624.722970000001 9543.17058 9350.880679999998 8285.37305 6625.98287 5366.7526 5686.385590000001 10164.89635 10808.10441 10881.3352 10491.95476 10484.31682 11903.8237 12669.37299 12433.82831 8707.27947 9624.25459 6336.7772 6758.04421 5869.28803 5374.7309 3450.22448 3734.17955 2993.56284 4703.28705 4134.3846300000005 6012.90629 8277.03077 9343.61812 10021.79079 3389.28579 5065.64802 5515.05618 2819.81976 
3745.62833 759.54182 0 515.77609 1797.86935 1414.08064 1815.4593 2220.81038 4227.09504 5542.36266 5719.11802 5935.23396 6865.18115 8792.08887 8592.77617 8015.20802 5931.1829 5096.587570000001 4926.84377 9606.75901 10243.77339 10350.8121 9865.87615 9963.95027 11408.65523 12138.84989 11711.87602 8323.46427 9373.63381 6341.18241 6834.90632 6101.704830000001 5148.49955 3682.6412800000003 4132.20395 2891.27153 4535.6156200000005 3374.84281 5757.93873 8307.666379999999 9386.4916 9847.95864 3692.45583 4771.99516 5219.828710000001 3579.36158 
3886.30443 1081.15002 515.77609 0 1282.09326 1836.68512 2238.06378 1705.03429 3711.31895 5319.67623 5203.3419300000005 5708.8303399999995 6868.38012 8570.03696 8269.73066 7499.431930000001 6210.7246 4580.81148 4823.78975 9404.38512 10054.4191 10557.73401 10052.32512 10479.726359999999 11882.92412 12345.7718 11796.38751 8643.94336 9739.46647 6856.958500000001 7350.68241 6524.45251 5598.37028 4105.38896 4514.192779999999 3407.04762 4892.68609 3890.6189 6202.30533 8797.32091 9874.2383 10236.58792 4208.23192 5171.75147 4704.05262 3792.2265 
4807.89509 2323.33995 1797.86935 1282.09326 0 554.59186 955.9705200000001 1040.16377 3249.78982 4614.06876 4498.4793 4801.40533 5934.92259 7590.05255 7239.89713 6814.57874 6034.6296 4362.32496 4386.47862 9012.79945 9729.06555 10772.75144 10236.16466 10424.86176 12011.28742 12558.04706 11712.376690000001 9183.54577 10442.75186 7872.0265 8573.21406 7791.95998 6872.42284 5372.89643 5796.28604 4689.14088 5760.01197 4601.18214 6954.31954 9876.05144 10925.79593 11046.55893 5204.45564 3912.50638 3630.7403600000002 4810.45445 
4253.30323 2173.62246 1414.08064 1836.68512 554.59186 0 401.37866 1594.75563 3804.38168 5168.660620000001 5053.07116 5335.1762 6445.94376 8128.90014 7794.48899 7285.67792 6199.8297 4670.85196 4941.07048 9446.35635 10144.459579999999 11061.97944 10479.51573 10979.45362 12189.79482 12785.23632 12021.264009999999 9683.31756 10459.58075 7689.85112 8197.03891 7397.0889 6562.580190000001 4988.10557 5409.80144 4305.35217 5694.194509999999 4533.4217 6925.31017 9671.52056 10767.67391 11006.53753 5106.53647 3357.91452 3807.00042 4268.90139 
4372.99552 2168.21946 1815.4593 2238.0637800000004 955.9705200000001 401.37866 0 1573.39424 3783.02029 5352.85112 5031.70977 5360.12186 6504.43937 8055.01092 7717.39857 7402.8165 6545.4621400000005 4873.1575 5175.70734 9605.9726 10285.35321 11360.78817 10778.32446 11293.55922 12517.36222 13122.9828 12234.10786 9904.637060000001 10844.60003 8091.229780000001 8592.9606 7762.33884 6710.52538 5389.48423 5785.31728 4626.40951 6095.57317 4934.80036 7326.68883 10072.899220000001 11143.20213 11405.079 5225.21125 2956.53586 3418.3188 4670.28005 
5346.02294 2786.18431 2220.81038 1705.03429 1040.16377 1594.75563 1573.39424 0 2209.62605 3830.77121 3498.30764 4062.08187 5163.34583 6875.88886 6584.93982 6149.944219999999 5192.83897 3520.53433 3602.3131 8267.02428 8904.03866 10372.78324 10141.84181 10103.578389999999 11383.06025 12127.134890000001 10930.573069999999 8929.45479 10109.45793 7846.581469999999 8394.39818 7998.27171 7284.23112 5579.20816 6031.79372 5112.08191 6406.94598 5246.17317 6608.32479 9724.52172 10853.019 10644.81025 5066.87036 4093.50344 3857.0493 5445.79352 
7555.64899 4792.46897 4227.09504 3711.31895 3249.78982 3804.38168 3783.0202899999995 2209.62605 0 1635.5755000000001 1967.64669 1997.51139 3324.50863 4858.71801 4741.19103 4300.48892 4480.06559 3263.6046800000004 2731.20134 6094.49807 6739.81909 8592.72545 8020.39934 8535.6341 10017.95652 10365.05768 9312.9598 8933.02262 9350.65908 8037.72882 8859.08175 8974.50618 8755.40486 6878.91813 6889.08749 5124.44121 5781.04082 4620.26801 6584.55843 10041.75376 10896.54272 10144.02589 5924.16413 4643.29028 5016.60015 7503.54545 
9152.9325 6282.78031 5542.36266 5319.67623 4614.06876 5168.660620000001 5352.85112 3830.77121 1635.5755000000001 0 537.11741 840.68946 2167.6867 3609.8496800000003 3745.92233 2672.13223 2844.49009 1737.63085 1300.67206 5136.44027 5558.97451 7849.45811 7266.9944 7631.78753 9386.027909999999 9550.75512 7882.43052 7657.0812000000005 9425.51045 8771.77609 9687.528699999999 10105.79379 10164.45882 8187.58036 8002.79386 6536.71341 6384.135840000001 5626.28024 7002.3072 10705.78403 11437.80629 10356.81907 7063.57349 5830.61965 6197.24383 9092.16842 
8699.7644 6165.58936 5719.118020000001 5203.3419300000005 4498.4793 5053.0711599999995 5031.70977 3498.30764 1967.64669 537.11741 0 682.13792 1697.52757 3941.92087 3477.40914 3202.0308299999997 3285.17729 1995.12461 1632.74325 5158.60429 5773.70922 8344.50224 7762.03853 8132.694259999999 9881.57993 10054.43507 8204.33789 8017.52555 9838.40526 8933.65936 9830.64144 10132.06307 10106.09098 8132.72035 8050.552519999999 6284.44486 6641.6296 5645.65133 7334.37839 10937.684299999999 11676.77635 10797.50627 7085.6291599999995 5440.02414 5698.48875 8905.96214 
9329.8412 6686.3155 5935.23396 5708.8303399999995 4801.40533 5335.1762 5360.12186 4062.08187 1997.51139 840.68946 682.13792 0 1326.99724 3712.1378299999997 4048.3938 3512.8216899999998 3647.56992 2578.32031 2141.36152 4980.04311 6399.66397 8545.63371 8071.053030000001 8420.25024 10103.59628 10215.75303 8224.97898 8460.16103 10183.14022 9585.256239999999 10471.39749 10814.20099 10752.91625 8813.54095 8732.69044 6966.58278 7224.8253 6327.78925 7842.996660000001 11546.47349 12278.49575 11078.47404 7767.76708 5544.5633 5780.83108 9460.5703 
10397.29197 7624.722970000001 6865.18115 6868.38012 5934.92259 6445.94376 6504.43937 5163.34583 3324.50863 2167.6867 1697.52757 1326.99724 0 2385.14059 2721.39656 4839.81893 3605.72933 3692.65218 3330.2708199999997 3684.55638 6087.971100000001 7590.746 7576.96098 7926.15819 9290.40616 9213.08446 6897.98174 7987.74064 9758.08539 9649.66105 10682.97341 11260.67687 11394.57617 9422.60004 9174.49998 7981.97243 7468.372880000001 6953.12658 7664.85826 11423.05873 12159.05043 10768.39643 8209.57662 6870.36775 7107.82832 10435.84343 
12221.9118 9543.17058 8792.08887 8570.03696 7590.05255 8128.90014 8055.01092 6875.88886 4858.71801 3609.8496800000003 3941.92087 3712.1378299999997 2385.14059 0 3143.04318 3221.00146 5473.44646 5237.878860000001 4705.47552 5106.03437 5349.72976 9408.6953 8852.95438 9251.68293 10940.37935 10737.36958 7867.38552 10100.75968 11921.639389999998 12033.57472 12994.67468 13558.94963 13609.262920000001 11633.83635 11451.01914 9720.53601 9822.4022 9031.0837 10043.55768 13770.1701 14521.92436 12892.09259 10507.84938 7566.26148 8033.96033 12302.075130000001 
11930.962759999999 9350.880679999998 8592.77617 8269.73066 7239.89713 7794.48899 7717.39857 6584.93982 4741.19103 3745.92233 3477.40914 4048.3938 2721.39656 3143.04318 0 3658.71411 5867.14409 5373.95151 4841.54817 5857.66715 6101.36254 9991.60966 9409.14595 9924.38071 11678.621089999999 11421.32808 8622.25137 10679.7352 12378.84649 12248.0633 13196.19557 13609.47221 13496.59589 11610.12949 11479.13468 9761.854 9864.69042 9074.54539 10317.77601 14042.6811 14829.8305 13337.803100000001 10563.0383 6986.25439 7051.61023 12030.733339999999 
10852.10862 8285.37305 8015.208020000001 7499.431930000001 6814.57874 7285.67792 7402.8165 6149.944219999999 4300.48892 2672.13223 3202.0308299999997 3512.82169 4839.81893 3221.00146 3658.71411 0 2567.9614 2918.62045 3417.76418 4664.10298 2992.29568 6345.84495 5784.61514 6299.8499 8054.09028 7893.9861 7697.5979800000005 7380.55251 8917.87226 9302.85541 10306.72804 11212.23313 11659.701249999998 9687.72512 9234.544030000001 7983.57193 7234.901620000001 6833.17491 7236.29342 10908.28841 11584.01023 9933.82219 8269.62067 8107.16168 8358.40426 11043.46135 
9078.12663 6625.98287 5931.1829 6210.7246 6034.6296 6199.8297 6545.4621400000005 5192.83897 4480.06559 2844.49009 3285.17729 3647.56992 3605.72933 5473.44646 5867.14409 2567.9614 0 1672.30464 2452.81864 3717.14745 5056.2503799999995 5179.94427 5425.97418 4910.73942 6664.9798 6967.98206 5821.43431 4812.59111 6581.02036 6851.92275 7745.25311 8730.409 9533.59934 7798.35476 6886.7961399999995 5866.51708 5117.84677 4833.12596 5119.2385699999995 8355.02169 9091.01339 7512.32898 5921.87278 8047.28905 8417.64845 9333.37781 
7959.46127 5366.7526 5096.587570000001 4580.81148 4362.32496 4670.85196 4873.1575 3520.53433 3263.6046800000004 1737.63085 1995.12461 2578.32031 3692.65218 5237.878860000001 5373.95151 2918.62045 1672.30464 0 2928.7012400000003 4982.56119 5473.60762 6852.24891 7098.27882 6583.04406 8256.36306 8606.60056 7493.73895 6104.42914 7925.30885 7034.14524 8067.4576 8509.26466 8741.0808 6769.10467 6554.79979 6187.90229 4646.50499 3914.55446 5956.12423 9038.17018 9705.15527 8929.30224 5599.53086 7218.53749 6750.83864 8163.00279 
8395.68485 5686.385590000001 4926.84377 4823.78975 4386.47862 4941.07048 5175.70734 3602.3131 2731.20134 1300.67206 1632.74325 2141.3615200000004 3330.2708199999997 4705.47552 4841.54817 3417.76418 2452.81864 2928.7012400000003 0 4705.57255 5342.5869299999995 7061.11618 7315.64357 6800.40881 8529.14709 8813.40863 7620.15271 7265.409750000001 8224.81631 7581.00563 8528.033449999999 9030.53358 9207.11816 7223.73799 7002.14901 5236.04135 5987.343000000001 4826.57019 5701.63514 9405.11197 10243.58637 9615.48574 6037.22565 6908.28124 6577.08848 8495.32841 
12725.77787 10164.89635 9606.75901 9404.38512 9012.79945 9446.35635 9605.9726 8267.02428 6094.49807 5136.44027 5158.60429 4980.04311 3684.55638 5106.03437 5857.66715 4664.10298 3717.14745 4982.56119 4705.57255 0 4360.6993600000005 4926.0723 5508.53601 6023.77077 6517.42547 6454.31979 8884.48152 7582.94705 8361.1113 10322.31813 10951.95413 12322.42234 13021.26894 11015.06116 10521.50835 8925.93031 8180.893980000001 7881.26302 8182.28578 11214.57553 11695.66796 10056.39021 9566.23942 10503.88736 10736.48869 12984.716110000001 
13339.73954 10808.10441 10243.77339 10054.4191 9729.06555 10144.459579999999 10285.35321 8904.03866 6739.81909 5558.97451 5773.70922 6399.66397 6087.971100000001 5349.72976 6101.36254 2992.29568 5056.2503799999995 5473.60762 5342.5869299999995 4360.6993600000005 0 4924.43208 5506.89579 6022.13055 6469.02285 5998.878640000001 9573.938180000001 7586.24211 8596.3364 10382.90727 11416.21963 12920.52624 13604.79624 11608.57366 11067.64038 9517.07022 9519.99691 8462.72849 9521.38871 11606.9151 12492.392029999999 10059.68527 10135.96255 11089.96186 11348.42647 13581.78959 
12901.34315 10881.3352 10350.8121 10557.73401 10772.75144 11061.97944 11360.78817 10372.78324 8592.72545 7849.45811 8344.50224 8545.63371 7590.746 9408.6953 9991.60966 6345.84495 5179.94427 6852.24891 7061.11618 4926.0723 4924.43208 0 582.46371 1097.69847 2851.93885 1788.03779 5363.0973300000005 3126.62221 4287.31218 7713.03819 8491.98387 10460.60536 11985.25816 10233.40468 9442.85183 8619.503270000001 6849.20156 7415.30448 6092.17268 8062.36421 8146.6938 5951.49531 8748.98378 13203.85318 13586.82485 13237.600690000001 
12455.44245 10491.95476 9865.87615 10052.32512 10236.16466 10479.51573 10778.32446 10141.84181 8020.39934 7266.9944 7762.03853 8071.053030000001 7576.96098 8852.95438 9409.14595 5784.61514 5425.97418 7098.27882 7315.64357 5508.53601 5506.89579 582.46371 0 515.23476 2269.47514 2344.65834 5919.71788 3018.85364 4387.4346 7378.30107 8384.2153 10269.68475 11680.57244 9896.917290000001 9112.47491 8291.40642 6521.10471 7512.012650000001 5557.08449 8014.89467 8177.58359 5435.478370000001 8393.01154 12650.00989 13016.522099999998 12791.699990000001 
12455.38213 10484.31682 9963.95027 10479.726359999999 10424.86176 10979.45362 11293.55922 10103.57839 8535.6341 7631.78753 8132.694259999999 8420.25024 7926.15819 9251.68293 9924.38071 6299.8499 4910.73942 6583.04406 6800.40881 6023.77077 6022.13055 1097.69847 515.23476 0 1754.24038 2859.8931000000002 6151.91403 3534.0883999999996 4902.66936 7292.99748 8064.65974 10026.20341 11583.10252 9798.4226 9007.23886 8026.98536 6416.75578 6996.77789 6072.3192500000005 7747.4571 7781.07964 4920.24361 8300.48187 12932.120359999999 13298.632569999998 12757.80951 
13663.75032 11903.8237 11408.65523 11882.92412 12011.28742 12189.79482 12517.36222 11383.06025 10017.95652 9386.027909999999 9881.57993 10103.59628 9290.40616 10940.37935 11678.62109 8054.09028 6664.9798 8256.36306 8529.14709 6517.42547 6469.02285 2851.93885 2269.47514 1754.24038 0 1191.67635 4397.67365 3388.85952 3825.24123 7774.356239999999 8545.77979 10693.86894 12438.65342 10824.72847 10003.616230000001 9311.95304 7632.812279999999 8267.21482 6348.81572 7816.98776 7681.94805 4782.13169 9386.5964 14661.2468 15007.2017 13978.63512 
14534.44354 12669.37299 12138.84989 12345.7718 12558.04706 12785.23632 13122.9828 12127.134890000001 10365.05768 9550.75512 10054.43507 10215.75303 9213.08446 10737.36958 11421.32808 7893.9861 6967.98206 8606.60056 8813.40863 6454.31979 5998.878640000001 1788.03779 2344.65834 2859.8931000000002 1191.67635 0 3575.05954 4407.52681 5007.84438 8829.46188 9670.58049 11780.53814 13449.38203 11782.45617 10969.61794 10235.70347 8465.40176 9100.23897 7322.80488 9008.66411 8873.6244 5774.37949 10312.22916 14980.42166 15356.41641 14870.70108 
14694.0567 12433.82831 11711.87602 11796.38751 11712.376690000001 12021.264009999999 12234.10786 10930.573069999999 9312.9598 7882.43052 8204.33789 8224.97898 6897.98174 7867.38552 8622.25137 7697.5979800000005 5821.43431 7493.73895 7620.15271 8884.48152 9573.938180000001 5363.0973300000005 5919.71788 6151.91403 4397.67365 3575.05954 0 7265.9726200000005 7619.89661 10553.40871 11465.56579 13124.6176 14365.81429 12702.685930000001 11771.84381 11033.851149999999 9722.9956 9393.192860000001 8413.37636 11293.46358 11515.952239999999 8477.45984 10931.57541 13513.04905 13840.45987 14960.83908 
10363.15498 8707.27947 8323.46427 8643.94336 9183.54577 9683.31756 9904.63706 8929.45479 8933.02262 7657.0812000000005 8017.52555 8460.16103 7987.74064 10100.75968 10679.735200000001 7380.55251 4812.59111 6104.42914 7265.409750000001 7582.94705 7586.24211 3126.62221 3018.85364 3534.0883999999996 3388.85952 4407.52681 7265.9726200000005 0 1820.87971 4587.4276 5365.36166 7391.07305 9049.7939 7442.547140000001 6618.75484 5923.09352 4243.95276 5357.43894 2965.55047 5002.34452 5716.93534 2824.8731 6021.38706 12291.5162 12451.91247 10674.18172 
10868.91727 9624.25459 9373.63381 9739.46647 10442.75186 10459.58075 10844.60003 10109.45793 9350.65908 9425.51045 9838.40526 10183.14022 9758.08539 11921.639389999998 12378.84649 8917.87226 6581.02036 7925.30885 8224.81631 8361.1113 8596.3364 4287.31218 4387.4346 4902.66936 3825.24123 5007.84438 7619.89661 1820.87971 0 4230.71096 5264.02332 7180.28318 9091.03738 7782.52226 7135.338390000001 6687.35088 4925.3143199999995 6007.583549999999 3615.69508 5234.89553 3896.05563 4645.75281 6886.914940000001 13505.26447 13961.633129999998 11205.17481 
6936.60377 6336.7772 6341.18241 6856.958500000001 7872.0265 7689.85112 8091.229780000001 7846.581469999999 8037.72882 8771.77609 8933.65936 9585.256239999999 9649.66105 12033.57472 12248.0633 9302.85541 6851.92275 7034.14524 7581.00563 10322.31813 10382.90727 7713.03819 7378.30107 7292.99748 7774.356239999999 8829.46188 10553.40871 4587.4276 4230.71096 0 1033.31236 2964.38544 4889.48915 3770.85592 2904.62743 3750.0882699999997 2940.82052 3457.61105 2140.03235 2004.02494 3351.89202 4172.88098 2948.90397 11002.17351 11450.07297 7272.77326 
7255.62472 6758.04421 6834.90632 7350.68241 8573.21406 8197.03891 8592.9606 8394.39818 8859.08175 9687.528699999999 9830.64144 10471.39749 10682.97341 12994.67468 13196.19557 10306.72804 7745.25311 8067.4576 8528.033449999999 10951.95413 11416.21963 8491.98387 8384.2153 8064.65974 8545.77979 9670.58049 11465.56579 5365.36166 5264.02332 1033.31236 0 2316.7545 4443.22171 4735.81805 3801.4095 4026.78282 3974.13288 4490.923409999999 3171.55702 3037.3373 4385.204379999999 4628.86717 3368.75842 11529.52051 11997.219360000001 7224.95452 
5057.38292 5869.28803 6101.70483 6524.45251 7791.95998 7397.0889 7762.33884 7998.27171 8974.50618 10105.79379 10132.06307 10814.20099 11260.67687 13558.94963 13609.47221 11212.23313 8730.409 8509.26466 9030.53358 12322.42234 12920.52624 10460.60536 10269.68475 10026.20341 10693.86894 11780.53814 13124.6176 7391.07305 7180.28318 2964.38544 2316.7545 0 2216.51905 2419.06355 3706.70448 3850.06497 4192.74486 4602.54206 4712.60026 3785.07448 5972.66174 6945.62167 3051.10025 10698.64626 11152.058949999999 5364.10691 
3646.0807499999996 5374.7309 5148.49955 5598.37028 6872.42284 6562.580190000001 6710.52538 7284.23112 8755.40486 10164.45882 10106.09098 10752.91625 11394.57617 13609.262920000001 13496.59589 11659.70125 9533.59934 8741.0808 9207.11816 13021.26894 13604.79624 11985.25816 11680.57244 11583.10252 12438.65342 13449.38203 14365.81429 9049.7939 9091.03738 4889.48915 4443.22171 2216.51905 0 2015.65962 2714.25389 4103.85854 5235.32543 5281.4692 6146.65585 6001.59353 6981.03198 9005.3914 3626.65591 9498.68151 9966.380360000001 3919.3932 
3838.17488 3450.22448 3682.6412800000003 4105.38896 5372.89643 4988.10557 5389.48423 5579.20816 6878.91813 8187.58036 8132.72035 8813.54095 9422.60004 11633.83635 11610.12949 9687.72512 7798.35476 6769.10467 7223.73799 11015.06116 11608.57366 10233.40468 9896.917290000001 9798.4226 10824.72847 11782.45617 12702.68593 7442.547140000001 7782.52226 3770.85592 4735.81805 2419.06355 2015.65962 0 1287.64093 2091.50344 3387.59725 3309.49307 4476.99667 5416.24441 6507.30973 7943.7369 2252.5642900000003 8346.02009 8732.9954 3501.91734 
4039.13252 3734.17955 4132.20395 4514.192779999999 5796.286039999999 5409.80144 5785.31728 6031.79372 6889.08749 8002.79386 8050.552519999999 8732.690439999998 9174.49998 11451.01914 11479.13468 9234.544030000001 6886.7961399999995 6554.79979 7002.149010000001 10521.50835 11067.64038 9442.85183 9112.47491 9007.23886 10003.616230000001 10969.61794 11771.84381 6618.75484 7135.338390000001 2904.62743 3801.4095 3706.70448 2714.25389 1287.64093 0 1766.1076600000001 2657.46645 2640.24533 3655.86623 4908.65237 5728.52819 7008.46949 964.92336 8711.46124 9172.08924 4375.39006 
4440.06146 2993.56284 2891.27153 3407.04762 4689.14088 4305.35217 4626.40951 5112.08191 5124.44121 6536.71341 6284.44486 6966.58278 7981.97243 9720.53601 9761.854 7983.57193 5866.51708 6187.90229 5236.04135 8925.93031 9517.07022 8619.503270000001 8291.40642 8026.98536 9311.95304 10235.70347 11033.851149999999 5923.09352 6687.35088 3750.0882699999997 4026.78282 3850.06497 4103.85854 2091.50344 1766.1076600000001 0 1770.30171 2285.01422 3071.6558 5530.031919999999 6533.38024 7032.28748 801.1843 7529.81998 7997.51883 4751.0882 
6210.36317 4703.28705 4535.6156200000005 4892.68609 5760.01197 5694.194509999999 6095.57317 6406.9459799999995 5781.04082 6384.135840000001 6641.6296 7224.8253 7468.372880000001 9822.4022 9864.69042 7234.901620000001 5117.84677 4646.50499 5987.343 8180.893980000001 9519.99691 6849.20156 6521.10471 6416.75578 7632.81228 8465.40176 9722.9956 4243.95276 4925.3143199999995 2940.82052 3974.13288 4192.74486 5235.32543 3387.59725 2657.46645 1770.30171 0 1160.77281 1309.61924 4667.36969 5378.4902600000005 7068.82586 2272.82008 8846.50514 9309.13438 6521.38991 
5559.49034 4134.3846300000005 3374.84281 3890.6189 4601.18214 4533.4217 4934.80036 5246.17317 4620.26801 5626.28024 5645.65133 6327.78925 6953.12658 9031.0837 9074.54539 6833.17491 4833.12596 3914.55446 4826.57019 7881.26302 8462.72849 7415.30448 7512.012650000001 6996.77789 8267.21482 9100.23897 9393.192860000001 5357.43894 6007.583549999999 3457.61105 4490.923409999999 4602.54206 5281.4692 3309.49307 2640.24533 2285.01422 1160.77281 0 2391.88847 5446.01291 6539.26307 6473.11583 1684.9764 7686.98546 8149.81808 5895.74788 
7398.76065 6012.90629 5757.93873 6202.30533 6954.31954 6925.31017 7326.68883 6608.32479 6584.55843 7002.3072 7334.37839 7842.996660000001 7664.85826 10043.55768 10317.77601 7236.29342 5119.2385699999995 5956.12423 5701.63514 8182.28578 9521.38871 6092.17268 5557.08449 6072.3192500000005 6348.81572 7322.80488 8413.37636 2965.55047 3615.69508 2140.03235 3171.55702 4712.60026 6146.65585 4476.99667 3655.86623 3071.6558 1309.61924 2391.88847 0 3834.3766400000004 4541.95123 5790.42357 3271.21986 10001.62506 10460.49999 7735.01819 
8817.23692 8277.03077 8307.666379999999 8797.32091 9876.05144 9671.52056 10072.899220000001 9724.52172 10041.75376 10705.78403 10937.684299999999 11546.47349 11423.05873 13770.1701 14042.6811 10908.28841 8355.02169 9038.17018 9405.11197 11214.57553 11606.9151 8062.36421 8014.89467 7747.4571 7816.98776 9008.66411 11293.46358 5002.34452 5234.89553 2004.02494 3037.3373 3785.07448 6001.59353 5416.24441 4908.65237 5530.03192 4667.36969 5446.01291 3834.3766400000004 0 3008.7397499999997 6131.18267 4889.52319 12977.65949 13444.3553 8855.98815 
9603.22395 9343.61812 9386.4916 9874.2383 10925.79593 10767.67391 11143.20213 10853.019 10896.54272 11437.80629 11676.77635 12278.49575 12159.05043 14521.92436 14829.8305 11584.01023 9091.01339 9705.15527 10243.58637 11695.66796 12492.392029999999 8146.6938 8177.58359 7781.07964 7681.94805 8873.6244 11515.952239999999 5716.93534 3896.05563 3351.89202 4385.204379999999 5972.66174 6981.03198 6507.30973 5728.52819 6533.38024 5378.4902600000005 6539.263070000001 4541.95123 3008.7397499999997 0 3122.44292 5964.72961 14037.49632 14504.05304 9939.48149 
11047.60201 10021.79079 9847.95864 10236.58792 11046.558930000001 11006.53753 11405.079 10644.81025 10144.02589 10356.81907 10797.50627 11078.47404 10768.39643 12892.09259 13337.803100000001 9933.82219 7512.32898 8929.30224 9615.48574 10056.390210000001 10059.685270000002 5951.49531 5435.478370000001 4920.24361 4782.13169 5774.37949 8477.45984 2824.8731 4645.75281 4172.88098 4628.86717 6945.62167 9005.3914 7943.7369 7008.46949 7032.28748 7068.82586 6473.11583 5790.42357 6131.182669999999 3122.44292 0 6799.20778 14047.58141 14500.47128 11373.05678 
5004.05588 3389.28579 3692.45583 4208.23192 5204.45564 5106.53647 5225.21125 5066.87036 5924.16413 7063.57349 7085.6291599999995 7767.76708 8209.57662 10507.84938 10563.0383 8269.62067 5921.87278 5599.53086 6037.22565 9566.23942 10135.96255 8748.98378 8393.01154 8300.48187 9386.5964 10312.22916 10931.57541 6021.38706 6886.914940000001 2948.90397 3368.75842 3051.10025 3626.65591 2252.5642900000003 964.92336 801.1843 2272.82008 1684.9764 3271.21986 4889.52319 5964.72961 6799.20778 0 8164.16538 8631.864230000001 5340.3134199999995 
7329.53138 5065.64802 4771.9951599999995 5171.75147 3912.50638 3357.91452 2956.53586 4093.50344 4643.29028 5830.61965 5440.02414 5544.5633 6870.36775 7566.26148 6986.25439 8107.16168 8047.28905 7218.53749 6908.28124 10503.88736 11089.96186 13203.85318 12650.00989 12932.120359999999 14661.2468 14980.42166 13513.04905 12291.5162 13505.26447 11002.17351 11529.52051 10698.64626 9498.68151 8346.02009 8711.46124 7529.81998 8846.50514 7686.98546 10001.62506 12977.65949 14037.49632 14047.58141 8164.16538 0 467.69885 7626.815909999999 
7513.8559399999995 5515.05618 5219.828710000001 4704.05262 3630.7403600000002 3807.00042 3418.3188 3857.0493 5016.60015 6197.24383 5698.48875 5780.83108 7107.82832 8033.96033 7051.61023 8358.40426 8417.64845 6750.83864 6577.08848 10736.48869 11348.42647 13586.82485 13016.522099999998 13298.632569999998 15007.2017 15356.41641 13840.45987 12451.91247 13961.633129999998 11450.07297 11997.219360000001 11152.058949999999 9966.380360000001 8732.9954 9172.08924 7997.51883 9309.13438 8149.81808 10460.49999 13444.3553 14504.05304 14500.47128 8631.864230000001 467.69885 0 7304.71612 
336.25754 2819.81976 3579.36158 3792.2265 4810.45445 4268.90139 4670.28005 5445.79352 7503.54545 9092.16842 8905.96214 9460.5703 10435.84343 12302.075130000001 12030.733339999999 11043.46135 9333.37781 8163.00279 8495.32841 12984.716110000001 13581.78959 13237.60069 12791.699990000001 12757.80951 13978.63512 14870.701079999999 14960.83908 10674.18172 11205.17481 7272.77326 7224.95452 5364.10691 3919.3932 3501.91734 4375.39006 4751.0882 6521.38991 5895.74788 7735.01819 8855.98815 9939.48149 11373.05678 5340.3134199999995 7626.81591 7304.71612 0 
