25
node41 node32 node35 node25 node29 node31 node34 node28 node27 node38 node48 node45 node47 node39 node36 node40 node49 node30 node26 node37 node43 node33 node44 node9 node0
0 1953.01607 5862.7536199999995 5363.042460000001 3320.86339 5797.95632 7335.9607 6740.68744 6191.87991 7642.33777 5809.04758 3780.80832 4017.52449 3195.29079 6915.08725 7469.98482 8467.74334 9857.808949999999 9765.14863 8523.6367 6917.62043 6051.88108 3174.69281 5874.2787499999995 2590.2292 
1953.01607 0 3909.73755 5998.50415 4367.95885 7346.94427 8858.47491 8445.6148 7959.63925 9595.35384 7324.63018 5731.68507 5970.5405599999995 5064.5836 8789.34334 7911.88257 10337.03615 11795.18905 11715.65962 10392.92951 8539.32992 7924.72497 5127.70888 7408.48328 3225.69089 
5862.7536199999995 3909.73755 0 3477.67409 7730.1049 8558.58236 9923.66233 9171.31221 8242.13347 9855.3114 7801.4323 5504.068370000001 4742.58153 4320.37468 7937.1341600000005 6008.20967 7628.55154 9935.42117 10543.0352 9344.3159 7422.48785 7908.59554 5590.19611 7421.95474 5752.60706 
5363.042460000001 5998.50415 3477.67409 0 4252.43081 7026.31192 8617.848549999999 8205.28703 7638.08207 9084.70583 6563.91507 5291.03121 5485.09377 4570.74628 8242.33158 7408.26685 9843.198830000001 11323.29509 11264.15561 9896.73055 8293.93314 6003.10375 4619.9057 5070.27438 2772.81326 
3320.86339 4367.95885 7730.1049 4252.43081 0 2978.98542 4565.62209 4677.21019 4406.86732 6078.47136 3555.92698 5853.29091 5107.16184 6256.828659999999 7865.76708 9292.394919999999 9562.01901 9685.37737 9289.77275 8858.20402 6164.77086 5428.20558 5947.37167 5536.61906 5834.99383 
5797.95632 7346.94427 8558.58236 7026.31192 2978.98542 0 1595.59623 2543.72935 3472.90809 4075.97587 2199.19104 4496.55497 4974.45342 6007.8326799999995 7533.444890000001 9275.838230000001 8755.79017 8130.682 7521.31068 7787.17236 4923.43133 5558.55068 2968.38625 5573.2417700000005 7956.914569999999 
7335.9607 8858.47491 9923.66233 8617.848549999999 4565.62209 1595.59623 0 1381.30649 2278.60143 2923.4208799999997 2969.49223 5266.856159999999 6028.342999999999 6778.13387 8014.95821 10134.85815 9032.84475 7851.56694 7390.02817 7766.85744 6453.0831 6402.78042 4346.52415 4062.61503 9552.5108 
6740.68744 8445.6148 9171.31221 8205.28703 4677.21019 2543.72935 1381.30649 0 929.17874 1542.11439 1842.07482 4117.07073 4725.93028 5640.49172 6643.23357 8848.72915 7658.80871 6758.19738 6008.72168 6547.23364 5083.0897 5141.22836 5085.71283 4502.73435 8523.66752 
6191.87991 7959.63925 8242.13347 7638.08207 4406.86732 3472.90809 2278.60143 929.17874 0 2471.29313 2771.25356 3264.35175 4025.83859 4796.249519999999 5738.8369 8204.969840000002 6815.7375 6503.28309 6937.90042 5618.0549 4176.96179 5103.84353 6014.89157 4290.83601 7902.570239999999 
7642.33777 9595.35384 9855.3114 9084.70583 6078.4713600000005 4075.97587 2923.4208799999997 1542.11439 2471.29313 0 2522.54438 4819.90831 5581.39515 6331.186019999999 6982.93702 8517.13841 6714.94034 5216.08299 4466.60729 5302.95969 5214.80563 6232.71101 4467.64496 6017.24082 9050.87291 
5809.04758 7324.63018 7801.4323 6563.91507 3555.92698 2199.19104 2969.49223 1842.07482 2771.25356 2522.54438 0 2297.36393 3058.85077 3808.64164 5334.25385 7349.54746 6572.32338 6728.5368 5788.84342 5757.66015 3858.30099 3710.1666299999997 3243.63801 4781.69696 6712.73271 
3780.80832 5731.68507 5504.068370000001 5291.03121 5853.290910000001 4496.55497 5266.856159999999 4117.07073 3264.35175 4819.90831 2297.36393 0 761.48684 1531.89777 3956.03947 5052.18353 6376.60678 6160.9216400000005 6001.26087 5109.073109999999 3661.58278 3927.50085 3460.9722300000003 4595.91123 4695.50998 
4017.52449 5970.5405599999995 4742.58153 5485.09377 5107.16184 4974.45342 6028.343 4725.93028 4025.83859 5581.39515 3058.85077 761.48684 0 1149.66682 3194.55263 5813.67037 5615.1199400000005 5840.28446 5800.45367 4799.4551 2900.09594 3166.01401 2699.48539 5357.398069999999 4483.70006 
3195.29079 5064.5836 4320.37468 4570.74628 6256.82866 6007.8326799999995 6778.13387 5640.49172 4796.249519999999 6331.186019999999 3808.64164 1531.89777 1149.66682 0 3724.75974 5674.10542 5272.45255 6812.80993 6900.89739 5328.34591 3884.83004 4315.680829999999 3849.15221 6127.808999999999 3337.49024 
6915.08725 8789.34334 7937.1341600000005 8242.33158 7865.76708 7533.444890000001 8014.95821 6643.23357 5738.8369 6982.93702 5334.25385 3956.03947 3194.55263 3724.75974 0 3017.57475 5758.02319 3774.2611 4952.17553 4712.45141 3022.90747 4187.04731 5635.17365 8442.469229999999 6401.96386 
7469.98482 7911.88257 6008.20967 7408.26685 9292.394919999999 9275.838230000001 10134.85815 8848.72915 8204.969840000002 8517.13841 7349.54746 5052.18353 5813.67037 5674.10542 3017.57475 0 3743.35864 6694.866660000001 7207.83978 4968.07998 5726.2985100000005 5257.16474 7000.8702 9375.15637 4879.75562 
8467.74334 10337.03615 7628.55154 9843.198830000001 9562.01901 8755.79017 9032.84475 7658.80871 6815.7375 6714.94034 6572.32338 6376.60678 5615.1199400000005 5272.45255 5758.02319 3743.35864 0 3104.27517 3820.35291 3788.6304 3925.85228 5340.1962 7105.88793 9866.82184 7834.811229999999 
9857.808949999999 11795.18905 9935.42117 11323.29509 9685.37737 8130.682 7851.56694 6758.19738 6503.28309 5216.08299 6728.5368 6160.9216400000005 5840.28446 6812.80993 3774.2611 6694.866660000001 3104.27517 0 1177.91443 1726.78668 3520.60651 5620.41348 7571.26348 9948.72451 9934.98853 
9765.14863 11715.65962 10543.0352 11264.15561 9289.77275 7521.31068 7390.02817 6008.72168 6937.90042 4466.60729 5788.84342 6001.26087 5800.45367 6900.89739 4952.17553 7207.83978 3820.35291 1177.91443 0 2272.58345 3419.1232499999996 5533.09751 7255.96072 9512.58526 10083.52761 
8523.636700000001 10392.92951 9344.3159 9896.73055 8858.20402 7787.17236 7766.85744 6547.23364 5618.0549 5302.95969 5757.66015 5109.073109999999 4799.4551 5328.34591 4712.45141 4968.07998 3788.6304 1726.78668 2272.58345 0 3597.64962 3893.6268 6539.18348 9146.02826 8316.78786 
6917.62043 8539.32992 7422.48785 8293.93314 6164.77086 4923.43133 6453.0831 5083.0897 4176.96179 5214.80563 3858.30099 3661.58278 2900.09594 3884.83004 3022.90747 5726.2985100000005 3925.85228 3520.60651 3419.1232499999996 3597.64962 0 2587.67365 4050.65697 6857.95255 7222.32028 
6051.881080000001 7924.72497 7908.59554 6003.10375 5428.20558 5558.55068 6402.78042 5141.22836 5103.84353 6232.711009999999 3710.1666299999997 3927.50085 3166.01401 4315.680829999999 4187.04731 5257.16474 5340.1962 5620.41348 5533.09751 3893.6268 2587.67365 0 3348.7200199999997 6109.6539299999995 4699.03408 
3174.69281 5127.70888 5590.19611 4619.9057 5947.37167 2968.38625 4346.52415 5085.71283 6014.891570000001 4467.64496 3243.63801 3460.97223 2699.48539 3849.1522099999997 5635.17365 7000.8702 7105.88793 7571.26348 7255.96072 6539.18348 4050.65697 3348.7200199999997 0 2807.29558 5764.92201 
5874.2787499999995 7408.48328 7421.95474 5070.27438 5536.61906 5573.24177 4062.61503 4502.73435 4290.83601 6017.24082 4781.69696 4595.91123 5357.398069999999 6127.808999999999 8442.469229999999 9375.15637 9866.82184 9948.72451 9512.58526 9146.02826 6857.95255 6109.6539299999995 2807.29558 0 7843.08764 
2590.2292 3225.69089 5752.60706 2772.81326 5834.99383 7956.914569999999 9552.5108 8523.66752 7902.570239999999 9050.87291 6712.73271 4695.50998 4483.70006 3337.49024 6401.96386 4879.75562 7834.811229999999 9934.98853 10083.52761 8316.78786 7222.32028 4699.03408 5764.92201 7843.08764 0 
