26
13 35 45 44 28 24 11 9 16 18 46 33 36 23 7 8 2 4 38 34 17 32 41 30 15 10
0 1.04615 2.08301 2.77733 1.71776 2.72863 2.55609 2.56957 3.5869600000000004 3.57508 3.0084299999999997 4.15893 3.74667 3.57397 2.40947 2.97294 2.339 4.01201 3.6201800000000004 4.25679 4.41468 3.30383 2.35482 3.8834100000000005 2.96774 1.06271 
1.04615 0 1.03686 1.73118 1.81795 2.82882 2.8880999999999997 3.0933900000000003 3.79746 2.66204 1.96228 3.11278 3.3837 4.4885 3.4556199999999997 4.01909 3.38515 4.79313 4.64467 3.21064 3.67482 3.81603 3.4009699999999996 4.21542 4.01389 2.10886 
2.08301 1.03686 0 1.07104 1.25181 2.26268 2.32196 3.04162 2.7606 1.62518 2.2710299999999997 3.4215299999999997 3.6924499999999996 4.79725 4.49248 5.055949999999999 4.2565 4.22265 3.6078099999999997 3.01319 3.8341000000000003 3.7878 3.6925 3.57903 4.71474 3.14572 
2.77733 1.73118 1.07104 0 1.19903 2.2099 2.26918 3.42072 2.53822 1.4028 1.19999 2.3504899999999997 2.62141 3.72621 3.95861 5.25021 4.028689999999999 4.13359 4.09335 4.05979 3.43791 3.39161 3.6397199999999996 3.5965 5.44977 3.7625599999999997 
1.71776 1.81795 1.25181 1.19903 0 1.01087 1.07015 2.4992799999999997 3.5166699999999995 2.60183 2.39902 3.5495200000000002 3.67997 3.65517 3.7019699999999998 4.23389 3.8414699999999997 2.97518 2.89432 3.42422 3.25069 2.5973300000000004 2.44069 2.39747 4.25074 2.56353 
2.72863 2.82882 2.26268 2.2099 1.01087 0 1.93403 3.3631599999999997 4.3805499999999995 3.6127000000000002 3.40989 4.001670000000001 2.6691000000000003 2.6443000000000003 2.6911 3.22302 3.0189899999999996 1.96431 2.72478 4.10213 3.9511900000000004 2.8403400000000003 2.6837 3.07538 4.92865 3.42741 
2.55609 2.8880999999999997 2.32196 2.26918 1.07015 1.93403 0 1.42913 2.44652 3.5819400000000003 3.46917 3.13672 4.46929 4.57833 4.13624 4.69971 4.0657700000000006 3.71522 2.41431 2.35407 3.4245 2.70345 2.54681 1.32732 3.18059 1.49338 
2.56957 3.0933900000000003 3.04162 3.42072 2.4992799999999997 3.3631599999999997 1.42913 0 1.01739 2.15281 3.4960500000000003 2.3455500000000002 3.6781200000000003 4.782920000000001 4.14972 4.71319 4.07925 4.38034 3.84344 2.7190700000000003 2.9606399999999997 3.79085 3.9759399999999996 2.75645 3.26441 1.50686 
3.5869600000000004 3.79746 2.7606 2.53822 3.51667 4.3805499999999995 2.44652 1.01739 0 1.13542 3.7382099999999996 2.63054 3.96311 3.9474 4.7125200000000005 4.8916200000000005 3.2634800000000004 3.36295 4.0300199999999995 3.10506 1.94325 2.77346 3.6546399999999997 3.26218 3.28336 2.5242500000000003 
3.57508 2.66204 1.62518 1.4028 2.60183 3.6127000000000002 3.5819400000000003 2.15281 1.13542 0 2.6027899999999997 3.75329 3.9602399999999998 3.31524 4.080360000000001 4.25946 2.63132 2.73079 4.63197 4.24048 3.07867 3.3754099999999996 4.25659 4.397600000000001 4.41878 3.65967 
3.0084299999999997 1.96228 2.2710299999999997 1.19999 2.39902 3.40989 3.46917 3.4960500000000003 3.7382099999999996 2.6027899999999997 0 1.1505 1.42142 2.52622 2.7586199999999996 4.0502199999999995 3.85249 3.9929999999999994 4.06895 2.8598 3.05666 2.42375 3.57902 3.8865499999999997 4.56135 4.07114 
4.15893 3.11278 3.4215299999999997 2.3504899999999997 3.54952 4.00167 3.13672 2.3455500000000002 2.63054 3.75329 1.1505 0 1.33257 2.43737 2.6697699999999998 3.9613699999999996 3.76364 3.9041499999999996 4.06933 1.95559 1.90616 2.65451 3.80978 2.9823399999999998 3.65714 3.38736 
3.74667 3.3837 3.69245 2.62141 3.67997 2.6691000000000003 4.46929 3.67812 3.9631100000000004 3.9602399999999998 1.42142 1.33257 0 1.1048 1.3372 2.6288 2.43107 2.57158 4.42718 3.28816 2.93857 2.8472600000000003 4.00253 4.31491 4.98971 3.98006 
3.57397 4.4885 4.79725 3.72621 3.65517 2.6443000000000003 4.57833 4.78292 3.9474 3.31524 2.52622 2.43737 1.1048 0 1.1645 2.4561 2.6135400000000004 2.54678 4.40238 4.39296 4.0433699999999995 3.9520600000000004 5.10733 4.75298 5.71239 3.80736 
2.40947 3.4556199999999997 4.49248 3.9586099999999993 3.70197 2.6911 4.13624 4.14972 4.7125200000000005 4.080360000000001 2.7586199999999996 2.6697699999999998 1.3372 1.1645 0 1.2916 1.44904 2.59358 4.44918 4.62536 4.27132 3.97113 4.09751 4.79978 4.54789 2.6428599999999998 
2.97294 4.01909 5.05595 5.250209999999999 4.23389 3.22302 4.69971 4.71319 4.89162 4.25946 4.0502199999999995 3.96137 2.6288 2.4561 1.2916 0 1.62814 3.00441 3.47768 4.85503 4.450419999999999 4.1502300000000005 4.5606100000000005 3.82828 5.1113599999999995 3.20633 
2.339 3.38515 4.2565 4.02869 3.84147 3.0189899999999996 4.06577 4.07925 3.2634800000000004 2.63132 3.85249 3.76364 2.43107 2.6135400000000004 1.44904 1.62814 0 1.67301 4.11929 3.98409 2.82228 2.5220900000000004 2.9324700000000004 4.529780000000001 4.47742 2.57239 
4.01201 4.79313 4.22265 4.13359 2.97518 1.96431 3.71522 4.38034 3.36295 2.73079 3.993 3.90415 2.57158 2.54678 2.59358 3.00441 1.67301 0 2.44628 3.88352 3.33392 2.52059 2.70532 2.85677 4.71004 4.2454 
3.6201799999999995 4.64467 3.6078099999999997 4.09335 2.89432 2.72478 2.41431 3.84344 4.03002 4.63197 4.06895 4.06933 4.42718 4.40238 4.44918 3.47768 4.1192899999999995 2.44628 0 2.11374 3.27555 2.42063 1.26536 1.08699 2.94026 3.8784799999999997 
4.2567900000000005 3.21064 3.01319 4.05979 3.42422 4.10213 2.35407 2.7190700000000003 3.10506 4.24048 2.8598 1.95559 3.28816 4.39296 4.62536 4.85503 3.9840899999999997 3.88352 2.11374 0 1.16181 2.27266 3.3791 1.02675 1.70155 3.21096 
4.41468 3.67482 3.8341000000000003 3.43791 3.25069 3.9511900000000004 3.4245 2.9606399999999997 1.94325 3.07867 3.05666 1.90616 2.93857 4.0433699999999995 4.27132 4.45042 2.82228 3.33392 3.27555 1.16181 0 1.11085 2.26612 2.18856 2.86336 3.67514 
3.3038299999999996 3.81603 3.7878 3.39161 2.5973300000000004 2.8403400000000003 2.70345 3.79085 2.77346 3.3754099999999996 2.42375 2.65451 2.8472600000000003 3.9520600000000004 3.9711300000000005 4.1502300000000005 2.5220900000000004 2.52059 2.42063 2.27266 1.11085 0 1.15527 3.29941 3.9742100000000002 3.56213 
2.35482 3.40097 3.6925 3.63972 2.44069 2.6837 2.54681 3.9759399999999996 3.65464 4.25659 3.57902 3.80978 4.00253 5.10733 4.09751 4.5606100000000005 2.9324700000000004 2.70532 1.26536 3.3791 2.26612 1.15527 0 2.35235 4.20562 2.61312 
3.88341 4.21542 3.57903 3.5965000000000003 2.39747 3.07538 1.32732 2.75645 3.26218 4.3976 3.8865499999999997 2.9823399999999998 4.314909999999999 4.75298 4.79978 3.82828 4.529780000000001 2.85677 1.08699 1.02675 2.18856 3.29941 2.35235 0 1.85327 2.8207 
2.96774 4.01389 4.71474 5.449770000000001 4.25074 4.92865 3.18059 3.26441 3.28336 4.41878 4.56135 3.65714 4.9897100000000005 5.71239 4.54789 5.1113599999999995 4.47742 4.71004 2.94026 1.70155 2.86336 3.9742100000000002 4.20562 1.85327 0 1.90503 
1.06271 2.10886 3.14572 3.76256 2.56353 3.42741 1.49338 1.50686 2.5242500000000003 3.65967 4.07114 3.38736 3.98006 3.80736 2.6428599999999998 3.20633 2.57239 4.2454 3.8784799999999997 3.21096 3.67514 3.5621300000000002 2.61312 2.8207 1.90503 0 
