50
OIPVAKF WRQUJ XGGIUBVDN TNSRRJCDD XWBHEYXJU AOWYQNAYA CRSMUEPQG VHHVQ VASGY RRFKVFYKR QOHWG OMBFD KAYADTT FVKLDY CNINRTR TCXWZV YNHRBC GVNFQM VHLSP XJOXYWA KUUVZB TJFSEUB USUVN ZPFHBWI ZFMGDWP JVYIBRJ CJLYWOAQ DQOPCH PLYPQBTP VSMLVXSP IZNSKNS RDTQTJB EGEASKKIE SUIOZK JJAQQ TNKNMUFI JOWHZXTIA STQNQT YFKIFTRS ZSHRTZVKO WEPDZ GUDSRTKLA MNWMWDXCQ MWTSDF ELILXSR YPXLG ZLYFI PUPBRBBW TRJWMZRA UMUCUTWAW
0 1011709366.88267 1894233944.98332 2119932480.1062698 2042823921.26088 2154728970.1988297 1667164481.53669 2023485109.38689 2212366073.7061796 1916650107.8139 1976493481.41956 1846513719.13735 1931651417.15947 1093232697.17261 2206605080.86224 1482247989.73889 1923644941.63836 2269320309.12613 2089827225.5258899 2364186609.3050203 2548470773.31472 1493328416.79834 1716395109.336 2151801002.0113497 2374146848.9646597 1704905805.20628 2269736412.5767097 2249291666.09586 2230129962.4913797 1356281338.45026 2118261049.3436599 2053559697.25488 1876011346.84125 1467269183.29375 1297583904.90481 1775913077.62179 2113013213.4780602 1888339610.33274 2453393221.25908 2065945070.8161402 2130150440.3818002 2127632021.2818599 1755680375.45132 1447538902.34255 1739982555.87714 1342457264.35447 1720609209.13934 1333489594.18003 1719234162.08708 1128020932.34491 
1011709366.88267 0 1000712931.56964 2022263746.14009 2174724939.16932 2479863410.82158 1824824535.85436 1011775742.50422 1988095619.67305 1425965817.78323 1663158846.63559 2146117150.35433 2500643840.03631 2104942064.0552802 1205077890.15294 1246448191.50274 1885845041.98101 2285402475.88376 2220475865.46404 2222395650.48932 2359365502.60866 2403577967.0216303 2144111143.4102802 1440010751.66047 2184730074.03454 1163460305.53536 2063009656.40412 2191796177.44205 2241691955.27066 1955008734.64629 1106551682.46099 1829505651.65367 1607899350.27393 1011597417.5312 2117115066.7332902 1102117135.6702 1917493429.71986 1513074313.26795 2359895997.22967 1771638700.10257 1118441073.49913 1439592937.76355 2403205724.21266 1492350400.22529 1388995496.17294 2268580190.53717 1652768665.53848 1968994909.861 2073914386.6490102 2139730299.22758 
1894233944.98332 1000712931.56964 0 1021550814.57045 2050851612.7109199 2377967270.08119 2408225947.88411 1792324265.05011 2220395643.6248198 1563504330.0939 1894814247.99876 2451813616.1212397 2519754737.90939 2476471485.64172 2205790821.72258 1786875326.58145 1316905697.85405 1981401465.21436 1261525822.43407 1707651681.47958 2549156204.81742 2414915984.82485 1357978577.98004 1306334574.27782 2357057836.6944 2107476794.60879 2338230429.68205 1396649630.92887 2388704727.39899 1966369561.51854 2107264614.03063 1480921611.34819 1412767300.565 1317293883.29811 1206378651.14422 1442121016.87474 2234475496.38527 2462910008.4089003 1520702033.95149 2433771790.01937 1804773239.8962 1525646227.14701 2596547884.19864 1989117728.75115 1894678000.44191 1805445052.73521 1138024463.49037 2543579156.41326 1318692049.7379 1567227586.92519 
2119932480.1062698 2022263746.14009 1021550814.57045 0 1029300798.14047 2080528624.9944801 1656671657.92208 1911740949.14114 2131217095.25486 2389400515.6414 2253727265.24479 2140452680.6470098 2144302105.7400398 1940111216.59514 2164354346.0861998 1518858290.01589 1283251983.57055 2357848947.56813 2170710814.70666 2372400956.75643 1576587604.67087 2303367121.26521 2147683116.56946 2327885388.84827 1360622247.79001 1085925980.03834 2098020690.6162 1606877078.84547 1851798135.35901 2402704144.92755 2186302958.63332 2082311274.86418 1037314668.39565 2056709878.64064 2227929465.71467 2435841195.12064 2158388298.95275 2204614114.50289 2374718648.70015 2140718194.7674901 2129643337.64733 2271848825.64857 1590516742.19434 1549244195.64382 2343357021.37188 2261754573.6706 2159575278.06082 1947520266.49538 2222514010.25893 1386220359.12538 
2042823921.26088 2174724939.16932 2050851612.7109199 1029300798.14047 0 1051227826.85401 1717937182.27013 1395472420.57044 2212683165.80593 2534881786.45867 1526307741.73699 1770580958.37601 1554451844.52849 1365787247.54086 2353421335.43357 2145135865.83197 1525752653.77028 1491159677.40332 2108672362.2989602 2388918553.62271 1821208596.67003 1274066323.12474 1963695743.02178 1838048340.47534 1917066828.59588 1957631211.50594 2214539760.5110397 2092124197.99596 2146727253.1229799 1496470144.07269 1157002160.49285 1652312332.49025 1772795605.91 1163127521.63812 2267201164.5897703 2152732176.18919 1345517224.11982 2186217814.98687 2341797463.2374 2314926219.2669697 1100342539.50686 2198785610.88095 1472679151.34571 2257284452.0244102 1314056223.23141 1619224761.99375 2455669943.67184 1900241637.26939 1707545239.75419 1808261919.24048 
2154728970.1988297 2479863410.82158 2377967270.08119 2080528624.9944801 1051227826.85401 0 1006090365.68804 2057866964.312 1787208841.19128 1895076605.16128 2159151101.9604697 2400423562.30455 1998088634.44009 2417015074.39487 2145462761.1113 2196680232.76428 1438785975.24855 2112052668.62694 1686545054.63576 2107888136.24649 1749163957.76344 1306080403.21023 1019988692.10115 1082332974.33613 2133056236.7527099 2164454163.80059 1672840150.83885 1040896371.14195 1235835498.7041 2245328373.3832397 1373311728.36059 1381894425.50609 2130357140.27496 2214355348.49213 1499166920.91194 2177415296.99575 2241108915.48702 2428173053.20922 2133258243.73735 1676503963.24882 2151570366.36087 2230211955.56146 1921663210.18648 1256990610.33629 1671638411.74046 2154902435.89373 1958255838.08853 2164751709.68743 2122369182.08728 2394919503.45854 
1667164481.53669 1824824535.85436 2408225947.88411 1656671657.92208 1717937182.27013 1006090365.68804 0 1051776598.62396 1661059443.33329 2235538854.69899 1545535446.93191 1888663898.47449 1705313990.91711 2092853616.14029 1277011243.87473 1860734129.72359 2254887062.59715 2132839761.5320601 1902819276.41527 1101797770.55845 1415880085.25724 2312170768.89827 1567358995.52967 2088423340.02417 1363197040.33436 1277463014.31782 1519283194.58512 2046986736.82999 1426427614.48598 2270084189.9678 2120441820.3485 2387984791.19413 2264584302.8359003 1701609373.6986 2107973320.6490498 1438079339.42917 2191582077.86947 2387653954.5138702 2209120166.61838 1361443512.26702 1887747976.13177 2169389849.16636 2356520012.15714 2263080976.02433 1292123531.82029 1148812070.20569 1536786848.23429 2235683355.77848 1116278816.39924 1991080525.8894 
2023485109.38689 1011775742.50422 1792324265.05011 1911740949.14114 1395472420.57044 2057866964.312 1051776598.62396 0 1006674567.97308 2051842659.04213 1570992501.70046 2226017202.9291 1863796416.858 2110344231.6882 1316714642.59957 2036504412.59227 1203110463.97319 1273626733.37954 2214280176.28627 2153574369.1824102 1372530552.76693 1711551757.86879 1937037269.01666 1570841085.70103 2414973638.9583197 2175236048.0395803 2164290270.39162 2153909716.7056 1767913701.25201 1222347776.28646 1068665221.72454 2257804310.68047 1212807704.21194 1733772204.44676 2174122508.46568 2113892878.17442 2320957573.45323 2217562299.34998 1456775690.0584 1785993036.2709 2130216816.00335 2362560576.48365 2353597874.4784 2374606710.6672897 2343900130.44425 1750056350.3557 1229952700.49326 1183906757.15452 1597772980.88674 1381907797.32062 
2212366073.7061796 1988095619.67305 2220395643.6248198 2131217095.25486 2212683165.80593 1787208841.19128 1661059443.33329 1006674567.97308 0 1045168091.06905 2053742135.79073 1399632132.38044 2094774696.06578 2243464902.67616 2059019381.04284 2114362588.41206 2149882017.64177 1157974909.89189 2046786438.6796198 2241204923.43921 2379205120.7400103 1507436851.15704 2535403228.86602 2302799362.46208 2449164436.67015 1987301781.01504 1962770583.66377 1396268776.15191 1324601856.10707 1272490064.32102 1055681005.31308 2219050119.88628 2219482272.18502 2311979905.52733 1167447940.4926 2154452107.2456903 1314283005.48015 2211207761.89353 1994521860.31855 1574897717.31814 1264087614.31211 2313002957.0895 1346923306.50532 2295662815.49144 1676186687.56808 1118720326.35577 2236627268.46634 1219964942.54427 2094816769.8414502 1389040847.63191 
1916650107.8139 1425965817.78323 1563504330.0939 2389400515.6414 2534881786.45867 1895076605.16128 2235538854.69899 2051842659.04213 1045168091.06905 0 1008574044.72168 2012651242.79984 2751574047.02752 2249600647.67863 1013851289.97379 2060582099.9237 2523112070.91423 1878959300.15665 1580694806.43416 2302279395.4761 2028162698.38032 2212351366.84248 2194620735.77842 1729919188.35523 2519774087.34807 2092279656.0216498 2174235856.35829 2232592294.0075 2090075279.63725 1080582404.95811 2099711811.5044801 2872723209.57442 2314416352.37325 2358789428.01832 2212616031.56165 2528082953.45343 1561983659.83934 1427549852.92874 1693798704.46152 1714687542.46686 1757981864.54559 2273015948.81366 1885115686.89544 2292827325.6033 1729195817.57113 2163888417.42482 2338011152.7723904 1660990092.69212 1119260038.29975 1663211603.56206 
1976493481.41956 1663158846.63559 1894814247.99876 2253727265.24479 1526307741.73699 2159151101.9604697 1545535446.93191 1570992501.70046 2053742135.79073 1008574044.72168 0 1004077198.07816 2008468539.97632 1371315308.11882 1581652016.56411 1288420232.35805 1991729077.1123 1172534107.50875 1573150291.56275 1496097310.93355 1019588653.65864 2074731010.17502 1186046691.05674 2221128125.44866 2624824931.4945 1988719119.66859 2094413205.2680602 2399693643.27225 2207651655.60251 1544230761.94287 1720445560.18693 2196168323.73172 2174518550.49121 1350215383.29664 2362404047.53834 1522555492.79582 2293375456.61847 2436123897.65042 2485758240.0479603 2246307313.95655 2154158557.76994 1726720209.41237 1653247882.7735 2637906293.2979603 2389457863.01003 2385119563.35837 1645225545.41422 2046187643.85274 2127834083.02143 2476760813.6132402 
1846513719.13735 2146117150.35433 2451813616.1212397 2140452680.6470098 1770580958.37601 2400423562.30455 1888663898.47449 2226017202.9291 1399632132.38044 2012651242.79984 1004077198.07816 0 1004391341.89816 2055390187.8576498 1637167944.02172 1363182600.53236 1984734877.44554 1923548497.08721 2167159597.20323 1596095816.53447 1894882111.92993 2059929856.89842 1578895399.17841 2221688551.3168 2281270902.99554 2384215755.1068296 1662417184.88385 2363933388.6434298 2211957689.94843 1202464815.26929 2170551510.80841 2082536253.29331 2111378779.24255 1134519732.82313 2126600439.03682 1417774421.66992 1354556382.37987 1485882910.31686 2243314886.2631598 1749422855.67316 1166395948.25598 1556281756.17981 2173556253.86374 2315771686.92868 1976356801.47711 2276064879.42207 1681814353.13573 1042110445.77458 2141541093.61905 2373380983.86792 
1931651417.15947 2500643840.03631 2519754737.90939 2144302105.7400398 1554451844.52849 1998088634.44009 1705313990.91711 1863796416.858 2094774696.06578 2751574047.02752 2008468539.97632 1004391341.89816 0 1050998845.95949 2185416081.04478 1937478233.39434 1438502056.73287 1770212525.51673 1450860768.31368 2392784593.1055403 2261917334.17696 2336504867.3594904 2217355885.5182 2389650886.4840803 2405448457.97815 1384178689.47897 1525295575.44777 1907647829.6803 2203790343.3898497 1949186136.66085 1596545643.61617 1078144911.39515 1106987437.34439 1489046422.50511 2195277440.80416 1447261988.58198 2154871576.51334 1635152448.90622 1238923544.365 2108927874.01217 2170787290.15414 2055836030.6940398 1169164911.96558 1686369074.64527 1848308548.56321 1783145003.23473 1992798640.59947 1336835976.37278 1632314008.72777 1529985425.83115 
1093232697.17261 2104942064.0552802 2476471485.64172 1940111216.59514 1365787247.54086 2417015074.39487 2092853616.14029 2110344231.6882 2243464902.67616 2249600647.67863 1371315308.11882 2055390187.8576498 1050998845.95949 0 1235749357.70484 1716256156.1739 2099505732.40997 2327071769.90477 2096970233.28388 1615623457.90798 2390903961.77746 2161640897.7865 2391687893.46062 2263612642.36304 1585965237.5664 1922895769.3419 2353804239.88595 2293744024.72408 1785316679.13653 2449514035.62287 2227604570.3185 1658583611.46591 1777704980.72973 1710942531.94239 1582228046.29594 2317010132.47515 1907413826.20924 2276459757.54545 1360160524.08647 2363603661.8701 1596526404.39625 1616895076.0084 2220163757.92507 2245582323.00933 2255348315.25798 2257027146.04195 2569945403.38201 2361129620.20906 1285645657.54217 2072132414.4241 
2206605080.86224 1205077890.15294 2205790821.72258 2164354346.0861998 2353421335.43357 2145462761.1113 1277011243.87473 1316714642.59957 2059019381.04284 1013851289.97379 1581652016.56411 1637167944.02172 2185416081.04478 1235749357.70484 0 1046730809.94991 2106378965.9011202 2356873294.86999 2188489653.73097 1309784444.54187 1677026943.31308 1198500076.86869 1951049328.82342 1063129786.77517 2099698134.54704 1078428366.04786 1160384566.3845 2179576365.78784 2145499939.89634 1697969102.63325 2168799130.22922 2213917707.1726103 1945999956.23708 1476060630.42587 2120714625.1302 2289483524.61279 1936830623.48574 2375175254.76756 2172183507.60738 1543321223.31835 2257742530.05834 1511114281.2088 2309374196.38564 1412688375.98905 2116910713.71357 1676441401.49346 2172985391.18537 2182110400.01598 1412741814.34353 1944730851.99336 
1482247989.73889 1246448191.50274 1786875326.58145 1518858290.01589 2145135865.83197 2196680232.76428 1860734129.72359 2036504412.59227 2114362588.41206 2060582099.9237 1288420232.35805 1363182600.53236 1937478233.39434 1716256156.1739 1046730809.94991 0 1059648155.95121 2114999710.25147 2153856307.86386 1378279317.18593 2308008886.0166903 1653685988.16345 2229240465.61677 2109860596.72508 2367486803.1413097 1688578303.64894 1945563640.36425 2277089599.96972 1268628430.12292 2252244138.68721 2153849168.2799 2205803980.0150003 1476536543.68 2142434070.46926 1073983815.18029 2088981746.24338 2102080660.42134 2362337396.71869 1770449121.6966 1238223309.50677 1287135939.31783 2219098268.46167 2503109265.5096703 2459419185.93896 2238262083.35359 1357774541.55936 1126254581.23546 1350224987.32273 1674839642.47602 2348866715.4226303 
1923644941.63836 1885845041.98101 1316905697.85405 1283251983.57055 1525752653.77028 1438785975.24855 2254887062.59715 1203110463.97319 2149882017.64177 2523112070.91423 1991729077.1123 1984734877.44554 1438502056.73287 2099505732.40997 2106378965.9011202 1059648155.95121 0 1074596963.99758 2058598577.48545 1485434828.71831 2434300648.66313 2293644384.3498497 1446418497.11639 1571325505.03083 1307838647.1901 2329108415.68928 2256655409.225 2179445507.30975 2023737738.41273 1601393965.49218 1094201012.32869 1146155824.06379 2191152430.53232 2385441617.2519197 1240909652.21719 2029742661.47894 2263700170.93412 2063228300.27662 2146331586.26688 1674154049.72755 1988777188.99434 1159450112.51046 2230351769.56209 1728632441.15634 2581993924.72405 1633362378.49042 1583164687.05565 1912477785.32889 2266362366.20953 1794673713.5059 
2269320309.12613 2285402475.88376 1981401465.21436 2357848947.56813 1491159677.40332 2112052668.62694 2132839761.5320601 1273626733.37954 1157974909.89189 1878959300.15665 1172534107.50875 1923548497.08721 1770212525.51673 2327071769.90477 2356873294.86999 2114999710.25147 1074596963.99758 0 1101689078.0668 1554109196.24032 1359703684.66555 1782726621.58336 1668007856.58022 2188154297.18943 1961776119.8004 1479025244.25616 2238357920.92666 2279491859.67334 2234863487.0278997 1930841468.97179 1194247364.69228 2214455050.56397 1623628379.60787 1729462055.41037 1226862278.66201 2241860209.7251 1189103206.93654 1958673055.00118 1566599884.52776 2273935045.6521 1742568144.0485 2225872836.71434 2195427695.57323 2230964175.22718 1799640653.11803 1483968529.5716 2154967597.4647903 2061876275.30026 2126588481.02476 2408227784.1135397 
2089827225.5258899 2220475865.46404 1261525822.43407 2170710814.70666 2108672362.2989602 1686545054.63576 1902819276.41527 2214280176.28627 2046786438.6796198 1580694806.43416 1573150291.56275 2167159597.20323 1450860768.31368 2096970233.28388 2188489653.73097 2153856307.86386 2058598577.48545 1101689078.0668 0 1036258681.05681 2061670996.34382 1945713042.70336 2220300492.24327 1518070463.79325 1788162731.5628 1162215562.98739 1924850794.75323 2230859449.54279 2196365815.32485 2164744361.1081 1145614954.56173 2236172259.5753803 2323520420.11514 1462988729.74985 2328551356.7288103 1649560825.55887 2106883319.12718 2164279425.12367 1585035621.49489 1172245967.5853 1102034791.96491 2200477863.3389997 1937521509.77311 1648361267.12114 1507231859.28112 2216119991.11743 1053278519.39799 1657336780.55303 1436713004.56279 2281290565.69019 
2364186609.3050203 2222395650.48932 1707651681.47958 2372400956.75643 2388918553.62271 2107888136.24649 1101797770.55845 2153574369.1824102 2241204923.43921 2302279395.4761 1496097310.93355 1596095816.53447 2392784593.1055403 1615623457.90798 1309784444.54187 1378279317.18593 1485434828.71831 1554109196.24032 1036258681.05681 0 1025412315.28701 1690162732.00631 2216589942.1243896 1859593539.60428 2348951089.601 2198474244.0442 2247487794.51919 2318627611.68058 2231189865.19713 1221696990.51799 1393839891.82767 2189718614.58759 1830832784.91694 1225791031.98459 1775323228.06038 2409276477.75028 2263933120.20633 2301954958.55909 1153861048.74054 2208504648.64211 2138293473.02172 2611699932.00718 2626451436.04591 2349165844.3970203 1096559096.00574 2189676908.2161703 2089537200.4548001 1250352595.86211 1704696732.08686 1692178581.42143 
2548470773.31472 2359365502.60866 2549156204.81742 1576587604.67087 1821208596.67003 1749163957.76344 1415880085.25724 1372530552.76693 2379205120.7400103 2028162698.38032 1019588653.65864 1894882111.92993 2261917334.17696 2390903961.77746 1677026943.31308 2308008886.0166903 2434300648.66313 1359703684.66555 2061670996.34382 1025412315.28701 0 1055142356.51638 1191177626.83738 1334849697.30829 2385572959.7248697 2576603878.93582 1564509168.35796 1380104989.61361 2187090145.7604 1278158297.39549 2297287703.94186 2199926503.3011003 1154929896.83257 1347768085.07746 2459851461.79183 2516623915.46741 2276003527.3896704 2328700410.39682 2179273364.0275497 2306204349.36241 1928561350.57917 2313105887.77547 1768725485.1072 2317045163.9190903 2121971411.29275 2379369802.10752 1640329282.03557 1550878543.5954 1674845547.1201 1790025550.62664 
1493328416.79834 2403577967.0216303 2414915984.82485 2303367121.26521 1274066323.12474 1306080403.21023 2312170768.89827 1711551757.86879 1507436851.15704 2212351366.84248 2074731010.17502 2059929856.89842 2336504867.3594904 2161640897.7865 1198500076.86869 1653685988.16345 2293644384.3498497 1782726621.58336 1945713042.70336 1690162732.00631 1055142356.51638 0 1056937406.84481 2092018841.23673 2251032338.96744 2276928442.9165497 2276634156.62281 2346976774.35218 1966470363.63364 2324829713.96163 1306637658.60933 1798137453.89956 2167305855.01862 2402910441.59384 2096361875.00872 1912112717.17183 2141135835.7797298 1960774438.20387 1987081197.45434 2497195267.6459303 1471471621.82105 1257963531.25909 2234591764.98456 2270128244.6385098 2450209497.45527 2411858423.4071302 1485164155.39419 2221742055.90449 1327940566.90075 1358508420.43772 
1716395109.336 2144111143.4102802 1357978577.98004 2147683116.56946 1963695743.02178 1019988692.10115 1567358995.52967 1937037269.01666 2535403228.86602 2194620735.77842 1186046691.05674 1578895399.17841 2217355885.5182 2391687893.46062 1951049328.82342 2229240465.61677 1446418497.11639 1668007856.58022 2220300492.24327 2216589942.1243896 1191177626.83738 1056937406.84481 0 1035081434.39192 2085804696.8084998 1889238506.59795 1974866969.29052 1578068642.56928 1224430867.85753 1392737144.12012 2363575065.4541397 1938566230.30169 1110368448.17381 2092772255.41017 1735203853.44267 1684344928.15207 1221120223.38587 2271502100.83555 2185808776.511 1534970988.99267 2417222506.9892597 1754711879.89491 2635307006.16223 2106393028.9178 2275691062.57384 2214493206.5128 1562856160.1153 2088161678.31432 2384877973.7455597 1875897442.53127 
2151801002.0113497 1440010751.66047 1306334574.27782 2327885388.84827 1838048340.47534 1082332974.33613 2088423340.02417 1570841085.70103 2302799362.46208 1729919188.35523 2221128125.44866 2221688551.3168 2389650886.4840803 2263612642.36304 1063129786.77517 2109860596.72508 1571325505.03083 2188154297.18943 1518070463.79325 1859593539.60428 1334849697.30829 2092018841.23673 1035081434.39192 0 1050723262.41658 1520356435.07136 1804462753.49836 2090831322.96797 1082370153.12117 2091863027.8003101 1695833255.42218 2208015585.11587 2145449882.56573 1240804221.98135 1755257161.80653 1226353737.83762 2256201657.77779 1428030027.29097 1150727342.11908 2224686189.15476 2392182265.84962 1506276514.38114 1621353605.61959 2272292602.55156 1960823134.90893 2196050027.5139 2444359037.7681904 2298322399.7614803 2243663422.91826 2409804626.21066 
2374146848.9646597 2184730074.03454 2357057836.6944 1360622247.79001 1917066828.59588 2133056236.7527099 1363197040.33436 2414973638.9583197 2449164436.67015 2519774087.34807 2624824931.4945 2281270902.99554 2405448457.97815 1585965237.5664 2099698134.54704 2367486803.1413097 1307838647.1901 1961776119.8004 1788162731.5628 2348951089.601 2385572959.7248697 2251032338.96744 2085804696.8084998 1050723262.41658 0 1021269768.49918 2033364479.07704 2430547298.65001 1434848177.78725 1439191682.38996 1967733345.17519 1953099216.6453 2397936916.18566 1589477495.70527 2034778536.10145 1770269332.03395 1872297489.84688 2318016657.21888 2201450604.53566 1909599368.06208 1388962326.03788 2467288759.7005596 1696196798.96755 2270446178.3558598 2372626416.16776 1563688460.93648 2616642713.39799 1480465738.59422 1793644381.81669 2355870967.06452 
1704905805.20628 1163460305.53536 2107476794.60879 1085925980.03834 1957631211.50594 2164454163.80059 1277463014.31782 2175236048.0395803 1987301781.01504 2092279656.0216498 1988719119.66859 2384215755.1068296 1384178689.47897 1922895769.3419 1078428366.04786 1688578303.64894 2329108415.68928 1479025244.25616 1162215562.98739 2198474244.0442 2576603878.93582 2276928442.9165497 1889238506.59795 1520356435.07136 1021269768.49918 0 1012094710.57786 2031286509.9812 1682864164.38553 1571522642.25868 2270011987.9963503 2214712777.3810997 2123240648.43399 2063506949.45078 2143946489.1156902 1600175586.0648 1881729332.58417 1296746888.7197 1489052434.70781 1054792214.72915 2264250354.9523 1697817970.37611 1658910297.23285 2090426852.19573 2163023409.09131 2213459667.89406 2215494082.38538 2121612285.2532802 2393741830.71706 2472146339.16372 
2269736412.5767097 2063009656.40412 2338230429.68205 2098020690.6162 2214539760.5110397 1672840150.83885 1519283194.58512 2164290270.39162 1962770583.66377 2174235856.35829 2094413205.2680602 1662417184.88385 1525295575.44777 2353804239.88595 1160384566.3845 1945563640.36425 2256655409.225 2238357920.92666 1924850794.75323 2247487794.51919 1564509168.35796 2276634156.62281 1974866969.29052 1804462753.49836 2033364479.07704 1012094710.57786 0 1019191799.40334 2027652969.25014 2375602349.3624 1910117743.94943 1646355716.84603 2070807449.11791 1051412238.87292 1131851778.53783 1731562610.60124 2159948623.77888 2308841599.29756 1955845582.9717 2066886925.3070102 1612481461.16862 2548909413.17014 2385800895.75865 1354399154.93112 1150928698.51345 1659558168.1223 2663473855.91757 1587821957.42733 2132524055.1110902 1898639001.0206 
2249291666.09586 2191796177.44205 1396649630.92887 1606877078.84547 2092124197.99596 1040896371.14195 2046986736.82999 2153909716.7056 1396268776.15191 2232592294.0075 2399693643.27225 2363933388.6434298 1907647829.6803 2293744024.72408 2179576365.78784 2277089599.96972 2179445507.30975 2279491859.67334 2230859449.54279 2318627611.68058 1380104989.61361 2346976774.35218 1578068642.56928 2090831322.96797 2430547298.65001 2031286509.9812 1019191799.40334 0 1008461169.8468 2017954044.52594 1085244494.98106 2134106601.8414998 2487071012.24499 1654555797.84191 2151043577.94117 1136518925.8538 1983549402.64471 2312860472.75859 1164766562.94004 1991078298.44858 2333883485.7882 1529717613.7668 2381898536.73273 1855394443.51235 2170120497.91679 2412893782.55763 2534674094.41924 2224413416.48711 1113332255.70775 2121941986.59434 
2230129962.4913797 2241691955.27066 2388704727.39899 1851798135.35901 2146727253.1229799 1235835498.7041 1426427614.48598 1767913701.25201 1324601856.10707 2090075279.63725 2207651655.60251 2211957689.94843 2203790343.3898497 1785316679.13653 2145499939.89634 1268628430.12292 2023737738.41273 2234863487.0278997 2196365815.32485 2231189865.19713 2187090145.7604 1966470363.63364 1224430867.85753 1082370153.12117 1434848177.78725 1682864164.38553 2027652969.25014 1008461169.8468 0 1009492874.67914 1660667375.05593 1125645431.9947 1595506524.79574 2323174375.10252 2193532202.26273 2008834947.27509 1333391898.88117 1593340800.22285 1699120424.68715 2242546856.39484 1594010409.9773 1817717299.34556 1595960839.11192 2344977905.0502996 1262364997.36234 1808485430.46986 2266921622.49342 1215952246.64031 2121793425.5545502 2072006998.9966002 
1356281338.45026 1955008734.64629 1966369561.51854 2402704144.92755 1496470144.07269 2245328373.3832397 2270084189.9678 1222347776.28646 1272490064.32102 1080582404.95811 1544230761.94287 1202464815.26929 1949186136.66085 2449514035.62287 1697969102.63325 2252244138.68721 1601393965.49218 1930841468.97179 2164744361.1081 1221696990.51799 1278158297.39549 2324829713.96163 1392737144.12012 2091863027.8003101 1439191682.38996 1571522642.25868 2375602349.3624 2017954044.52594 1009492874.67914 0 1019129406.54637 2119201113.16318 2189805956.3225 1678396791.12095 2233419098.85603 2466764711.35229 2270296093.04604 1569589933.76205 1412741872.70097 1233053981.7157 1226925147.58168 2084676978.10389 2315783448.29804 1954865475.15508 1810024636.89388 1975269369.02921 1257428747.81428 1882823117.69617 2191290760.42721 1918234224.19651 
2118261049.3436599 1106551682.46099 2107264614.03063 2186302958.63332 1157002160.49285 1373311728.36059 2120441820.3485 1068665221.72454 1055681005.31308 2099711811.5044801 1720445560.18693 2170551510.80841 1596545643.61617 2227604570.3185 2168799130.22922 2153849168.2799 1094201012.32869 1194247364.69228 1145614954.56173 1393839891.82767 2297287703.94186 1306637658.60933 2363575065.4541397 1695833255.42218 1967733345.17519 2270011987.9963503 1910117743.94943 1085244494.98106 1660667375.05593 1019129406.54637 0 1210959104.16527 1850135423.06294 2118149099.99219 1378334140.53311 2126331488.37623 2038945054.6877398 2588719340.30842 2250011057.9211 2092310923.19661 2224992755.96012 2253651124.83915 1296654041.75167 1725709857.82487 2195616385.12293 1408490276.20749 2198893473.9597197 1614295625.61492 1172161353.88084 2066804686.56257 
2053559697.25488 1829505651.65367 1480921611.34819 2082311274.86418 1652312332.49025 1381894425.50609 2387984791.19413 2257804310.68047 2219050119.88628 2872723209.57442 2196168323.73172 2082536253.29331 1078144911.39515 1658583611.46591 2213917707.1726103 2205803980.0150003 1146155824.06379 2214455050.56397 2236172259.5753803 2189718614.58759 2199926503.3011003 1798137453.89956 1938566230.30169 2208015585.11587 1953099216.6453 2214712777.3810997 1646355716.84603 2134106601.8414998 1125645431.9947 2119201113.16318 1210959104.16527 0 1044996606.46853 2064391816.71352 1525326329.43123 2525406899.97713 2166070237.02563 2264030622.44573 1510048279.87916 1159920562.65195 1966041051.59108 2279530763.72145 2247309823.36073 2207111873.55505 2224195964.05359 1408239343.65446 2618946074.83856 2175808462.31679 2306179092.83492 2303679848.10013 
1876011346.84125 1607899350.27393 1412767300.565 1037314668.39565 1772795605.91 2130357140.27496 2264584302.8359003 1212807704.21194 2219482272.18502 2314416352.37325 2174518550.49121 2111378779.24255 1106987437.34439 1777704980.72973 1945999956.23708 1476536543.68 2191152430.53232 1623628379.60787 2323520420.11514 1830832784.91694 1154929896.83257 2167305855.01862 1110368448.17381 2145449882.56573 2397936916.18566 2123240648.43399 2070807449.11791 2487071012.24499 1595506524.79574 2189805956.3225 1850135423.06294 1044996606.46853 0 1019395210.24499 1553776324.11514 2235841147.43751 1121073630.5571 1523809130.39053 1755759015.12627 1151274452.52984 1945564239.67924 1234534157.25292 2193517007.91405 1162115267.08652 2276768890.72608 1224439905.27495 1624301284.05074 1130811855.84826 2455896945.5946603 2423535027.52103 
1467269183.29375 1011597417.5312 1317293883.29811 2056709878.64064 1163127521.63812 2214355348.49213 1701609373.6986 1733772204.44676 2311979905.52733 2358789428.01832 1350215383.29664 1134519732.82313 1489046422.50511 1710942531.94239 1476060630.42587 2142434070.46926 2385441617.2519197 1729462055.41037 1462988729.74985 1225791031.98459 1347768085.07746 2402910441.59384 2092772255.41017 1240804221.98135 1589477495.70527 2063506949.45078 1051412238.87292 1654555797.84191 2323174375.10252 1678396791.12095 2118149099.99219 2064391816.71352 1019395210.24499 0 1144531965.03473 2113714553.2014003 2140468840.8020902 1987868523.48379 1979115486.35239 1806505463.52261 1208398011.21761 1716228058.97469 2635806672.98383 2146337791.4256902 2202340937.3863697 2243835115.51994 2455318346.78848 1362065739.44632 2368135196.50206 2441790569.09863 
1297583904.90481 2117115066.7332902 1206378651.14422 2227929465.71467 2267201164.5897703 1499166920.91194 2107973320.6490498 2174122508.46568 1167447940.4926 2212616031.56165 2362404047.53834 2126600439.03682 2195277440.80416 1582228046.29594 2120714625.1302 1073983815.18029 1240909652.21719 1226862278.66201 2328551356.7288103 1775323228.06038 2459851461.79183 2096361875.00872 1735203853.44267 1755257161.80653 2034778536.10145 2143946489.1156902 1131851778.53783 2151043577.94117 2193532202.26273 2233419098.85603 1378334140.53311 1525326329.43123 1553776324.11514 1144531965.03473 0 1014997931.06309 1028096845.24105 1673506141.45001 2250347369.09512 2250450934.24262 2275099297.8109097 1814563488.36575 2457324013.70708 1563990404.73403 2282780477.05128 2286025581.96567 2138249564.79307 2274009320.25567 1310192613.85974 2161678448.20047 
1775913077.62179 1102117135.6702 1442121016.87474 2435841195.12064 2152732176.18919 2177415296.99575 1438079339.42917 2113892878.17442 2154452107.2456903 2528082953.45343 1522555492.79582 1417774421.66992 1447261988.58198 2317010132.47515 2289483524.61279 2088981746.24338 2029742661.47894 2241860209.7251 1649560825.55887 2409276477.75028 2516623915.46741 1912112717.17183 1684344928.15207 1226353737.83762 1770269332.03395 1600175586.0648 1731562610.60124 1136518925.8538 2008834947.27509 2466764711.35229 2126331488.37623 2525406899.97713 2235841147.43751 2113714553.2014003 1014997931.06309 0 1114767516.88041 2048325509.13898 2299670885.40042 2191909554.34553 1260101366.74782 1309731187.21541 2366179456.08342 2207799503.4934397 1883590366.66212 2229262548.4801598 1495366396.98643 1259011389.19258 2080027289.07678 2343585683.4590597 
2113013213.4780602 1917493429.71986 2234475496.38527 2158388298.95275 1345517224.11982 2241108915.48702 2191582077.86947 2320957573.45323 1314283005.48015 1561983659.83934 2293375456.61847 1354556382.37987 2154871576.51334 1907413826.20924 1936830623.48574 2102080660.42134 2263700170.93412 1189103206.93654 2106883319.12718 2263933120.20633 2276003527.3896704 2141135835.7797298 1221120223.38587 2256201657.77779 1872297489.84688 1881729332.58417 2159948623.77888 1983549402.64471 1333391898.88117 2270296093.04604 2038945054.6877398 2166070237.02563 1121073630.5571 2140468840.8020902 1028096845.24105 1114767516.88041 0 1050381877.44968 1222250523.85407 2160521346.2041 1252338024.72594 1328728513.23905 2124433727.4405599 1093031986.61303 2182215114.73592 1355120177.30054 1110152719.55202 1488436948.15401 1436561469.64268 2071776395.95618 
1888339610.33274 1513074313.26795 2462910008.4089003 2204614114.50289 2186217814.98687 2428173053.20922 2387653954.5138702 2217562299.34998 2211207761.89353 1427549852.92874 2436123897.65042 1485882910.31686 1635152448.90622 2276459757.54545 2375175254.76756 2362337396.71869 2063228300.27662 1958673055.00118 2164279425.12367 2301954958.55909 2328700410.39682 1960774438.20387 2271502100.83555 1428030027.29097 2318016657.21888 1296746888.7197 2308841599.29756 2312860472.75859 1593340800.22285 1569589933.76205 2588719340.30842 2264030622.44573 1523809130.39053 1987868523.48379 1673506141.45001 2048325509.13898 1050381877.44968 0 1148093909.81855 2313030797.97884 1646250170.97419 2379110390.68873 2351029249.04259 2143413864.0627098 1356405529.02533 2138287655.51761 2160534597.0017 1346411422.83186 2202653507.15637 1194043776.26978 
2453393221.25908 2359895997.22967 1520702033.95149 2374718648.70015 2341797463.2374 2133258243.73735 2209120166.61838 1456775690.0584 1994521860.31855 1693798704.46152 2485758240.0479603 2243314886.2631598 1238923544.365 1360160524.08647 2172183507.60738 1770449121.6966 2146331586.26688 1566599884.52776 1585035621.49489 1153861048.74054 2179273364.0275497 1987081197.45434 2185808776.511 1150727342.11908 2201450604.53566 1489052434.70781 1955845582.9717 1164766562.94004 1699120424.68715 1412741872.70097 2250011057.9211 1510048279.87916 1755759015.12627 1979115486.35239 2250347369.09512 2299670885.40042 1222250523.85407 1148093909.81855 0 1164936888.16029 1241454923.73054 1957516772.02035 2216633270.68364 1537293408.96687 2250420144.7462797 2253882086.38552 1765160026.65632 2404213644.6026497 1092936080.79918 1349703929.20256 
2065945070.8161402 1771638700.10257 2433771790.01937 2140718194.7674901 2314926219.2669697 1676503963.24882 1361443512.26702 1785993036.2709 1574897717.31814 1714687542.46686 2246307313.95655 1749422855.67316 2108927874.01217 2363603661.8701 1543321223.31835 1238223309.50677 1674154049.72755 2273935045.6521 1172245967.5853 2208504648.64211 2306204349.36241 2497195267.6459303 1534970988.99267 2224686189.15476 1909599368.06208 1054792214.72915 2066886925.3070102 1991078298.44858 2242546856.39484 1233053981.7157 2092310923.19661 1159920562.65195 1151274452.52984 1806505463.52261 2250450934.24262 2191909554.34553 2160521346.2041 2313030797.97884 1164936888.16029 0 1214583679.76011 2306084735.80147 2232885989.35303 1420209445.99034 1221741945.06066 2252265452.9440002 1743017809.98826 1666915323.4837 1498771801.91491 2394501104.38196 
2130150440.3818002 1118441073.49913 1804773239.8962 2129643337.64733 1100342539.50686 2151570366.36087 1887747976.13177 2130216816.00335 1264087614.31211 1757981864.54559 2154158557.76994 1166395948.25598 2170787290.15414 1596526404.39625 2257742530.05834 1287135939.31783 1988777188.99434 1742568144.0485 1102034791.96491 2138293473.02172 1928561350.57917 1471471621.82105 2417222506.9892597 2392182265.84962 1388962326.03788 2264250354.9523 1612481461.16862 2333883485.7882 1594010409.9773 1226925147.58168 2224992755.96012 1966041051.59108 1945564239.67924 1208398011.21761 2275099297.8109097 1260101366.74782 1252338024.72594 1646250170.97419 1241454923.73054 1214583679.76011 0 1098443071.37409 2169344728.42572 2285721784.07345 1171005113.58231 2297166607.10607 1541651443.77877 1760531781.30356 1800863578.91726 1233392557.88102 
2127632021.2818599 1439592937.76355 1525646227.14701 2271848825.64857 2198785610.88095 2230211955.56146 2169389849.16636 2362560576.48365 2313002957.0895 2273015948.81366 1726720209.41237 1556281756.17981 2055836030.6940398 1616895076.0084 1511114281.2088 2219098268.46167 1159450112.51046 2225872836.71434 2200477863.3389997 2611699932.00718 2313105887.77547 1257963531.25909 1754711879.89491 1506276514.38114 2467288759.7005596 1697817970.37611 2548909413.17014 1529717613.7668 1817717299.34556 2084676978.10389 2253651124.83915 2279530763.72145 1234534157.25292 1716228058.97469 1814563488.36575 1309731187.21541 1328728513.23905 2379110390.68873 1957516772.02035 2306084735.80147 1098443071.37409 0 1070901657.05163 2027896643.5694199 2269448184.9564 1339076394.06038 1373295647.74151 1409574721.98352 1276140608.63638 1612661019.0264 
1755680375.45132 2403205724.21266 2596547884.19864 1590516742.19434 1472679151.34571 1921663210.18648 2356520012.15714 2353597874.4784 1346923306.50532 1885115686.89544 1653247882.7735 2173556253.86374 1169164911.96558 2220163757.92507 2309374196.38564 2503109265.5096703 2230351769.56209 2195427695.57323 1937521509.77311 2626451436.04591 1768725485.1072 2234591764.98456 2635307006.16223 1621353605.61959 1696196798.96755 1658910297.23285 2385800895.75865 2381898536.73273 1595960839.11192 2315783448.29804 1296654041.75167 2247309823.36073 2193517007.91405 2635806672.98383 2457324013.70708 2366179456.08342 2124433727.4405599 2351029249.04259 2216633270.68364 2232885989.35303 2169344728.42572 1070901657.05163 0 1031401740.82753 1932754525.38552 1381414063.41103 1684224444.22098 1781531700.70284 2165595203.6594 1156985472.77281 
1447538902.34255 1492350400.22529 1989117728.75115 1549244195.64382 2257284452.0244102 1256990610.33629 2263080976.02433 2374606710.6672897 2295662815.49144 2292827325.6033 2637906293.2979603 2315771686.92868 1686369074.64527 2245582323.00933 1412688375.98905 2459419185.93896 1728632441.15634 2230964175.22718 1648361267.12114 2349165844.3970203 2317045163.9190903 2270128244.6385098 2106393028.9178 2272292602.55156 2270446178.3558598 2090426852.19573 1354399154.93112 1855394443.51235 2344977905.0502996 1954865475.15508 1725709857.82487 2207111873.55505 1162115267.08652 2146337791.4256902 1563990404.73403 2207799503.4934397 1093031986.61303 2143413864.0627098 1537293408.96687 1420209445.99034 2285721784.07345 2027896643.5694199 1031401740.82753 0 1287478553.8209 2268058742.5283203 1586060870.68898 1783738317.80678 2249839106.4721203 2188387213.60034 
1739982555.87714 1388995496.17294 1894678000.44191 2343357021.37188 1314056223.23141 1671638411.74046 1292123531.82029 2343900130.44425 1676186687.56808 1729195817.57113 2389457863.01003 1976356801.47711 1848308548.56321 2255348315.25798 2116910713.71357 2238262083.35359 2581993924.72405 1799640653.11803 1507231859.28112 1096559096.00574 2121971411.29275 2450209497.45527 2275691062.57384 1960823134.90893 2372626416.16776 2163023409.09131 1150928698.51345 2170120497.91679 1262364997.36234 1810024636.89388 2195616385.12293 2224195964.05359 2276768890.72608 2202340937.3863697 2282780477.05128 1883590366.66212 2182215114.73592 1356405529.02533 2250420144.7462797 1221741945.06066 1171005113.58231 2269448184.9564 1932754525.38552 1287478553.8209 0 2259588256.86445 1844072925.53279 1842545753.48012 2408402348.21953 2385857713.75878 
1342457264.35447 2268580190.53717 1805445052.73521 2261754573.6706 1619224761.99375 2154902435.89373 1148812070.20569 1750056350.3557 1118720326.35577 2163888417.42482 2385119563.35837 2276064879.42207 1783145003.23473 2257027146.04195 1676441401.49346 1357774541.55936 1633362378.49042 1483968529.5716 2216119991.11743 2189676908.2161703 2379369802.10752 2411858423.4071302 2214493206.5128 2196050027.5139 1563688460.93648 2213459667.89406 1659558168.1223 2412893782.55763 1808485430.46986 1975269369.02921 1408490276.20749 1408239343.65446 1224439905.27495 2243835115.51994 2286025581.96567 2229262548.4801598 1355120177.30054 2138287655.51761 2253882086.38552 2252265452.9440002 2297166607.10607 1339076394.06038 1381414063.41103 2268058742.5283203 2259588256.86445 0 1784084746.02361 2338685268.90004 2265090886.60493 2372334376.9247 
1720609209.13934 1652768665.53848 1138024463.49037 2159575278.06082 2455669943.67184 1958255838.08853 1536786848.23429 1229952700.49326 2236627268.46634 2338011152.7723904 1645225545.41422 1681814353.13573 1992798640.59947 2569945403.38201 2172985391.18537 1126254581.23546 1583164687.05565 2154967597.4647903 1053278519.39799 2089537200.4548001 1640329282.03557 1485164155.39419 1562856160.1153 2444359037.7681904 2616642713.39799 2215494082.38538 2663473855.91757 2534674094.41924 2266921622.49342 1257428747.81428 2198893473.9597197 2618946074.83856 1624301284.05074 2455318346.78848 2138249564.79307 1495366396.98643 1110152719.55202 2160534597.0017 1765160026.65632 1743017809.98826 1541651443.77877 1373295647.74151 1684224444.22098 1586060870.68898 1844072925.53279 1784084746.02361 0 2379042873.10797 1444191798.67186 2147171882.15955 
