99
HVERBTBS VBAQD RGLCPSJQE EHQRYBZ JOXQIX MSHZNEX RJDHJFNIN HWJUZVNH SICVXMLGL OLUPAJLP GLYDZ LNDUQDYSK ZNZOQPE ZKGYGD VWHRKOPZ KRUSUHB NIVCBBO EJXSCSGM FJQMKJNWE MWXYLX EFOWXJQKY AOVKACB RLWAP VFEEU EMAAQWO ACYPAPBPW RUGMYM BHAMV QMHLIXVD VWNAJFRNG XSWDY MRXNI LYRSZA TQSCIQTX AIGGLZT YKOGGTNN FLOTLYFG DKINCMT TGPYEAP APIOYKU RGSOR BLXWCB VVSNO DFFFG JXLFSOAT XQOMNCXDB UDNWTRHT XZUPVI FPWMJC JEGRK ANHOTJN ILXWSRIC GEGFOSJ YOUZA XENTNT RBNAR TTXGTNV OVKLH NZJGYK UBODMUMJ FCWRH PJXURKPC TOAKXEQ KAUIIR MYDTJZPES CCTJZN WTQCHXQ YAETAC RVPJHZLQQ WEXBJV MOXGRP XHMMLM ORCMU YFEZIO NTZSZ YVIRIDDRA ZEZKNGTK NHNDWOH SIAFKK HNOOUELP APBFJMOOF CWLLCM JVWIZDBS JQHORKB AHZYCQM BCHOPGEE EPJHOESBB DIXXP GNXDBJSVR HEFYBKPUF NBRZI FZGDAQKRC FZNKCK RQWCFDHW GALHVZ NCPEGX AXCWU HSJUMJH USZWPSB
0 10.30988 20.39622 23.404870000000003 22.27833 13.87462 22.48055 20.514200000000002 23.91737 20.66602 11.77447 17.69777 13.3939 14.65356 20.41973 13.86678 12.14724 14.86692 20.44395 20.85561 11.92431 21.357370000000003 12.15843 22.20496 21.052680000000002 16.84541 20.67046 20.130679999999998 13.08032 20.80059 20.51785 19.91168 20.98528 16.44471 16.84816 22.5042 11.76579 19.42037 10.44006 14.17484 14.02909 22.20196 19.65886 19.14058 21.386650000000003 20.501289999999997 10.36714 18.93873 22.191670000000002 13.99409 22.26442 16.26289 24.0845 20.639670000000002 10.7229 20.5029 14.77854 23.77502 20.68501 12.75633 21.60699 17.21851 21.874789999999997 20.99286 19.09235 21.220489999999998 12.57575 20.55102 21.01767 15.94325 21.38381 21.87414 10.95193 20.72192 21.42726 12.70725 17.80887 15.98676 16.51811 11.95652 19.69667 17.45155 17.2891 20.47895 12.73943 11.61978 21.54423 22.19863 20.50201 12.93623 21.09965 20.85567 22.379669999999997 11.6921 20.225099999999998 12.50836 13.7271 19.26445 10.08652 
10.30988 0 10.08634 20.18909 11.96845 19.55492 19.83501 21.029049999999998 18.4209 20.52721 14.15176 21.353 13.13092 11.72749 20.91472 18.18123 20.770490000000002 21.715020000000003 19.9298 22.36507 14.1366 20.4513 11.25839 21.0475 21.10676 15.47179 10.36058 20.80495 10.49688 14.76557 20.94173 18.95033 11.07646 21.12564 12.11166 22.41662 14.71336 12.90015 20.749940000000002 12.06985 18.85599 19.167 21.560560000000002 21.540779999999998 14.2074 20.822899999999997 20.541510000000002 15.92745 20.67993 18.80828 20.25037 21.735059999999997 14.22565 23.65136 21.03278 10.85171 21.04895 14.71586 21.233870000000003 21.58305 23.09761 20.87452 20.617620000000002 19.70842 18.98115 21.68807 13.66734 16.1199 18.58365 13.30319 11.07393 15.72414 21.26181 20.28967 20.50793 17.31308 13.64305 12.87397 10.42254 13.92042 13.27083 14.91898 14.73718 21.992530000000002 20.7055 21.92966 21.7729 21.14062 20.92589 19.00557 15.01036 22.19536 18.67255 20.66617 21.85191 11.87845 11.5148 12.33469 20.3964 
20.39622 10.08634 0 10.10275 16.48692 10.78937 16.30491 14.76017 12.72412 22.85235 23.210990000000002 17.03493 21.33753 21.81383 15.79597 19.36495 20.812730000000002 23.17912 12.82037 22.19255 17.48865 21.928440000000002 21.34473 21.640279999999997 21.47389 21.1231 20.44692 14.2324 20.58322 16.69709 13.22756 10.87903 20.62991 22.269 21.38293 15.48893 22.20739 18.1351 19.28269 14.64673 20.73911 20.99978 17.67114 20.89542 14.85139 24.91966 22.44186 12.32548 22.22856 20.41658 10.16403 20.447110000000002 12.49374 20.93817 16.40342 20.93805 22.228949999999998 12.37124 12.60593 14.49168 21.51043 10.78818 20.935090000000002 11.76787 14.79661 11.60173 21.65339 23.47027 21.29432 20.84874 21.16027 22.24308 23.61133 23.15896 21.06961 15.2859 11.53156 18.66567 20.508879999999998 10.50677 20.71876 11.55167 16.87236 18.41397 11.76056 22.06592 11.68656 21.749229999999997 21.21226 19.39931 21.22711 22.15042 22.87258 12.30976 11.76557 19.50084 14.60958 18.77382 11.42346 
23.404870000000003 20.18909 10.10275 0 10.29772 20.33027 21.775799999999997 21.23317 22.4224 15.09974 21.81155 22.46894 22.519660000000002 20.77445 10.47715 21.149070000000002 13.88594 22.92905 22.71956 21.70809 11.48056 19.82807 22.58904 13.73473 21.45549 17.11053 23.612659999999998 17.66469 23.13076 16.50063 17.12774 15.51774 17.4021 12.16625 11.28018 21.58514 20.69983 15.84721 20.517960000000002 18.72326 22.35634 12.79107 16.58226 10.79267 21.03566 17.15259 21.92971 15.77195 14.31281 12.23567 20.26678 21.44328 20.582079999999998 19.86479 22.873040000000003 19.04491 23.42006 21.56917 16.60006 22.290309999999998 21.517879999999998 10.79563 14.04263 21.870620000000002 22.389960000000002 21.659889999999997 15.98886 20.47336 19.0197 10.74599 14.17585 22.173769999999998 22.18795 20.517220000000002 16.50473 21.88863 21.30737 10.96256 16.5481 13.41096 21.69368 20.91161 12.75077 12.03449 11.6044 21.34827 12.1511 20.550780000000003 20.832520000000002 19.53228 11.9411 18.77344 22.466920000000002 19.19076 21.659390000000002 21.22684 16.06861 15.20577 21.52621 
22.27833 11.96845 16.48692 10.29772 0 10.03255 12.87365 22.09988 18.60537 21.895020000000002 11.51383 17.97966 15.6016 11.99171 20.77487 15.13756 16.56431 17.49622 20.728479999999998 16.95345 21.778280000000002 11.70649 21.48341 14.00855 21.78919 14.95014 16.73587 21.318820000000002 22.46533 21.76701 12.83393 19.10415 13.40167 13.41813 14.393 22.27057 13.84832 17.08879 17.15143 10.80363 12.05862 18.92032 14.02808 13.97729 12.38826 19.47669 20.35952 10.38529 13.47926 15.47985 22.55528 22.07526 21.82996 21.47273 18.70185 21.440440000000002 21.81675 14.43828 22.97695 21.13756 22.09827 13.00727 16.7176 21.926299999999998 22.048569999999998 15.30336 14.2437 10.17564 20.5375 13.314 20.985039999999998 21.80641 22.11193 22.571939999999998 21.661479999999997 18.54478 12.63742 18.48932 15.09868 18.08535 11.62547 23.192410000000002 21.78557 16.22763 21.90212 21.96765 14.76596 12.325 22.85109 19.76743 19.20064 15.02899 22.39969 13.60995 20.8111 22.797800000000002 20.69716 24.30314 17.85811 
13.87462 19.55492 10.78937 20.33027 10.03255 0 10.00198 17.385 21.765140000000002 23.03052 21.54638 19.95899 21.31112 17.13404 21.89068 11.21876 20.33529 21.79164 11.43289 21.87236 14.99839 15.42499 14.63133 20.62302 21.44748 10.92577 17.52168 16.24844 23.41141 21.84851 16.95176 20.47817 10.85098 20.90016 19.16564 21.37305 11.72071 20.651699999999998 21.12262 20.83618 15.30958 10.21041 11.64918 14.04164 15.7731 21.89015 22.4603 20.417839999999998 17.59284 21.61916 20.953400000000002 21.95781 11.79741 22.08163 20.79972 16.58553 19.61355 18.01834 21.33418 22.58042 17.33341 21.577550000000002 22.30911 22.14262 15.50105 11.53643 21.52609 13.17532 10.50495 15.74225 14.92926 21.96138 22.03243 21.12188 23.69489 15.64151 22.21419 21.47538 17.67081 16.14076 13.12799 13.75562 13.97969 21.38351 21.772750000000002 16.39525 12.61837 21.66082 20.64774 20.725479999999997 21.430750000000003 18.36338 22.04806 11.36049 10.77855 17.58623 14.27731 22.59597 20.91713 
22.48055 19.83501 16.30491 21.775799999999997 12.87365 10.00198 0 10.1871 20.35224 19.25145 21.76203 12.08289 15.55874 24.22232 21.608539999999998 20.41982 10.33331 20.524720000000002 13.78965 24.22912 15.20985 21.84039 22.81909 21.94719 12.3142 20.92775 15.05886 20.87025 13.72824 14.96304 23.886580000000002 13.46045 20.85296 17.3575 14.13187 11.86517 21.231160000000003 10.64972 13.25597 22.46116 20.531640000000003 15.90742 18.2198 10.98313 21.22612 14.90573 24.424239999999998 21.572119999999998 23.22409 20.96413 18.96484 21.63374 21.79939 22.01623 12.2558 14.05405 23.060090000000002 16.34247 14.10637 23.72053 12.28653 21.67208 24.20136 14.58142 23.06234 20.974469999999997 11.52411 21.91973 20.506929999999997 20.73229 20.86611 15.2421 21.28058 23.516930000000002 22.7192 22.53622 17.39816 13.35397 16.20775 12.77869 11.72098 22.78696 21.812089999999998 23.69695 11.81102 22.13398 20.974719999999998 21.17185 10.64576 22.78607 22.11796 23.421329999999998 13.70185 21.362470000000002 20.78053 23.27506 16.6186 17.07153 18.51824 
20.514200000000002 21.029049999999998 14.76017 21.23317 22.09988 17.385 10.1871 0 10.16514 19.08822 11.57493 21.52576 19.73687 23.768030000000003 17.90648 14.85532 15.49578 22.13695 21.35078 15.60004 21.375390000000003 21.49892 21.490560000000002 20.24183 15.39318 21.871209999999998 22.689999999999998 22.24814 22.58193 15.09414 21.03141 22.559649999999998 12.27061 22.319789999999998 17.29075 22.05227 21.10989 20.83682 12.2726 20.03519 22.25373 22.00706 20.64358 10.4405 20.68349 17.3819 22.16281 20.49006 14.35024 15.09846 12.25598 19.5744 16.84636 13.15922 22.4429 22.91074 20.9093 11.08886 11.84494 22.0157 21.62507 21.12945 20.49482 20.44144 15.55362 10.78737 20.83903 16.50554 21.060380000000002 21.31487 22.71352 21.367820000000002 11.09348 18.50915 22.54936 13.52649 22.51097 21.69547 20.833289999999998 12.02139 21.908079999999998 12.74519 18.78155 21.703 16.16292 16.91742 10.78762 21.75443 11.22834 19.34839 16.17698 17.10062 21.171529999999997 20.83982 21.05231 17.32775 13.93013 23.3081 16.27408 
23.91737 18.4209 12.72412 22.4224 18.60537 21.765140000000002 20.35224 10.16514 0 10.38778 18.03263 25.00936 19.94198 22.19811 22.87681 12.20489 14.14033 11.97181 21.76827 16.24427 23.5655 22.80473 13.93479 21.32602 24.752769999999998 19.24399 23.32625 22.87063 13.87055 18.98463 23.46643 22.86213 14.2191 19.96946 25.39486 22.745179999999998 19.1422 17.64447 22.26898 16.73153 15.48093 18.92655 22.962580000000003 20.60564 14.76429 16.02611 18.51954 15.05821 17.69431 15.65931 12.27458 23.22613 22.587429999999998 21.110210000000002 22.677010000000003 13.39885 10.74416 20.94065 22.01008 12.12234 22.31095 11.66447 21.81138 22.782130000000002 15.76905 20.952509999999997 15.66546 14.16298 18.23501 15.94854 22.21414 23.16789 21.25862 14.39735 15.46347 21.16565 22.576970000000003 23.4018 13.47787 13.19835 22.33783 16.9399 22.2072 22.6059 24.484679999999997 22.25214 20.952759999999998 13.68123 14.97333 21.7622 22.51703 13.83211 22.64851 25.03388 24.48969 17.30088 14.67921 22.05281 23.81523 
20.66602 20.52721 22.85235 15.09974 21.895020000000002 23.03052 19.25145 19.08822 10.38778 0 11.28516 21.560699999999997 11.70947 15.11175 17.78115 21.77445 22.31784 21.893259999999998 21.502789999999997 18.53557 16.71819 18.29551 15.20724 18.39771 21.225900000000003 22.15981 19.95712 13.84727 13.62999 21.70651 13.07865 18.57294 12.17954 13.34957 16.81108 23.443959999999997 22.388489999999997 24.01536 22.38333 21.418680000000002 17.20574 16.92033 23.56792 23.82434 23.07107 22.38439 18.3063 21.97782 20.35174 13.70095 14.17287 16.27239 22.30067 14.47504 22.61609 16.30805 21.13194 22.025930000000002 19.39177 15.34925 11.92317 13.13539 16.85873 23.31079 24.14141 19.81951 19.66016 22.6279 23.83909 22.43739 22.98634 17.13848 16.42779 12.9644 23.18574 16.50502 19.65663 22.1721 11.47893 21.690640000000002 19.23221 23.69279 21.950339999999997 21.664340000000003 17.44664 19.07683 21.53531 22.87695 12.35086 11.92063 13.72859 12.14729 15.01498 20.33798 20.86128 11.43973 22.37728 11.66503 14.00305 
11.77447 14.15176 23.210990000000002 21.81155 11.51383 21.54638 21.76203 11.57493 18.03263 11.28516 0 10.27554 18.72286 18.8024 21.774929999999998 21.30634 22.075699999999998 18.41917 22.31333 23.708640000000003 21.26392 13.52595 20.52071 22.15541 18.76244 19.13203 14.75561 22.32171 23.78625 20.71021 10.56109 22.10964 12.39816 17.65375 22.34329 12.1588 22.4458 15.27584 18.68509 16.52458 22.269289999999998 19.56428 13.0453 17.14014 17.76943 12.09635 22.14161 12.13745 21.88039 22.000680000000003 15.92454 10.73152 19.20745 12.35898 16.64415 11.33581 22.143790000000003 22.66379 16.4428 22.28248 10.59835 21.3206 22.89862 20.08876 22.67688 22.362299999999998 16.88891 21.68947 24.6203 21.78468 21.56933 22.55256 22.25165 18.585 22.515279999999997 22.92192 23.161540000000002 21.9711 22.275689999999997 19.4732 23.1393 23.1511 22.30711 12.58033 23.82779 22.18383 11.52443 16.86725 19.96022 19.80671 20.96822 13.79327 17.62463 17.75828 22.57674 21.65431 21.327779999999997 22.46104 21.75219 
17.69777 21.353 17.03493 22.46894 17.97966 19.95899 12.08289 21.52576 25.00936 21.560699999999997 10.27554 0 10.74021 20.56101 21.80413 21.23657 11.80016 20.924 20.3555 16.65215 10.98838 21.19561 17.56595 21.04663 13.28164 21.97322 21.11532 17.57036 22.5447 14.93108 20.83663 21.528669999999998 14.87949 20.42667 17.52744 14.67843 21.41923 19.89566 10.99661 21.045740000000002 14.23614 21.87601 11.52373 21.41422 13.69354 15.54164 21.036360000000002 21.00856 18.51033 13.86228 21.6937 20.740090000000002 12.93564 21.29319 14.75199 21.61135 19.77522 14.05154 11.80771 18.32 12.39095 13.48776 20.36597 10.8083 20.983539999999998 21.10749 20.60726 22.04564 21.63087 13.08857 20.61206 20.62746 20.89347 13.75338 18.3657 13.22887 20.68899 13.05944 20.82189 21.06696 17.62771 15.97009 20.98108 17.18111 20.76418 16.56748 12.74543 20.26504 19.77544 21.28885 22.165010000000002 16.00092 22.32743 16.68741 21.28899 18.99586 18.70861 16.96234 21.00319 
13.3939 13.13092 21.33753 22.519660000000002 15.6016 21.31112 15.55874 19.73687 19.94198 11.70947 18.72286 10.74021 0 10.0893 20.3866 10.49636 20.3752 10.18379 20.542540000000002 20.68189 14.73513 18.93772 21.36647 21.27636 21.53374 20.46112 15.78961 13.57363 21.918100000000003 22.04241 19.06985 12.90261 22.628459999999997 22.727559999999997 21.48807 18.98842 10.67902 19.89009 14.53811 17.92123 10.63173 13.72121 21.47747 21.09026 21.568689999999997 23.05376 20.384729999999998 10.26835 15.23854 15.89009 21.56288 16.32064 16.64881 10.55298 17.98628 13.46982 17.1204 22.90557 20.83497 21.94536 21.10587 19.80982 22.67135 21.54851 21.97318 22.82637 21.045099999999998 15.31722 16.62558 11.77367 21.457790000000003 20.97214 22.3706 11.54027 21.47826 15.90812 18.33452 13.53121 20.79188 20.864069999999998 19.50643 17.11911 10.24087 20.66118 22.48995 14.76641 21.73375 19.77652 14.34119 13.58352 15.27677 23.10033 12.64051 22.74257 15.99953 16.01013 14.95549 10.30564 21.573259999999998 
14.65356 11.72749 21.81383 20.77445 11.99171 17.13404 24.22232 23.768030000000003 22.19811 15.11175 18.8024 20.56101 10.0893 0 10.2973 10.8558 20.94231 20.27309 16.3066 10.63758 20.86511 12.58166 20.65596 24.00949 22.20901 23.40263 13.75006 13.58772 16.78369 22.12283 24.82564 21.617440000000002 22.80395 17.43221 13.74066 15.15061 20.76832 22.324559999999998 20.837 18.66019 20.72103 21.19524 21.69833 24.045540000000003 19.08246 20.86644 21.12513 20.35765 15.24921 12.42883 22.681379999999997 17.00638 21.30207 20.64228 11.96652 16.15706 19.95621 21.54152 15.09171 11.85606 20.51139 17.9479 14.37089 20.35953 22.6749 18.20941 13.25543 19.32845 19.73545 21.862969999999997 20.70083 22.74628 22.14721 20.43754 24.51372 22.64864 18.55528 13.58356 12.99108 21.07377 23.617179999999998 14.02348 17.57626 21.25681 22.28197 11.87677 22.53617 13.48417 24.010260000000002 20.40194 10.64462 21.59328 22.53374 20.56552 16.60509 16.91606 14.562 20.39494 21.40667 
20.41973 20.91472 15.79597 10.47715 20.77487 21.89068 21.608539999999998 17.90648 22.87681 17.78115 21.774929999999998 21.80413 20.3866 10.2973 0 10.67192 20.75843 23.071289999999998 15.55406 20.93488 21.95771 22.79979 21.8226 21.10682 21.613410000000002 16.67012 20.91515 22.15603 16.61089 22.18437 24.47643 22.29697 20.89961 19.70638 19.94604 22.25004 14.03694 14.84056 12.2569 21.80619 16.68174 21.78754 17.7635 16.72188 21.397820000000003 11.30497 21.439120000000003 13.89116 14.07293 11.46923 21.72178 21.794379999999997 15.14849 21.45368 21.14404 14.74317 22.498649999999998 23.62093 14.06934 18.57091 21.6074 20.96622 12.11946 15.492 22.49102 22.26388 13.74725 14.98746 13.64592 21.22314 16.56138 13.55973 13.51568 21.720579999999998 22.35103 21.277659999999997 13.20134 17.4915 18.13382 10.77647 20.98846 23.895870000000002 22.729509999999998 15.4078 22.08155 22.17407 21.28902 21.59403 21.48196 19.62719 20.94192 11.57693 19.87674 11.67895 19.30844 10.74969 12.32174 22.428539999999998 18.52009 
13.86678 18.18123 19.36495 21.149070000000002 15.13756 11.21876 20.41982 14.85532 12.20489 21.77445 21.30634 21.23657 10.49636 10.8558 10.67192 0 10.08651 20.27792 22.17641 21.493380000000002 14.36486 21.59359 18.1154 21.72769 12.54788 20.54142 14.949 11.48411 12.79246 20.62843 21.47619 22.60911 15.72547 21.84505 15.7525 18.11536 21.175379999999997 21.56117 22.08177 17.78281 11.09039 16.15954 19.60167 21.28293 13.47623 13.89853 17.53084 11.61283 21.52029 21.29795 22.08016 20.60667 10.44627 18.29472 10.47212 20.65772 22.52962 12.94901 10.33861 16.8128 14.68206 21.692050000000002 21.427210000000002 11.52897 11.8191 21.31664 12.92129 13.04261 17.35022 19.14486 14.97505 21.51947 21.57745 16.65091 18.12839 22.965249999999997 14.99768 20.98869 10.29552 21.32273 22.481 22.18002 20.737229999999997 10.40101 22.35523 11.95003 19.37496 22.68124 18.92174 18.46183 14.99748 21.10579 22.45707 22.35087 19.39636 10.88899 15.82866 20.802 22.917740000000002 
12.14724 20.770490000000002 20.812730000000002 13.88594 16.56431 20.33529 10.33331 15.49578 14.14033 22.31784 22.075699999999998 11.80016 20.3752 20.94231 20.75843 10.08651 0 10.19141 12.60008 21.67552 13.55228 11.50708 15.0222 17.44305 16.40231 16.23404 10.40991 10.53694 20.845010000000002 15.14093 14.23945 22.79701 21.53423 22.294159999999998 23.12641 16.44871 12.33314 20.98303 21.791 17.61502 10.19833 11.84825 16.01829 21.31644 16.56452 22.36413 20.62574 19.52509 12.89078 11.73146 21.13299 21.67048 13.98187 14.86991 12.45852 22.64412 22.24014 18.81616 20.42512 13.38722 22.619840000000003 15.62063 16.76874 15.27659 15.95573 18.11071 20.53235 11.72236 21.55596 20.53606 20.87228 11.43296 11.49094 18.95433 18.5395 21.33659 10.99408 11.38026 20.38203 14.11022 21.727800000000002 21.87967 21.615859999999998 17.5937 17.92681 17.42841 22.42264 18.94658 10.44953 15.73854 14.6889 21.14754 22.82251 23.12095 17.37644 20.9755 20.60952 19.93034 20.47741 
14.86692 21.715020000000003 23.17912 22.92905 17.49622 21.79164 20.524720000000002 22.13695 11.97181 21.893259999999998 18.41917 20.924 10.18379 20.27309 23.071289999999998 20.27792 10.19141 0 10.35875 14.74076 21.3938 14.76608 22.242150000000002 22.533540000000002 22.89256 15.43367 11.35444 11.5418 21.849870000000003 11.85862 13.69221 17.76827 23.38057 13.70967 23.34302 20.91731 20.86281 22.63058 22.30211 22.05699 15.05993 22.039659999999998 23.12873 21.668750000000003 22.96282 12.86997 10.94465 20.45214 11.56334 21.37113 22.13785 12.80017 18.38635 18.44922 21.65007 21.89189 22.71597 19.82069 21.26252 23.578629999999997 23.16699 23.19097 19.92089 22.71394 22.0605 23.01261 21.92904 21.128529999999998 22.43647 12.18306 17.77366 15.77242 21.68235 19.09966 22.72245 22.277299999999997 13.31425 19.58549 13.58532 23.285130000000002 15.13759 22.47311 17.60503 17.70335 13.14182 10.79111 12.56068 22.30037 20.64094 21.99532 12.07502 22.09637 22.8243 13.15333 17.11907 14.44202 15.51729 20.48943 23.44106 
20.44395 19.9298 12.82037 22.71956 20.728479999999998 11.43289 13.78965 21.35078 21.76827 21.502789999999997 22.31333 20.3555 20.542540000000002 16.3066 15.55406 22.17641 12.60008 10.35875 0 10.43947 20.667 19.69444 22.283859999999997 14.98817 14.65542 12.88464 21.71319 20.55869 21.56624 20.80191 20.76136 11.97618 15.74776 14.08216 20.86352 10.55856 14.67197 18.15166 15.32399 15.41396 22.79841 14.22835 14.01552 21.72449 20.90911 17.96255 11.35545 11.18574 17.07379 14.64978 22.69243 20.40567 16.08462 14.0192 19.97548 23.08127 24.38525 18.5019 21.673319999999997 20.647840000000002 22.14675 14.15476 14.8585 21.264780000000002 22.07963 21.44066 21.089199999999998 21.07204 21.93784 20.719920000000002 13.82264 21.03032 21.18162 20.04806 15.99793 20.936349999999997 19.62206 11.757 22.45017 18.4307 14.09052 12.71655 18.68119 24.928330000000003 22.370669999999997 17.41262 18.23314 15.11328 22.6295 16.15124 14.09638 11.73762 16.99259 12.92871 11.82394 12.23536 20.899549999999998 22.56232 21.20856 
20.85561 22.36507 22.19255 21.70809 16.95345 21.87236 24.22912 15.60004 16.24427 18.53557 23.708640000000003 16.65215 20.68189 10.63758 20.93488 21.493380000000002 21.67552 14.74076 10.43947 0 10.22753 20.434759999999997 12.71853 21.230220000000003 23.0993 17.98059 13.04433 19.87869 18.80526 21.931829999999998 18.99274 22.41565 16.04653 20.89768 10.61937 14.24484 15.80412 16.1124 13.66055 22.74575 15.6229 19.6934 20.65747 22.36937 19.65204 13.6503 12.36021 19.8123 22.05265 22.39284 21.53217 21.70156 11.54116 14.33558 22.014780000000002 21.185470000000002 23.22575 21.49369 21.95384 12.27831 18.83664 22.42581 21.00123 10.82531 18.64562 23.037219999999998 21.56241 11.63698 21.732889999999998 14.54056 16.97881 23.045 14.49434 16.09775 20.83717 22.0684 11.09115 21.43596 21.50836 21.77204 24.288159999999998 19.16398 21.83263 18.12445 13.02768 22.51435 20.8153 20.501849999999997 17.28452 15.10604 21.2822 17.3525 23.55196 21.68634 20.90767 11.50623 21.639580000000002 21.597009999999997 10.76909 
11.92431 14.1366 17.48865 11.48056 21.778280000000002 14.99839 15.20985 21.375390000000003 23.5655 16.71819 21.26392 10.98838 14.73513 20.86511 21.95771 14.36486 13.55228 21.3938 20.667 10.22753 0 10.20723 18.96654 19.23099 20.28993 14.46216 13.96132 17.29159 19.29988 19.15065 18.98909 20.25954 19.88989 23.45035 15.80589 13.704 14.20948 23.88183 13.99884 22.42158 21.5401 21.93305 21.89751 22.20395 21.52356 20.5833 10.44915 15.97766 22.57433 21.91768 15.4445 23.099 21.76869 14.18062 22.64721 21.87736 15.05398 16.73614 12.84062 22.50584 13.92771 13.49848 21.13927 18.76225 20.54931 22.04668 20.967750000000002 20.633029999999998 23.14164 18.9961 17.83785 21.615900000000003 11.08884 20.15419 17.72241 21.87372 11.50475 11.39212 21.42993 17.25926 23.21388 21.92955 22.08065 12.99342 18.95699 16.45976 10.58777 10.27432 19.32859 21.49982 13.83551 21.58641 13.61613 12.13552 22.08895 21.73376 16.56977 11.36948 16.7504 
21.357370000000003 20.4513 21.928440000000002 19.82807 11.70649 15.42499 21.84039 21.49892 22.80473 18.29551 13.52595 21.19561 18.93772 12.58166 22.79979 21.59359 11.50708 14.76608 19.69444 20.434759999999997 10.20723 0 10.02064 17.30279 10.0827 11.31293 10.09072 14.63864 23.10953 16.78281 22.372230000000002 12.42811 13.50151 21.680239999999998 17.71055 21.25193 21.524160000000002 22.836910000000003 13.47224 21.52232 21.70541 14.38209 21.13935 21.22024 18.5439 18.77356 14.47656 20.9667 12.63087 17.95371 22.83991 14.38178 13.68579 23.66374 22.045 16.70587 18.25456 19.13337 21.02675 23.23601 21.30964 11.14026 10.93204 18.16245 10.34208 11.83945 13.17162 19.64493 13.45466 11.53218 21.42082 12.40848 10.40544 19.62548 18.44478 11.66649 21.394669999999998 13.22277 23.43375 16.73283 21.688290000000002 18.26955 21.35403 15.21187 12.33629 19.39203 19.98831 17.23644 12.18762 21.23493 19.64827 21.37623 22.01437 17.05557 21.23507 21.398139999999998 19.23169 21.57671 16.75646 
12.15843 11.25839 21.34473 22.58904 21.48341 14.63133 22.81909 21.490560000000002 13.93479 15.20724 20.52071 17.56595 21.36647 20.65596 21.8226 18.1154 15.0222 22.242150000000002 22.283859999999997 12.71853 18.96654 10.02064 0 10.29657 20.103340000000003 16.35873 20.111359999999998 17.6292 18.92796 21.38185 23.19895 22.21031 14.33064 15.8165 23.14654 22.26528 22.4304 20.66778 21.55081 11.50168 20.799419999999998 20.70918 17.55358 11.83596 10.45233 20.545180000000002 11.83796 11.09812 18.41063 10.35337 20.605919999999998 21.03445 21.20505 18.57365 22.66657 17.63239 20.56584 22.60896 22.15583 21.36945 19.79054 21.160899999999998 18.35717 20.50557 20.36272 21.86009 12.67813 21.52645 12.3718 21.55282 14.76503 22.3443 14.92636 11.59902 21.753529999999998 11.62667 21.255629999999996 21.28522 14.46519 14.33808 13.89593 12.36923 11.33339 11.22692 13.10588 19.76026 22.82627 17.43484 21.57582 16.06516 11.71206 11.35559 11.99373 14.46896 14.08057 22.65513 22.189680000000003 16.92415 22.201169999999998 
22.20496 21.0475 21.640279999999997 13.73473 14.00855 20.62302 21.94719 20.24183 21.32602 18.39771 22.15541 21.04663 21.27636 24.00949 21.10682 21.72769 17.44305 22.533540000000002 14.98817 21.230220000000003 19.23099 17.30279 10.29657 0 10.17173 17.67291 11.1791 21.72992 18.11836 21.896410000000003 16.1477 22.01949 14.18483 12.12591 15.45908 22.29047 13.85807 22.325110000000002 18.13475 16.58028 20.52059 10.41261 18.78672 17.13454 16.48356 11.14488 14.5464 20.334870000000002 18.76415 20.64994 19.70007 17.50075 11.6532 20.94791 21.64452 21.38984 10.58186 20.778350000000003 22.11513 22.8426 22.559220000000003 15.26459 20.33963 19.84236 12.34574 22.84354 18.36385 22.59547 20.905189999999997 20.881230000000002 21.779420000000002 20.763710000000003 19.39226 21.75833 20.894170000000003 12.68911 10.95906 21.13082 13.32836 21.04474 10.83275 16.21429 21.629959999999997 18.14739 15.82573 22.11643 15.80596 21.88516 11.35907 16.31052 21.69676 10.7481 21.572270000000003 15.61693 20.4482 21.47953 21.46181 10.97072 21.74658 
21.052680000000002 21.10676 21.47389 21.45549 21.78919 21.44748 12.3142 15.39318 24.752769999999998 21.225900000000003 18.76244 13.28164 21.53374 22.20901 21.613410000000002 12.54788 16.40231 22.89256 14.65542 23.0993 20.28993 10.0827 20.103340000000003 10.17173 0 10.58915 20.17342 21.64817 13.69448 14.27589 21.494329999999998 22.51081 22.01871 14.27932 23.097659999999998 12.7927 22.71931 16.7084 22.65691 17.81972 15.13525 12.82839 21.34062 11.13754 19.49262 16.28165 23.463630000000002 18.86063 21.127209999999998 24.04271 15.7682 21.13864 13.19103 13.79734 14.63155 22.37054 20.753590000000003 17.52278 17.42912 14.60419 14.35521 21.22296 21.014740000000003 22.90771 20.42478 21.922150000000002 21.46093 13.33543 20.96291 10.7095 20.71667 21.24853 20.48814 20.689700000000002 17.27433 21.74919 21.130789999999998 21.62643 14.36711 19.22203 21.00448 18.91577 22.81399 22.67402 20.51794 21.61966 11.76284 20.826810000000002 18.63937 17.55621 18.13102 14.70054 19.42093 13.87609 22.943240000000003 21.83065 21.712220000000002 12.54565 16.87213 
16.84541 15.47179 21.1231 17.11053 14.95014 10.92577 20.92775 21.871209999999998 19.24399 22.15981 19.13203 21.97322 20.46112 23.40263 16.67012 20.54142 16.23404 15.43367 12.88464 17.98059 14.46216 11.31293 16.35873 17.67291 10.58915 0 10.01391 19.38472 21.98276 17.67554 20.97263 12.2438 11.42956 21.478740000000002 18.28103 21.83363 22.64648 22.20968 22.39731 21.49322 11.00691 13.22894 18.59962 13.52478 11.56362 19.86335 12.87448 22.990859999999998 15.80426 21.20229 22.33308 23.85083 13.69043 21.668149999999997 11.43611 12.70085 21.67713 18.20525 13.58726 12.33339 21.18104 18.15417 15.92416 14.06422 17.26715 16.54824 21.7852 22.136139999999997 15.7152 20.91856 20.613 21.776609999999998 19.23146 21.20686 21.85344 11.81966 22.168170000000003 12.80172 17.60109 10.61633 20.828319999999998 21.09092 23.01474 22.484589999999997 22.12537 21.704749999999997 22.35199 20.7177 20.58494 10.23918 22.24217 22.15568 11.79003 22.28626 17.82377 11.2415 12.96934 20.60886 18.91428 
20.67046 10.36058 20.44692 23.612659999999998 16.73587 17.52168 15.05886 22.689999999999998 23.32625 19.95712 14.75561 21.11532 15.78961 13.75006 20.91515 14.949 10.40991 11.35444 21.71319 13.04433 13.96132 10.09072 20.111359999999998 11.1791 20.17342 10.01391 0 10.55082 20.857460000000003 11.72655 21.87567 21.4548 21.254089999999998 21.42666 20.98593 20.97573 22.74305 19.67035 18.5574 21.06601 20.608240000000002 18.17306 20.97533 20.64676 21.17951 20.90708 16.30509 22.26659 18.77007 20.84169 21.14687 18.61366 21.698189999999997 21.44877 16.51413 19.38805 21.416580000000003 20.87734 10.93603 21.39983 23.13775 21.23098 21.022759999999998 18.55937 10.70606 11.90263 20.9273 12.12223 21.95091 21.6229 18.30836 21.842869999999998 15.07697 22.33524 19.29323 17.29608 21.40399 15.92719 13.34303 16.28288 17.41752 16.07065 18.59144 22.818260000000002 19.3164 21.922089999999997 16.02901 18.66699 12.62609 20.25309 21.55921 14.03494 12.51332 21.377200000000002 16.40636 21.255409999999998 10.59015 13.54911 15.36292 
20.130679999999998 20.80495 14.2324 17.66469 21.318820000000002 16.24844 20.87025 22.24814 22.87063 13.84727 22.32171 17.57036 13.57363 13.58772 22.15603 11.48411 10.53694 11.5418 20.55869 19.87869 17.29159 14.63864 17.6292 21.72992 21.64817 19.38472 10.55082 0 10.30807 14.228 14.92523 14.65345 21.148130000000002 17.13547 20.16536 15.16777 14.73775 14.11284 20.564320000000002 10.51519 20.73527 22.38519 13.60761 20.076079999999997 11.61537 17.99118 20.234520000000003 22.34118 23.10514 20.848599999999998 10.59605 19.04255 13.71351 21.614649999999997 16.6848 16.36585 20.86014 23.866500000000002 21.04506 20.89507 15.14919 20.958530000000003 22.34594 16.45911 21.256880000000002 14.4315 22.14327 22.2593 15.2783 20.95209 22.68078 13.63383 22.02788 22.11383 13.46736 12.11298 20.56203 21.9172 20.48535 21.97609 22.24287 15.44157 12.7064 21.88512 14.14159 19.49698 17.92766 16.73725 20.986469999999997 23.194679999999998 21.36214 20.97041 22.92147 23.85735 22.03784 19.69174 15.03448 14.07165 11.89926 
13.08032 10.49688 20.58322 23.13076 22.46533 23.41141 13.72824 22.58193 13.87055 13.62999 23.78625 22.5447 21.918100000000003 16.78369 16.61089 12.79246 20.845010000000002 21.849870000000003 21.56624 18.80526 19.29988 23.10953 18.92796 18.11836 13.69448 21.98276 20.857460000000003 10.30807 0 10.02465 20.173769999999998 18.92509 13.68914 19.03114 19.1981 17.74383 23.29091 19.17217 22.939639999999997 20.82326 18.70728 24.21405 23.502920000000003 18.69789 20.66558 22.79373 15.12043 24.36992 20.6529 13.96522 20.90412 13.05473 11.614 20.918120000000002 13.66823 21.34859 10.55207 13.55843 10.73699 16.97875 21.49203 12.33513 22.482039999999998 16.41755 21.262590000000003 14.88312 21.11221 22.38868 16.44092 21.67197 21.57081 22.560049999999997 20.39938 22.84809 19.29018 18.49643 13.10786 22.921550000000003 20.919420000000002 22.274250000000002 15.5644 11.87423 13.83721 17.76729 14.22996 21.60448 16.26282 19.12072 20.81545 23.15095 21.50821 15.36907 12.6134 16.53622 16.47343 15.87103 15.57661 11.61246 22.20733 
20.80059 14.76557 16.69709 16.50063 21.76701 21.84851 14.96304 15.09414 18.98463 21.70651 20.71021 14.93108 22.04241 22.12283 22.18437 20.62843 15.14093 11.85862 20.80191 21.931829999999998 19.15065 16.78281 21.38185 21.896410000000003 14.27589 17.67554 11.72655 14.228 10.02465 0 10.14912 21.697670000000002 17.46265 22.13754 13.58273 15.92349 21.76095 21.25937 19.54341 23.01652 19.38593 15.57731 22.406309999999998 16.44679 23.30202 19.42435 16.95492 20.87603 10.62825 19.62372 22.331960000000002 10.98515 21.14555 16.41215 10.15631 19.18727 13.18851 14.36422 14.18959 15.65271 16.13263 22.35978 16.55577 22.56496 19.85425 22.013779999999997 21.40371 13.53965 16.74371 22.235300000000002 21.822960000000002 19.27655 18.87711 22.4631 22.66497 22.03561 22.65211 21.17813 12.88556 19.88711 11.06366 19.67879 14.32115 21.27224 21.985030000000002 11.57983 15.46011 16.73916 22.124209999999998 17.97768 17.46115 15.60729 22.63805 18.94921 15.53416 16.38194 21.72644 15.03136 24.32475 
20.51785 20.94173 13.22756 17.12774 12.83393 16.95176 23.886580000000002 21.03141 23.46643 13.07865 10.56109 20.83663 19.06985 24.82564 24.47643 21.47619 14.23945 13.69221 20.76136 18.99274 18.98909 22.372230000000002 23.19895 16.1477 21.494329999999998 20.97263 21.87567 14.92523 20.173769999999998 10.14912 0 11.54855 21.36505 23.48969 21.63217 21.96638 24.82265 22.5454 18.05824 23.065440000000002 16.24283 11.94305 18.34736 21.206609999999998 22.99182 21.84488 13.2412 12.65677 18.77444 20.50123 19.43221 15.38191 17.26851 12.36081 19.57471 21.896900000000002 17.25865 20.77979 23.174599999999998 13.51261 21.15944 16.60393 22.254559999999998 22.14714 16.31348 16.04648 14.50197 23.00957 17.22848 24.42589 23.40989 20.58156 22.884439999999998 20.484090000000002 17.17817 22.84898 21.90865 22.02006 12.46941 23.73433 21.212780000000002 20.87848 17.66142 15.39894 16.3196 20.859090000000002 17.25022 14.39175 14.33936 14.87224 21.90982 22.819940000000003 14.22304 23.04507 13.85582 23.31635 15.26445 21.12636 23.78241 
19.91168 18.95033 10.87903 15.51774 19.10415 20.47817 13.46045 22.559649999999998 22.86213 18.57294 22.10964 21.528669999999998 12.90261 21.617440000000002 22.29697 22.60911 22.79701 17.76827 11.97618 22.41565 20.25954 12.42811 22.21031 22.01949 22.51081 12.2438 21.4548 14.65345 18.92509 21.697670000000002 11.54855 0 10.28904 20.33822 24.7877 21.66174 21.11174 19.59843 12.3104 22.230829999999997 14.96745 15.57288 22.391640000000002 22.028579999999998 17.74648 21.83537 18.33608 21.74222 23.37228 13.43436 21.04306 22.80341 21.93091 13.32638 23.558419999999998 18.51556 21.46602 22.234830000000002 20.77224 13.26407 14.09017 15.02704 16.61002 12.65725 12.66008 12.15081 22.202469999999998 23.1503 22.556089999999998 21.858310000000003 13.32921 11.36405 22.28626 12.27993 20.35755 17.31394 22.11643 19.2163 22.54797 18.90407 23.71203 16.01629 19.26557 21.02912 15.47838 21.76018 16.86047 11.85965 14.10814 22.482979999999998 11.33793 11.27139 16.82249 17.78334 13.13053 23.485300000000002 15.28319 11.07389 12.23386 
20.98528 11.07646 20.62991 17.4021 13.40167 10.85098 20.85296 12.27061 14.2191 12.17954 12.39816 14.87949 22.628459999999997 22.80395 20.89961 15.72547 21.53423 23.38057 15.74776 16.04653 19.88989 13.50151 14.33064 14.18483 22.01871 11.42956 21.254089999999998 21.148130000000002 13.68914 17.46265 21.36505 10.28904 0 10.04918 17.09101 21.4955 20.50895 21.1238 21.91505 17.69646 20.35548 21.06139 13.45594 16.195 21.29049 21.85791 15.59394 15.05735 21.55847 19.09231 17.30883 22.322670000000002 13.30522 14.84643 22.561819999999997 21.92817 11.17698 18.61961 10.4832 20.947000000000003 22.254669999999997 21.605040000000002 11.45813 16.15232 21.387340000000002 22.38741 21.16846 14.25398 12.26705 22.2087 18.07401 18.34489 13.88772 22.56897 15.30929 12.13244 21.315779999999997 21.989530000000002 21.499000000000002 10.12314 17.47676 13.80896 21.34221 18.35042 11.42963 20.7763 19.69372 21.59881 12.12217 16.22319 19.46625 20.772640000000003 11.96797 22.21147 17.57688 22.67106 17.86528 21.36293 22.5229 
16.44471 21.12564 22.269 12.16625 13.41813 20.90016 17.3575 22.319789999999998 19.96946 13.34957 17.65375 20.42667 22.727559999999997 17.43221 19.70638 21.84505 22.294159999999998 13.70967 14.08216 20.89768 23.45035 21.680239999999998 15.8165 12.12591 14.27932 21.478740000000002 21.42666 17.13547 19.03114 22.13754 23.48969 20.33822 10.04918 0 10.27831 20.58327 12.92769 11.07462 21.157069999999997 17.66359 12.09583 19.22683 19.26465 12.46658 19.34447 17.3698 21.4452 20.83943 11.50929 21.389029999999998 21.022309999999997 21.559179999999998 11.39878 18.44338 22.062199999999997 13.18572 16.50771 13.88949 20.53238 21.17342 13.94216 14.19449 21.50731 21.11911 11.33816 22.522280000000002 14.94218 23.36561 18.78075 22.91224 21.020899999999997 22.59443 18.64692 21.197119999999998 13.19779 22.181620000000002 22.37928 20.51086 19.16409 20.17232 11.30594 19.20845 16.01767 22.94684 10.58289 10.72712 14.05205 20.673879999999997 14.50159 21.16152 16.42402 19.33673 16.86436 12.41174 15.28043 15.14061 10.83651 23.096629999999998 15.85493 
16.84816 12.11166 21.38293 11.28018 14.393 19.16564 14.13187 17.29075 25.39486 16.81108 22.34329 17.52744 21.48807 13.74066 19.94604 15.7525 23.12641 23.34302 20.86352 10.61937 15.80589 17.71055 23.14654 15.45908 23.097659999999998 18.28103 20.98593 20.16536 19.1981 13.58273 21.63217 24.7877 17.09101 10.27831 0 10.30496 21.04337 13.2532 23.49493 23.65741 20.60606 14.49335 20.02618 20.097659999999998 21.92328 19.87693 17.11379 21.56635 21.787599999999998 21.48258 20.722099999999998 11.65319 21.67709 18.34797 23.73904 22.7148 19.66448 14.66228 19.8774 21.24966 21.96613 14.44856 23.82029 21.444679999999998 17.15531 23.47512 14.61865 13.31937 15.61926 20.97367 22.403489999999998 17.48231 22.705840000000002 22.13541 21.89413 12.71197 21.710520000000002 13.64303 19.80574 12.19651 14.61605 18.08376 22.51642 23.31467 17.36442 21.005429999999997 23.43128 21.03378 18.19042 21.707659999999997 20.85676 23.40401 12.99101 22.69005 11.65717 21.975 13.1333 23.0696 21.388460000000002 
22.5042 22.41662 15.48893 21.58514 22.27057 21.37305 11.86517 22.05227 22.745179999999998 23.443959999999997 12.1588 14.67843 18.98842 15.15061 22.25004 18.11536 16.44871 20.91731 10.55856 14.24484 13.704 21.25193 22.26528 22.29047 12.7927 21.83363 20.97573 15.16777 17.74383 15.92349 21.96638 21.66174 21.4955 20.58327 10.30496 0 10.73841 20.32544 22.03934 19.52557 14.08444 16.87239 22.80714 20.0472 15.06511 22.45212 21.289050000000003 11.88528 22.13306 17.26445 21.55411 21.26493 21.11693 17.77355 20.76468 21.64406 17.21214 19.68771 19.90077 21.39524 21.3744 20.44218 23.767110000000002 21.35718 21.83932 19.41815 20.46767 22.49697 16.19179 11.58401 15.94624 20.980539999999998 21.09749 21.499270000000003 22.98684 21.91538 11.42858 21.77339 20.456470000000003 12.96637 16.38094 20.944290000000002 21.23264 23.16115 18.76067 18.04451 17.87009 14.95507 20.5539 17.94902 21.23018 20.29002 13.49147 13.98511 12.17038 13.56265 17.87387 22.01782 22.30896 
11.76579 14.71336 22.20739 20.69983 13.84832 11.72071 21.231160000000003 21.10989 19.1422 22.388489999999997 22.4458 21.41923 10.67902 20.76832 14.03694 21.175379999999997 12.33314 20.86281 14.67197 15.80412 14.20948 21.524160000000002 22.4304 13.85807 22.71931 22.64648 22.74305 14.73775 23.29091 21.76095 24.82265 21.11174 20.50895 12.92769 21.04337 10.73841 0 10.58144 11.30093 10.93542 21.31075 21.082030000000003 19.28194 17.74547 22.37273 12.42522 22.13293 12.16588 19.66218 14.59383 16.89117 11.71428 21.49405 12.97584 11.60464 21.55831 13.92437 21.876440000000002 23.252139999999997 13.46339 13.98521 21.90544 20.41646 13.65722 23.69914 12.86681 21.58587 24.02396 21.89941 20.987430000000003 20.82302 20.817010000000003 11.93801 11.27853 16.34201 14.02551 22.16699 13.5084 14.22033 17.78321 12.2484 23.49908 20.91989 22.57199 22.251640000000002 17.99646 22.76923 18.32188 22.74988 23.34816 10.97954 20.603610000000003 16.31554 19.20862 20.5015 23.045340000000003 22.74215 20.984659999999998 21.791400000000003 
19.42037 12.90015 18.1351 15.84721 17.08879 20.651699999999998 10.64972 20.83682 17.64447 24.01536 15.27584 19.89566 19.89009 22.324559999999998 14.84056 21.56117 20.98303 22.63058 18.15166 16.1124 23.88183 22.836910000000003 20.66778 22.325110000000002 16.7084 22.20968 19.67035 14.11284 19.17217 21.25937 22.5454 19.59843 21.1238 11.07462 13.2532 20.32544 10.58144 0 10.24173 20.290860000000002 12.14291 22.25089 22.38401 12.18093 17.24411 11.18023 21.31438 22.514870000000002 15.33388 10.31441 17.46635 16.81724 21.16609 21.79552 21.34232 11.34703 21.74837 11.55188 21.97607 21.075940000000003 18.78357 13.72543 21.49589 18.06788 21.947229999999998 23.30049 22.173830000000002 20.97274 17.26927 21.16263 22.201970000000003 16.22593 15.62033 16.24751 19.15101 11.8865 22.86375 18.45664 13.67196 21.60335 21.513930000000002 13.09492 20.846980000000002 14.62087 21.28592 21.63881 17.4417 15.63445 15.64342 16.64684 21.56098 21.15128 22.34775 22.74584 21.34854 12.99392 15.197 18.41742 11.20996 
10.44006 20.749940000000002 19.28269 20.517960000000002 17.15143 21.12262 13.25597 12.2726 22.26898 22.38333 18.68509 10.99661 14.53811 20.837 12.2569 22.08177 21.791 22.30211 15.32399 13.66055 13.99884 13.47224 21.55081 18.13475 22.65691 22.39731 18.5574 20.564320000000002 22.939639999999997 19.54341 18.05824 12.3104 21.91505 21.157069999999997 23.49493 22.03934 11.30093 10.24173 0 10.04913 11.59267 15.61825 22.026829999999997 21.11617 17.28299 20.7208 18.6914 14.11725 19.78957 11.52787 14.01872 18.38697 14.36909 21.146160000000002 21.162959999999998 20.685940000000002 21.879350000000002 21.00539 17.71475 21.040570000000002 21.32676 10.60451 20.72872 10.5528 20.72804 21.78754 21.684620000000002 23.36246 21.74117 21.623260000000002 16.18025 14.85118 12.86729 14.9518 13.51709 12.01783 21.5362 12.06305 22.49181 16.25447 17.21779 19.37744 10.60525 21.02556 16.60984 15.38575 14.61031 20.54103 21.77158 19.83346 20.93722 22.96486 22.88279 13.42717 20.84998 22.82677 17.51324 21.58573 10.7114 
