97
173 196 163 26 115 49 89 122 187 47 81 44 7 6 55 168 154 138 16 195 129 57 53 194 76 125 155 128 161 2 166 101 99 127 112 62 61 0 192 118 176 123 136 92 60 21 77 66 184 153 68 119 189 82 107 190 167 186 197 42 75 191 143 12 15 24 109 40 19 133 96 162 185 135 58 110 11 124 10 175 83 183 52 95 159 39 70 98 27 37 171 71 169 48 63 145 73
0 1020385913.7251 1088918278.67251 1585024509.67431 2085225171.6714902 1543573862.11507 1742638766.23399 2125852115.8146 2237637640.86215 2182194777.27975 1220372973.80382 2155846008.55643 1903644063.60335 1550371051.49553 1201285098.76674 1942423764.09652 2075032675.4881 2124773797.42245 2271847059.1055603 1867880910.71596 2131556279.53035 1277959958.43177 2324749616.3060703 1684362250.89509 2215989834.84982 1976080244.05493 1799383620.92478 2167820161.00099 2210404879.53627 2243755408.77248 1496151875.23021 1981915679.16753 1506600570.63221 2053476791.91822 1799968872.6381 2283048678.63378 2177563680.31663 2112038349.38774 2102522534.305 1073434007.45546 2080849315.9742198 1329695771.72687 2307967022.91104 1244075347.43204 2215406857.3607802 1588880022.55059 1654265274.28389 1383251315.0854 2147173374.25483 2099953881.9896898 2106482898.90583 2156386960.3294096 1197927416.84646 1248994220.55852 1212190737.84557 1958503787.72395 2307211146.92115 2286069754.22038 2132969050.21417 2257286951.8758 1669135544.99456 2431105995.9899197 1768626712.17348 2212030313.39684 1517974923.11612 2168730280.1877003 1950175129.05081 2149556740.9349 2198392431.96352 2142924532.85213 2231930606.63477 2169943574.63428 1160356315.19643 1404544788.59029 2240606782.47671 2109443048.02655 1790257129.67168 1724370893.70593 1598325240.03408 2169843905.11782 2067183964.43894 1070609779.87991 2173387959.51904 2167691608.22904 2016338996.79774 1070550091.22216 2156033575.59692 2122455488.9158502 1031528446.50128 1454703009.84405 1036406324.60585 2121484203.94351 2213883821.3427496 2095498929.7234898 1273403473.28947 2280017744.75604 1042789722.08963 
1020385913.7251 0 1020701325.65257 2020899823.16967 1064839257.94639 1654989362.4478 2049208573.5717402 2237158084.7351704 1629212901.26706 1161808863.55465 1316958347.66494 2269952342.1796 1541994709.97099 2143449505.31144 1125268792.68186 1103510778.74944 2150929108.95686 1104387883.69735 2108196466.35661 1077888747.01094 1929349123.36053 2226806639.74688 2291394634.2829103 2231097754.83432 1743287591.63851 1623635319.46304 1431862113.5062 1525400276.53616 1269085364.94194 2192578594.21177 1834894562.90794 1767710332.48034 1080685105.03421 2113717920.31023 1486311949.04396 2145113989.2634401 1622546440.38851 2104366006.95138 1082136620.5799 2093819921.18056 2277452996.75313 2350081685.45197 2109801147.85728 2264461261.15714 2139390551.2759 2492863652.36057 1493103509.45464 2322971340.19029 1933598764.44793 2293847097.45038 1553477017.04044 2327658465.21294 2193324347.9548197 2240092413.97969 2186381106.26256 2198369204.90342 2200697401.46307 2076647040.63127 1340780348.90452 1698122890.58394 2255179346.7116 2186934655.01399 2355582938.04156 2204367858.226 1584080313.96877 1148344366.4626 2187604575.13588 2353663682.8436003 2200980363.3248 2337793365.68131 2194545956.42994 2203709052.4246597 2148311276.09138 2402539874.37677 2090577270.8136702 1089057134.30145 2125190857.54285 2194158501.56874 1335324703.9177 1789744577.05967 1658312165.3368 2090995693.60501 1532194037.81923 2126353179.5168 2117959280.26352 2090936004.94726 1318710314.17126 2223991188.7373 2051914360.2263799 2328462354.73597 2056792238.33095 2179066403.46911 1904489431.6566 1763805625.15319 1063980759.70036 2237797492.54937 2063175635.8147302 
1088918278.67251 1020701325.65257 0 1000198497.5171 2001719304.57275 1287559301.11597 1028507247.91917 2057763817.95316 1618262020.62321 2182510189.20722 1308151040.48034 1920628550.84892 2094821529.1852798 1220046232.84484 2043696648.0686002 1034184979.74529 2082034199.32743 2125089209.34992 2350985459.2754 1767130495.13076 1076277683.32248 2081618460.38951 2113563867.26317 2433779578.48006 1523569395.12833 2269848590.4316797 1204540208.36339 2216305847.08361 2102287679.31383 1171877268.5592 2194932790.89184 1790215165.38043 1022273625.28526 2055306440.56128 2144701608.76822 1866103410.53419 1211540470.2369 1936359606.80569 1490496764.55459 2140969538.83244 1288811427.67568 1544329907.57503 1762011978.51659 1345654338.02281 2234587449.13924 1987337939.48277 1496900796.39912 2226253966.24367 2170204200.18636 2221124618.48973 1659027905.22436 2269246985.46399 2276568451.2726 1676832654.09222 2301109016.5180798 1560435535.99501 2070072694.43941 1417978833.97879 2074707427.44754 1815075116.69215 1660222006.35654 1590042493.96665 2163071808.4389896 2255787545.00047 1572606646.82471 1296164184.84838 1891065016.99145 1499058859.84311 1470218674.55261 1439800956.33755 2136134476.68099 2137197209.87666 1127609950.43881 2107829279.59408 1151688503.8042 2109758459.95402 2138792076.28224 2211220065.04961 1525086344.49377 2338032026.59932 2075938451.61247 2159528058.5524197 2156645403.92227 1649971385.15036 2059547800.51457 1194995594.99544 2127610891.38867 2233325222.85852 1687813974.35417 2161393639.39071 2125324603.27836 1923495022.07118 1174734695.38997 1006580651.05098 2084682085.35293 2235130130.30762 2131708000.7621398 
1585024509.67431 2020899823.16967 1000198497.5171 0 1001520807.05565 1345797186.58467 1514723883.16304 2049544028.2261 1295785969.90142 1971176068.69186 1960325350.70589 1816713023.97732 2038673331.0804 1221466269.62417 1304659445.16328 2034383477.2623901 1167527588.50797 1340465820.65653 1508499053.6696 2379098292.72163 1416854741.0108 2096828663.3731499 2322806226.17447 2316351815.20363 2134234919.8593202 2169270153.29662 1657799597.87469 1216107349.56651 2150959098.97416 1941089642.66437 2252942250.95545 2153401880.68499 2022472122.80236 2193143960.9997797 2057251457.95836 2138725969.5005898 2063814017.98579 2178878067.60924 1924920786.58033 2077153898.7891898 1290697370.77498 2256191365.45975 1929794639.3246 1113554902.76548 2101404922.19238 2237980236.22008 1562258548.68743 2292897860.52866 2027077757.7326598 2210082619.53265 1419646713.98039 2190411198.70456 2179157926.997 2121651574.5370202 1732827497.08458 1394834467.98476 1069874196.92231 1974949100.84143 2136330240.93554 2185915196.20339 1863907608.94169 2042603184.0251698 1824947187.08356 2117090682.8740602 1570230678.48604 1876510357.49584 2130412273.21643 2324737076.87933 1312297723.76372 2105832942.23668 2503516539.97215 1601685878.25316 1322174115.11121 2181511980.35521 1008562061.3505 1285972759.96379 1549822839.33234 1831504254.68508 1105127059.6665 2222551132.14384 2276156762.9768896 1920709588.40384 1481378253.4868 2085936693.2385402 1173948743.03706 1465659089.6865 1383327893.21203 1669264871.08564 2202157998.9218802 1161195141.87361 2131824558.7496 1305673883.72161 2174933192.90707 2006779148.56808 2036526865.81221 2185207065.93328 2248017430.90254 
2085225171.6714902 1064839257.94639 2001719304.57275 1001520807.05565 0 1015129863.9412 1224214119.34547 2253470689.37946 2154072301.80542 1579025536.11308 1705034754.16239 2272921718.86449 1353151940.3381 1078610247.36505 2106911266.98238 2087846948.24107 2169048395.56362 1408526214.22502 1148572295.87253 2142728004.9573302 2282226345.7934003 1679681093.9185 2179869924.37979 2139661935.31429 2276746993.2051 2051634958.3874 2184325587.8439903 2217628156.62216 1894204084.58157 1252725579.22253 2144644032.96004 1151881073.62934 2145524362.9805999 1361129232.25339 2184583676.1501303 1486938501.71399 2065278041.26175 2165628045.07975 2146975878.52629 1217534490.28344 1940765141.06092 2060988251.72156 1096279972.27958 2115075709.82113 1099884115.13673 2159055606.8744 1632359894.23482 2256609561.5351896 2125527089.44838 2252796520.50802 1251744714.50475 2044101321.27453 2271835916.49838 1608323442.25331 1121541848.31617 1992475615.37079 2071395003.97796 1744659983.21742 2270414298.87384 1820771846.80031 1190340088.76521 2197037326.3087797 2147159534.67073 1291371430.93774 2238533608.86211 2136341310.3259897 2235871072.99529 2208817358.9092197 2218621676.17488 1747880116.83435 2168327466.7317 2055076185.66881 1952498026.27181 2073121881.77112 2010082868.4061499 2153896392.24784 2290762831.7466297 1638350426.31899 2106647866.72215 1538439350.70588 2172711379.2273397 1665425125.72466 2140500086.06123 2162002216.43554 2121866411.5861402 2256828437.145 1148596180.56538 2169275255.45179 1316879413.06177 1736716068.12676 1435767963.60464 1461844630.77245 1287416638.95563 2304617652.3971 2128820017.64675 1813554657.87735 1913861469.77551 
1543573862.11507 1654989362.4478 1287559301.11597 1345797186.58467 1015129863.9412 0 1035688758.35737 1825268942.9123 2144979698.47061 1122678207.93971 1250104291.90072 2293628270.44055 2111750975.5647402 2078218650.97045 1701130908.64265 2101660488.93206 2218684182.0128 2189915879.51195 1641744487.39681 2257777322.34343 2235124014.61555 1725009894.00981 2221747705.40569 2138892623.85251 2247375504.7394 2272931373.27647 1207848085.46363 2089620873.4807901 1239844487.99761 2216630283.4159403 1186910978.61116 2167010937.57054 2235447314.39192 2015684769.6486602 2098904155.0781 2111795458.9618602 1560817531.44437 2207867295.01614 1185637908.64466 2173825668.67724 1913358208.26994 1045858387.78036 2067637472.78865 1374951840.74007 2115013979.07793 2206034047.18863 1140784843.93821 1998436774.35175 2225887240.62994 1245070314.8864 2233875885.3702803 2103873776.48006 2146722134.9897199 2312435718.9017 1603461078.26526 1475955704.46525 1589502408.2623 2145748716.55402 2081888937.88574 1533803743.64358 2113801217.3425403 2161921091.4972897 1769325617.81107 2064095866.27958 2081553996.59834 2073801908.5594702 2281284166.9104004 2262982259.38605 2132741026.28402 1365356270.60068 1698994492.94506 2250676112.03882 2355697623.04626 1706563639.64119 2162774731.36314 2335576670.13356 2026970990.76791 1656971588.64043 2179102313.78934 2262285419.1923304 2192041447.73153 1261966281.28659 1647881892.59415 2013779609.40409 1817296226.52714 2305467486.61204 1274429552.20762 2191148111.64633 1100221069.23176 2200874953.1244297 1712092426.71528 1097066458.70395 1207513813.51742 2185157683.73556 1705230086.57369 1641370722.40159 1779844471.97599 
1742638766.23399 2049208573.5717402 1028507247.91917 1514723883.16304 1224214119.34547 1035688758.35737 0 1029256570.03399 2057280810.1529899 1868177447.00315 1988293460.67921 2101215988.26706 1076062217.20737 1355543098.06001 2075483398.898 1065971730.57469 1874916335.92256 1244096699.34363 1774939957.03981 2280338793.22374 1828380421.96382 1716501865.55914 2159486527.61878 1499712756.52706 1211686746.38203 1302116268.60456 1160948472.8947 1425762042.15319 1286931912.72444 2152548260.2982597 1226864727.97406 2147132418.144 1245372838.04623 1414010339.99968 1116194360.84905 1542839377.80773 1911923339.88548 1526476739.49506 1382047764.88271 1138136910.31987 1377870256.30939 1034050840.34031 1314554528.4968 2234591095.24866 1206080201.22007 1805763421.67169 1472659496.12073 2197452089.8039503 1547374331.68006 1981248765.92325 2139202613.91542 1650326987.00342 2046909975.96488 2120039480.74675 2179236188.68301 1968902178.57733 1690450880.88597 2050698009.39262 1046200179.52837 2139293732.8937702 2129577226.8501601 2040520283.02405 2127690032.39641 2124794692.2592 1406154830.40172 1853668829.06124 1702669802.35155 2109491621.0422602 1097052267.92665 2202732362.43746 2158284785.8724804 1682649669.1971 2138634479.40731 1079322031.67491 1187924118.89819 1656276034.73072 1110284828.36307 1315236215.99999 2110406927.35274 1940890013.06264 1496108770.64767 2232723441.0008698 1586189790.59196 2268161197.46215 1997832092.44532 2169360310.76855 2261811792.73303 2144418022.7705002 2135909827.58913 2189067405.68438 1810523877.89885 2132755217.0613198 1591800639.96841 1236938005.65274 1666971529.87704 1731267172.99037 2151808490.70119 
2125852115.8146 2237158084.7351704 2057763817.95316 2049544028.2261 2253470689.37946 1825268942.9123 1029256570.03399 0 1028024240.119 1075349221.18052 2052308525.58937 2169279676.98352 1953644464.94919 1914825123.72093 2293334113.77142 1520768322.47896 2197507906.36096 1881264373.5499 2088096292.63878 1710690787.3645 1327959338.42909 1115554359.72592 2162344017.6002197 1236265841.29608 1806684996.37437 2100645387.5232 1035337005.45491 1242494467.24149 1777299972.87109 2207315502.19907 2197815553.2047 2311539057.80721 1584169555.31218 1843859053.60777 2101807277.76287 1220645683.09902 2060618970.4168801 1334263514.85129 2311556147.1227703 1667119454.69176 1470359304.16884 2063307410.3743 2311502290.0 2196150844.69147 2192682875.0886803 1214123117.87117 2275526326.23039 1760624329.48282 2165441315.97871 1152055853.50426 2142332005.70474 2202214812.97729 1509360567.15124 2217425241.2764397 1781211246.67993 2332750168.04865 1482749519.78124 2098419729.79483 2075456749.56236 1220587640.43691 1324291338.35764 2281481257.8296 2111352510.96131 1256311000.40253 1590715608.47616 1429817793.65761 1371956515.25942 1653339708.1218 1618827352.37934 2345918810.25931 2122433947.68714 2078327398.46577 1314429653.07936 1422826984.76395 2189757867.5766897 1880128243.11056 1366211564.92091 2242412312.1626 2047177750.80913 1725067537.61502 1674482776.2535 2140298740.8733 1377054448.52389 2204932020.91854 2207066040.95329 1955411449.28431 1398641405.83656 1659969964.0151 2205266611.0904098 1729773242.48643 2241218732.4398603 1796756811.89267 2126660037.96647 2207246619.2292 1465400593.85035 2151337850.17524 2201874422.65289 
2237637640.86215 1629212901.26706 1618262020.62321 1295785969.90142 2154072301.80542 2144979698.47061 2057280810.1529899 1028024240.119 0 1022301490.5309 1024284285.47037 1936257352.47044 2151362472.92481 1197919445.44676 2079114784.0848398 1867133474.95595 2366232029.51367 2071845597.92177 1068037015.26251 1771197185.55979 1223489252.16167 2027853479.09583 2054403000.49362 2264290081.41508 1574275315.01562 2149278851.71831 2063361245.57391 1576452688.41115 2135276242.2523599 2271219613.41114 2038046664.8632798 1743711705.79763 1930046331.91254 1111693734.27901 1262838340.5585 1844284840.12797 1032594730.29788 1620172626.91592 1706350713.66623 1355840761.34896 1443467550.31266 2451202807.99183 1462150701.13795 1168126604.57247 1190032325.71573 2154938815.35348 2143425066.4127002 1820588282.55997 2126913748.43568 1221483255.62451 1412755151.98328 2270476251.50738 1971157606.95669 2064738528.95087 2325880168.39246 2224185235.56231 1820182694.29731 2045371999.14521 1616864692.85969 2070434740.92984 1518597309.43823 1435908640.54771 2247542603.3133903 2135429053.7041698 1811753161.60925 2144983929.64368 1073228667.69422 2148202678.20467 2061472990.30105 2241014505.63465 1265737149.72623 2075012277.7100801 2131733700.35226 1769425502.20034 2087846686.93317 2295390107.05866 2098833185.1023102 1622088134.40204 2147091626.38593 1758044387.95927 1186556584.50654 1965175295.14503 2091390857.76483 1735093364.92223 1873092163.93499 2110643421.6623602 2068450024.6191201 2163530078.5037203 2052117693.64225 2069251021.1728601 2243928026.9461603 2152418430.79742 1571641823.51905 2195677838.15724 1646838202.34276 2098290119.52562 2150233756.62459 
2182194777.27975 1161808863.55465 2182510189.20722 1971176068.69186 1579025536.11308 1122678207.93971 1868177447.00315 1075349221.18052 1022301490.5309 0 1014654433.56592 2058178412.10575 2142332160.2355201 1538018560.38092 2176623831.31134 2108815331.1609201 2129851745.53752 1327246044.5196 1863395709.46892 1466960851.28511 2245790742.6925697 2133362385.95116 1129585770.72826 2166806157.36695 2108752913.2702098 1833340949.50947 2092480582.69664 2092381078.9503698 2179476634.87989 2232657885.6241198 1613560591.49395 1755646444.92866 1442175569.10624 1474970555.56098 1026458056.58235 2026475193.73697 1790092895.55308 1337031178.39156 2114688274.5527 1299378374.88453 2107691942.30836 2168536595.72007 1699192669.11682 2190428095.1033697 1486216735.76211 1851657460.00752 2066513604.2386198 1161162476.63564 2200516933.436 1575308551.04603 2107296960.82762 1405895031.16372 2081403877.43363 1901311811.04719 1332296318.08333 2218554479.27164 2066853803.64767 1023070508.61431 2027568338.47856 1059961736.61718 2075032410.54065 2148028794.50922 2042044638.71075 2133606195.12614 1420815636.56669 2111318422.9191499 2042932150.51845 1758578556.74707 1039171499.77015 1848008335.92041 2112904374.4507399 1983892164.88191 2122103848.4478102 1608667327.41485 1714453751.35527 2047011437.67772 1252580948.61342 1179435401.88665 1955090351.77161 2081746252.4945002 1069363239.79182 2118671422.6023202 1069089367.23393 1538134948.98481 1219608514.03181 1778530009.44227 1435042571.71904 2153900226.59927 2037575272.9857402 1675591859.47881 2062907201.37388 2219744666.6436596 1669316437.74957 2329227834.76164 1240081698.02486 1075988628.99472 2130883776.85222 
1220372973.80382 1316958347.66494 1308151040.48034 1960325350.70589 1705034754.16239 1250104291.90072 1988293460.67921 2052308525.58937 1024284285.47037 1014654433.56592 0 1043523978.53983 2068677749.59952 2222203730.91713 1280743180.26884 1133133469.35751 2180982688.93965 1957859966.12591 1985484184.4521 2069644980.01985 2247773537.63204 1596751278.04487 1444660304.77289 2267944069.2449503 2169517941.60026 2348375962.91328 1283067580.84499 2302676879.24452 2167704130.96868 1659787976.60851 2215841524.59996 1255836298.97174 1162800301.311 1765384307.08065 2041112490.1482701 1883125362.74874 1741332484.3432 1343248770.58746 2321043948.5047503 2178227577.90622 1223373922.13636 2175090716.86911 1153311631.86082 2192410890.04284 1823998045.37879 2408954914.58118 2073017313.97434 1887715227.848 1566721574.08832 1231669051.01745 1107650074.63562 2107676322.4953902 2127741276.62925 1131424988.36045 1651403048.9546 2317810832.34155 2100024550.39564 1481038459.95128 1397834440.54598 1641878381.68455 1847267329.84903 1415043235.88065 2269949883.48768 1535175084.93031 2399298147.4129 2316010528.9831896 2097512953.16459 1942949509.87613 2053825933.33607 2349818009.29493 2276661152.70673 1750180308.46288 1107449414.88189 1338855030.10372 2166511842.33592 1482785653.46308 2267235382.17934 1386806832.21111 1122807340.91556 2243312989.8851604 1612019664.43362 1531319223.11635 2083743800.79985 2306548676.78126 2200074476.54031 2290923065.02598 2100877913.33544 1139245793.03335 1081248639.92459 1377510645.0258 1499643642.45296 1682148525.83364 2134012146.48848 1668847204.76777 1348329086.83996 2090643062.5606399 2228321418.71109 
2155846008.55643 2269952342.1796 1920628550.84892 1816713023.97732 2272921718.86449 2293628270.44055 2101215988.26706 2169279676.98352 1936257352.47044 2058178412.10575 1043523978.53983 0 1025153771.05969 2036562967.37627 2240570269.99266 2176657447.89734 2251263231.70442 2206485275.86314 1202676693.20388 2076677546.79852 2043697616.9224901 2232330644.7474403 2261640477.34381 1224420090.70512 2237384872.03288 1813538423.54414 2107379276.36695 1417022981.94564 2200345131.1019697 1193518414.16671 1521009737.43485 1966419747.56346 1222066544.49361 2149867444.1620398 1609895377.64768 2256010016.77058 1434565128.04981 2051616335.80667 2227144012.82885 2048726123.3533301 2208222109.69541 2325267538.21592 1915483206.22119 1896243350.62045 1992913007.97056 2192378925.56717 1342529100.97063 1781168332.69515 2142225206.5995398 2114580330.7863002 1759895733.90652 2325913180.07885 1640993065.09937 1384054071.7237 1785959089.15947 2060357381.57026 1838324188.98558 1583771008.24395 1129383146.01889 1202640723.94335 1134073474.64741 2067933476.72161 1456567034.32347 2130857851.41686 1791275817.14556 2317221280.0940104 1523864584.55575 2235416524.2010202 1440666740.39438 2157550981.64874 2282182733.47336 2153339105.54276 2150973393.42172 2145677638.83846 1144064042.72479 2145584179.23701 2207925844.3324404 1199576393.41033 2166331319.45539 2132490204.90939 2064616247.0720801 1085236228.67652 2149020942.84286 1498859446.58697 2145183733.9180002 1890674453.42932 1124325538.29911 1867053431.35711 1473467859.73197 2055381446.35569 1165780172.47535 1880550263.55908 1867973031.98774 1459224440.6304 2299792403.07041 2166756957.67005 1579637938.61845 
1903644063.60335 1541994709.97099 2094821529.1852798 2038673331.0804 1353151940.3381 2111750975.5647402 1076062217.20737 1953644464.94919 2151362472.92481 2142332160.2355201 2068677749.59952 1025153771.05969 0 1011409196.31658 1844075038.97325 1850514026.20034 1363389803.09698 2104321406.89489 1344499562.39215 2081408114.78653 1018543845.8628 1914806485.04625 1411228480.67627 1963262846.03467 1294427504.73875 1377475013.32877 1865133006.14028 2143903405.5569 1218452659.72938 1199792988.78484 2124995574.69083 1071070200.93663 2099484008.47186 1585270235.30396 1870365962.90211 2139767315.5657 1738101206.05453 2179213826.44716 1201990241.76916 1902141502.69881 1448114706.62929 1949137629.74798 1098908142.73496 2042410980.2974901 1013900086.2689 2073071578.0065699 2235587367.86047 2077071388.3306499 2242486670.74433 1602758113.80272 1871893168.52497 2167852195.11096 2240232021.61762 1161614700.2232 1158088258.94608 1483745367.44078 2091443932.13066 2158801234.5721703 2122262396.7357402 1928996359.33956 2049476943.20549 1042779705.66192 1319281190.67265 1647021707.45378 1410329727.46923 2188023069.42078 1441936910.0757 2109813252.1666598 1589703275.81088 2123805110.8434 2296067478.0430098 2278012581.42365 1420437165.67944 1154900736.8366 1444036621.1229 1865495546.53701 2186347045.5704403 2066412476.68224 1339230499.4704 1107336433.8497 1670250289.14523 1156661223.7935 2220444975.04097 1730513183.74651 1175933426.69315 1971847932.63527 2132299759.22738 1421747301.25998 1096921882.80794 2132260929.88476 1411196336.22302 1684635075.28771 1750543971.8177 2210133661.30724 2032006612.8653698 1376429900.47938 1075746273.49382 
1550371051.49553 2143449505.31144 1220046232.84484 1221466269.62417 1078610247.36505 2078218650.97045 1355543098.06001 1914825123.72093 1197919445.44676 1538018560.38092 2222203730.91713 2036562967.37627 1011409196.31658 0 1028301019.61733 2037812687.94064 1872255562.54255 1233492184.55873 1658321392.28093 2284018883.32555 1904501188.23094 1650220836.99241 1956976860.31172 1698886417.90806 2197141244.42785 2169040727.0443 2042759485.5429301 2183022693.2365103 2047666877.19713 1073300167.96438 1918451948.38628 2082479397.25321 2068602123.81886 2277298422.40987 2096281399.5047002 2269947606.9657297 2203973287.6199102 1273233172.40676 2213399438.08574 2109628540.8016 1102213232.28284 1947975656.14571 1544660945.36064 2289441514.74654 2025309282.5854802 2115298267.5650902 2205828026.42239 1990810970.47727 2174510283.4109497 2286738241.39113 2142904679.7634902 2327880988.59385 1476317847.97335 2173023896.53978 2169497455.26266 1217512611.06582 1852141024.90069 2180535939.4689503 1200306982.97142 2198549368.9877796 1503017240.63011 2054188901.9785 2111925185.02006 1133101292.98187 2148745598.65248 1690129567.00557 2090636802.07135 2176696854.05028 2297754150.44735 1621262171.79955 1664085779.34708 2078900072.52452 2184050096.51804 1216908438.11718 1517175647.6308 2232735441.66313 2272160622.9811897 2303695615.77801 2108609437.61646 1168176140.50705 2180559153.20973 2168070420.11008 2135835483.6947398 1429558638.6863 1637002306.88659 1645541946.31631 2082148550.6596 1586079535.33981 2108331079.12452 1436659201.99578 2183560872.8643503 2270836364.61421 2347237435.3075 2226626883.89582 2122095830.54461 2111473840.83878 1845286468.46102 
1201285098.76674 1125268792.68186 2043696648.0686002 1304659445.16328 2106911266.98238 1701130908.64265 2075483398.898 2293334113.77142 2079114784.0848398 2176623831.31134 1280743180.26884 2240570269.99266 1844075038.97325 1028301019.61733 0 1009511668.32331 1435278709.82626 2218669106.73745 1611265997.92099 2153411501.32057 2256374248.92592 2059493329.4720101 2080400160.07409 2040192171.00859 1168840224.81052 2205054897.60452 1492296915.28888 2030059582.36343 1019365857.5798 1644691699.50905 1464052501.12758 1765511021.35574 2160929400.12983 2036935003.9590302 1591045156.83501 1436364114.28803 2074379965.7575102 1612345438.36206 2109555264.2838597 2242711866.3102202 2071804846.26457 2011314032.7839599 1806881962.16134 2042632652.6226301 1014121758.59404 2073293250.3317099 1693254173.80292 2108179470.47152 2043399868.59475 1532765183.84039 2219280788.05049 2168073867.4361 2399212515.6132 2106957260.3411899 1372024489.24555 1310662263.99622 2102858549.35926 2200229297.68394 2039737012.83957 1779625170.16724 1844196454.12407 2244195418.49819 1230314145.3597 2161402312.5992 1471731483.59778 2134091044.40348 1062335782.45402 1866029671.84635 1848805171.86378 2208573980.41556 2151349471.29422 1806728616.7606 1979770726.31891 2243251083.1205997 1567460298.91183 1204434422.0458 1578341695.90734 2166202335.1052 2145516577.35236 1593688995.08404 1832974189.95206 2159160957.23616 1107534464.07741 1025805496.51242 2059103889.2957602 1616046971.21714 1214087350.07094 1614776038.42295 1891443392.44164 2083456753.69135 2219128293.64635 1703322955.46901 1704688085.76281 2258518924.32494 2116775482.43753 2175894012.9628 1105560957.79837 
1942423764.09652 1103510778.74944 1034184979.74529 2034383477.2623901 2087846948.24107 2101660488.93206 1065971730.57469 1520768322.47896 1867133474.95595 2108815331.1609201 1133133469.35751 2176657447.89734 1850514026.20034 2037812687.94064 1009511668.32331 0 1047849219.58214 1897724567.24565 2359821678.75858 1871377497.80859 2110462663.06777 1746775145.44741 1668810138.87488 1581444084.60781 2178351893.13383 2085337446.70171 1290333545.48849 1484470778.0333 1068102699.56854 2036441241.2844 1842121845.55867 1729273679.78377 2056458605.03055 1212224655.23494 2045898466.00206 1828198213.8328 1064868297.4342 2065641440.3722801 1269172725.92784 1716643206.17918 1173942218.00369 2092633282.6463199 1709837837.01237 2208667822.15647 1281927074.43966 2336536710.2660503 2123369410.4513502 2189284617.20472 1340730209.50232 1190336318.70094 2191388124.70421 1355584103.53043 1827033195.74706 1494866043.3827 1906239738.55976 2159473973.26494 2212783812.4273996 1787439129.98816 1187443098.95951 2039611156.13671 2194521989.4949703 2227763171.66095 1662226491.7629 1552748931.86115 2127229935.9475498 1263235764.3796 2071847450.77733 2247617459.96479 1235178106.84918 1823002147.93449 1833091574.95858 1448411784.28594 1332970300.46802 2145293762.2496 1395379654.8352 1132468586.96243 1321267693.40033 2247307481.8384 2255940810.2730703 2092026923.9645 1594826535.58949 2086015943.49614 1882135844.07077 2035317164.83573 1423888473.9277 1791277503.56066 1707448308.26875 2196280224.9489 2097445555.0883203 2408414749.31593 2064544022.50595 1353692251.0214 2208919675.13526 2040765630.79627 1971271869.53729 1711524423.62189 1504786603.05444 
2075032675.4881 2150929108.95686 2082034199.32743 1167527588.50797 2169048395.56362 2218684182.0128 1874916335.92256 2197507906.36096 2366232029.51367 2129851745.53752 2180982688.93965 2251263231.70442 1363389803.09698 1872255562.54255 1435278709.82626 1047849219.58214 0 1046541225.25951 1367409886.0128 1927019469.91362 2112790390.9846401 2217425020.12813 1413221859.89862 1746814615.46895 2336414999.50458 2408448523.75362 2058259792.97145 2165539187.01959 2115951919.15068 2165483417.30078 1983129471.97264 2161064408.70788 2306445996.72547 1760876898.92862 1103393688.95517 1940035081.54012 1722034037.14284 1278135719.67457 1952439284.70458 1048098535.47468 2055513843.99344 1373491061.39421 2051954489.41944 2168226509.88797 2213424745.3888 1471722379.45712 2119113877.55613 2291816007.5942097 1761680437.67723 2182789201.43591 1181737395.43264 1059472636.54674 2177152870.24895 1098535548.85453 1533058502.79917 2237074150.09398 1164934592.84526 1880422541.98022 2203526010.3351803 2119478495.72965 1209209148.95182 1358875349.86602 1225599807.23625 1461281513.58129 2336742038.47889 2090776115.5701299 2254506919.4343 2121502499.32764 2117722086.14391 1658724814.11281 2267634805.32237 2162621352.48335 1540752318.4611 2139252997.9263701 1129158418.10548 2130678554.6177 2113957813.08127 2160453346.99243 2272654648.17447 2392520297.3666 2161848244.64686 2080210969.84521 2134115318.2235498 2211727833.15671 2092561033.49459 1830328251.9239 1126937693.40531 1161349435.18063 2252276477.5952 2221460527.80018 1791189765.5261 1719996438.60037 1517221704.95589 1771503347.2983 2271781675.31817 1944254577.95208 2225237783.61329 
2124773797.42245 1104387883.69735 2125089209.34992 1340465820.65653 1408526214.22502 2189915879.51195 1244096699.34363 1881264373.5499 2071845597.92177 1327246044.5196 1957859966.12591 2206485275.86314 2104321406.89489 1233492184.55873 2218669106.73745 1897724567.24565 1046541225.25951 0 1003808582.65926 1360466704.01393 2423330972.93766 2219386303.48486 2349087532.92546 1453686176.49326 1516467481.56802 1656206894.32745 1011718567.71194 1442406076.1648 2223295933.04373 1784219247.5105 2039355709.8752499 1114523183.44837 2142936990.9836001 2105879590.47791 2149934914.2146797 2132752382.30659 2229198605.95605 1253988887.74846 1556105346.93398 1954934460.40764 2147579218.94821 2027192349.16822 1005413264.15993 1873516275.31325 1493255871.42825 1388475768.66322 1374142719.15555 1382797152.8447 2311691274.14109 2345337397.55692 1818912908.16188 2106013861.80625 2214321851.6767597 1135704530.28234 1991812148.49728 1432144143.18161 1168694201.39462 1009400199.27081 1303927634.27763 1634361790.2484 1337767134.5283 1644450674.57384 2272141032.49576 1586656003.82911 1941650679.04329 2252732250.1599503 2207493695.4395103 2158671480.7554502 1456319106.08291 2141660927.44422 2098815509.94417 2120708925.6929002 2349009862.52881 1722065416.67028 1612235061.36589 1811379346.579 2156714982.88356 2150230620.40841 1255902785.93109 2109146706.26083 2378216195.24804 1342478584.73018 1509969425.59557 1918121627.383 2208239017.14322 2232171042.52908 1460611846.10976 2154064460.03257 1641875959.08435 1289306047.38522 1477131235.04488 1092849420.808 1113745250.74877 1406105762.65891 1915380227.13631 2028187648.68489 2178255984.9099197 
2271847059.1055603 2108196466.35661 2350985459.2754 1508499053.6696 1148572295.87253 1641744487.39681 1774939957.03981 2088096292.63878 1068037015.26251 1863395709.46892 1985484184.4521 1202676693.20388 1344499562.39215 1658321392.28093 1611265997.92099 2359821678.75858 1367409886.0128 1003808582.65926 0 1058488165.35207 2121352434.2758 1814104337.6022 2093249266.9731 2053041277.9076 1906913864.01141 2129504272.7374501 2015527150.3712 1522577695.74997 2224163936.3531 2106720226.1342201 1077000921.32944 2118331766.10763 1331010193.71067 2179730749.54152 1419001609.14212 2267220515.0260696 1692658050.76523 1543591626.68109 2391318207.42071 2118432508.87357 1348173066.25647 2024163139.68297 2009221846.81919 1258995898.11441 2072517145.56398 2240361164.12309 2174749335.62703 1646897305.46298 1307882691.48183 1517350149.26598 2103368225.4566402 2337186894.94785 1218808144.43451 2139513112.9416 2138588663.9169002 2194483104.49837 2113823216.4552999 1097891837.88945 1638925902.2167 1233956945.15404 2099677984.5640903 2252041840.5676403 2072388730.71321 2195225704.11278 2276250626.54009 2275440374.72971 1203685112.78025 2160707173.79699 1665160892.59664 1906028180.65902 2234868715.94471 2039363618.21767 1663780069.46488 1993334838.39808 2228873228.30837 1227353091.79615 1603517153.90848 2174757919.90987 2259711368.59035 1741169596.15012 2254593599.76905 1934902309.38877 1603969056.33201 1218583911.23499 2259311278.93755 2297736310.39246 2222093301.5348 2308712659.26929 1704197278.58061 2120797234.2378402 1576326374.68494 1788531333.36098 2117553833.40803 1382332567.40862 2110558118.8203602 2288150204.6377897 1403962306.67163 
1867880910.71596 1077888747.01094 1767130495.13076 2379098292.72163 2142728004.9573302 2257777322.34343 2280338793.22374 1710690787.3645 1771197185.55979 1466960851.28511 2069644980.01985 2076677546.79852 2081408114.78653 2284018883.32555 2153411501.32057 1871377497.80859 1927019469.91362 1360466704.01393 1058488165.35207 0 1062864268.92373 2068205045.9907598 1443397277.05107 2081616828.1694698 1068652046.84171 2189879240.39885 2031589800.79457 2280187886.69413 2246024692.91405 1719944918.19853 2135489086.68151 2199402671.63233 2158573852.04515 2247341535.94269 1932817339.90902 2415426382.3523703 1704837382.52807 2432746957.45155 1810844279.9977 2127556124.43369 1681172330.89758 2227318290.1261997 2165364193.5591497 2190100218.6086397 1458997897.82751 2518169389.56518 1936863687.26945 1700983948.7836 1651342618.4044 2163613553.37387 2218850624.59897 2204061530.10102 1404065273.18928 1310223255.55024 2030016942.28624 1409671545.56301 2031267641.6019301 2156380003.24152 2233648031.42957 1206644141.31924 2221714815.24271 1474764795.65314 1562166137.16013 2196381165.6568 1243024454.12111 2226233113.4735403 1351849098.62116 1926774722.80156 2363441787.3932 1259904618.67037 1176380550.59264 2177477084.7142897 2320287745.56118 2172858707.31572 1989395586.79344 2166945881.3123903 1179278195.42157 1116269754.5578 2147999919.56931 2369498592.1986303 1472471457.57617 1948062480.07326 2220195557.80945 1377767225.37034 2245510406.1402 2220513035.66888 2198705522.68126 2197827894.7424603 2182742777.05585 1795300926.72732 1148774050.29899 1338608430.86677 1679229702.64369 1414632209.04906 1795998741.97325 2248806560.50799 2296929333.9643497 
2131556279.53035 1929349123.36053 1076277683.32248 1416854741.0108 2282226345.7934003 2235124014.61555 1828380421.96382 1327959338.42909 1223489252.16167 2245790742.6925697 2247773537.63204 2043697616.9224901 1018543845.8628 1904501188.23094 2256374248.92592 2110462663.06777 2112790390.9846401 2423330972.93766 2121352434.2758 1062864268.92373 0 1005340777.06703 1345169239.84798 2073835597.10624 2131516315.76544 1251510671.87087 2280817891.68587 2126135939.23284 2189714583.28127 1182887866.34601 2212607171.15079 2089614046.79943 1914110259.56536 2091618613.0781798 1892933772.1001 2258427264.2656803 2236936266.99823 1597761587.71265 1786907993.84296 1064691855.50996 2072107164.02872 1789176780.40928 1891690298.32634 2321853514.7108603 1852019189.9621 2249860450.6136503 2381423969.44629 1585826911.62322 2091033697.5855 1918833700.27825 2368953842.28828 1423335218.78026 1751383831.50087 2175407469.28627 1899103041.00492 2234010378.1688004 2001752897.56211 1417283720.90335 2222028830.55937 2155839718.88371 2185527795.39551 2061323551.52472 1086794125.11651 2063699909.22936 1048055603.55875 2112207912.0774598 2158195568.0735703 2162369069.07616 2216055928.78767 2095262624.6019702 1983387215.75249 1892690845.74367 2108281643.6789 1697644718.24829 2093607379.08968 1173688008.90633 2209821732.14773 2179134023.48153 1455774977.78339 1594649502.63804 2317293408.35607 2175205069.6563 2158687292.65601 1593072796.40843 2194477272.55595 2253770362.72697 2177726614.42245 1157047539.53604 1882469812.80425 1979547743.67814 2211638319.22272 1386067622.58374 2110981829.80312 1191589815.44444 2222457762.6936603 1979357252.74449 1882198430.55033 
1277959958.43177 2226806639.74688 2081618460.38951 2096828663.3731499 1679681093.9185 1725009894.00981 1716501865.55914 1115554359.72592 2027853479.09583 2133362385.95116 1596751278.04487 2232330644.7474403 1914806485.04625 1650220836.99241 2059493329.4720101 1746775145.44741 2217425020.12813 2219386303.48486 1814104337.6022 2068205045.9907598 1005340777.06703 0 1046789657.8743 1076281992.61025 1496315409.46802 2256851448.9379 1411219590.88665 1120795162.16581 1897161230.81878 2188228643.41304 1399618495.11707 2174535342.2479 1146121534.71267 1086277836.01115 2107177244.8748398 1253720958.82502 2143518558.65794 1481687895.13905 2193384674.12731 1346558439.71995 2268955070.09126 2164557647.86624 1675657353.61722 2193730083.8246 2261795734.67962 2297709103.72181 2118009168.1448398 2157160323.58979 2106782298.40481 1480521386.54226 2124937832.8460102 2223225381.36572 1104846630.85238 2183463952.2468 1310639812.83002 2196182334.0111504 1220067901.59465 1536387658.4779 1909283399.59142 2049930456.55858 1213856281.57398 2122307724.69732 1792464306.39893 1910664189.0161 1494592700.2041 1574765728.21895 1317930267.08547 1555670231.29669 1210715151.72064 2316395246.23145 1397349456.33999 1422520605.8729 1102940866.61187 1964679865.8322 1088266602.02265 2089786738.5348701 2152128403.6303 2142126422.39573 1880709141.93267 2230834183.62813 1666737757.58578 2263390084.80433 1649930634.24424 2158797851.75622 1301964237.92555 1823888977.53269 1888353025.32313 1642939475.27325 2108226181.4280899 2206062030.37336 1817195452.15992 2169825702.7079296 1105641052.73609 2196930592.51147 2163834560.45957 2137187612.12146 1564200682.76885 
2324749616.3060703 2291394634.2829103 2113563867.26317 2322806226.17447 2179869924.37979 2221747705.40569 2159486527.61878 2162344017.6002197 2054403000.49362 1129585770.72826 1444660304.77289 2261640477.34381 1411228480.67627 1956976860.31172 2080400160.07409 1668810138.87488 1413221859.89862 2349087532.92546 2093249266.9731 1443397277.05107 1345169239.84798 1046789657.8743 0 1037220386.63869 2050185167.96645 2212878993.6737 1548166591.66783 2167584820.04011 1406293851.60202 1435781301.96678 1240192077.74544 1607501515.0869 1642419081.78547 1298960977.08358 2156043827.31061 2250563819.2975597 1609004066.61357 2289712827.81573 2376854823.64806 1465213674.79589 1600446963.55928 2075919920.07485 2191088587.34048 2211185731.4760904 2124273925.9558601 1301168164.19555 1629167726.73108 1436122698.45132 1134207768.39229 1573283260.39071 1792320646.33376 1840944846.18961 1500572616.26276 2023854327.7122102 2357429470.70432 2244498742.38657 1615931072.75341 1948197849.23876 2250986725.91247 2070190553.60934 1680582714.13652 2143703996.6490803 2181171799.83092 1980394748.2099 1381017756.15088 2218042717.92511 1789117403.67101 1615173088.57583 2168757270.49841 2255058535.29226 2291787473.98492 1584988245.5911 2149730524.48617 1650163003.9458 2093199752.38094 2147196443.30341 2184425870.54354 1120071225.62876 2151801390.64027 1184044525.75383 1147096257.1885 1391352168.47295 1348993131.48032 2204499521.61132 1548652448.35246 2224314506.73984 1308473021.50625 1476982610.38989 2011233492.4035902 2142803203.39923 2066087354.40761 2355095061.8416004 2152430710.6103897 2241359259.6482 2204337381.77265 1694300504.91546 2382477440.5556097 
1684362250.89509 2231097754.83432 2433779578.48006 2316351815.20363 2139661935.31429 2138892623.85251 1499712756.52706 1236265841.29608 2264290081.41508 2166806157.36695 2267944069.2449503 1224420090.70512 1963262846.03467 1698886417.90806 2040192171.00859 1581444084.60781 1746814615.46895 1453686176.49326 2053041277.9076 2081616828.1694698 2073835597.10624 1076281992.61025 1037220386.63869 0 1012964781.32776 2148833709.15349 2271602846.75099 1546365611.94269 1163467345.5872 2116850709.10041 2089249152.2695599 2288088724.7474403 2222403527.32292 2128456837.45177 1245069204.42014 2171553358.86524 2321856305.78474 1993014242.1978 2187727107.03537 1117047031.26288 1441398550.1921 1466337800.29029 2394601175.4172297 1757092235.2217 2084065936.8903599 2338388550.83424 1948113529.65009 2180356314.88767 1912614162.08466 2364279627.94673 2235743967.7247 1886563828.37531 2135300251.2153602 2227265702.52612 1448225895.08045 1654080699.0863 2222483049.93829 2179783276.06487 1213766339.27378 2306859892.63918 2226573285.14565 1771907233.684 1143951413.19223 1343745739.65679 1025779993.54749 2090178868.7495198 2038033606.23205 1778331380.85094 1846223719.42838 1715731608.86003 1776173476.3787 2310434011.9421997 1314690391.56325 2293963568.7044897 2030789304.1114 2166214351.65829 2092037719.58499 2157291612.2674503 2358805243.53209 2177987265.81933 2184316643.82719 1748055969.03503 1970878615.02908 1882301683.7113 1648392234.10682 1946702604.65537 1353170455.60565 1208905772.77589 1371510430.74245 1602645175.28948 1860733335.46277 1420341137.99801 2181923045.34634 1877995735.40569 1167116995.13396 1129965972.01879 1462373954.45782 
