25
4 5 6 10 36 28 37 39 42 47 45 46 43 60 65 61 83 80 81 88 96 84 92 78 0
0 45.0 90.0 90.0 91.0 158.0 225.0 225.0 226.0 267.0 308.0 308.0 267.0 319.0 370.0 319.0 420.0 469.0 469.0 420.0 469.0 420.0 371.0 370.0 45.0 
45.0 0 45.0 90.0 91.0 158.0 225.0 225.0 226.0 267.0 308.0 308.0 267.0 319.0 370.0 319.0 420.0 469.0 469.0 420.0 469.0 420.0 371.0 370.0 45.0 
90.0 45.0 0 45.0 46.0 113.0 180.0 180.0 181.0 222.0 263.0 263.0 222.0 274.0 325.0 274.0 375.0 424.0 424.0 375.0 424.0 375.0 326.0 325.0 90.0 
90.0 90.0 45.0 0 1.0 68.0 135.0 135.0 136.0 177.0 218.0 218.0 177.0 229.0 280.0 229.0 330.0 379.0 379.0 330.0 379.0 330.0 281.0 280.0 45.0 
91.0 91.0 46.0 1.0 0 67.0 134.0 134.0 135.0 176.0 217.0 217.0 176.0 228.0 279.0 228.0 329.0 378.0 378.0 329.0 378.0 329.0 280.0 279.0 46.0 
158.0 158.0 113.0 68.0 67.0 0 67.0 67.0 68.0 109.0 150.0 150.0 109.0 161.0 212.0 161.0 262.0 311.0 311.0 262.0 311.0 262.0 213.0 212.0 113.0 
225.0 225.0 180.0 135.0 134.0 67.0 0 67.0 68.0 109.0 150.0 150.0 109.0 161.0 212.0 161.0 262.0 311.0 311.0 262.0 311.0 262.0 213.0 212.0 180.0 
225.0 225.0 180.0 135.0 134.0 67.0 67.0 0 135.0 176.0 217.0 217.0 176.0 228.0 279.0 228.0 329.0 378.0 378.0 329.0 378.0 329.0 280.0 279.0 180.0 
226.0 226.0 181.0 136.0 135.0 68.0 68.0 135.0 0 41.0 82.0 82.0 41.0 93.0 144.0 93.0 194.0 243.0 243.0 194.0 243.0 194.0 145.0 144.0 181.0 
267.0 267.0 222.0 177.0 176.0 109.0 109.0 176.0 41.0 0 41.0 82.0 82.0 134.0 185.0 134.0 235.0 284.0 284.0 235.0 284.0 235.0 186.0 185.0 222.0 
308.0 308.0 263.0 218.0 217.0 150.0 150.0 217.0 82.0 41.0 0 41.0 82.0 134.0 185.0 134.0 235.0 284.0 284.0 235.0 284.0 235.0 186.0 185.0 263.0 
308.0 308.0 263.0 218.0 217.0 150.0 150.0 217.0 82.0 82.0 41.0 0 41.0 93.0 144.0 93.0 194.0 243.0 243.0 194.0 243.0 194.0 145.0 144.0 263.0 
267.0 267.0 222.0 177.0 176.0 109.0 109.0 176.0 41.0 82.0 82.0 41.0 0 52.0 103.0 52.0 153.0 202.0 202.0 153.0 202.0 153.0 104.0 103.0 222.0 
319.0 319.0 274.0 229.0 228.0 161.0 161.0 228.0 93.0 134.0 134.0 93.0 52.0 0 51.0 102.0 152.0 201.0 201.0 152.0 201.0 152.0 103.0 102.0 274.0 
370.0 370.0 325.0 280.0 279.0 212.0 212.0 279.0 144.0 185.0 185.0 144.0 103.0 51.0 0 51.0 101.0 150.0 150.0 101.0 150.0 101.0 52.0 51.0 325.0 
319.0 319.0 274.0 229.0 228.0 161.0 161.0 228.0 93.0 134.0 134.0 93.0 52.0 102.0 51.0 0 101.0 150.0 150.0 101.0 150.0 101.0 52.0 51.0 274.0 
420.0 420.0 375.0 330.0 329.0 262.0 262.0 329.0 194.0 235.0 235.0 194.0 153.0 152.0 101.0 101.0 0 49.0 98.0 49.0 98.0 98.0 49.0 50.0 375.0 
469.0 469.0 424.0 379.0 378.0 311.0 311.0 378.0 243.0 284.0 284.0 243.0 202.0 201.0 150.0 150.0 49.0 0 49.0 98.0 98.0 49.0 98.0 99.0 424.0 
469.0 469.0 424.0 379.0 378.0 311.0 311.0 378.0 243.0 284.0 284.0 243.0 202.0 201.0 150.0 150.0 98.0 49.0 0 49.0 49.0 98.0 98.0 99.0 424.0 
420.0 420.0 375.0 330.0 329.0 262.0 262.0 329.0 194.0 235.0 235.0 194.0 153.0 152.0 101.0 101.0 49.0 98.0 49.0 0 49.0 98.0 49.0 50.0 375.0 
469.0 469.0 424.0 379.0 378.0 311.0 311.0 378.0 243.0 284.0 284.0 243.0 202.0 201.0 150.0 150.0 98.0 98.0 49.0 49.0 0 49.0 98.0 99.0 424.0 
420.0 420.0 375.0 330.0 329.0 262.0 262.0 329.0 194.0 235.0 235.0 194.0 153.0 152.0 101.0 101.0 98.0 49.0 98.0 98.0 49.0 0 49.0 50.0 375.0 
371.0 371.0 326.0 281.0 280.0 213.0 213.0 280.0 145.0 186.0 186.0 145.0 104.0 103.0 52.0 52.0 49.0 98.0 98.0 49.0 98.0 49.0 0 1.0 326.0 
370.0 370.0 325.0 280.0 279.0 212.0 212.0 279.0 144.0 185.0 185.0 144.0 103.0 102.0 51.0 51.0 50.0 99.0 99.0 50.0 99.0 50.0 1.0 0 325.0 
45.0 45.0 90.0 45.0 46.0 113.0 180.0 180.0 181.0 222.0 263.0 263.0 222.0 274.0 325.0 274.0 375.0 424.0 424.0 375.0 424.0 375.0 326.0 325.0 0 
