8
4 5 17 28 35 30 46 0
0 55.0 111.0 377.0 378.0 473.0 559.0 55.0 
55.0 0 56.0 322.0 323.0 418.0 504.0 110.0 
111.0 56.0 0 266.0 267.0 362.0 448.0 111.0 
377.0 322.0 266.0 0 1.0 96.0 182.0 377.0 
378.0 323.0 267.0 1.0 0 95.0 181.0 378.0 
473.0 418.0 362.0 96.0 95.0 0 86.0 473.0 
559.0 504.0 448.0 182.0 181.0 86.0 0 559.0 
55.0 110.0 111.0 377.0 378.0 473.0 559.0 0 
