43
71 68 95 84 75 94 40 38 28 30 24 20 5 6 7 8 87 67 86 37 33 23 21 19 79 96 47 49 51 53 63 65 15 14 13 10 62 60 52 54 44 99 97
0 204463422.4611 476517508.59084 648149899.85252 581403940.02814 816536337.45192 991552823.72222 961147261.88451 977673701.64773 933108014.18107 952324741.97549 878130077.86839 593231685.89748 493097108.45021 483922014.79314 416536661.49814 491356792.92467 235543624.67927 498475656.30383 779793224.46875 733120043.68695 798691423.41344 789955165.77728 789455517.93432 676032590.41306 669156512.0829 965117222.70536 969918823.88371 957685744.81615 1008048411.57609 1049103558.21128 1053225155.23039 1032235331.90954 1026324492.69963 959902754.77429 845865957.86007 1168764564.15544 1174150455.41708 1136509559.94723 1164449322.92625 1121961909.95006 1017818057.93497 27688102.46798 
204463422.4611 0 276343855.8898 496618608.01465 479743475.74363 676467013.84424 915942396.66892 905465437.73564 964899066.0861 929861700.94524 978998153.22287 936249299.8056 702723321.93161 598015476.75953 588318925.50728 516322152.07271 641006151.36988 378873883.83211 702152575.43703 983880443.67383 934403116.21654 982047952.9361 970827957.7045 963362783.32081 786557357.2206 763414063.95677 953851654.61058 957338313.60142 940816524.13397 980946563.18719 975859605.42378 978897359.56982 889138205.38804 883156440.45083 815876438.73804 700044124.34956 980568781.78108 984379147.34443 938213790.84821 964555313.01733 917511328.63422 817320837.30123 197884989.19701 
476517508.59084 276343855.8898 0 309335385.5537 392139032.77969 486330019.83368 807366688.92433 826753770.90721 941910819.24584 922443411.14909 1007862729.41132 1008525356.18597 854202851.2156 754737110.06463 745598633.70175 678230478.60329 840468956.04266 598795440.20617 974671754.25517 1255181643.29451 1191476417.13172 1209424712.94444 1194954938.10882 1178269761.49527 1024682277.44958 991146093.67226 1073839701.00438 1075608820.19872 1055034599.23135 1080567441.73128 1014295494.53402 1015564690.6221 814874825.1687 809185568.91664 745511035.64481 637623285.92291 791984215.07153 790789622.8992 715805443.37867 734700066.89576 656689086.67596 541497596.11023 473153297.77487 
648149899.85252 496618608.01465 309335385.5537 0 176483515.86578 182732715.68693 507984936.49695 541888994.08852 689508971.94848 683757460.18952 795037677.53218 837579600.47197 788088645.92375 708891867.0187 701896027.91255 652117856.79678 838600073.14485 662155482.44677 1108945427.21663 1373845886.81076 1266561410.18215 1222731938.48245 1203382522.29276 1172345473.29859 1283111754.05654 1258431126.5553 1381520610.7667 1383473832.23071 1363228451.80642 1389711424.46387 1319997150.01277 1320987776.43696 1089050933.37466 1083707828.99982 1024097736.16724 923941439.0563 976338659.97186 968939078.04159 857407012.98746 860883132.8735 711530422.4366 515667810.3081 657297605.90946 
581403940.02814 479743475.74363 392139032.77969 176483515.86578 0 262425458.89096 438421803.3902 441015428.68425 551086190.87485 535450841.7472 634224607.48946 665064014.87598 617203154.17892 543813731.36612 537542651.87519 494452127.47783 682038817.64851 538215720.61905 998138433.65207 1250451160.16215 1127028835.73895 1063972851.07837 1043544323.70594 1009256168.14044 1248990356.6585 1233315736.95398 1420044311.41704 1422865936.71271 1404531162.38767 1438285375.68067 1395682090.91047 1397452399.57379 1205362315.47504 1199743235.30353 1136797488.26194 1029712244.81554 1132630101.63491 1126852053.84858 1022578541.1675 1028834880.39145 886446158.94628 692078542.86858 597107055.06659 
816536337.45192 676467013.84424 486330019.83368 182732715.68693 262425458.89096 0 377335300.29226 437532659.31763 619701627.62951 629622502.78688 759664283.05672 835311281.38563 858395303.41552 795251063.08661 789850523.59872 752452402.6679 939387539.09593 799033937.01551 1256780763.97088 1512221237.75247 1389037927.52338 1318111001.46682 1296837558.93884 1259434793.50022 1462798273.16616 1439478377.68377 1560169713.39824 1561931681.90538 1541301405.68874 1565895512.87004 1486607243.87127 1487234806.21826 1231554115.08093 1226502587.10868 1170289656.7827 1076489509.27274 1069510326.93099 1058965700.21021 932377331.25634 927352712.07159 748943014.40242 529533633.41521 828068104.33571 
991552823.72222 915942396.66892 807366688.92433 507984936.49695 438421803.3902 377335300.29226 0 99206335.71076 303569296.07666 340850648.78446 483907576.65817 610797276.02545 778209924.78038 759959878.84821 758978754.03867 755556216.93973 916520061.53349 881782315.56284 1331943560.2834 1546831117.7562 1385012714.6011 1250962811.79386 1226499611.76505 1176885162.41762 1667425063.95798 1657386563.57485 1857958173.73308 1860685869.16239 1842093875.68176 1874590495.71024 1821517491.71532 1822851904.7401 1595675340.47505 1590409165.66938 1531539796.80914 1431924613.80791 1446728345.93585 1435989800.30163 1307609756.59284 1300661335.94324 1114110865.28952 890233702.79386 1011368901.94109 
961147261.88451 905465437.73564 826753770.90721 541888994.08852 441015428.68425 437532659.31763 99206335.71076 0 206229762.26651 241658837.88657 384757791.31414 512826517.83932 696760639.52478 687372544.68024 687304147.9664 691064789.97099 842807400.53787 831315206.51767 1272088481.84079 1476902601.1918 1309168267.59813 1165875776.31604 1141118128.52009 1090103855.92722 1636248193.94415 1630098924.37894 1856148394.41495 1859242998.11802 1841554734.67577 1877118504.85275 1836294187.86004 1837983480.71479 1629497613.25431 1624075939.16285 1563376980.39006 1460226826.96336 1502800524.48654 1493151966.66746 1369196682.94602 1364819750.52591 1184570953.34811 962520671.41201 982726389.25496 
977673701.64773 964899066.0861 941910819.24584 689508971.94848 551086190.87485 619701627.62951 303569296.07666 206229762.26651 0 59753266.78699 187044599.60711 333816045.88711 587927661.25272 608351565.28118 611116655.69031 635910260.21302 753259643.46935 806137937.64368 1210703288.48284 1385572274.12294 1202975453.72192 1032482570.91101 1007059006.80391 951905745.12012 1637957497.04412 1640382736.77321 1916593485.42437 1920379501.77139 1904598359.07317 1945805142.04262 1928259546.97435 1930584313.69577 1756258623.86659 1750618862.2322 1687347796.60796 1579194090.5627 1665077098.95073 1657053359.61314 1539980774.7465 1539109110.77985 1367850185.79896 1149223799.31449 1002393045.16809 
933108014.18107 929861700.94524 922443411.14909 683757460.18952 535450841.7472 629622502.78688 340850648.78446 241658837.88657 59753266.78699 0 143198936.64166 279513085.1012 528573436.44672 551201024.88209 554251305.55833 581474678.63631 694715164.89564 755069329.98223 1153764676.04419 1326340565.46969 1143312112.84447 973092390.91336 947688034.00019 892725429.52922 1588781880.51352 1592680035.51026 1878700371.458 1882641981.19258 1867334632.15429 1909830474.93424 1898350911.35228 1900847391.41272 1737289641.00891 1731588098.72737 1667595133.58873 1558070896.49965 1659971542.05599 1652694181.90014 1539110284.7755 1539989172.66698 1374033925.55565 1158107259.77668 958322725.90732 
952324741.97549 978998153.22287 1007862729.41132 795037677.53218 634224607.48946 759664283.05672 483907576.65817 384757791.31414 187044599.60711 143198936.64166 0 158446618.09035 467228151.51666 515596505.14647 520913951.99917 564053642.2822 641114246.9083 750767387.80437 1109303657.71089 1256653210.70094 1064637989.06216 875531304.16678 849957601.26992 792491845.08578 1584291097.2694 1594288467.22751 1912980227.73077 1917375279.97624 1903535736.41602 1949648037.22555 1954559873.17981 1957481511.7736 1818886566.16463 1813077617.49532 1747821667.16146 1635858283.64036 1766630729.94449 1760525502.26186 1652375028.86513 1655682335.94641 1496879931.4478 1284578457.66876 978954700.70341 
878130077.86839 936249299.8056 1008525356.18597 837579600.47197 665064014.87598 835311281.38563 610797276.02545 512826517.83932 333816045.88711 279513085.1012 158446618.09035 0 335884570.50342 404870820.29129 412021901.88088 467993625.5714 509416419.2614 658999577.66313 977170558.23077 1108520371.05858 913030120.24144 718203204.98775 692636949.57021 634779246.35866 1479824387.62543 1495102733.4876 1843182590.64054 1848021682.14773 1835785629.81191 1885438913.11915 1908400041.5812 1911793288.33442 1804730610.64586 1798819351.76288 1732365705.54907 1618116087.49385 1788754017.95927 1784550865.06898 1686031803.50754 1693473994.06555 1548802631.40408 1345375659.53525 905598355.49007 
593231685.89748 702723321.93161 854202851.2156 788088645.92375 617203154.17892 858395303.41552 778209924.78038 696760639.52478 587927661.25272 528573436.44672 467228151.51666 335884570.50342 0 104707967.3914 114404532.1627 186401421.85816 174472868.89218 358803824.1963 643217008.53212 797843414.66021 616855794.64391 475412788.36218 451724917.32765 406916460.56837 1150598887.16542 1169628154.82233 1545577302.35237 1550920528.54968 1540761013.58354 1594475824.29084 1642118446.00764 1646168824.75131 1591860277.62101 1585878508.94721 1518598461.43315 1402766047.56515 1644430130.072 1644137564.55373 1567828868.94852 1583704470.6197 1473844396.91456 1298159745.76739 620732489.44655 
493097108.45021 598015476.75953 754737110.06463 708891867.0187 543813731.36612 795251063.08661 759959878.84821 687372544.68024 608351565.28118 551201024.88209 515596505.14647 404870820.29129 104707967.3914 0 9696564.7723 81693454.46776 156708151.72904 261462064.27957 602573152.1477 789657989.70559 625679494.48645 523024788.9803 501590481.85174 465492150.63472 1075365562.19402 1090242419.2007 1451210319.99233 1456394022.6341 1445570324.9121 1498157335.42397 1540829595.08025 1544789185.32123 1487152310.23061 1481170541.55681 1413890494.04274 1298058080.17475 1543293006.21924 1543387138.47555 1469765154.62338 1486688298.76929 1382447904.93007 1212773867.38011 520734085.93613 
483922014.79314 588318925.50728 745598633.70175 701896027.91255 537542651.87519 789850523.59872 758978754.03867 687304147.9664 611116655.69031 554251305.55833 520913951.99917 412021901.88088 114404532.1627 9696564.7723 0 71996889.69645 158499036.74096 252745742.21122 599595496.13548 789598453.22639 627375061.95651 528267469.33351 507054830.12432 471725141.1667 1068649631.7584 1083108602.96194 1442543589.53827 1447711208.58597 1436822104.00857 1489294976.1412 1531472927.29635 1535423443.85937 1477455745.45931 1471473976.7855 1404193929.27144 1288361515.40345 1533951364.61744 1534083879.84262 1460730548.05459 1477757159.33719 1374080174.34755 1205020855.21064 511569003.92439 
416536661.49814 516322152.07271 678230478.60329 652117856.79678 494452127.47783 752452402.6679 755556216.93973 691064789.97099 635910260.21302 581474678.63631 564053642.2822 467993625.5714 186401421.85816 81693454.46776 71996889.69645 0 187603370.10016 191005959.23023 582080415.39677 792874056.49531 644404035.87827 570851719.04834 551280116.39893 521325804.8041 1020284698.83449 1031448862.86438 1378622325.3738 1383662650.55246 1372265406.41233 1423832190.45016 1462138311.68462 1466017464.88182 1405458855.76385 1399477087.09004 1332197039.57598 1216364625.70799 1464734072.95182 1465166817.57611 1393926940.20259 1411759470.51011 1312522021.11528 1148378895.1129 444224761.47628 
491356792.92467 641006151.36988 840468956.04266 838600073.14485 682038817.64851 939387539.09593 916520061.53349 842807400.53787 753259643.46935 694715164.89564 641114246.9083 509416419.2614 174472868.89218 156708151.72904 158499036.74096 187603370.10016 0 263619392.73565 468746327.36717 635687104.95312 468988221.60774 384246043.12555 365515648.92404 340170499.89609 988839221.41476 1012086076.04922 1411605462.86975 1417327730.42113 1408927965.6376 1465547170.72592 1531678092.11305 1536177617.16123 1519320880.06232 1513370371.40954 1446459683.19266 1331350399.79555 1614367832.13109 1616411695.4885 1554348459.37485 1574800700.86864 1486369741.13416 1329406047.01533 517150532.78459 
235543624.67927 378873883.83211 598795440.20617 662155482.44677 538215720.61905 799033937.01551 881782315.56284 831315206.51767 806137937.64368 755069329.98223 750767387.80437 658999577.66313 358803824.1963 261462064.27957 252745742.21122 191005959.23023 263619392.73565 0 461746522.32449 713783174.86577 608524784.67184 611678407.24642 598288490.66626 586563589.63461 835413378.92293 843580100.88888 1189801243.89336 1194965613.30001 1184108368.65396 1236826707.35157 1284478908.47277 1288639186.89962 1256250058.18761 1250292492.78127 1183301492.34827 1068051852.77841 1356910358.17308 1359824502.66101 1304554599.24359 1327424127.74769 1254115549.00071 1115473944.42289 262763112.08702 
498475656.30383 702152575.43703 974671754.25517 1108945427.21663 998138433.65207 1256780763.97088 1331943560.2834 1272088481.84079 1210703288.48284 1153764676.04419 1109303657.71089 977170558.23077 643217008.53212 602573152.1477 599595496.13548 582080415.39677 468746327.36717 461746522.32449 0 282212263.11982 297536505.79536 486438028.25715 493880068.18915 530479400.19012 593078369.4784 636378940.89222 1111288188.63477 1118136797.04875 1116762866.33293 1181128684.16585 1308661875.28273 1314435080.9037 1418199439.11768 1412727892.5312 1351484429.88054 1247502790.33893 1628896934.20003 1637149516.72414 1616470363.47634 1647607031.30909 1618183491.90075 1515418268.34311 504761814.49643 
779793224.46875 983880443.67383 1255181643.29451 1373845886.81076 1250451160.16215 1512221237.75247 1546831117.7562 1476902601.1918 1385572274.12294 1326340565.46969 1256653210.70094 1108520371.05858 797843414.66021 789657989.70559 789598453.22639 792874056.49531 635687104.95312 713783174.86577 282212263.11982 0 207191754.35739 451947052.97474 471889958.34857 528335643.41485 737815348.11926 796430502.72751 1296022613.30671 1303288196.87375 1306242223.11289 1372687573.75041 1527158840.68417 1533335673.78133 1675213776.54526 1669940532.3823 1610970610.63792 1511072834.6804 1904689866.46577 1913615957.44161 1896702676.67779 1928403537.90407 1900345282.09064 1795019790.87399 786783411.75506 
733120043.68695 934403116.21654 1191476417.13172 1266561410.18215 1127028835.73895 1389037927.52338 1385012714.6011 1309168267.59813 1202975453.72192 1143312112.84447 1064637989.06216 913030120.24144 616855794.64391 625679494.48645 627375061.95651 644404035.87827 468988221.60774 608524784.67184 297536505.79536 207191754.35739 0 247014381.74616 265715562.26667 321328568.2544 866272147.30079 916804099.72438 1403131745.27615 1410109802.09675 1409808564.51408 1474814624.53534 1606140476.32722 1611927192.40135 1707199524.03122 1701623259.28079 1639101082.43876 1532404533.92254 1895660902.33644 1902334547.31281 1869505088.40946 1897557898.62822 1847128342.85452 1720886345.20056 746929550.19879 
798691423.41344 982047952.9361 1209424712.94444 1222731938.48245 1063972851.07837 1318111001.46682 1250962811.79386 1165875776.31604 1032482570.91101 973092390.91336 875531304.16678 718203204.98775 475412788.36218 523024788.9803 528267469.33351 570851719.04834 384246043.12555 611678407.24642 486438028.25715 451947052.97474 247014381.74616 0 25573702.89786 84944891.27393 1078745974.95729 1122804244.50601 1590900277.73112 1597553735.74753 1594576495.64715 1657551239.70808 1766938045.78215 1772294205.222 1821006181.85188 1815204016.31087 1750027358.06264 1638214728.88123 1962386225.22251 1966409566.30877 1915669270.45373 1938996612.75866 1862203491.97546 1711488499.21525 819123131.27888 
789955165.77728 970827957.7045 1194954938.10882 1203382522.29276 1043544323.70594 1296837558.93884 1226499611.76505 1141118128.52009 1007059006.80391 947688034.00019 849957601.26992 692636949.57021 451724917.32765 501590481.85174 507054830.12432 551280116.39893 365515648.92404 598288490.66626 493880068.18915 471889958.34857 265715562.26667 25573702.89786 0 60108622.60674 1086867259.98602 1129766315.37824 1594424896.82935 1601023756.95001 1597656517.98052 1660275887.75863 1766558367.23232 1771853632.42322 1814966004.07258 1809144466.9864 1743741332.75669 1631497955.72039 1951384385.49561 1955151451.85603 1902790475.81968 1925674894.40112 1846678357.80987 1694135787.2491 810938102.04309 
789455517.93432 963362783.32081 1178269761.49527 1172345473.29859 1009256168.14044 1259434793.50022 1176885162.41762 1090103855.92722 951905745.12012 892725429.52922 792491845.08578 634779246.35866 406916460.56837 465492150.63472 471725141.1667 521325804.8041 340170499.89609 586563589.63461 530479400.19012 528335643.41485 321328568.2544 84944891.27393 60108622.60674 0 1122926043.75093 1163486184.16778 1620580882.53442 1627058634.72343 1622865685.19105 1684674635.40075 1784075276.96406 1789230219.703 1819289734.53414 1813425934.92421 1747527824.9406 1634338469.7747 1943208170.64114 1946307239.06104 1889706478.97552 1911387591.34149 1826381837.00513 1668695422.69959 811734906.91121 
676032590.41306 786557357.2206 1024682277.44958 1283111754.05654 1248990356.6585 1462798273.16616 1667425063.95798 1636248193.94415 1637957497.04412 1588781880.51352 1584291097.2694 1479824387.62543 1150598887.16542 1075365562.19402 1068649631.7584 1020284698.83449 988839221.41476 835413378.92293 593078369.4784 737815348.11926 866272147.30079 1078745974.95729 1086867259.98602 1122926043.75093 0 68082098.18526 564592945.18456 572006255.85482 578004838.6194 644771090.67393 827225999.80356 833852548.15265 1070160762.10528 1066034218.18463 1020886866.73983 949320111.03586 1397589287.60591 1412609504.58582 1446275267.25746 1487109994.54782 1536090253.4527 1515938697.05966 656135564.73573 
669156512.0829 763414063.95677 991146093.67226 1258431126.5553 1233315736.95398 1439478377.68377 1657386563.57485 1630098924.37894 1640382736.77321 1592680035.51026 1594288467.22751 1495102733.4876 1169628154.82233 1090242419.2007 1083108602.96194 1031448862.86438 1012086076.04922 843580100.88888 636378940.89222 796430502.72751 916804099.72438 1122804244.50601 1129766315.37824 1163486184.16778 68082098.18526 0 501362312.15348 508725877.80312 513668402.71376 580461557.76518 759633888.80574 766244991.85313 1003968876.33785 999910102.84943 955651579.42149 886268234.26906 1336128754.16051 1351496635.66547 1388571550.32224 1429879425.04 1484518398.05979 1471556481.79899 647398985.6243 
965117222.70536 953851654.61058 1073839701.00438 1381520610.7667 1420044311.41704 1560169713.39824 1857958173.73308 1856148394.41495 1916593485.42437 1878700371.458 1912980227.73077 1843182590.64054 1545577302.35237 1451210319.99233 1442543589.53827 1378622325.3738 1411605462.86975 1189801243.89336 1111288188.63477 1296022613.30671 1403131745.27615 1590900277.73112 1594424896.82935 1620580882.53442 564592945.18456 501362312.15348 0 7465891.73312 28164941.36762 83749228.13942 310067363.85073 316684186.58922 675879605.54137 674230514.63111 659146236.77056 648888752.67359 1078071675.02569 1098058852.50904 1183176329.45036 1228198884.92859 1349287651.11395 1413188315.65826 937727552.79338 
969918823.88371 957338313.60142 1075608820.19872 1383473832.23071 1422865936.71271 1561931681.90538 1860685869.16239 1859242998.11802 1920379501.77139 1882641981.19258 1917375279.97624 1848021682.14773 1550920528.54968 1456394022.6341 1447711208.58597 1383662650.55246 1417327730.42113 1194965613.30001 1118136797.04875 1303288196.87375 1410109802.09675 1597553735.74753 1601023756.95001 1627058634.72343 572006255.85482 508725877.80312 7465891.73312 0 24771202.4207 76437351.35042 303822196.14102 310418361.68627 671537574.36795 669940606.85592 655479939.80035 646425900.44701 1074395052.77676 1094439090.07185 1180271700.31837 1225308917.64667 1347354500.37705 1412400238.71439 942505302.39097 
957685744.81615 940816524.13397 1055034599.23135 1363228451.80642 1404531162.38767 1541301405.68874 1842093875.68176 1841554734.67577 1904598359.07317 1867334632.15429 1903535736.41602 1835785629.81191 1540761013.58354 1445570324.9121 1436822104.00857 1372265406.41233 1408927965.6376 1184108368.65396 1116762866.33293 1306242223.11289 1409808564.51408 1594576495.64715 1597656517.98052 1622865685.19105 578004838.6194 513668402.71376 28164941.36762 24771202.4207 0 66795799.2753 284378627.24291 291049605.66649 647728900.768 646073085.50706 631065738.71729 621656223.22218 1049990476.29997 1069997996.83297 1155538866.92112 1200573285.60197 1322668860.64311 1388342479.46156 930191158.0607 
1008048411.57609 980946563.18719 1080567441.73128 1389711424.46387 1438285375.68067 1565895512.87004 1874590495.71024 1877118504.85275 1945805142.04262 1909830474.93424 1949648037.22555 1885438913.11915 1594475824.29084 1498157335.42397 1489294976.1412 1423832190.45016 1465547170.72592 1236826707.35157 1181128684.16585 1372687573.75041 1474814624.53534 1657551239.70808 1660275887.75863 1684674635.40075 644771090.67393 580461557.76518 83749228.13942 76437351.35042 66795799.2753 0 234321479.26203 240684099.65579 617332085.35924 616225557.94487 607709243.92936 610389595.06317 1025304069.5832 1045839791.04719 1138221366.30683 1183324464.62272 1314340364.9704 1390527456.33071 980433902.86898 
1049103558.21128 975859605.42378 1014295494.53402 1319997150.01277 1395682090.91047 1486607243.87127 1821517491.71532 1836294187.86004 1928259546.97435 1898350911.35228 1954559873.17981 1908400041.5812 1642118446.00764 1540829595.08025 1531472927.29635 1462138311.68462 1531678092.11305 1284478908.47277 1308661875.28273 1527158840.68417 1606140476.32722 1766938045.78215 1766558367.23232 1784075276.96406 827225999.80356 759633888.80574 310067363.85073 303822196.14102 284378627.24291 234321479.26203 0 6791186.77143 403154867.57773 403199242.0728 409757417.21508 445298186.7155 815624635.22244 836970764.00489 942549591.33063 987319242.86307 1137901256.44973 1241384503.17175 1021747121.59967 
1053225155.23039 978897359.56982 1015564690.6221 1320987776.43696 1397452399.57379 1487234806.21826 1822851904.7401 1837983480.71479 1930584313.69577 1900847391.41272 1957481511.7736 1911793288.33442 1646168824.75131 1544789185.32123 1535423443.85937 1466017464.88182 1536177617.16123 1288639186.89962 1314435080.9037 1533335673.78133 1611927192.40135 1772294205.222 1771853632.42322 1789230219.703 833852548.15265 766244991.85313 316684186.58922 310418361.68627 291049605.66649 240684099.65579 6791186.77143 0 398890916.00418 399014590.94375 406511522.07173 443687897.16322 811343068.31753 832726638.72032 938954999.52597 983691153.67191 1135117795.17385 1239675984.10239 1025891282.65331 
1032235331.90954 889138205.38804 814874825.1687 1089050933.37466 1205362315.47504 1231554115.08093 1595675340.47505 1629497613.25431 1756258623.86659 1737289641.00891 1818886566.16463 1804730610.64586 1591860277.62101 1487152310.23061 1477455745.45931 1405458855.76385 1519320880.06232 1256250058.18761 1418199439.11768 1675213776.54526 1707199524.03122 1821006181.85188 1814966004.07258 1819289734.53414 1070160762.10528 1003968876.33785 675879605.54137 671537574.36795 647728900.768 617332085.35924 403154867.57773 398890916.00418 0 5981768.6748 73261816.18886 189094230.05685 412469767.64571 433835761.08161 544823927.22269 588952968.94306 755494962.63807 890556621.66124 1008622764.66779 
1026324492.69963 883156440.45083 809185568.91664 1083707828.99982 1199743235.30353 1226502587.10868 1590409165.66938 1624075939.16285 1750618862.2322 1731588098.72737 1813077617.49532 1798819351.76288 1585878508.94721 1481170541.55681 1471473976.7855 1399477087.09004 1513370371.40954 1250292492.78127 1412727892.5312 1669940532.3823 1701623259.28079 1815204016.31087 1809144466.9864 1813425934.92421 1066034218.18463 999910102.84943 674230514.63111 669940606.85592 646073085.50706 616225557.94487 403199242.0728 399014590.94375 5981768.6748 0 67280047.51506 183112461.38305 412513140.12789 433794520.52417 543569817.34165 587793019.92906 753195900.3708 887106028.48784 1002725586.11512 
959902754.77429 815876438.73804 745511035.64481 1024097736.16724 1136797488.26194 1170289656.7827 1531539796.80914 1563376980.39006 1687347796.60796 1667595133.58873 1747821667.16146 1732365705.54907 1518598461.43315 1413890494.04274 1404193929.27144 1332197039.57598 1446459683.19266 1183301492.34827 1351484429.88054 1610970610.63792 1639101082.43876 1750027358.06264 1743741332.75669 1747527824.9406 1020886866.73983 955651579.42149 659146236.77056 655479939.80035 631065738.71729 607709243.92936 409757417.21508 406511522.07173 73261816.18886 67280047.51506 0 115832413.86899 418925533.87549 438980968.64249 533895807.45456 578858550.22627 730219332.51416 850231731.88862 936470876.10382 
845865957.86007 700044124.34956 637623285.92291 923941439.0563 1029712244.81554 1076489509.27274 1431924613.80791 1460226826.96336 1579194090.5627 1558070896.49965 1635858283.64036 1618116087.49385 1402766047.56515 1298058080.17475 1288361515.40345 1216364625.70799 1331350399.79555 1068051852.77841 1247502790.33893 1511072834.6804 1532404533.92254 1638214728.88123 1631497955.72039 1634338469.7747 949320111.03586 886268234.26906 648888752.67359 646425900.44701 621656223.22218 610389595.06317 445298186.7155 443687897.16322 189094230.05685 183112461.38305 115832413.86899 0 453748759.84646 470858640.73017 536944751.18185 581671860.90977 704095459.04224 796122084.36169 822793688.9448 
1168764564.15544 980568781.78108 791984215.07153 976338659.97186 1132630101.63491 1069510326.93099 1446728345.93585 1502800524.48654 1665077098.95073 1659971542.05599 1766630729.94449 1788754017.95927 1644430130.072 1543293006.21924 1533951364.61744 1464734072.95182 1614367832.13109 1356910358.17308 1628896934.20003 1904689866.46577 1895660902.33644 1962386225.22251 1951384385.49561 1943208170.64114 1397589287.60591 1336128754.16051 1078071675.02569 1074395052.77676 1049990476.29997 1025304069.5832 815624635.22244 811343068.31753 412469767.64571 412513140.12789 418925533.87549 453748759.84646 0 22147836.05318 167388285.68881 202098978.65526 407942890.33557 603561052.44133 1151728005.99445 
1174150455.41708 984379147.34443 790789622.8992 968939078.04159 1126852053.84858 1058965700.21021 1435989800.30163 1493151966.66746 1657053359.61314 1652694181.90014 1760525502.26186 1784550865.06898 1644137564.55373 1543387138.47555 1534083879.84262 1465166817.57611 1616411695.4885 1359824502.66101 1637149516.72414 1913615957.44161 1902334547.31281 1966409566.30877 1955151451.85603 1946307239.06104 1412609504.58582 1351496635.66547 1098058852.50904 1094439090.07185 1069997996.83297 1045839791.04719 836970764.00489 832726638.72032 433835761.08161 433794520.52417 438980968.64249 470858640.73017 22147836.05318 0 148346529.80304 181406248.62716 388965497.38003 587565502.29846 1157518973.26731 
1136509559.94723 938213790.84821 715805443.37867 857407012.98746 1022578541.1675 932377331.25634 1307609756.59284 1369196682.94602 1539980774.7465 1539110284.7755 1652375028.86513 1686031803.50754 1567828868.94852 1469765154.62338 1460730548.05459 1393926940.20259 1554348459.37485 1304554599.24359 1616470363.47634 1896702676.67779 1869505088.40946 1915669270.45373 1902790475.81968 1889706478.97552 1446275267.25746 1388571550.32224 1183176329.45036 1180271700.31837 1155538866.92112 1138221366.30683 942549591.33063 938954999.52597 544823927.22269 543569817.34165 533895807.45456 536944751.18185 167388285.68881 148346529.80304 0 45103098.31688 240652860.71935 443305328.89538 1122778425.20448 
1164449322.92625 964555313.01733 734700066.89576 860883132.8735 1028834880.39145 927352712.07159 1300661335.94324 1364819750.52591 1539109110.77985 1539989172.66698 1655682335.94641 1693473994.06555 1583704470.6197 1486688298.76929 1477757159.33719 1411759470.51011 1574800700.86864 1327424127.74769 1647607031.30909 1928403537.90407 1897557898.62822 1938996612.75866 1925674894.40112 1911387591.34149 1487109994.54782 1429879425.04 1228198884.92859 1225308917.64667 1200573285.60197 1183324464.62272 987319242.86307 983691153.67191 588952968.94306 587793019.92906 578858550.22627 581671860.90977 202098978.65526 181406248.62716 45103098.31688 0 212430786.87713 425510380.72771 1151462651.30505 
1121961909.95006 917511328.63422 656689086.67596 711530422.4366 886446158.94628 748943014.40242 1114110865.28952 1184570953.34811 1367850185.79896 1374033925.55565 1496879931.4478 1548802631.40408 1473844396.91456 1382447904.93007 1374080174.34755 1312522021.11528 1486369741.13416 1254115549.00071 1618183491.90075 1900345282.09064 1847128342.85452 1862203491.97546 1846678357.80987 1826381837.00513 1536090253.4527 1484518398.05979 1349287651.11395 1347354500.37705 1322668860.64311 1314340364.9704 1137901256.44973 1135117795.17385 755494962.63807 753195900.3708 730219332.51416 704095459.04224 407942890.33557 388965497.38003 240652860.71935 212430786.87713 0 224757761.18881 1113658355.37631 
1017818057.93497 817320837.30123 541497596.11023 515667810.3081 692078542.86858 529533633.41521 890233702.79386 962520671.41201 1149223799.31449 1158107259.77668 1284578457.66876 1345375659.53525 1298159745.76739 1212773867.38011 1205020855.21064 1148378895.1129 1329406047.01533 1115473944.42289 1515418268.34311 1795019790.87399 1720886345.20056 1711488499.21525 1694135787.2491 1668695422.69959 1515938697.05966 1471556481.79899 1413188315.65826 1412400238.71439 1388342479.46156 1390527456.33071 1241384503.17175 1239675984.10239 890556621.66124 887106028.48784 850231731.88862 796122084.36169 603561052.44133 587565502.29846 443305328.89538 425510380.72771 224757761.18881 0 1014607890.25404 
27688102.46798 197884989.19701 473153297.77487 657297605.90946 597107055.06659 828068104.33571 1011368901.94109 982726389.25496 1002393045.16809 958322725.90732 978954700.70341 905598355.49007 620732489.44655 520734085.93613 511569003.92439 444224761.47628 517150532.78459 262763112.08702 504761814.49643 786783411.75506 746929550.19879 819123131.27888 810938102.04309 811734906.91121 656135564.73573 647398985.6243 937727552.79338 942505302.39097 930191158.0607 980433902.86898 1021747121.59967 1025891282.65331 1008622764.66779 1002725586.11512 936470876.10382 822793688.9448 1151728005.99445 1157518973.26731 1122778425.20448 1151462651.30505 1113658355.37631 1014607890.25404 0 
