23
22 26 42 32 7 8 29 31 49 25 45 47 36 38 43 34 4 2 10 16 12 11 40
0 122874697.98293 206071414.99005 567862537.03512 696379160.66716 699761148.09168 1033967990.19267 996236521.64024 1064787359.87761 1238207833.81158 865596002.13885 1066964806.25598 851079204.55381 901809376.58474 924857771.92817 1397192946.80478 1450002912.49681 1598178620.21833 1517925210.44705 1352940682.04755 1500605717.96712 1805309273.53504 548765327.37773 
122874697.98293 0 328946112.97298 473297073.21220005 618041225.05832 618171211.6443601 940000655.92637 908872473.13358 997495781.03076 1158743960.97681 823764421.57613 1034999592.81833 855752377.55598 905240899.7044301 987870211.62835 1419907480.2016401 1508079650.05927 1659454540.06748 1640799908.42998 1446255978.33937 1615008356.31286 1893857946.22609 671640025.3606601 
206071414.99005 328946112.97298 0 506110163.89972997 607177901.9912701 616314418.58971 857286310.65588 822217950.03849 867593619.63486 1044519812.25489 659533081.31755 870768252.55975 664999159.05547 714663108.2359099 797292420.15983 1228366106.3446002 1327554083.63198 1481019437.28169 1548483495.50003 1304007104.75801 1472759482.7315 1703280154.7575698 754836742.36778 
567862537.03512 473297073.21220005 506110163.89972997 0 300361687.38110995 309498203.97955 498691524.69686 515401735.42832994 630524197.53644 748588379.41149 580551808.6933 781494452.6062 784227739.70551 829828390.8991301 923076341.14805 1334438111.77436 1569798740.33589 1727874500.52131 1820821458.24193 1660555731.70459 1829308109.67808 1826138679.2220502 1029318977.31235 
696379160.66716 618041225.05832 607177901.9912701 300361687.38110995 0 220849124.78215998 353628111.38404 396042367.03850996 541875118.33905 605567876.07382 502318853.64508 699658411.92682 754181340.36687 780926898.6219499 899042936.11449 1277049362.8029501 1548762196.33532 1712586883.33197 1777564413.2793899 1692966087.08305 1803267614.95747 1779551521.72823 1038655165.2278299 
699761148.09168 618171211.6443601 616314418.58971 309498203.97955 220849124.78215998 0 353747624.53313 396161880.1876 551011634.93749 607991751.22151 510842964.47987 708794928.52526 763363870.78623 790063415.22039 908237537.8889899 1286185879.40139 1557956798.10982 1721781485.10647 1786759015.05389 1701666078.72833 1812462216.73197 1788552951.83156 1047791681.82627 
1033967990.19267 940000655.92637 857286310.65588 498691524.69686 353628111.38404 353747624.53313 0 42414255.65447 278258624.91233 278942200.16767 493024921.57324 582729058.4725 816304470.97185 821563499.20468 961682739.66036 1225665591.75142 1588621157.46792 1748715721.357 1875895011.81791 1838369733.60589 1917630160.15526 1739979500.68171 1252468761.58701 
996236521.64024 908872473.13358 822217950.03849 515401735.42832994 396042367.03850996 396161880.1876 42414255.65447 0 320672880.5668 318825482.43433 489760393.93889 625143314.1269699 809899123.91418 818314918.0812299 958127011.17121 1260496703.72268 1589991183.99367 1749861235.60104 1869605885.22294 1826495998.57246 1909015672.60884 1764955334.9179502 1227083745.9033499 
1064787359.87761 997495781.03076 867593619.63486 630524197.53644 541875118.33905 551011634.93749 278258624.91233 320672880.5668 0 205603754.86217 297381429.64019 497664091.6494 611607535.85441 625935953.7825301 759835423.1114401 969345640.3842499 1344254854.70909 1499988331.91308 1671314297.16317 1643118347.91208 1713965865.8622398 1473804271.57952 1164787440.7954102 
1238207833.81158 1158743960.97681 1044519812.25489 748588379.41149 605567876.07382 607991751.22151 278942200.16767 318825482.43433 205603754.86217 0 502242838.45509 480523316.2869 809921818.82014 797589346.68069 938947552.60606 1095200568.14381 1511337291.40918 1663588219.91412 1838783855.70077 1837968472.716 1894229751.03868 1598586450.05907 1358205529.51725 
865596002.13885 823764421.57613 659533081.31755 580551808.6933 502318853.64508 510842964.47987 493024921.57324 489760393.93889 297381429.64019 502242838.45509 0 211235171.2422 325317611.71777 328554524.14234 468965581.28495 777936556.29231 1100230790.05478 1261913772.24334 1383536065.39497 1355574159.58611 1427622817.41326 1287987351.95641 867406011.15522 
1066964806.25598 1034999592.81833 870768252.55975 781494452.6062 699658411.92682 708794928.52526 582729058.4725 625143314.1269699 497664091.6494 480523316.2869 211235171.2422 0 368387039.60688 419753760.95055 516614926.86391 672127530.76863 1032959345.73252 1187583667.55078 1370016929.56974 1369090456.63038 1436111988.77279 1176586161.9639 1003649338.59198 
851079204.55381 855752377.55598 664999159.05547 784227739.70551 754181340.36687 763363870.78623 816304470.97185 809899123.91418 611607535.85441 809921818.82014 325317611.71777 368387039.60688 0 51366721.34367 148227887.25703 567440611.98682 796531921.73844 960194732.07003 1059706761.30876 1032139242.94507 1102358330.00783 1041910939.51654 650932781.15185 
901809376.58474 905240899.7044301 714663108.2359099 829828390.8991301 780926898.6219499 790063415.22039 821563499.20468 818314918.0812299 625935953.7825301 797589346.68069 328554524.14234 419753760.95055 51366721.34367 0 199594608.60070002 523483093.39612 786203659.22445 940100811.27257 1111073482.65243 1040502364.71851 1153725051.3514998 1014338210.6972399 702299502.49552 
924857771.92817 987870211.62835 797292420.15983 923076341.14805 899042936.11449 908237537.8889899 961682739.66036 958127011.17121 759835423.1114401 938947552.60606 468965581.28495 516614926.86391 148227887.25703 199594608.60070002 0 492268738.81866 657218991.5647 813728397.60182 1020166568.8387899 899088921.25555 1067841299.22904 959907178.40892 799160668.40888 
1397192946.80478 1419907480.2016401 1228366106.3446002 1334438111.77436 1277049362.8029501 1286185879.40139 1225665591.75142 1260496703.72268 969345640.3842499 1095200568.14381 777936556.29231 672127530.76863 567440611.98682 523483093.39612 492268738.81866 0 507394631.72236 601478167.99695 870342208.99645 977404619.64077 961773986.16735 542187053.04684 1116180890.49445 
1450002912.49681 1508079650.05927 1327554083.63198 1569798740.33589 1548762196.33532 1557956798.10982 1588621157.46792 1589991183.99367 1344254854.70909 1511337291.40918 1100230790.05478 1032959345.73252 796531921.73844 786203659.22445 657218991.5647 507394631.72236 0 163824686.99864 422011406.21511 551705645.16138 513443183.38601 451057527.96313 966381536.2588 
1598178620.21833 1659454540.06748 1481019437.28169 1727874500.52131 1712586883.33197 1721781485.10647 1748715721.357 1749861235.60104 1499988331.91308 1663588219.91412 1261913772.24334 1187583667.55078 960194732.07003 940100811.27257 813728397.60182 601478167.99695 163824686.99864 0 348761426.39478 560326928.81415 453527064.91594 374569650.54587 1098273620.53134 
1517925210.44705 1640799908.42998 1548483495.50003 1820821458.24193 1777564413.2793899 1786759015.05389 1875895011.81791 1869605885.22294 1671314297.16317 1838783855.70077 1383536065.39497 1370016929.56974 1059706761.30876 1111073482.65243 1020166568.8387899 870342208.99645 422011406.21511 348761426.39478 0 244476390.74202 413228768.71551 723331076.94065 1048656875.8002 
1352940682.04755 1446255978.33937 1304007104.75801 1660555731.70459 1692966087.08305 1701666078.72833 1838369733.60589 1826495998.57246 1643118347.91208 1837968472.716 1355574159.58611 1369090456.63038 1032139242.94507 1040502364.71851 899088921.25555 977404619.64077 551705645.16138 560326928.81415 244476390.74202 0 168752377.97349 933091300.49277 804180485.05818 
1500605717.96712 1615008356.31286 1472759482.7315 1829308109.67808 1803267614.95747 1812462216.73197 1917630160.15526 1909015672.60884 1713965865.8622398 1894229751.03868 1427622817.41326 1436111988.77279 1102358330.00783 1153725051.3514998 1067841299.22904 961773986.16735 513443183.38601 453527064.91594 413228768.71551 168752377.97349 0 828096715.46181 972932863.03167 
1805309273.53504 1893857946.22609 1703280154.7575698 1826138679.2220502 1779551521.72823 1788552951.83156 1739979500.68171 1764955334.9179502 1473804271.57952 1598586450.05907 1287987351.95641 1176586161.9639 1041910939.51654 1014338210.6972399 959907178.40892 542187053.04684 451057527.96313 374569650.54587 723331076.94065 933091300.49277 828096715.46181 0 1383669346.0208402 
548765327.37773 671640025.3606601 754836742.36778 1029318977.31235 1038655165.2278299 1047791681.82627 1252468761.58701 1227083745.9033499 1164787440.7954102 1358205529.51725 867406011.15522 1003649338.59198 650932781.15185 702299502.49552 799160668.40888 1116180890.49445 966381536.2588 1098273620.53134 1048656875.8002 804180485.05818 972932863.03167 1383669346.0208402 0 
