17
Building38 Building28 Building37 Building45 Building42 Building39 Building19 Building7 Building11 Building8 Building4 Building2 Building0 Building25 Building23 Building21 Building30
0 2.6646 3.27568 2.1993 3.41847 3.3000100000000003 27.93245 26.054589999999997 26.42769 27.048779999999997 54.72401 56.44981 57.9171 83.81807 119.3972 115.63788 1.27983 
2.6646 0 0.61108 0.4653 1.6844700000000001 1.41791 29.36987 28.719189999999998 29.09229 29.713379999999997 57.38861 59.11441 60.5817 86.48267 122.0618 118.30248 3.94355 
3.2756800000000004 0.61108 0 1.07638 2.29555 2.0289900000000003 29.98095 29.33027 29.70337 30.32446 57.99969 59.72549 61.19278 87.09375 122.67288 118.91356 4.55463 
2.1993 0.4653 1.07638 0 1.21917 1.88321 29.83517 28.25389 28.62699 29.248079999999998 56.92331 58.64911 60.1164 86.01737 121.5965 117.83718 3.47825 
3.41847 1.6844700000000001 2.29555 1.21917 0 3.1023800000000006 31.05434 29.473059999999997 29.846159999999998 30.467249999999996 58.14248 59.86828 61.33557 87.23654 122.81567 119.05635 4.69742 
3.3000100000000003 1.41791 2.02899 1.88321 3.10238 0 27.95196 29.354599999999998 29.7277 28.53219 58.02402 59.74982 61.21711 87.11808 120.88061 117.12129 4.57896 
27.93245 29.36987 29.98095 29.835169999999998 31.054339999999996 27.95196 0 1.9434 2.62038 1.06577 30.916700000000002 32.642500000000005 34.109790000000004 60.010760000000005 93.41419 89.65487 29.21228 
26.054589999999997 28.719189999999994 29.330269999999995 28.253889999999995 29.473059999999997 29.354599999999998 1.9434 0 0.7425200000000001 1.1287 29.03884 30.76464 32.23193 58.13290000000001 93.47712 89.7178 27.334419999999998 
26.42769 29.092289999999995 29.703369999999996 28.626989999999996 29.846159999999998 29.7277 2.62038 0.7425200000000001 0 1.73671 28.29632 30.02212 31.48941 58.50600000000001 94.08513 90.32581 27.70752 
27.048779999999997 29.713379999999994 30.324459999999995 29.248079999999995 30.467249999999993 28.53219 1.06577 1.1287 1.73671 0 30.03303 31.75883 33.22612 59.12709 92.34842 88.5891 28.328609999999998 
54.72401 57.38861 57.99969 56.92331 58.14248 58.02402 30.916700000000002 29.03884 28.29632 30.03303 0 1.7258 3.1930899999999998 42.36283 78.25316 82.01248 56.00384 
56.44981 59.11441 59.72549 58.64911 59.86828 59.74982 32.6425 30.76464 30.02212 31.75883 1.7258 0 1.46729 40.63703 76.52736 80.28668 57.729639999999996 
57.917100000000005 60.581700000000005 61.192780000000006 60.116400000000006 61.335570000000004 61.217110000000005 34.109790000000004 32.231930000000006 31.48941 33.22612 3.1930899999999998 1.46729 0 41.30301 75.06007 78.81939 59.19693 
83.81807 86.48267 87.09375 86.01737 87.23654 87.11808 60.010760000000005 58.13290000000001 58.50600000000001 59.12709 42.36283 40.63703 41.30301 0 116.36308 120.1224 85.09790000000001 
119.3972 122.06179999999999 122.67287999999999 121.59649999999999 122.81567 120.88061 93.41419 93.47712 94.08513 92.34842 78.25316000000001 76.52736 75.06007 116.36308 0 3.75932 120.67703 
115.63788 118.30247999999999 118.91355999999999 117.83717999999999 119.05635 117.12129 89.65487 89.7178 90.32581 88.5891 82.01248000000001 80.28668 78.81939 120.1224 3.75932 0 116.91771 
1.27983 3.94355 4.55463 3.47825 4.69742 4.57896 29.21228 27.334419999999998 27.70752 28.328609999999998 56.00384 57.729639999999996 59.196929999999995 85.09790000000001 120.67703 116.91771 0 
