22
31 30 37 47 21 29 14 11 25 39 7 18 46 27 28 22 4 15 34 10 20 44
0 95548.58532 273700.44727999996 212580.0024 305964.55332 359482.50333000004 263154.31102 198775.7702 314869.27249999996 230724.05951 348493.08233999996 412834.07577999996 336468.32053 467011.07804000005 522802.78557000007 292452.34882 452963.31675 382741.46682 435644.68227 238994.26262 533110.70676 109448.98348 
95548.58532 0 178151.86196 308128.58772 401513.13864 455031.08865000005 358702.89634 294324.35552 410417.85782000003 326272.64483 444041.66766000004 326884.64269999997 240919.73521 371462.49272 545056.75931 196903.7635 410052.01364 478290.05214000004 507914.31560999993 334542.84794 532968.7595 204997.5688 
273700.44728 178151.86196 0 154660.19113 262298.99378 351974.60583 305732.64536 241354.10454 418877.0128 503022.22579000005 423057.54790999996 148732.78074 262804.10767 393346.86517999996 565381.11991 331820.45788 431936.3861 375243.36484000005 329762.45365 407630.72573 354816.89754 383149.43076 
212580.0024 308128.58772 154660.19113 0 107638.80265 197314.4147 224089.22198 222997.58517 337233.58942 421378.80241 362469.35432 213192.27695 327263.60388 457806.36139 483737.69653 313463.93851 361551.3655 220583.17371 373151.77575000003 252970.53459999998 336460.37817 322028.98588 
305964.55332 401513.13864 262298.99378 107638.80265 0 89675.61205 116450.41933 128203.56726 229594.78677 313739.99976000004 254830.55167 320831.0796 317405.01521 447947.77272 376098.89388 352422.34888 253912.56285 112944.37106 265512.9731 145331.73195 444099.18082 384132.79911 
359482.50333 455031.08865 351974.60583 197314.4147 89675.61205 0 155343.97075 217879.17930999998 221431.12679 305576.33978000004 344506.16371999995 341800.73008999997 227729.40316 358272.16067 414992.4453 364439.32102 288117.84534 202619.98311 355188.58515 235007.34399999998 533774.79287 426851.4158100001 
263154.31102 358702.89634000004 305732.64535999997 224089.22198 116450.41933 155343.97075 0 64378.54082 113144.36744 197289.58043 371280.971 278436.8464 372681.84741 433242.74114000006 259648.47455 235971.92955 370362.98218 229394.79039 381963.39243 261782.15128 487532.83239999996 318564.65646 
198775.7702 294324.35552 241354.10454 222997.58517 128203.56726 217879.17930999998 64378.54082 0 177522.90826 261668.12125 383034.11893 214058.30558 328129.63250999997 427394.15400999994 324027.01537000004 300350.47037 382116.13010999997 241147.93832000002 393716.54036 273535.29920999997 423154.29157999996 276944.01599 
314869.27249999996 410417.85782 418877.0128 337233.58942 229594.78677 221431.12679 113144.36744 177522.90826 0 84145.21299 438426.45118 391581.21384 449160.52995 546387.10858 372792.84199 349116.29699 483507.34962 342539.15783000004 495107.75987000007 328927.63146 600677.19984 205420.28902 
230724.05951 326272.64483 503022.22578999994 421378.80241 313739.99976000004 305576.33978000004 197289.58043 261668.12125 84145.21299 0 354281.23819 475726.42683 457647.02104 588189.77855 456938.05498 433261.50998 458751.4726 426684.37082000007 441432.83812000003 244782.41847 538898.86261 121275.07603 
348493.08233999996 444041.66766 423057.54790999996 362469.35432 254830.55167 344506.16372 371280.971 383034.11893 438426.45118 354281.23819 0 274324.76717 322363.42229 452906.17980000004 626500.44639 459073.34015 323467.87385 367774.92273 306149.23937 109498.81972 423323.42805999995 440887.64801 
412834.07577999996 326884.64269999997 148732.78074 213192.27695 320831.0796 341800.73008999997 278436.8464 214058.30558 391581.21384 475726.42683 274324.76717 0 114071.32693 244614.08444 418208.35103 250781.24478999997 283203.60536 333598.27495 181029.67291 326935.92949999997 249602.67554 491002.32157 
336468.32053 240919.73521 262804.10767 327263.60387999995 317405.01521 227729.40316 372681.84741 328129.63250999997 449160.52995 457647.02104 322363.42229 114071.32693 0 130542.75751 304137.02410000004 136709.91786 169132.27843 430349.38627 295100.99984 212864.60257 363674.00246999995 445917.30401 
467011.07804 371462.49272 393346.86517999996 457806.36139 447947.77272 358272.16067 433242.74114000006 427394.15400999994 546387.10858 588189.77855 452906.17980000004 244614.08444 130542.75751 0 173594.26659 267252.67536999995 299675.03594 560892.14378 425643.75734999997 343407.36008 494216.75998 576460.06152 
522802.78557 545056.7593100001 565381.11991 483737.69652999996 376098.89388 414992.4453 259648.47455 324027.01537000004 372792.84199 456938.05498 626500.44639 418208.35103 304137.02410000004 173594.26659 0 440846.94196 473269.30253000004 489043.26494 599238.02394 517001.62667 667811.02657 578213.13101 
292452.34882 196903.7635 331820.45788 313463.93851 352422.34888 364439.32102 235971.92955 300350.47037 349116.29699 433261.50998 459073.34014999995 250781.24478999997 136709.91786 267252.67536999995 440846.94195999997 0 305842.19629 465366.71994 431810.9177 349574.52043 500383.92033 401901.3323 
452963.31675 410052.01364 431936.3861 361551.36549999996 253912.56285 288117.84534 370362.98218 382116.13010999997 483507.34962 458751.4726 323467.87385 283203.60536 169132.27843 299675.03594 473269.30253 305842.19629 0 366856.93391 382096.13258 213969.05413 527793.66247 562412.3002299999 
382741.46682 478290.05214 375243.36484000005 220583.17371 112944.37106 202619.98311 229394.79039 241147.93832000002 342539.15783000004 426684.37082000007 367774.92273 333598.27495 430349.38627 560892.14378 489043.26494 465366.71994 366856.93390999996 0 152568.60204 258276.10301 557043.55188 460909.71261 
435644.68227 507914.31560999993 329762.45365 373151.77575000003 265512.9731 355188.58515 381963.39243 393716.54036 495107.75987 441432.83812000003 306149.23937 181029.67291 295100.99984 425643.75734999997 599238.02394 431810.9177 382096.13258 152568.60204 0 196650.41965000003 430632.34845 545093.6657499999 
238994.26262 334542.84794 407630.72572999995 252970.53459999998 145331.73195 235007.34399999998 261782.15128 273535.29920999997 328927.63146 244782.41847 109498.81972 326935.92949999997 212864.60257 343407.36008 517001.62667 349574.52043 213969.05413 258276.10301 196650.41965000003 0 313824.60834 348443.2461 
533110.70676 532968.7595 354816.89754000003 336460.37817000004 444099.18082 533774.79287 487532.83239999996 423154.29157999996 600677.1998399999 538898.86261 423323.42805999995 249602.67554 363674.00247 494216.75998 667811.02657 500383.92033 527793.66247 557043.55188 430632.34845 313824.60834 0 627640.28807 
109448.98348 204997.5688 383149.43075999996 322028.98588 384132.79910999996 426851.41581000003 318564.65645999997 276944.01599 205420.28902 121275.07603 440887.64801 491002.32157 445917.30401 576460.06152 578213.13101 401901.3323 562412.3002299999 460909.71261 545093.66575 348443.2461 627640.28807 0 
