29
a35 a31 a17 a20 a7 a29 a14 a48 a26 a38 a21 a24 a32 a41 a15 a37 a5 a13 a44 a2 a25 a3 a1 a40 a12 a45 a9 a19 a0
0 28.0 42.0 73.0 48.0 44.0 48.0 70.0 95.0 85.0 334.0 1519.0 1485.0 1255.0 2847.0 3784.0 3414.0 2903.0 3049.0 5583.0 3227.0 5594.0 8196.0 7318.0 8125.0 9654.0 8944.0 14753.0 14.0 
28.0 0 42.0 63.0 53.0 57.0 52.0 79.0 106.0 88.0 343.0 1512.0 1483.0 1254.0 2841.0 3811.0 3408.0 2913.0 3041.0 5605.0 3227.0 5610.0 8214.0 7316.0 8127.0 9646.0 8954.0 14764.0 17.0 
42.0 42.0 0 55.0 56.0 68.0 60.0 89.0 94.0 95.0 342.0 1512.0 1466.0 1229.0 2819.0 3770.0 3386.0 2937.0 3018.0 5574.0 3239.0 5599.0 8175.0 7349.0 8114.0 9677.0 8925.0 14750.0 28.0 
73.0 63.0 55.0 0 76.0 92.0 89.0 123.0 144.0 131.0 355.0 1506.0 1438.0 1284.0 2837.0 3822.0 3374.0 2944.0 3019.0 5547.0 3188.0 5624.0 8214.0 7316.0 8115.0 9656.0 8903.0 14792.0 60.0 
48.0 53.0 56.0 76.0 0 46.0 67.0 101.0 96.0 105.0 374.0 1508.0 1479.0 1273.0 2848.0 3795.0 3393.0 2905.0 3017.0 5620.0 3234.0 5641.0 8182.0 7340.0 8150.0 9654.0 8977.0 14747.0 38.0 
44.0 57.0 68.0 92.0 46.0 0 71.0 71.0 109.0 105.0 342.0 1513.0 1477.0 1248.0 2838.0 3785.0 3388.0 2873.0 3063.0 5611.0 3205.0 5602.0 8161.0 7361.0 8110.0 9622.0 8980.0 14709.0 40.0 
48.0 52.0 60.0 89.0 67.0 71.0 0 89.0 117.0 99.0 333.0 1526.0 1481.0 1234.0 2814.0 3828.0 3443.0 2937.0 3018.0 5614.0 3217.0 5609.0 8195.0 7302.0 8159.0 9663.0 8947.0 14746.0 36.0 
70.0 79.0 89.0 123.0 101.0 71.0 89.0 0 98.0 131.0 359.0 1576.0 1524.0 1260.0 2816.0 3777.0 3354.0 2848.0 3077.0 5593.0 3205.0 5567.0 8212.0 7331.0 8134.0 9668.0 8932.0 14772.0 63.0 
95.0 106.0 94.0 144.0 96.0 109.0 117.0 98.0 0 158.0 385.0 1580.0 1474.0 1298.0 2752.0 3756.0 3383.0 2863.0 3098.0 5625.0 3279.0 5598.0 8266.0 7387.0 8095.0 9731.0 9019.0 14793.0 89.0 
85.0 88.0 95.0 131.0 105.0 105.0 99.0 131.0 158.0 0 377.0 1484.0 1544.0 1207.0 2875.0 3776.0 3474.0 2969.0 3111.0 5600.0 3306.0 5615.0 8142.0 7273.0 8074.0 9598.0 9007.0 14814.0 71.0 
334.0 343.0 342.0 355.0 374.0 342.0 333.0 359.0 385.0 377.0 0 1276.0 1467.0 1310.0 2861.0 4078.0 3700.0 3092.0 3247.0 5507.0 3330.0 5852.0 8173.0 7308.0 8090.0 9363.0 8756.0 14524.0 337.0 
1519.0 1512.0 1512.0 1506.0 1508.0 1513.0 1526.0 1576.0 1580.0 1484.0 1276.0 0 1891.0 2525.0 4011.0 3422.0 4027.0 3111.0 4181.0 5905.0 3377.0 5449.0 7262.0 6193.0 7474.0 9784.0 9147.0 13521.0 1526.0 
1485.0 1483.0 1466.0 1438.0 1479.0 1477.0 1481.0 1524.0 1474.0 1544.0 1467.0 1891.0 0 1348.0 2486.0 5230.0 3488.0 3863.0 4259.0 6962.0 4626.0 4828.0 8076.0 6898.0 7693.0 8409.0 8776.0 13910.0 1485.0 
1255.0 1254.0 1229.0 1284.0 1273.0 1248.0 1234.0 1260.0 1298.0 1207.0 1310.0 2525.0 1348.0 0 3128.0 4485.0 3673.0 3785.0 3765.0 5714.0 3791.0 4551.0 9166.0 7840.0 8242.0 9075.0 8914.0 14725.0 1247.0 
2847.0 2841.0 2819.0 2837.0 2848.0 2838.0 2814.0 2816.0 2752.0 2875.0 2861.0 4011.0 2486.0 3128.0 0 3811.0 5640.0 5041.0 4209.0 5647.0 4613.0 5809.0 6285.0 7022.0 7297.0 7737.0 7981.0 14090.0 2834.0 
3784.0 3811.0 3770.0 3822.0 3795.0 3785.0 3828.0 3777.0 3756.0 3776.0 4078.0 3422.0 5230.0 4485.0 3811.0 0 2403.0 4067.0 3751.0 6698.0 4267.0 6533.0 9363.0 5749.0 9339.0 7436.0 8099.0 15496.0 3797.0 
3414.0 3408.0 3386.0 3374.0 3393.0 3388.0 3443.0 3354.0 3383.0 3474.0 3700.0 4027.0 3488.0 3673.0 5640.0 2403.0 0 4894.0 6034.0 8030.0 4973.0 8019.0 9191.0 6525.0 7022.0 7197.0 8242.0 13123.0 3410.0 
2903.0 2913.0 2937.0 2944.0 2905.0 2873.0 2937.0 2848.0 2863.0 2969.0 3092.0 3111.0 3863.0 3785.0 5041.0 4067.0 4894.0 0 3371.0 5094.0 5951.0 5017.0 10290.0 9304.0 9884.0 9156.0 8311.0 12988.0 2911.0 
3049.0 3041.0 3018.0 3019.0 3017.0 3063.0 3018.0 3077.0 3098.0 3111.0 3247.0 4181.0 4259.0 3765.0 4209.0 3751.0 6034.0 3371.0 0 3956.0 5577.0 8040.0 8552.0 7562.0 8044.0 7605.0 11121.0 11830.0 3044.0 
5583.0 5605.0 5574.0 5547.0 5620.0 5611.0 5614.0 5593.0 5625.0 5600.0 5507.0 5905.0 6962.0 5714.0 5647.0 6698.0 8030.0 5094.0 3956.0 0 5097.0 6750.0 5402.0 6904.0 7542.0 6111.0 11119.0 9623.0 5597.0 
3227.0 3227.0 3239.0 3188.0 3234.0 3205.0 3217.0 3205.0 3279.0 3306.0 3330.0 3377.0 4626.0 3791.0 4613.0 4267.0 4973.0 5951.0 5577.0 5097.0 0 6142.0 9758.0 6569.0 6538.0 8505.0 7054.0 12817.0 3241.0 
5594.0 5610.0 5599.0 5624.0 5641.0 5602.0 5609.0 5567.0 5598.0 5615.0 5852.0 5449.0 4828.0 4551.0 5809.0 6533.0 8019.0 5017.0 8040.0 6750.0 6142.0 0 5894.0 7797.0 7620.0 10663.0 7729.0 12847.0 5604.0 
8196.0 8214.0 8175.0 8214.0 8182.0 8161.0 8195.0 8212.0 8266.0 8142.0 8173.0 7262.0 8076.0 9166.0 6285.0 9363.0 9191.0 10290.0 8552.0 5402.0 9758.0 5894.0 0 3765.0 5548.0 6938.0 9774.0 9263.0 8199.0 
7318.0 7316.0 7349.0 7316.0 7340.0 7361.0 7302.0 7331.0 7387.0 7273.0 7308.0 6193.0 6898.0 7840.0 7022.0 5749.0 6525.0 9304.0 7562.0 6904.0 6569.0 7797.0 3765.0 0 5996.0 8369.0 6719.0 9747.0 7329.0 
8125.0 8127.0 8114.0 8115.0 8150.0 8110.0 8159.0 8134.0 8095.0 8074.0 8090.0 7474.0 7693.0 8242.0 7297.0 9339.0 7022.0 9884.0 8044.0 7542.0 6538.0 7620.0 5548.0 5996.0 0 6200.0 9243.0 13941.0 8139.0 
9654.0 9646.0 9677.0 9656.0 9654.0 9622.0 9663.0 9668.0 9731.0 9598.0 9363.0 9784.0 8409.0 9075.0 7737.0 7436.0 7197.0 9156.0 7605.0 6111.0 8505.0 10663.0 6938.0 8369.0 6200.0 0 7371.0 9516.0 9652.0 
8944.0 8954.0 8925.0 8903.0 8977.0 8980.0 8947.0 8932.0 9019.0 9007.0 8756.0 9147.0 8776.0 8914.0 7981.0 8099.0 8242.0 8311.0 11121.0 11119.0 7054.0 7729.0 9774.0 6719.0 9243.0 7371.0 0 7620.0 8945.0 
14753.0 14764.0 14750.0 14792.0 14747.0 14709.0 14746.0 14772.0 14793.0 14814.0 14524.0 13521.0 13910.0 14725.0 14090.0 15496.0 13123.0 12988.0 11830.0 9623.0 12817.0 12847.0 9263.0 9747.0 13941.0 9516.0 7620.0 0 14749.0 
14.0 17.0 28.0 60.0 38.0 40.0 36.0 63.0 89.0 71.0 337.0 1526.0 1485.0 1247.0 2834.0 3797.0 3410.0 2911.0 3044.0 5597.0 3241.0 5604.0 8199.0 7329.0 8139.0 9652.0 8945.0 14749.0 0 
