23
a30 a35 a37 a1 a19 a43 a26 a46 a11 a38 a29 a7 a24 a20 a39 a32 a13 a33 a3 a6 a47 a31 a0
0 318.0 503.0 622.0 1284.0 803.0 849.0 2818.0 2569.0 3443.0 6016.0 7005.0 7055.0 9112.0 8833.0 9555.0 9011.0 8002.0 13839.0 9959.0 8248.0 58.0 54.0 
318.0 0 556.0 664.0 1308.0 907.0 1096.0 2630.0 2651.0 3531.0 6065.0 7267.0 7173.0 9396.0 8577.0 9794.0 9018.0 8065.0 14092.0 10003.0 8209.0 310.0 290.0 
503.0 556.0 0 874.0 1243.0 945.0 1308.0 2592.0 2472.0 3047.0 6211.0 6825.0 7059.0 8940.0 9133.0 9756.0 8778.0 7915.0 13930.0 10192.0 8309.0 456.0 457.0 
622.0 664.0 874.0 0 856.0 922.0 1471.0 2718.0 2024.0 3011.0 5422.0 6833.0 6634.0 9113.0 9105.0 9201.0 9367.0 8159.0 13824.0 9839.0 7701.0 624.0 631.0 
1284.0 1308.0 1243.0 856.0 0 986.0 1876.0 3574.0 2793.0 3867.0 5019.0 6689.0 7087.0 8893.0 9057.0 9559.0 9937.0 7982.0 14239.0 9199.0 7809.0 1337.0 1337.0 
803.0 907.0 945.0 922.0 986.0 0 1523.0 2727.0 2664.0 3712.0 6002.0 7665.0 7269.0 9018.0 9057.0 9110.0 9544.0 8701.0 14215.0 9405.0 8382.0 812.0 817.0 
849.0 1096.0 1308.0 1471.0 1876.0 1523.0 0 2275.0 2399.0 3837.0 5890.0 7290.0 6781.0 9731.0 8942.0 9614.0 9230.0 7700.0 13838.0 9936.0 8615.0 852.0 856.0 
2818.0 2630.0 2592.0 2718.0 3574.0 2727.0 2275.0 0 3007.0 4151.0 7184.0 6565.0 8695.0 8332.0 9015.0 10173.0 9584.0 9663.0 14876.0 12054.0 9708.0 2790.0 2775.0 
2569.0 2651.0 2472.0 2024.0 2793.0 2664.0 2399.0 3007.0 0 3099.0 5170.0 7157.0 6760.0 8187.0 9979.0 9537.0 9755.0 9741.0 13202.0 11437.0 8193.0 2534.0 2520.0 
3443.0 3531.0 3047.0 3011.0 3867.0 3712.0 3837.0 4151.0 3099.0 0 4995.0 8281.0 9645.0 11097.0 10584.0 10527.0 9921.0 10962.0 15551.0 9620.0 8884.0 3462.0 3446.0 
6016.0 6065.0 6211.0 5422.0 5019.0 6002.0 5890.0 7184.0 5170.0 4995.0 0 3286.0 5049.0 6102.0 10449.0 7770.0 8263.0 8496.0 10940.0 13278.0 7627.0 6034.0 6047.0 
7005.0 7267.0 6825.0 6833.0 6689.0 7665.0 7290.0 6565.0 7157.0 8281.0 3286.0 0 4895.0 5652.0 9100.0 7120.0 7013.0 5858.0 9119.0 13284.0 10913.0 6968.0 6977.0 
7055.0 7173.0 7059.0 6634.0 7087.0 7269.0 6781.0 8695.0 6760.0 9645.0 5049.0 4895.0 0 7278.0 10499.0 8997.0 10068.0 8712.0 7525.0 13763.0 9169.0 7074.0 7088.0 
9112.0 9396.0 8940.0 9113.0 8893.0 9018.0 9731.0 8332.0 8187.0 11097.0 6102.0 5652.0 7278.0 0 6329.0 6583.0 9724.0 9136.0 8246.0 14056.0 8224.0 9169.0 9147.0 
8833.0 8577.0 9133.0 9105.0 9057.0 9057.0 8942.0 9015.0 9979.0 10584.0 10449.0 9100.0 10499.0 6329.0 0 5247.0 8948.0 7903.0 10885.0 13058.0 9303.0 8823.0 8834.0 
9555.0 9794.0 9756.0 9201.0 9559.0 9110.0 9614.0 10173.0 9537.0 10527.0 7770.0 7120.0 8997.0 6583.0 5247.0 0 3701.0 7222.0 5638.0 17024.0 12257.0 9550.0 9553.0 
9011.0 9018.0 8778.0 9367.0 9937.0 9544.0 9230.0 9584.0 9755.0 9921.0 8263.0 7013.0 10068.0 9724.0 8948.0 3701.0 0 5656.0 8982.0 18791.0 9111.0 9015.0 9027.0 
8002.0 8065.0 7915.0 8159.0 7982.0 8701.0 7700.0 9663.0 9741.0 10962.0 8496.0 5858.0 8712.0 9136.0 7903.0 7222.0 5656.0 0 8343.0 17068.0 9907.0 7955.0 7952.0 
13839.0 14092.0 13930.0 13824.0 14239.0 14215.0 13838.0 14876.0 13202.0 15551.0 10940.0 9119.0 7525.0 8246.0 10885.0 5638.0 8982.0 8343.0 0 19723.0 14645.0 13826.0 13804.0 
9959.0 10003.0 10192.0 9839.0 9199.0 9405.0 9936.0 12054.0 11437.0 9620.0 13278.0 13284.0 13763.0 14056.0 13058.0 17024.0 18791.0 17068.0 19723.0 0 11353.0 9946.0 9962.0 
8248.0 8209.0 8309.0 7701.0 7809.0 8382.0 8615.0 9708.0 8193.0 8884.0 7627.0 10913.0 9169.0 8224.0 9303.0 12257.0 9111.0 9907.0 14645.0 11353.0 0 8266.0 8288.0 
58.0 310.0 456.0 624.0 1337.0 812.0 852.0 2790.0 2534.0 3462.0 6034.0 6968.0 7074.0 9169.0 8823.0 9550.0 9015.0 7955.0 13826.0 9946.0 8266.0 0 22.0 
54.0 290.0 457.0 631.0 1337.0 817.0 856.0 2775.0 2520.0 3446.0 6047.0 6977.0 7088.0 9147.0 8834.0 9553.0 9027.0 7952.0 13804.0 9962.0 8288.0 22.0 0 
