23
Irvington Hsinchu Gevgelija Rauna Golubac Coihaique Temirtau Metz Gemena Sayhut Rivas Ayacucho Ljutomer Changde Bayonne Progress Leeuwarden Necochea Maywood Praya Pljevlja Mzimba Wrightsville
0 2298342.0 3941246.0 3153491.0 3274420.0 3296995.0 3668666.0 2638984.0 2809945.0 3947037.0 3101553.0 3878597.0 2860952.0 3525942.0 3650994.0 2609526.0 2414137.0 3395038.0 2581456.0 3609123.0 3760057.0 3251554.0 2038798.0 
2298342.0 0 2190557.0 2709115.0 3742467.0 3944159.0 2334967.0 2978913.0 3698674.0 2515146.0 2437974.0 3225662.0 2516216.0 3029995.0 2441502.0 3564508.0 2193301.0 3428222.0 2648065.0 2935171.0 2510422.0 2868622.0 2463483.0 
3941246.0 2190557.0 0 2040767.0 2833735.0 2513455.0 2532192.0 2589208.0 3567918.0 3590679.0 3330849.0 3511470.0 3079809.0 3316359.0 2565437.0 2429360.0 2294515.0 3403480.0 2076665.0 3436634.0 3063405.0 2205687.0 3020492.0 
3153491.0 2709115.0 2040767.0 0 2051989.0 2354481.0 3200621.0 3840683.0 2521075.0 3957606.0 2294029.0 2717978.0 3983202.0 2312131.0 3724568.0 3183447.0 3439598.0 2145482.0 3812048.0 2198787.0 2067650.0 2894088.0 2811802.0 
3274420.0 3742467.0 2833735.0 2051989.0 0 2056048.0 3755394.0 2856757.0 3008239.0 2419950.0 3012981.0 3160165.0 2458593.0 2745640.0 3086947.0 3245729.0 2645861.0 2438638.0 3189810.0 3846350.0 3355006.0 2441051.0 3234034.0 
3296995.0 3944159.0 2513455.0 2354481.0 2056048.0 0 2058117.0 2495784.0 3753242.0 3617905.0 3651321.0 3262149.0 3570747.0 2413239.0 3405062.0 3736285.0 2243335.0 2689089.0 2851220.0 3082722.0 3454131.0 3442496.0 3595749.0 
3668666.0 2334967.0 2532192.0 3200621.0 3755394.0 2058117.0 0 2074078.0 2934672.0 3747934.0 3553181.0 3194014.0 2406600.0 2651453.0 3324036.0 2810089.0 3307954.0 2673216.0 3425936.0 3757098.0 3690029.0 3730764.0 3633383.0 
2638984.0 2978913.0 2589208.0 3840683.0 2856757.0 2495784.0 2074078.0 0 2026524.0 3601356.0 2621656.0 3945544.0 2818922.0 2139624.0 2803787.0 2760972.0 3246216.0 3044101.0 2148101.0 2368226.0 3840176.0 2757665.0 3866639.0 
2809945.0 3698674.0 3567918.0 2521075.0 3008239.0 3753242.0 2934672.0 2026524.0 0 2263066.0 3646433.0 2448366.0 3674135.0 2876789.0 3212680.0 3938729.0 2629022.0 2756435.0 3182205.0 3663786.0 3528144.0 3868256.0 3644612.0 
3947037.0 2515146.0 3590679.0 3957606.0 2419950.0 3617905.0 3747934.0 3601356.0 2263066.0 0 2379978.0 2857549.0 3751768.0 3948667.0 3186673.0 3386514.0 2405431.0 3086209.0 2754951.0 2908709.0 2567683.0 2386830.0 3751222.0 
3101553.0 2437974.0 3330849.0 2294029.0 3012981.0 3651321.0 3553181.0 2621656.0 3646433.0 2379978.0 0 2081006.0 3928327.0 3821278.0 2698570.0 3807617.0 2466254.0 3377845.0 2226177.0 2696022.0 2474714.0 2274777.0 3435753.0 
3878597.0 3225662.0 3511470.0 2717978.0 3160165.0 3262149.0 3194014.0 3945544.0 2448366.0 2857549.0 2081006.0 0 2021736.0 3581467.0 3087067.0 2061009.0 3103983.0 3529736.0 3426148.0 3749481.0 2151894.0 3338753.0 2389348.0 
2860952.0 2516216.0 3079809.0 3983202.0 2458593.0 3570747.0 2406600.0 2818922.0 3674135.0 3751768.0 3928327.0 2021736.0 0 2074723.0 3438397.0 2089708.0 3474748.0 2245488.0 2296721.0 3545263.0 3816561.0 3133983.0 3463379.0 
3525942.0 3029995.0 3316359.0 2312131.0 2745640.0 2413239.0 2651453.0 2139624.0 2876789.0 3948667.0 3821278.0 3581467.0 2074723.0 0 2001696.0 2942598.0 3987632.0 3409056.0 2677306.0 2610148.0 2162672.0 3701697.0 3395922.0 
3650994.0 2441502.0 2565437.0 3724568.0 3086947.0 3405062.0 3324036.0 2803787.0 3212680.0 3186673.0 2698570.0 3087067.0 3438397.0 2001696.0 0 2101089.0 3825311.0 3273049.0 3055286.0 3154495.0 2144300.0 2900301.0 2197706.0 
2609526.0 3564508.0 2429360.0 3183447.0 3245729.0 3736285.0 2810089.0 2760972.0 3938729.0 3386514.0 3807617.0 2061009.0 2089708.0 2942598.0 2101089.0 0 2077358.0 3377276.0 3298430.0 3303279.0 3145790.0 3595264.0 2253075.0 
2414137.0 2193301.0 2294515.0 3439598.0 2645861.0 2243335.0 3307954.0 3246216.0 2629022.0 2405431.0 2466254.0 3103983.0 3474748.0 3987632.0 3825311.0 2077358.0 0 2034034.0 3116843.0 2569362.0 3824197.0 2076949.0 3970755.0 
3395038.0 3428222.0 3403480.0 2145482.0 2438638.0 2689089.0 2673216.0 3044101.0 2756435.0 3086209.0 3377845.0 3529736.0 2245488.0 3409056.0 3273049.0 3377276.0 2034034.0 0 2323921.0 2595382.0 2823353.0 3231100.0 3672329.0 
2581456.0 2648065.0 2076665.0 3812048.0 3189810.0 2851220.0 3425936.0 2148101.0 3182205.0 2754951.0 2226177.0 3426148.0 2296721.0 2677306.0 3055286.0 3298430.0 3116843.0 2323921.0 0 2457519.0 3044335.0 2457551.0 3099739.0 
3609123.0 2935171.0 3436634.0 2198787.0 3846350.0 3082722.0 3757098.0 2368226.0 3663786.0 2908709.0 2696022.0 3749481.0 3545263.0 2610148.0 3154495.0 3303279.0 2569362.0 2595382.0 2457519.0 0 3076122.0 3601177.0 3275623.0 
3760057.0 2510422.0 3063405.0 2067650.0 3355006.0 3454131.0 3690029.0 3840176.0 3528144.0 2567683.0 2474714.0 2151894.0 3816561.0 2162672.0 2144300.0 3145790.0 3824197.0 2823353.0 3044335.0 3076122.0 0 2203255.0 2900195.0 
3251554.0 2868622.0 2205687.0 2894088.0 2441051.0 3442496.0 3730764.0 2757665.0 3868256.0 2386830.0 2274777.0 3338753.0 3133983.0 3701697.0 2900301.0 3595264.0 2076949.0 3231100.0 2457551.0 3601177.0 2203255.0 0 3766014.0 
2038798.0 2463483.0 3020492.0 2811802.0 3234034.0 3595749.0 3633383.0 3866639.0 3644612.0 3751222.0 3435753.0 2389348.0 3463379.0 3395922.0 2197706.0 2253075.0 3970755.0 3672329.0 3099739.0 3275623.0 2900195.0 3766014.0 0 
