21
xrkws xraqx qlvnf etpku lnndk rvjuv iszqq dhjbs ofnly onzwv wqebu jzkkr vyluf ccbcf xhwzk wfduo wkvjd pajep vanpa gszur lkplf
0 41.0 52.0 75.0 59.0 66.0 66.0 99.0 105.0 104.0 73.0 119.0 195.0 132.0 96.0 107.0 108.0 95.0 78.0 73.0 18.0 
41.0 0 11.0 36.0 18.0 25.0 25.0 58.0 64.0 63.0 38.0 78.0 154.0 91.0 55.0 66.0 67.0 54.0 37.0 32.0 23.0 
52.0 11.0 0 25.0 29.0 29.0 36.0 69.0 68.0 74.0 49.0 89.0 150.0 80.0 44.0 55.0 56.0 51.0 34.0 21.0 34.0 
75.0 36.0 25.0 0 54.0 54.0 61.0 94.0 93.0 99.0 74.0 114.0 168.0 86.0 69.0 80.0 81.0 76.0 59.0 46.0 57.0 
59.0 18.0 29.0 54.0 0 7.0 7.0 40.0 46.0 57.0 56.0 69.0 137.0 74.0 73.0 75.0 71.0 72.0 55.0 15.0 41.0 
66.0 25.0 29.0 54.0 7.0 0 14.0 47.0 39.0 61.0 52.0 62.0 138.0 67.0 73.0 82.0 78.0 74.0 57.0 8.0 48.0 
66.0 25.0 36.0 61.0 7.0 14.0 0 33.0 49.0 64.0 63.0 76.0 144.0 81.0 80.0 82.0 78.0 79.0 62.0 22.0 48.0 
99.0 58.0 69.0 94.0 40.0 47.0 33.0 0 16.0 42.0 31.0 43.0 119.0 81.0 103.0 92.0 96.0 67.0 71.0 50.0 81.0 
105.0 64.0 68.0 93.0 46.0 39.0 49.0 16.0 0 26.0 47.0 27.0 103.0 95.0 112.0 108.0 112.0 83.0 85.0 47.0 87.0 
104.0 63.0 74.0 99.0 57.0 61.0 64.0 42.0 26.0 0 50.0 49.0 125.0 96.0 87.0 98.0 102.0 109.0 100.0 69.0 86.0 
73.0 38.0 49.0 74.0 56.0 52.0 63.0 31.0 47.0 50.0 0 56.0 132.0 91.0 79.0 85.0 81.0 92.0 75.0 56.0 55.0 
119.0 78.0 89.0 114.0 69.0 62.0 76.0 43.0 27.0 49.0 56.0 0 76.0 121.0 119.0 125.0 121.0 110.0 112.0 70.0 101.0 
195.0 154.0 150.0 168.0 137.0 138.0 144.0 119.0 103.0 125.0 132.0 76.0 0 82.0 106.0 117.0 121.0 101.0 118.0 141.0 177.0 
132.0 91.0 80.0 86.0 74.0 67.0 81.0 81.0 95.0 96.0 91.0 121.0 82.0 0 37.0 48.0 52.0 53.0 70.0 59.0 114.0 
96.0 55.0 44.0 69.0 73.0 73.0 80.0 103.0 112.0 87.0 79.0 119.0 106.0 37.0 0 11.0 15.0 36.0 53.0 65.0 78.0 
107.0 66.0 55.0 80.0 75.0 82.0 82.0 92.0 108.0 98.0 85.0 125.0 117.0 48.0 11.0 0 4.0 25.0 42.0 76.0 89.0 
108.0 67.0 56.0 81.0 71.0 78.0 78.0 96.0 112.0 102.0 81.0 121.0 121.0 52.0 15.0 4.0 0 29.0 46.0 77.0 90.0 
95.0 54.0 51.0 76.0 72.0 74.0 79.0 67.0 83.0 109.0 92.0 110.0 101.0 53.0 36.0 25.0 29.0 0 17.0 66.0 77.0 
78.0 37.0 34.0 59.0 55.0 57.0 62.0 71.0 85.0 100.0 75.0 112.0 118.0 70.0 53.0 42.0 46.0 17.0 0 49.0 60.0 
73.0 32.0 21.0 46.0 15.0 8.0 22.0 50.0 47.0 69.0 56.0 70.0 141.0 59.0 65.0 76.0 77.0 66.0 49.0 0 55.0 
18.0 23.0 34.0 57.0 41.0 48.0 48.0 81.0 87.0 86.0 55.0 101.0 177.0 114.0 78.0 89.0 90.0 77.0 60.0 55.0 0 
