75
52 49 13 68 75 10 9 21 24 61 39 42 22 73 36 53 65 69 27 23 25 11 31 12 55 5 7 60 4 54 17 66 37 47 70 44 62 51 58 18 46 41 72 77 33 20 16 8 15 2 59 3 32 43 76 64 78 34 45 1 29 19 6 71 67 30 35 48 38 50 63 28 147 74 0
0 1038.0 2106.0 1334.0 2335.0 2231.0 1383.0 2429.0 2403.0 2494.0 2279.0 2126.0 2224.0 1120.0 1869.0 2484.0 2695.0 2159.0 2174.0 1155.0 1152.0 1483.0 2618.0 2749.0 1833.0 2454.0 2573.0 2378.0 2635.0 2705.0 1923.0 2238.0 1222.0 1427.0 2585.0 2431.0 2409.0 2655.0 2356.0 1510.0 1218.0 2371.0 2273.0 2573.0 2378.0 2620.0 2411.0 2597.0 2775.0 2199.0 2464.0 1604.0 2319.0 2673.0 1072.0 2103.0 2397.0 1476.0 2529.0 2619.0 1628.0 2437.0 1536.0 2557.0 2130.0 1770.0 2308.0 2176.0 2419.0 1378.0 2243.0 2506.0 2852.0 2371.0 1020.0 
1038.0 0 1068.0 2170.0 2204.0 2211.0 2421.0 2188.0 2973.0 2245.0 2658.0 1443.0 1739.0 2158.0 2362.0 1756.0 2124.0 1121.0 2203.0 2193.0 2190.0 2299.0 2341.0 2262.0 2395.0 1416.0 2427.0 2276.0 2358.0 2359.0 2366.0 1463.0 2260.0 2465.0 1914.0 2367.0 1990.0 2342.0 2367.0 2344.0 2256.0 2424.0 1387.0 2373.0 2307.0 2365.0 2650.0 1559.0 2356.0 1161.0 2140.0 1572.0 2165.0 2593.0 2110.0 2554.0 2272.0 2514.0 2543.0 2099.0 1954.0 2176.0 2371.0 2284.0 1092.0 1914.0 2421.0 2461.0 2934.0 2416.0 2815.0 2170.0 2423.0 2811.0 2058.0 
2106.0 1068.0 0 1102.0 2103.0 2253.0 2698.0 2709.0 2242.0 3053.0 2449.0 1487.0 2498.0 2114.0 2348.0 2655.0 1646.0 2189.0 2766.0 1784.0 1437.0 2538.0 2750.0 2771.0 2241.0 1223.0 2234.0 2303.0 2260.0 1405.0 2131.0 2531.0 2379.0 1457.0 2363.0 2121.0 2494.0 2764.0 2895.0 2510.0 2239.0 2796.0 2430.0 2140.0 2146.0 2721.0 2547.0 2627.0 2460.0 2229.0 3025.0 2580.0 2604.0 2310.0 2541.0 2563.0 2165.0 2793.0 3440.0 2309.0 1200.0 2722.0 2606.0 2356.0 1977.0 2803.0 2496.0 2679.0 2742.0 2583.0 2241.0 2555.0 2424.0 2856.0 2199.0 
1334.0 2170.0 1102.0 0 1001.0 2302.0 1596.0 2386.0 2322.0 2678.0 2426.0 2263.0 2116.0 1012.0 2144.0 1783.0 1735.0 2386.0 2340.0 2192.0 2100.0 2616.0 2472.0 2186.0 2131.0 2325.0 2605.0 2459.0 1844.0 2211.0 2712.0 2127.0 2221.0 2378.0 2341.0 2217.0 1882.0 2090.0 2915.0 2430.0 1137.0 2263.0 2174.0 2293.0 1044.0 2461.0 2330.0 2258.0 2667.0 2537.0 2234.0 2332.0 2248.0 1808.0 2406.0 2089.0 1063.0 2163.0 2613.0 2600.0 1491.0 2131.0 2307.0 1254.0 2478.0 2652.0 1478.0 2422.0 1683.0 2559.0 1801.0 2218.0 2209.0 2263.0 2151.0 
2335.0 2204.0 2103.0 1001.0 0 1383.0 2467.0 2435.0 3206.0 2665.0 2729.0 1893.0 1781.0 2013.0 2621.0 2784.0 1852.0 2473.0 2279.0 2649.0 2928.0 2416.0 2826.0 2205.0 2525.0 2474.0 2153.0 2452.0 1437.0 2675.0 2804.0 2558.0 2433.0 2163.0 1797.0 2794.0 2382.0 2689.0 2217.0 2841.0 2138.0 2516.0 2813.0 2320.0 1471.0 2431.0 2544.0 2282.0 2726.0 2826.0 2566.0 2296.0 2231.0 2643.0 2646.0 2527.0 2064.0 2892.0 2649.0 1839.0 2432.0 3002.0 2225.0 2255.0 2586.0 2951.0 1976.0 2488.0 2684.0 2798.0 2802.0 2296.0 1208.0 2915.0 3024.0 
2231.0 2211.0 2253.0 2302.0 1383.0 0 1084.0 2130.0 2221.0 2582.0 2428.0 2588.0 1736.0 2756.0 2514.0 2727.0 2093.0 1090.0 1955.0 2798.0 2684.0 2614.0 2797.0 2771.0 2410.0 2371.0 2481.0 2230.0 2682.0 2469.0 1444.0 2316.0 2048.0 2803.0 2843.0 2132.0 2302.0 2592.0 2502.0 2321.0 2692.0 2314.0 1515.0 2119.0 1258.0 2330.0 1499.0 1715.0 2749.0 1578.0 2531.0 2834.0 2343.0 1260.0 2756.0 2553.0 2564.0 3052.0 2255.0 1124.0 2233.0 2234.0 2491.0 2753.0 2423.0 2944.0 2114.0 2288.0 2761.0 2599.0 2322.0 2828.0 2307.0 2702.0 2178.0 
1383.0 2421.0 2698.0 1596.0 2467.0 1084.0 0 1046.0 1578.0 1498.0 2064.0 2383.0 2382.0 2498.0 2623.0 2246.0 2322.0 1562.0 2124.0 2400.0 2535.0 2866.0 2481.0 2668.0 2678.0 1664.0 2048.0 2407.0 2414.0 2432.0 1796.0 1232.0 2248.0 2437.0 2146.0 1048.0 2113.0 2516.0 2501.0 1237.0 2530.0 2926.0 2084.0 2491.0 2182.0 2897.0 2274.0 2658.0 2490.0 2577.0 2494.0 2412.0 2694.0 2344.0 2455.0 1827.0 1480.0 2076.0 2312.0 2208.0 2242.0 2586.0 2376.0 2283.0 2184.0 2340.0 2283.0 2628.0 2583.0 1515.0 2861.0 2122.0 2273.0 3562.0 1482.0 
2429.0 2188.0 2709.0 2386.0 2435.0 2130.0 1046.0 0 1006.0 2050.0 1018.0 2261.0 2556.0 1452.0 2584.0 2354.0 2885.0 2160.0 1078.0 1354.0 2506.0 2859.0 2562.0 2920.0 2701.0 2266.0 2109.0 2609.0 2725.0 2199.0 2647.0 2278.0 1510.0 1972.0 2625.0 2094.0 2235.0 2374.0 2691.0 2283.0 2191.0 2132.0 1095.0 2126.0 2801.0 2464.0 2887.0 2815.0 2911.0 2795.0 2275.0 2321.0 1823.0 1694.0 2336.0 2873.0 2359.0 1030.0 2261.0 2941.0 2451.0 2116.0 2290.0 1237.0 1793.0 1297.0 2518.0 2604.0 2652.0 2554.0 2729.0 1588.0 1227.0 2691.0 2528.0 
2403.0 2973.0 2242.0 2322.0 3206.0 2221.0 1578.0 1006.0 0 1049.0 1837.0 2421.0 2302.0 2256.0 2329.0 2451.0 3164.0 2161.0 2084.0 1807.0 2273.0 2560.0 2643.0 2639.0 2206.0 1557.0 2568.0 2597.0 2461.0 1193.0 2218.0 1978.0 2269.0 2860.0 2807.0 2626.0 2498.0 2622.0 2338.0 1278.0 1185.0 2338.0 2101.0 2108.0 2296.0 2534.0 2378.0 2209.0 2586.0 2279.0 1269.0 2135.0 1116.0 2199.0 1367.0 2398.0 1646.0 2036.0 1932.0 2510.0 2683.0 2627.0 2319.0 2190.0 2317.0 2303.0 2284.0 2467.0 2386.0 2396.0 2311.0 2594.0 2233.0 2299.0 2167.0 
2494.0 2245.0 3053.0 2678.0 2665.0 2582.0 1498.0 2050.0 1049.0 0 1032.0 2192.0 2534.0 2251.0 2478.0 1402.0 2411.0 1753.0 2636.0 2824.0 2224.0 2834.0 2406.0 2476.0 1596.0 2606.0 2876.0 2465.0 2417.0 2242.0 2528.0 1667.0 1804.0 2665.0 3433.0 2546.0 3002.0 2165.0 2940.0 2327.0 2234.0 2986.0 2663.0 2535.0 2748.0 2310.0 2310.0 1160.0 2194.0 2345.0 2297.0 3019.0 2165.0 2268.0 1422.0 2285.0 2438.0 2704.0 1473.0 2604.0 2286.0 2076.0 2645.0 2679.0 2888.0 2412.0 2244.0 2526.0 2504.0 2568.0 2231.0 2522.0 2553.0 2967.0 1954.0 
2279.0 2658.0 2449.0 2426.0 2729.0 2428.0 2064.0 1018.0 1837.0 1032.0 0 1243.0 2254.0 2150.0 1977.0 2434.0 2431.0 2615.0 2096.0 2372.0 2804.0 2201.0 2665.0 1922.0 1997.0 2739.0 2714.0 2440.0 2475.0 1567.0 2416.0 2275.0 2528.0 2656.0 2665.0 1686.0 2554.0 2414.0 2734.0 2757.0 2552.0 2605.0 2113.0 1516.0 2632.0 2297.0 2514.0 2192.0 2560.0 2275.0 1265.0 2307.0 2647.0 2712.0 2297.0 2283.0 1406.0 1976.0 2505.0 1923.0 2607.0 2434.0 2700.0 1647.0 2313.0 1380.0 2601.0 2212.0 2460.0 1536.0 1711.0 1890.0 1521.0 2966.0 2374.0 
2126.0 1443.0 1487.0 2263.0 1893.0 2588.0 2383.0 2261.0 2421.0 2192.0 1243.0 0 1011.0 2115.0 2294.0 2462.0 1603.0 2564.0 2580.0 2508.0 2326.0 2466.0 2301.0 2446.0 2397.0 2393.0 2232.0 2272.0 1710.0 2120.0 2541.0 2420.0 2424.0 2454.0 2302.0 1512.0 2577.0 2782.0 2349.0 2376.0 2340.0 2697.0 1660.0 1835.0 2356.0 2341.0 2843.0 2087.0 3003.0 2366.0 2091.0 1391.0 2410.0 2382.0 1054.0 2085.0 2649.0 1885.0 2415.0 1865.0 2400.0 2190.0 2353.0 2561.0 1464.0 2623.0 2321.0 2158.0 2317.0 1200.0 2225.0 2597.0 2252.0 3366.0 2425.0 
2224.0 1739.0 2498.0 2116.0 1781.0 1736.0 2382.0 2556.0 2302.0 2534.0 2254.0 1011.0 0 1104.0 1789.0 2865.0 2614.0 2528.0 2483.0 2933.0 2669.0 3118.0 2559.0 2892.0 2413.0 2232.0 1221.0 2375.0 2377.0 1109.0 2134.0 2484.0 2154.0 2478.0 1320.0 2418.0 2717.0 2617.0 2841.0 2304.0 1721.0 2551.0 2242.0 2438.0 2802.0 2776.0 2657.0 2579.0 2365.0 2307.0 2968.0 2402.0 2747.0 2326.0 2065.0 2574.0 2530.0 2635.0 1404.0 2357.0 2269.0 1384.0 1936.0 2888.0 2224.0 2635.0 2200.0 2383.0 2704.0 2211.0 2744.0 1913.0 2799.0 2355.0 2383.0 
1120.0 2158.0 2114.0 1012.0 2013.0 2756.0 2498.0 1452.0 2256.0 2251.0 2150.0 2115.0 1104.0 0 1132.0 2171.0 2494.0 2448.0 2530.0 2275.0 2035.0 2603.0 2571.0 2842.0 2126.0 2877.0 2325.0 2519.0 2228.0 2213.0 2547.0 2075.0 1722.0 2482.0 2424.0 2539.0 2404.0 2290.0 2615.0 2630.0 2149.0 2569.0 2272.0 2729.0 2056.0 2663.0 1553.0 2689.0 1655.0 2816.0 2273.0 2295.0 2409.0 2728.0 2192.0 1470.0 2075.0 2482.0 2374.0 2587.0 2086.0 2037.0 2656.0 1824.0 1923.0 2749.0 2490.0 2374.0 2695.0 2498.0 2042.0 1907.0 2508.0 1251.0 1279.0 
1869.0 2362.0 2348.0 2144.0 2621.0 2514.0 2623.0 2584.0 2329.0 2478.0 1977.0 2294.0 1789.0 1132.0 0 1076.0 2085.0 2280.0 2280.0 2420.0 2344.0 2220.0 2891.0 2358.0 2485.0 2599.0 2812.0 2093.0 2309.0 2447.0 1752.0 2101.0 1085.0 2124.0 3016.0 2539.0 2296.0 1158.0 2199.0 3236.0 2169.0 2690.0 2136.0 1876.0 2268.0 2253.0 2625.0 2240.0 1206.0 2300.0 2670.0 2143.0 2211.0 2321.0 2756.0 2580.0 2472.0 2150.0 2371.0 1455.0 1982.0 2600.0 2366.0 2461.0 2812.0 2350.0 1955.0 2542.0 2282.0 1626.0 2142.0 2319.0 2566.0 2383.0 2411.0 
2484.0 1756.0 2655.0 1783.0 2784.0 2727.0 2246.0 2354.0 2451.0 1402.0 2434.0 2462.0 2865.0 2171.0 1076.0 0 1009.0 2012.0 2377.0 1422.0 2144.0 2853.0 2675.0 2674.0 2429.0 2492.0 2254.0 2721.0 2337.0 2526.0 2608.0 2278.0 1262.0 2301.0 2563.0 2218.0 2794.0 2234.0 2873.0 2510.0 2346.0 2623.0 1586.0 2569.0 2217.0 2880.0 2270.0 2491.0 2282.0 2600.0 2357.0 2394.0 2220.0 2200.0 2237.0 2685.0 2343.0 2470.0 2875.0 2531.0 2716.0 2342.0 2118.0 3037.0 1831.0 2644.0 2640.0 2672.0 1910.0 1557.0 1066.0 1512.0 2440.0 3052.0 2696.0 
2695.0 2124.0 1646.0 1735.0 1852.0 2093.0 2322.0 2885.0 3164.0 2411.0 2431.0 1603.0 2614.0 2494.0 2085.0 1009.0 0 1003.0 2085.0 2431.0 2523.0 2367.0 1869.0 2702.0 2962.0 2776.0 3028.0 2578.0 2450.0 2790.0 2773.0 2463.0 2271.0 2438.0 2372.0 1274.0 2252.0 2473.0 2495.0 2940.0 2645.0 1832.0 2192.0 2726.0 2345.0 2562.0 1452.0 2602.0 2329.0 2763.0 2444.0 2422.0 2272.0 1191.0 2657.0 2931.0 2428.0 2743.0 2912.0 2447.0 1940.0 2147.0 2793.0 2509.0 1553.0 2497.0 2785.0 2397.0 2434.0 1317.0 2075.0 2379.0 2799.0 3150.0 2172.0 
2159.0 1121.0 2189.0 2386.0 2473.0 1090.0 1562.0 2160.0 2161.0 1753.0 2615.0 2564.0 2528.0 2448.0 2280.0 2012.0 1003.0 0 1082.0 2101.0 2429.0 2511.0 2634.0 2188.0 2478.0 2069.0 2810.0 1704.0 2719.0 1787.0 2288.0 2436.0 2105.0 2398.0 2338.0 2277.0 1249.0 2387.0 2455.0 2493.0 2660.0 2226.0 1189.0 2220.0 1342.0 2759.0 2184.0 2486.0 2537.0 2282.0 1441.0 2288.0 1269.0 2194.0 2430.0 2582.0 2397.0 2366.0 2528.0 1814.0 1940.0 1144.0 2236.0 2537.0 2213.0 2730.0 2171.0 1470.0 2539.0 1645.0 2483.0 2681.0 2364.0 2695.0 1169.0 
2174.0 2203.0 2766.0 2340.0 2279.0 1955.0 2124.0 1078.0 2084.0 2636.0 2096.0 2580.0 2483.0 2530.0 2280.0 2377.0 2085.0 1082.0 0 1019.0 2171.0 2315.0 2789.0 2176.0 2328.0 1963.0 2707.0 2595.0 2065.0 2395.0 2888.0 1866.0 2404.0 2609.0 2698.0 2607.0 2331.0 1701.0 2486.0 1806.0 2359.0 1206.0 2173.0 2499.0 2417.0 2444.0 2729.0 1885.0 2529.0 2469.0 1678.0 2720.0 2351.0 2260.0 2912.0 2305.0 2369.0 2108.0 2660.0 2196.0 2565.0 2226.0 2909.0 2315.0 2726.0 2311.0 2460.0 2269.0 2619.0 2515.0 2198.0 2470.0 2305.0 1613.0 2237.0 
1155.0 2193.0 1784.0 2192.0 2649.0 2798.0 2400.0 1354.0 1807.0 2824.0 2372.0 2508.0 2933.0 2275.0 2420.0 1422.0 2431.0 2101.0 1019.0 0 1152.0 2253.0 2730.0 2572.0 2663.0 2660.0 2561.0 2373.0 2268.0 2524.0 2882.0 2231.0 2377.0 2582.0 1918.0 2387.0 2753.0 2398.0 2235.0 2369.0 2373.0 1363.0 2400.0 1787.0 2226.0 2467.0 2292.0 2904.0 2576.0 3247.0 2631.0 2357.0 2319.0 2417.0 2227.0 2352.0 2227.0 2384.0 3012.0 2207.0 2102.0 2437.0 2691.0 2304.0 2115.0 2651.0 2234.0 1250.0 2354.0 2329.0 2488.0 1881.0 2230.0 2169.0 2175.0 
1152.0 2190.0 1437.0 2100.0 2928.0 2684.0 2535.0 2506.0 2273.0 2224.0 2804.0 2326.0 2669.0 2035.0 2344.0 2144.0 2523.0 2429.0 2171.0 1152.0 0 1101.0 2236.0 2776.0 2251.0 2457.0 2511.0 3216.0 2201.0 2842.0 2429.0 1689.0 1680.0 2518.0 3070.0 2246.0 1978.0 2973.0 2210.0 1919.0 1936.0 2515.0 1865.0 2571.0 2341.0 3234.0 2539.0 2909.0 2310.0 2538.0 2747.0 2186.0 1167.0 2250.0 2224.0 2257.0 2854.0 2264.0 2669.0 2810.0 2472.0 1285.0 2377.0 1445.0 2669.0 2520.0 2740.0 2402.0 1369.0 2486.0 2015.0 2306.0 2182.0 2171.0 2120.0 
1483.0 2299.0 2538.0 2616.0 2416.0 2614.0 2866.0 2859.0 2560.0 2834.0 2201.0 2466.0 3118.0 2603.0 2220.0 2853.0 2367.0 2511.0 2315.0 2253.0 1101.0 0 1135.0 2384.0 2374.0 1356.0 2367.0 2167.0 1152.0 2420.0 3040.0 2790.0 2600.0 2374.0 2587.0 2224.0 1481.0 2619.0 2475.0 2853.0 2701.0 2255.0 2602.0 1757.0 2601.0 2695.0 1585.0 2697.0 1676.0 1437.0 2447.0 2328.0 1504.0 2587.0 1412.0 1156.0 2182.0 2365.0 2647.0 2484.0 2643.0 2386.0 2190.0 2417.0 2246.0 2230.0 1961.0 2393.0 2273.0 2397.0 2457.0 2471.0 1632.0 2653.0 2060.0 
2618.0 2341.0 2750.0 2472.0 2826.0 2797.0 2481.0 2562.0 2643.0 2406.0 2665.0 2301.0 2559.0 2571.0 2891.0 2675.0 1869.0 2634.0 2789.0 2730.0 2236.0 1135.0 0 1249.0 1523.0 2378.0 1771.0 2464.0 2287.0 1450.0 2475.0 2964.0 2518.0 2663.0 2930.0 3143.0 2104.0 2503.0 2580.0 1847.0 3097.0 2504.0 1467.0 2498.0 2675.0 1845.0 2479.0 2296.0 2547.0 2572.0 1941.0 2370.0 2639.0 1946.0 2547.0 2291.0 2555.0 2911.0 2453.0 2907.0 1798.0 2774.0 1820.0 2852.0 2814.0 2272.0 2530.0 2610.0 1500.0 2617.0 1609.0 2844.0 2636.0 3242.0 2102.0 
2749.0 2262.0 2771.0 2186.0 2205.0 2771.0 2668.0 2920.0 2639.0 2476.0 1922.0 2446.0 2892.0 2842.0 2358.0 2674.0 2702.0 2188.0 2176.0 2572.0 2776.0 2384.0 1249.0 0 1113.0 2131.0 2676.0 2212.0 2783.0 2486.0 2788.0 1968.0 2244.0 2440.0 2484.0 2769.0 2447.0 2613.0 2478.0 2554.0 1986.0 2488.0 2266.0 2550.0 2142.0 2405.0 2998.0 2093.0 2458.0 3190.0 2326.0 1897.0 2916.0 2783.0 2445.0 2744.0 3017.0 2678.0 2671.0 2601.0 2207.0 2447.0 2778.0 1725.0 1688.0 2654.0 3019.0 2299.0 2524.0 2267.0 2655.0 2595.0 2730.0 2723.0 2869.0 
1833.0 2395.0 2241.0 2131.0 2525.0 2410.0 2678.0 2701.0 2206.0 1596.0 1997.0 2397.0 2413.0 2126.0 2485.0 2429.0 2962.0 2478.0 2328.0 2663.0 2251.0 2374.0 1523.0 1113.0 0 1018.0 2029.0 2804.0 2055.0 2636.0 2478.0 2506.0 2956.0 3017.0 2656.0 2456.0 2292.0 1743.0 1727.0 1441.0 2550.0 2371.0 2136.0 2298.0 1152.0 2489.0 2342.0 2359.0 1830.0 2683.0 1673.0 2365.0 2756.0 2440.0 2742.0 2259.0 2456.0 1785.0 2372.0 2366.0 1957.0 1334.0 2426.0 2601.0 2721.0 2453.0 2780.0 2329.0 2973.0 2944.0 2824.0 2310.0 2082.0 2596.0 2407.0 
2454.0 1416.0 1223.0 2325.0 2474.0 2371.0 1664.0 2266.0 1557.0 2606.0 2739.0 2393.0 2232.0 2877.0 2599.0 2492.0 2776.0 2069.0 1963.0 2660.0 2457.0 1356.0 2378.0 2131.0 1018.0 0 1011.0 2052.0 1037.0 2305.0 2500.0 2463.0 2357.0 2680.0 2365.0 2339.0 1274.0 1541.0 2582.0 2422.0 2517.0 2352.0 1428.0 1280.0 2170.0 2434.0 1324.0 2429.0 1395.0 2577.0 2284.0 2988.0 2673.0 2182.0 2669.0 2512.0 2403.0 2488.0 2754.0 2368.0 2423.0 2254.0 2049.0 2366.0 2508.0 2595.0 2423.0 2460.0 2718.0 2152.0 2312.0 2656.0 2448.0 2983.0 2589.0 
2573.0 2427.0 2234.0 2605.0 2153.0 2481.0 2048.0 2109.0 2568.0 2876.0 2714.0 2232.0 1221.0 2325.0 2812.0 2254.0 3028.0 2810.0 2707.0 2561.0 2511.0 2367.0 1771.0 2676.0 2029.0 1011.0 0 1280.0 1481.0 2330.0 2361.0 1547.0 2563.0 2557.0 2541.0 2149.0 2285.0 2552.0 2212.0 2738.0 2630.0 2746.0 2092.0 2291.0 2190.0 3116.0 2335.0 2319.0 2406.0 2878.0 2519.0 2291.0 2658.0 2468.0 1673.0 2608.0 2789.0 2582.0 2387.0 1357.0 2466.0 2605.0 1602.0 2655.0 2146.0 2578.0 2598.0 2590.0 3017.0 3078.0 2844.0 2394.0 2081.0 3427.0 2408.0 
2378.0 2276.0 2303.0 2459.0 2452.0 2230.0 2407.0 2609.0 2597.0 2465.0 2440.0 2272.0 2375.0 2519.0 2093.0 2721.0 2578.0 1704.0 2595.0 2373.0 3216.0 2167.0 2464.0 2212.0 2804.0 2052.0 1280.0 0 1015.0 1404.0 1933.0 2482.0 2256.0 1277.0 2435.0 2244.0 2223.0 2366.0 2360.0 2599.0 2574.0 2527.0 2547.0 1874.0 2184.0 2661.0 2527.0 1729.0 1306.0 2444.0 2783.0 2725.0 2152.0 2907.0 1306.0 2337.0 2852.0 1685.0 2379.0 2074.0 2221.0 2698.0 2349.0 2161.0 2740.0 2597.0 2495.0 1959.0 1879.0 2363.0 2421.0 1397.0 2513.0 2537.0 2621.0 
2635.0 2358.0 2260.0 1844.0 1437.0 2682.0 2414.0 2725.0 2461.0 2417.0 2475.0 1710.0 2377.0 2228.0 2309.0 2337.0 2450.0 2719.0 2065.0 2268.0 2201.0 1152.0 2287.0 2783.0 2055.0 1037.0 1481.0 1015.0 0 1268.0 2293.0 1660.0 2455.0 2292.0 3138.0 2376.0 2311.0 2578.0 2324.0 2463.0 2981.0 2742.0 2465.0 2317.0 2599.0 2427.0 2361.0 2744.0 2321.0 2466.0 2922.0 2343.0 2656.0 2565.0 2321.0 1969.0 2616.0 2543.0 2740.0 2838.0 2548.0 2696.0 2439.0 2403.0 2603.0 2215.0 2303.0 2542.0 2843.0 2910.0 2208.0 1874.0 1498.0 1946.0 1856.0 
2705.0 2359.0 1405.0 2211.0 2675.0 2469.0 2432.0 2199.0 1193.0 2242.0 1567.0 2120.0 1109.0 2213.0 2447.0 2526.0 2790.0 1787.0 2395.0 2524.0 2842.0 2420.0 1450.0 2486.0 2636.0 2305.0 2330.0 1404.0 1268.0 0 1025.0 2059.0 2379.0 2352.0 2429.0 3163.0 2704.0 2223.0 2459.0 1195.0 1951.0 2345.0 2452.0 2540.0 2460.0 2126.0 1683.0 2348.0 2510.0 1198.0 2208.0 2805.0 2147.0 1942.0 2378.0 2779.0 2763.0 2062.0 2513.0 2854.0 2303.0 2169.0 2870.0 2389.0 1868.0 1561.0 1091.0 1274.0 2500.0 2882.0 2569.0 2801.0 2628.0 3214.0 1816.0 
1923.0 2366.0 2131.0 2712.0 2804.0 1444.0 1796.0 2647.0 2218.0 2528.0 2416.0 2541.0 2134.0 2547.0 1752.0 2608.0 2773.0 2288.0 2888.0 2882.0 2429.0 3040.0 2475.0 2788.0 2478.0 2500.0 2361.0 1933.0 2293.0 1025.0 0 1034.0 2050.0 2239.0 2470.0 2138.0 2387.0 1249.0 2290.0 2220.0 2583.0 2589.0 1552.0 1515.0 2507.0 1101.0 2211.0 2298.0 2150.0 2223.0 2086.0 2928.0 2215.0 2327.0 2602.0 2881.0 2453.0 2388.0 1969.0 2416.0 1307.0 1144.0 1845.0 2537.0 2509.0 2268.0 2085.0 2299.0 2694.0 1857.0 2327.0 2323.0 2308.0 2639.0 2841.0 
2238.0 1463.0 2531.0 2127.0 2558.0 2316.0 1232.0 2278.0 1978.0 1667.0 2275.0 2420.0 2484.0 2075.0 2101.0 2278.0 2463.0 2436.0 1866.0 2231.0 1689.0 2790.0 2964.0 1968.0 2506.0 2463.0 1547.0 2482.0 1660.0 2059.0 1034.0 0 1016.0 1205.0 2287.0 1189.0 2254.0 1284.0 2325.0 2469.0 1847.0 2305.0 2067.0 1536.0 2269.0 2135.0 2646.0 2261.0 2344.0 2272.0 1262.0 2304.0 1720.0 2342.0 2280.0 1901.0 1419.0 2311.0 1080.0 2211.0 2099.0 2178.0 1144.0 2197.0 2310.0 2272.0 1051.0 2538.0 1660.0 2519.0 3039.0 2257.0 1350.0 2474.0 2190.0 
1222.0 2260.0 2379.0 2221.0 2433.0 2048.0 2248.0 1510.0 2269.0 1804.0 2528.0 2424.0 2154.0 1722.0 1085.0 1262.0 2271.0 2105.0 2404.0 2377.0 1680.0 2600.0 2518.0 2244.0 2956.0 2357.0 2563.0 2256.0 2455.0 2379.0 2050.0 1016.0 0 1039.0 1931.0 1454.0 2519.0 2243.0 2679.0 2377.0 1084.0 2088.0 1051.0 2082.0 2593.0 2471.0 2113.0 2321.0 2291.0 2812.0 2278.0 1472.0 2467.0 2850.0 2292.0 1495.0 1387.0 2540.0 2096.0 2540.0 2319.0 2658.0 2160.0 2602.0 2639.0 2669.0 1595.0 2527.0 1197.0 2314.0 2269.0 2560.0 2293.0 2640.0 1950.0 
1427.0 2465.0 1457.0 2378.0 2163.0 2803.0 2437.0 1972.0 2860.0 2665.0 2656.0 2454.0 2478.0 2482.0 2124.0 2301.0 2438.0 2398.0 2609.0 2582.0 2518.0 2374.0 2663.0 2440.0 3017.0 2680.0 2557.0 1277.0 2292.0 2352.0 2239.0 1205.0 1039.0 0 1158.0 2256.0 2470.0 1628.0 2317.0 2738.0 2123.0 2573.0 2090.0 2741.0 2386.0 1587.0 2441.0 2449.0 2583.0 2728.0 2413.0 2422.0 2750.0 2833.0 2499.0 1987.0 2426.0 1665.0 2285.0 2732.0 2321.0 2663.0 2349.0 2207.0 1600.0 2461.0 2256.0 2511.0 2236.0 2805.0 2550.0 2193.0 2555.0 2596.0 2447.0 
2585.0 1914.0 2363.0 2341.0 1797.0 2843.0 2146.0 2625.0 2807.0 3433.0 2665.0 2302.0 1320.0 2424.0 3016.0 2563.0 2372.0 2338.0 2698.0 1918.0 3070.0 2587.0 2930.0 2484.0 2656.0 2365.0 2541.0 2435.0 3138.0 2429.0 2470.0 2287.0 1931.0 1158.0 0 1098.0 2163.0 2329.0 3370.0 2746.0 2756.0 3042.0 2719.0 2226.0 2420.0 1838.0 2593.0 2794.0 2828.0 2369.0 2472.0 2571.0 2137.0 3181.0 2601.0 3041.0 2252.0 2793.0 2724.0 1801.0 1163.0 2704.0 2591.0 2593.0 2758.0 2545.0 2963.0 2795.0 3064.0 2421.0 2667.0 2370.0 2272.0 2480.0 2613.0 
2431.0 2367.0 2121.0 2217.0 2794.0 2132.0 1048.0 2094.0 2626.0 2546.0 1686.0 1512.0 2418.0 2539.0 2539.0 2218.0 1274.0 2277.0 2607.0 2387.0 2246.0 2224.0 3143.0 2769.0 2456.0 2339.0 2149.0 2244.0 2376.0 3163.0 2138.0 1189.0 1454.0 2256.0 1098.0 0 1065.0 2203.0 2440.0 2285.0 2333.0 2628.0 2185.0 2660.0 2117.0 2366.0 2726.0 2721.0 2467.0 2994.0 2257.0 2903.0 2909.0 2317.0 2566.0 2180.0 1154.0 2483.0 2269.0 1173.0 2261.0 2557.0 2333.0 2175.0 2499.0 2909.0 2240.0 2948.0 2483.0 2563.0 2684.0 1272.0 2239.0 2899.0 1955.0 
2409.0 1990.0 2494.0 1882.0 2382.0 2302.0 2113.0 2235.0 2498.0 3002.0 2554.0 2577.0 2717.0 2404.0 2296.0 2794.0 2252.0 1249.0 2331.0 2753.0 1978.0 1481.0 2104.0 2447.0 2292.0 1274.0 2285.0 2223.0 2311.0 2704.0 2387.0 2254.0 2519.0 2470.0 2163.0 1065.0 0 1138.0 1375.0 1509.0 2575.0 2566.0 2372.0 1595.0 2591.0 2410.0 2413.0 2673.0 2198.0 2918.0 2495.0 2106.0 2518.0 2550.0 2722.0 2174.0 1148.0 2185.0 2351.0 2209.0 2398.0 2393.0 2263.0 2213.0 1658.0 2206.0 2766.0 2569.0 2576.0 1761.0 2162.0 2337.0 1174.0 2947.0 1655.0 
2655.0 2342.0 2764.0 2090.0 2689.0 2592.0 2516.0 2374.0 2622.0 2165.0 2414.0 2782.0 2617.0 2290.0 1158.0 2234.0 2473.0 2387.0 1701.0 2398.0 2973.0 2619.0 2503.0 2613.0 1743.0 1541.0 2552.0 2366.0 2578.0 2223.0 1249.0 1284.0 2243.0 1628.0 2329.0 2203.0 1138.0 0 1041.0 2305.0 1437.0 2356.0 2500.0 2733.0 2442.0 1272.0 2382.0 2094.0 1060.0 2372.0 2446.0 2320.0 2495.0 1412.0 2610.0 1648.0 2286.0 2444.0 1213.0 2344.0 2364.0 2300.0 1208.0 2261.0 2331.0 1413.0 2335.0 1643.0 2843.0 2684.0 2695.0 1556.0 2312.0 2385.0 2377.0 
2356.0 2367.0 2895.0 2915.0 2217.0 2502.0 2501.0 2691.0 2338.0 2940.0 2734.0 2349.0 2841.0 2615.0 2199.0 2873.0 2495.0 2455.0 2486.0 2235.0 2210.0 2475.0 2580.0 2478.0 1727.0 2582.0 2212.0 2360.0 2324.0 2459.0 2290.0 2325.0 2679.0 2317.0 3370.0 2440.0 1375.0 1041.0 0 1264.0 2333.0 1315.0 2352.0 1736.0 2534.0 2313.0 2698.0 3091.0 2101.0 1547.0 2440.0 2355.0 2299.0 2369.0 2443.0 2414.0 1964.0 1751.0 1658.0 2346.0 2487.0 1457.0 1591.0 2616.0 1392.0 1613.0 2483.0 2580.0 2473.0 2401.0 2380.0 2450.0 2141.0 1572.0 1336.0 
1510.0 2344.0 2510.0 2430.0 2841.0 2321.0 1237.0 2283.0 1278.0 2327.0 2757.0 2376.0 2304.0 2630.0 3236.0 2510.0 2940.0 2493.0 1806.0 2369.0 1919.0 2853.0 1847.0 2554.0 1441.0 2422.0 2738.0 2599.0 2463.0 1195.0 2220.0 2469.0 2377.0 2738.0 2746.0 2285.0 1509.0 2305.0 1264.0 0 1293.0 1890.0 2623.0 1592.0 2413.0 2261.0 2479.0 2371.0 2657.0 2393.0 2375.0 1910.0 2394.0 2521.0 2582.0 1964.0 2657.0 2986.0 2733.0 2511.0 1583.0 1349.0 2441.0 2809.0 2302.0 2594.0 2286.0 2469.0 2628.0 2752.0 2450.0 2674.0 2683.0 2356.0 2530.0 
1218.0 2256.0 2239.0 1137.0 2138.0 2692.0 2530.0 2191.0 1185.0 2234.0 2552.0 2340.0 1721.0 2149.0 2169.0 2346.0 2645.0 2660.0 2359.0 2373.0 1936.0 2701.0 3097.0 1986.0 2550.0 2517.0 2630.0 2574.0 2981.0 1951.0 2583.0 1847.0 1084.0 2123.0 2756.0 2333.0 2575.0 1437.0 2333.0 1293.0 0 1153.0 2135.0 2478.0 2181.0 2303.0 1193.0 1725.0 2497.0 3036.0 2454.0 2461.0 1442.0 2207.0 2290.0 2252.0 1953.0 1859.0 2650.0 2254.0 2628.0 2427.0 1772.0 2391.0 2510.0 2850.0 2407.0 2518.0 2281.0 2596.0 2721.0 1581.0 2925.0 2519.0 2238.0 
2371.0 2424.0 2796.0 2263.0 2516.0 2314.0 2926.0 2132.0 2338.0 2986.0 2605.0 2697.0 2551.0 2569.0 2690.0 2623.0 1832.0 2226.0 1206.0 1363.0 2515.0 2255.0 2504.0 2488.0 2371.0 2352.0 2746.0 2527.0 2742.0 2345.0 2589.0 2305.0 2088.0 2573.0 3042.0 2628.0 2566.0 2356.0 1315.0 1890.0 1153.0 0 1037.0 2068.0 1219.0 2524.0 2346.0 2404.0 2901.0 2622.0 1612.0 2654.0 1978.0 1054.0 1706.0 1099.0 2125.0 2574.0 2590.0 2713.0 2800.0 2772.0 1894.0 2512.0 2660.0 2475.0 1254.0 1976.0 1413.0 1706.0 2695.0 2734.0 2662.0 1366.0 2448.0 
2273.0 1387.0 2430.0 2174.0 2813.0 1515.0 2084.0 1095.0 2101.0 2663.0 2113.0 1660.0 2242.0 2272.0 2136.0 1586.0 2192.0 1189.0 2173.0 2400.0 1865.0 2602.0 1467.0 2266.0 2136.0 1428.0 2092.0 2547.0 2465.0 2452.0 1552.0 2067.0 1051.0 2090.0 2719.0 2185.0 2372.0 2500.0 2352.0 2623.0 2135.0 1037.0 0 1031.0 2226.0 2468.0 2383.0 2604.0 2210.0 2548.0 2314.0 2458.0 1935.0 2091.0 1241.0 2136.0 2438.0 1537.0 2693.0 2639.0 2562.0 2333.0 1292.0 2332.0 2413.0 2392.0 2284.0 2345.0 1557.0 2674.0 2412.0 2544.0 1939.0 2403.0 2358.0 
2573.0 2373.0 2140.0 2293.0 2320.0 2119.0 2491.0 2126.0 2108.0 2535.0 1516.0 1835.0 2438.0 2729.0 1876.0 2569.0 2726.0 2220.0 2499.0 1787.0 2571.0 1757.0 2498.0 2550.0 2298.0 1280.0 2291.0 1874.0 2317.0 2540.0 1515.0 1536.0 2082.0 2741.0 2226.0 2660.0 1595.0 2733.0 1736.0 1592.0 2478.0 2068.0 1031.0 0 1249.0 2346.0 2352.0 2384.0 2157.0 2201.0 2324.0 2759.0 1740.0 2823.0 2272.0 2400.0 2519.0 2559.0 2616.0 2187.0 2082.0 1850.0 2323.0 2570.0 2465.0 2665.0 2480.0 2581.0 2588.0 2433.0 1503.0 2330.0 2249.0 2266.0 2065.0 
2378.0 2307.0 2146.0 1044.0 1471.0 1258.0 2182.0 2801.0 2296.0 2748.0 2632.0 2356.0 2802.0 2056.0 2268.0 2217.0 2345.0 1342.0 2417.0 2226.0 2341.0 2601.0 2675.0 2142.0 1152.0 2170.0 2190.0 2184.0 2599.0 2460.0 2507.0 2269.0 2593.0 2386.0 2420.0 2117.0 2591.0 2442.0 2534.0 2413.0 2181.0 1219.0 2226.0 1249.0 0 1417.0 1721.0 2515.0 2483.0 2640.0 2256.0 2205.0 1604.0 2273.0 2677.0 2318.0 1512.0 2412.0 3006.0 2382.0 2404.0 2486.0 1556.0 1564.0 2159.0 2543.0 2278.0 2314.0 2434.0 2177.0 2604.0 2895.0 2370.0 1444.0 2483.0 
2620.0 2365.0 2721.0 2461.0 2431.0 2330.0 2897.0 2464.0 2534.0 2310.0 2297.0 2341.0 2776.0 2663.0 2253.0 2880.0 2562.0 2759.0 2444.0 2467.0 3234.0 2695.0 1845.0 2405.0 2489.0 2434.0 3116.0 2661.0 2427.0 2126.0 1101.0 2135.0 2471.0 1587.0 1838.0 2366.0 2410.0 1272.0 2313.0 2261.0 2303.0 2524.0 2468.0 2346.0 1417.0 0 1110.0 2260.0 2332.0 1354.0 1882.0 2190.0 2392.0 2684.0 1729.0 2667.0 2929.0 2717.0 2485.0 2378.0 2408.0 2245.0 1958.0 2673.0 2752.0 1167.0 1270.0 2542.0 2419.0 2162.0 1985.0 2634.0 2527.0 1538.0 1934.0 
2411.0 2650.0 2547.0 2330.0 2544.0 1499.0 2274.0 2887.0 2378.0 2310.0 2514.0 2843.0 2657.0 1553.0 2625.0 2270.0 1452.0 2184.0 2729.0 2292.0 2539.0 1585.0 2479.0 2998.0 2342.0 1324.0 2335.0 2527.0 2361.0 1683.0 2211.0 2646.0 2113.0 2441.0 2593.0 2726.0 2413.0 2382.0 2698.0 2479.0 1193.0 2346.0 2383.0 2352.0 1721.0 1110.0 0 1150.0 2184.0 2464.0 2843.0 2679.0 2224.0 2580.0 1789.0 1557.0 2583.0 2457.0 2516.0 2623.0 2598.0 2841.0 2965.0 2756.0 2225.0 2277.0 2179.0 1432.0 2365.0 2769.0 1528.0 2348.0 2372.0 1698.0 2411.0 
2597.0 1559.0 2627.0 2258.0 2282.0 1715.0 2658.0 2815.0 2209.0 1160.0 2192.0 2087.0 2579.0 2689.0 2240.0 2491.0 2602.0 2486.0 1885.0 2904.0 2909.0 2697.0 2296.0 2093.0 2359.0 2429.0 2319.0 1729.0 2744.0 2348.0 2298.0 2261.0 2321.0 2449.0 2794.0 2721.0 2673.0 2094.0 3091.0 2371.0 1725.0 2404.0 2604.0 2384.0 2515.0 2260.0 1150.0 0 1034.0 2346.0 2086.0 2939.0 2475.0 2195.0 2582.0 2707.0 2465.0 1785.0 2633.0 2292.0 2445.0 2679.0 2694.0 2908.0 2651.0 2841.0 2316.0 2376.0 2339.0 2882.0 2678.0 2925.0 2565.0 1807.0 2333.0 
2775.0 2356.0 2460.0 2667.0 2726.0 2749.0 2490.0 2911.0 2586.0 2194.0 2560.0 3003.0 2365.0 1655.0 1206.0 2282.0 2329.0 2537.0 2529.0 2576.0 2310.0 1676.0 2547.0 2458.0 1830.0 1395.0 2406.0 1306.0 2321.0 2510.0 2150.0 2344.0 2291.0 2583.0 2828.0 2467.0 2198.0 1060.0 2101.0 2657.0 2497.0 2901.0 2210.0 2157.0 2483.0 2332.0 2184.0 1034.0 0 1312.0 2295.0 2515.0 2205.0 2472.0 2612.0 2708.0 3121.0 2228.0 2146.0 2469.0 2328.0 2751.0 2072.0 2379.0 2509.0 2268.0 2407.0 1788.0 2136.0 2416.0 2227.0 1891.0 2690.0 2563.0 2833.0 
2199.0 1161.0 2229.0 2537.0 2826.0 1578.0 2577.0 2795.0 2279.0 2345.0 2275.0 2366.0 2307.0 2816.0 2300.0 2600.0 2763.0 2282.0 2469.0 3247.0 2538.0 1437.0 2572.0 3190.0 2683.0 2577.0 2878.0 2444.0 2466.0 1198.0 2223.0 2272.0 2812.0 2728.0 2369.0 2994.0 2918.0 2372.0 1547.0 2393.0 3036.0 2622.0 2548.0 2201.0 2640.0 1354.0 2464.0 2346.0 1312.0 0 1010.0 2052.0 2754.0 2838.0 2849.0 1889.0 2642.0 2370.0 2952.0 1821.0 1206.0 2820.0 2753.0 2813.0 2058.0 2521.0 2289.0 2421.0 2618.0 2491.0 2852.0 3203.0 2430.0 2613.0 2454.0 
2464.0 2140.0 3025.0 2234.0 2566.0 2531.0 2494.0 2275.0 1269.0 2297.0 1265.0 2091.0 2968.0 2273.0 2670.0 2357.0 2444.0 1441.0 1678.0 2631.0 2747.0 2447.0 1941.0 2326.0 1673.0 2284.0 2519.0 2783.0 2922.0 2208.0 2086.0 1262.0 2278.0 2413.0 2472.0 2257.0 2495.0 2446.0 2440.0 2375.0 2454.0 1612.0 2314.0 2324.0 2256.0 1882.0 2843.0 2086.0 2295.0 1010.0 0 1042.0 2061.0 2481.0 2515.0 2711.0 2635.0 2513.0 1999.0 2831.0 2216.0 2288.0 1743.0 2272.0 1048.0 2264.0 2313.0 1411.0 2343.0 1819.0 2375.0 2514.0 2356.0 1701.0 1444.0 
1604.0 1572.0 2580.0 2332.0 2296.0 2834.0 2412.0 2321.0 2135.0 3019.0 2307.0 1391.0 2402.0 2295.0 2143.0 2394.0 2422.0 2288.0 2720.0 2357.0 2186.0 2328.0 2370.0 1897.0 2365.0 2988.0 2291.0 2725.0 2343.0 2805.0 2928.0 2304.0 1472.0 2422.0 2571.0 2903.0 2106.0 2320.0 2355.0 1910.0 2461.0 2654.0 2458.0 2759.0 2205.0 2190.0 2679.0 2939.0 2515.0 2052.0 1042.0 0 1019.0 2102.0 1961.0 2428.0 2625.0 2116.0 3041.0 2820.0 2401.0 2786.0 2363.0 2707.0 1483.0 1356.0 2509.0 1598.0 1362.0 2052.0 2637.0 2414.0 2224.0 2743.0 2302.0 
2319.0 2165.0 2604.0 2248.0 2231.0 2343.0 2694.0 1823.0 1116.0 2165.0 2647.0 2410.0 2747.0 2409.0 2211.0 2220.0 2272.0 1269.0 2351.0 2319.0 1167.0 1504.0 2639.0 2916.0 2756.0 2673.0 2658.0 2152.0 2656.0 2147.0 2215.0 1720.0 2467.0 2750.0 2137.0 2909.0 2518.0 2495.0 2299.0 2394.0 1442.0 1978.0 1935.0 1740.0 1604.0 2392.0 2224.0 2475.0 2205.0 2754.0 2061.0 1019.0 0 1083.0 1962.0 2430.0 2404.0 1097.0 2328.0 2431.0 2393.0 2413.0 2829.0 2612.0 1543.0 2375.0 2594.0 2455.0 1270.0 1532.0 2173.0 2353.0 2394.0 3006.0 2438.0 
2673.0 2593.0 2310.0 1808.0 2643.0 1260.0 2344.0 1694.0 2199.0 2268.0 2712.0 2382.0 2326.0 2728.0 2321.0 2200.0 1191.0 2194.0 2260.0 2417.0 2250.0 2587.0 1946.0 2783.0 2440.0 2182.0 2468.0 2907.0 2565.0 1942.0 2327.0 2342.0 2850.0 2833.0 3181.0 2317.0 2550.0 1412.0 2369.0 2521.0 2207.0 1054.0 2091.0 2823.0 2273.0 2684.0 2580.0 2195.0 2472.0 2838.0 2481.0 2102.0 1083.0 0 1601.0 2153.0 2692.0 2180.0 2625.0 1825.0 2476.0 2266.0 1778.0 2831.0 2455.0 2825.0 2308.0 1736.0 2353.0 2508.0 2742.0 2795.0 1608.0 2420.0 2620.0 
1072.0 2110.0 2541.0 2406.0 2646.0 2756.0 2455.0 2336.0 1367.0 1422.0 2297.0 1054.0 2065.0 2192.0 2756.0 2237.0 2657.0 2430.0 2912.0 2227.0 2224.0 1412.0 2547.0 2445.0 2742.0 2669.0 1673.0 1306.0 2321.0 2378.0 2602.0 2280.0 2292.0 2499.0 2601.0 2566.0 2722.0 2610.0 2443.0 2582.0 2290.0 1706.0 1241.0 2272.0 2677.0 1729.0 1789.0 2582.0 2612.0 2849.0 2515.0 1961.0 1962.0 1601.0 0 1031.0 2057.0 1828.0 2522.0 2919.0 2291.0 2617.0 2533.0 2654.0 1591.0 2246.0 2466.0 1104.0 2533.0 2254.0 1171.0 2583.0 2667.0 2946.0 2092.0 
2103.0 2554.0 2563.0 2089.0 2527.0 2553.0 1827.0 2873.0 2398.0 2285.0 2283.0 2085.0 2574.0 1470.0 2580.0 2685.0 2931.0 2582.0 2305.0 2352.0 2257.0 1156.0 2291.0 2744.0 2259.0 2512.0 2608.0 2337.0 1969.0 2779.0 2881.0 1901.0 1495.0 1987.0 3041.0 2180.0 2174.0 1648.0 2414.0 1964.0 2252.0 1099.0 2136.0 2400.0 2318.0 2667.0 1557.0 2707.0 2708.0 1889.0 2711.0 2428.0 2430.0 2153.0 1031.0 0 1026.0 2355.0 1491.0 2381.0 2675.0 1737.0 2829.0 2591.0 2613.0 2982.0 2353.0 2135.0 2048.0 2703.0 2202.0 2704.0 2788.0 2465.0 2692.0 
2397.0 2272.0 2165.0 1063.0 2064.0 2564.0 1480.0 2359.0 1646.0 2438.0 1406.0 2649.0 2530.0 2075.0 2472.0 2343.0 2428.0 2397.0 2369.0 2227.0 2854.0 2182.0 2555.0 3017.0 2456.0 2403.0 2789.0 2852.0 2616.0 2763.0 2453.0 1419.0 1387.0 2426.0 2252.0 1154.0 1148.0 2286.0 1964.0 2657.0 1953.0 2125.0 2438.0 2519.0 1512.0 2929.0 2583.0 2465.0 3121.0 2642.0 2635.0 2625.0 2404.0 2692.0 2057.0 1026.0 0 1329.0 2499.0 2243.0 2554.0 1569.0 2438.0 1565.0 1587.0 2786.0 1672.0 2453.0 2465.0 1677.0 2155.0 1819.0 2133.0 2750.0 2284.0 
1476.0 2514.0 2793.0 2163.0 2892.0 3052.0 2076.0 1030.0 2036.0 2704.0 1976.0 1885.0 2635.0 2482.0 2150.0 2470.0 2743.0 2366.0 2108.0 2384.0 2264.0 2365.0 2911.0 2678.0 1785.0 2488.0 2582.0 1685.0 2543.0 2062.0 2388.0 2311.0 2540.0 1665.0 2793.0 2483.0 2185.0 2444.0 1751.0 2986.0 1859.0 2574.0 1537.0 2559.0 2412.0 2717.0 2457.0 1785.0 2228.0 2370.0 2513.0 2116.0 1097.0 2180.0 1828.0 2355.0 1329.0 0 1231.0 2362.0 2530.0 2266.0 2523.0 2267.0 2640.0 2327.0 2844.0 2557.0 2106.0 1596.0 2265.0 2304.0 2257.0 2350.0 2496.0 
2529.0 2543.0 3440.0 2613.0 2649.0 2255.0 2312.0 2261.0 1932.0 1473.0 2505.0 2415.0 1404.0 2374.0 2371.0 2875.0 2912.0 2528.0 2660.0 3012.0 2669.0 2647.0 2453.0 2671.0 2372.0 2754.0 2387.0 2379.0 2740.0 2513.0 1969.0 1080.0 2096.0 2285.0 2724.0 2269.0 2351.0 1213.0 1658.0 2733.0 2650.0 2590.0 2693.0 2616.0 3006.0 2485.0 2516.0 2633.0 2146.0 2952.0 1999.0 3041.0 2328.0 2625.0 2522.0 1491.0 2499.0 1231.0 0 1131.0 2240.0 1384.0 1539.0 2592.0 2461.0 2595.0 2131.0 1762.0 2740.0 2827.0 2736.0 2365.0 2430.0 3230.0 2575.0 
2619.0 2099.0 2309.0 2600.0 1839.0 1124.0 2208.0 2941.0 2510.0 2604.0 1923.0 1865.0 2357.0 2587.0 1455.0 2531.0 2447.0 1814.0 2196.0 2207.0 2810.0 2484.0 2907.0 2601.0 2366.0 2368.0 1357.0 2074.0 2838.0 2854.0 2416.0 2211.0 2540.0 2732.0 1801.0 1173.0 2209.0 2344.0 2346.0 2511.0 2254.0 2713.0 2639.0 2187.0 2382.0 2378.0 2623.0 2292.0 2469.0 1821.0 2831.0 2820.0 2431.0 1825.0 2919.0 2381.0 2243.0 2362.0 1131.0 0 1109.0 1525.0 2335.0 2646.0 3191.0 2431.0 2584.0 2676.0 1855.0 2769.0 2864.0 2445.0 2333.0 2441.0 1678.0 
1628.0 1954.0 1200.0 1491.0 2432.0 2233.0 2242.0 2451.0 2683.0 2286.0 2607.0 2400.0 2269.0 2086.0 1982.0 2716.0 1940.0 1940.0 2565.0 2102.0 2472.0 2643.0 1798.0 2207.0 1957.0 2423.0 2466.0 2221.0 2548.0 2303.0 1307.0 2099.0 2319.0 2321.0 1163.0 2261.0 2398.0 2364.0 2487.0 1583.0 2628.0 2800.0 2562.0 2082.0 2404.0 2408.0 2598.0 2445.0 2328.0 1206.0 2216.0 2401.0 2393.0 2476.0 2291.0 2675.0 2554.0 2530.0 2240.0 1109.0 0 2120.0 2536.0 2745.0 2240.0 2415.0 2743.0 2651.0 2438.0 2397.0 2625.0 2267.0 1224.0 2336.0 2613.0 
2437.0 2176.0 2722.0 2131.0 3002.0 2234.0 2586.0 2116.0 2627.0 2076.0 2434.0 2190.0 1384.0 2037.0 2600.0 2342.0 2147.0 1144.0 2226.0 2437.0 1285.0 2386.0 2774.0 2447.0 1334.0 2254.0 2605.0 2698.0 2696.0 2169.0 1144.0 2178.0 2658.0 2663.0 2704.0 2557.0 2393.0 2300.0 1457.0 1349.0 2427.0 2772.0 2333.0 1850.0 2486.0 2245.0 2841.0 2679.0 2751.0 2820.0 2288.0 2786.0 2413.0 2266.0 2617.0 1737.0 1569.0 2266.0 1384.0 1525.0 2120.0 0 1092.0 2145.0 2849.0 2607.0 1807.0 2329.0 2654.0 2568.0 1490.0 2506.0 2514.0 2503.0 1794.0 
1536.0 2371.0 2606.0 2307.0 2225.0 2491.0 2376.0 2290.0 2319.0 2645.0 2700.0 2353.0 1936.0 2656.0 2366.0 2118.0 2793.0 2236.0 2909.0 2691.0 2377.0 2190.0 1820.0 2778.0 2426.0 2049.0 1602.0 2349.0 2439.0 2870.0 1845.0 1144.0 2160.0 2349.0 2591.0 2333.0 2263.0 1208.0 1591.0 2441.0 1772.0 1894.0 1292.0 2323.0 1556.0 1958.0 2965.0 2694.0 2072.0 2753.0 1743.0 2363.0 2829.0 1778.0 2533.0 2829.0 2438.0 2523.0 1539.0 2335.0 2536.0 1092.0 0 1053.0 2277.0 2621.0 2195.0 2495.0 1635.0 1476.0 2582.0 2510.0 2153.0 2981.0 2556.0 
2557.0 2284.0 2356.0 1254.0 2255.0 2753.0 2283.0 1237.0 2190.0 2679.0 1647.0 2561.0 2888.0 1824.0 2461.0 3037.0 2509.0 2537.0 2315.0 2304.0 1445.0 2417.0 2852.0 1725.0 2601.0 2366.0 2655.0 2161.0 2403.0 2389.0 2537.0 2197.0 2602.0 2207.0 2593.0 2175.0 2213.0 2261.0 2616.0 2809.0 2391.0 2512.0 2332.0 2570.0 1564.0 2673.0 2756.0 2908.0 2379.0 2813.0 2272.0 2707.0 2612.0 2831.0 2654.0 2591.0 1565.0 2267.0 2592.0 2646.0 2745.0 2145.0 1053.0 0 1224.0 2534.0 1403.0 2117.0 2253.0 2529.0 2293.0 2604.0 2442.0 3008.0 1611.0 
2130.0 1092.0 1977.0 2478.0 2586.0 2423.0 2184.0 1793.0 2317.0 2888.0 2313.0 1464.0 2224.0 1923.0 2812.0 1831.0 1553.0 2213.0 2726.0 2115.0 2669.0 2246.0 2814.0 1688.0 2721.0 2508.0 2146.0 2740.0 2603.0 1868.0 2509.0 2310.0 2639.0 1600.0 2758.0 2499.0 1658.0 2331.0 1392.0 2302.0 2510.0 2660.0 2413.0 2465.0 2159.0 2752.0 2225.0 2651.0 2509.0 2058.0 1048.0 1483.0 1543.0 2455.0 1591.0 2613.0 1587.0 2640.0 2461.0 3191.0 2240.0 2849.0 2277.0 1224.0 0 1585.0 2167.0 2363.0 2499.0 2371.0 2679.0 2464.0 1731.0 2102.0 2372.0 
1770.0 1914.0 2803.0 2652.0 2951.0 2944.0 2340.0 1297.0 2303.0 2412.0 1380.0 2623.0 2635.0 2749.0 2350.0 2644.0 2497.0 2730.0 2311.0 2651.0 2520.0 2230.0 2272.0 2654.0 2453.0 2595.0 2578.0 2597.0 2215.0 1561.0 2268.0 2272.0 2669.0 2461.0 2545.0 2909.0 2206.0 1413.0 1613.0 2594.0 2850.0 2475.0 2392.0 2665.0 2543.0 1167.0 2277.0 2841.0 2268.0 2521.0 2264.0 1356.0 2375.0 2825.0 2246.0 2982.0 2786.0 2327.0 2595.0 2431.0 2415.0 2607.0 2621.0 2534.0 1585.0 0 1221.0 2362.0 1581.0 2698.0 1578.0 1947.0 2524.0 2705.0 1773.0 
2308.0 2421.0 2496.0 1478.0 1976.0 2114.0 2283.0 2518.0 2284.0 2244.0 2601.0 2321.0 2200.0 2490.0 1955.0 2640.0 2785.0 2171.0 2460.0 2234.0 2740.0 1961.0 2530.0 3019.0 2780.0 2423.0 2598.0 2495.0 2303.0 1091.0 2085.0 1051.0 1595.0 2256.0 2963.0 2240.0 2766.0 2335.0 2483.0 2286.0 2407.0 1254.0 2284.0 2480.0 2278.0 1270.0 2179.0 2316.0 2407.0 2289.0 2313.0 2509.0 2594.0 2308.0 2466.0 2353.0 1672.0 2844.0 2131.0 2584.0 2743.0 1807.0 2195.0 1403.0 2167.0 1221.0 0 1487.0 2573.0 2530.0 2799.0 1877.0 2359.0 2221.0 1305.0 
2176.0 2461.0 2679.0 2422.0 2488.0 2288.0 2628.0 2604.0 2467.0 2526.0 2212.0 2158.0 2383.0 2374.0 2542.0 2672.0 2397.0 1470.0 2269.0 1250.0 2402.0 2393.0 2610.0 2299.0 2329.0 2460.0 2590.0 1959.0 2542.0 1274.0 2299.0 2538.0 2527.0 2511.0 2795.0 2948.0 2569.0 1643.0 2580.0 2469.0 2518.0 1976.0 2345.0 2581.0 2314.0 2542.0 1432.0 2376.0 1788.0 2421.0 1411.0 1598.0 2455.0 1736.0 1104.0 2135.0 2453.0 2557.0 1762.0 2676.0 2651.0 2329.0 2495.0 2117.0 2363.0 2362.0 1487.0 0 1429.0 2518.0 2275.0 2160.0 2922.0 2835.0 2639.0 
2419.0 2934.0 2742.0 1683.0 2684.0 2761.0 2583.0 2652.0 2386.0 2504.0 2460.0 2317.0 2704.0 2695.0 2282.0 1910.0 2434.0 2539.0 2619.0 2354.0 1369.0 2273.0 1500.0 2524.0 2973.0 2718.0 3017.0 1879.0 2843.0 2500.0 2694.0 1660.0 1197.0 2236.0 3064.0 2483.0 2576.0 2843.0 2473.0 2628.0 2281.0 1413.0 1557.0 2588.0 2434.0 2419.0 2365.0 2339.0 2136.0 2618.0 2343.0 1362.0 1270.0 2353.0 2533.0 2048.0 2465.0 2106.0 2740.0 1855.0 2438.0 2654.0 1635.0 2253.0 2499.0 1581.0 2573.0 1429.0 0 1117.0 1650.0 2212.0 2468.0 2779.0 2342.0 
1378.0 2416.0 2583.0 2559.0 2798.0 2599.0 1515.0 2554.0 2396.0 2568.0 1536.0 1200.0 2211.0 2498.0 1626.0 1557.0 1317.0 1645.0 2515.0 2329.0 2486.0 2397.0 2617.0 2267.0 2944.0 2152.0 3078.0 2363.0 2910.0 2882.0 1857.0 2519.0 2314.0 2805.0 2421.0 2563.0 1761.0 2684.0 2401.0 2752.0 2596.0 1706.0 2674.0 2433.0 2177.0 2162.0 2769.0 2882.0 2416.0 2491.0 1819.0 2052.0 1532.0 2508.0 2254.0 2703.0 1677.0 1596.0 2827.0 2769.0 2397.0 2568.0 1476.0 2529.0 2371.0 2698.0 2530.0 2518.0 1117.0 0 2275.0 2589.0 2514.0 2584.0 1225.0 
2243.0 2815.0 2241.0 1801.0 2802.0 2322.0 2861.0 2729.0 2311.0 2231.0 1711.0 2225.0 2744.0 2042.0 2142.0 1066.0 2075.0 2483.0 2198.0 2488.0 2015.0 2457.0 1609.0 2655.0 2824.0 2312.0 2844.0 2421.0 2208.0 2569.0 2327.0 3039.0 2269.0 2550.0 2667.0 2684.0 2162.0 2695.0 2380.0 2450.0 2721.0 2695.0 2412.0 1503.0 2604.0 1985.0 1528.0 2678.0 2227.0 2852.0 2375.0 2637.0 2173.0 2742.0 1171.0 2202.0 2155.0 2265.0 2736.0 2864.0 2625.0 1490.0 2582.0 2293.0 2679.0 1578.0 2799.0 2275.0 1650.0 2275.0 0 1412.0 2453.0 3039.0 2268.0 
2506.0 2170.0 2555.0 2218.0 2296.0 2828.0 2122.0 1588.0 2594.0 2522.0 1890.0 2597.0 1913.0 1907.0 2319.0 1512.0 2379.0 2681.0 2470.0 1881.0 2306.0 2471.0 2844.0 2595.0 2310.0 2656.0 2394.0 1397.0 1874.0 2801.0 2323.0 2257.0 2560.0 2193.0 2370.0 1272.0 2337.0 1556.0 2450.0 2674.0 1581.0 2734.0 2544.0 2330.0 2895.0 2634.0 2348.0 2925.0 1891.0 3203.0 2514.0 2414.0 2353.0 2795.0 2583.0 2704.0 1819.0 2304.0 2365.0 2445.0 2267.0 2506.0 2510.0 2604.0 2464.0 1947.0 1877.0 2160.0 2212.0 2589.0 1412.0 0 1852.0 1627.0 2281.0 
2852.0 2423.0 2424.0 2209.0 1208.0 2307.0 2273.0 1227.0 2233.0 2553.0 1521.0 2252.0 2799.0 2508.0 2566.0 2440.0 2799.0 2364.0 2305.0 2230.0 2182.0 1632.0 2636.0 2730.0 2082.0 2448.0 2081.0 2513.0 1498.0 2628.0 2308.0 1350.0 2293.0 2555.0 2272.0 2239.0 1174.0 2312.0 2141.0 2683.0 2925.0 2662.0 1939.0 2249.0 2370.0 2527.0 2372.0 2565.0 2690.0 2430.0 2356.0 2224.0 2394.0 1608.0 2667.0 2788.0 2133.0 2257.0 2430.0 2333.0 1224.0 2514.0 2153.0 2442.0 1731.0 2524.0 2359.0 2922.0 2468.0 2514.0 2453.0 1852.0 0 2103.0 2599.0 
2371.0 2811.0 2856.0 2263.0 2915.0 2702.0 3562.0 2691.0 2299.0 2967.0 2966.0 3366.0 2355.0 1251.0 2383.0 3052.0 3150.0 2695.0 1613.0 2169.0 2171.0 2653.0 3242.0 2723.0 2596.0 2983.0 3427.0 2537.0 1946.0 3214.0 2639.0 2474.0 2640.0 2596.0 2480.0 2899.0 2947.0 2385.0 1572.0 2356.0 2519.0 1366.0 2403.0 2266.0 1444.0 1538.0 1698.0 1807.0 2563.0 2613.0 1701.0 2743.0 3006.0 2420.0 2946.0 2465.0 2750.0 2350.0 3230.0 2441.0 2336.0 2503.0 2981.0 3008.0 2102.0 2705.0 2221.0 2835.0 2779.0 2584.0 3039.0 1627.0 2103.0 0 2426.0 
1020.0 2058.0 2199.0 2151.0 3024.0 2178.0 1482.0 2528.0 2167.0 1954.0 2374.0 2425.0 2383.0 1279.0 2411.0 2696.0 2172.0 1169.0 2237.0 2175.0 2120.0 2060.0 2102.0 2869.0 2407.0 2589.0 2408.0 2621.0 1856.0 1816.0 2841.0 2190.0 1950.0 2447.0 2613.0 1955.0 1655.0 2377.0 1336.0 2530.0 2238.0 2448.0 2358.0 2065.0 2483.0 1934.0 2411.0 2333.0 2833.0 2454.0 1444.0 2302.0 2438.0 2620.0 2092.0 2692.0 2284.0 2496.0 2575.0 1678.0 2613.0 1794.0 2556.0 1611.0 2372.0 1773.0 1305.0 2639.0 2342.0 1225.0 2268.0 2281.0 2599.0 2426.0 0 
