21
Xiykasaul Idwoxehtk Hbogcfyxa Ojnvskrpfp Fpujhjd Rjuvckvy Sicichvcten Wdhdwqbb Wksfdqrv Bbvlwxnejni Kvcj Wgigv Ygykrl Dacrfmpv Ycnmyyspjf Plptbkef Rfwigv Naovhz Ncyuq Obpzvveihj Soda
0 40.2004 87.28710000000001 119.17760000000001 86.0767 81.0766 56.2422 58.2423 118.2497 51.6388 105.4231 92.2701 92.0803 94.20410000000001 80.79929999999999 66.7699 87.2125 43.0633 42.012 66.57390000000001 11.0455 
40.2004 0 47.0867 78.9772 59.6152 54.6151 82.2738 84.2739 98.144 91.8392 98.31840000000001 85.1654 100.1015 54.0037 75.8712 102.3793 127.0197 78.6727 60.2081 78.1029 29.1549 
87.28710000000001 47.0867 0 31.8905 35.6091 40.513400000000004 68.1721 70.1722 84.04230000000001 93.2448 132.2429 124.8329 85.9998 39.902 61.7695 93.1939 108.47349999999999 78.5267 107.29480000000001 31.0162 76.2416 
119.1776 78.9772 31.8905 0 49.0409 54.041 72.6155 74.6156 97.5699 125.13529999999999 145.6747 149.3965 110.5634 71.79249999999999 93.66 103.6781 140.364 92.0543 130.2324 62.9067 108.1321 
86.0767 59.6152 35.6091 49.0409 0 5.0001 32.6588 34.6589 48.528999999999996 90.0079 96.6338 100.35560000000001 61.5225 52.4305 74.298 57.5848 93.4197 43.013400000000004 81.19149999999999 66.6253 83.38810000000001 
81.0766 54.6151 40.513400000000004 54.041 5.0001 0 27.6587 29.6588 43.5289 85.0078 101.6339 105.3557 66.5226 47.430400000000006 69.2979 61.7199 88.4196 38.0133 86.1916 71.5296 83.77 
56.2422 82.2738 68.1721 72.6155 32.6588 27.6587 0 2.0001 71.1876 60.1734 113.9577 100.8047 94.1813 75.0891 89.3339 75.30449999999999 106.9739 51.597899999999996 98.2542 75.10849999999999 67.2877 
58.2423 84.2739 70.1722 74.6156 34.6589 29.6588 2.0001 0 73.1877 62.173500000000004 115.9578 102.8048 96.1814 77.0892 91.334 77.3046 108.974 53.598 100.2543 77.1086 69.2878 
118.24969999999999 98.144 84.04230000000001 97.56989999999999 48.528999999999996 43.5289 71.1876 73.1877 0 66.6109 125.6449 128.68959999999998 89.8565 90.95930000000001 112.8268 105.24880000000002 116.8013 81.54220000000001 129.7205 66.8881 119.9795 
51.6388 91.8392 93.2448 125.1353 90.0079 85.0078 60.1734 62.173500000000004 66.6109 0 59.034 72.187 96.79560000000001 100.1618 84.7305 70.7011 102.3705 46.9945 93.6508 70.5051 62.68430000000001 
105.4231 98.3184 132.2429 145.6747 96.6338 101.6339 113.95769999999999 115.95779999999999 125.6449 59.034 0 13.153 51.9861 98.0839 127.73349999999999 113.70410000000001 79.3431 89.9975 126.6001 112.0788 116.46860000000001 
92.27010000000001 85.1654 124.83290000000002 149.3965 100.35560000000001 105.35570000000001 100.8047 102.8048 128.6896 72.187 13.153 0 38.8331 84.93090000000001 114.5805 100.55110000000002 66.1901 76.84450000000001 134.2821 98.92580000000001 103.31560000000002 
92.0803 100.1015 85.9998 110.5634 61.5225 66.5226 94.1813 96.1814 89.85650000000001 96.7956 51.9861 38.8331 0 46.0978 114.7843 111.92670000000001 77.8566 88.2201 134.0923 88.2224 81.03479999999999 
94.20410000000001 54.0037 39.902 71.7925 52.43050000000001 47.430400000000006 75.0891 77.0892 90.95930000000001 100.1618 98.08390000000001 84.93090000000001 46.0978 0 68.6865 109.15030000000002 91.09949999999999 85.4437 114.21180000000001 70.9182 83.1586 
80.79929999999999 75.8712 61.7695 93.66 74.298 69.2979 89.3339 91.334 112.8268 84.73049999999999 127.7335 114.5805 114.7843 68.6865 0 61.4426 93.112 37.736 122.81129999999999 92.7857 87.2538 
66.7699 102.3793 93.1939 103.6781 57.5848 61.7199 75.30449999999999 77.3046 105.2488 70.7011 113.70410000000001 100.5511 111.92670000000001 109.15030000000002 61.4426 0 52.670500000000004 23.7066 108.78190000000001 63.6397 73.2244 
87.2125 127.0197 108.4735 140.364 93.4197 88.4196 106.97389999999999 108.97399999999999 116.8013 102.37049999999999 79.3431 66.1901 77.8566 91.0995 93.112 52.670500000000004 0 55.376000000000005 129.2245 77.4573 98.25800000000001 
43.0633 78.6727 78.5267 92.05430000000001 43.013400000000004 38.0133 51.597899999999996 53.598 81.54220000000001 46.9945 89.99750000000002 76.84450000000001 88.2201 85.4437 37.736 23.7066 55.376000000000005 0 85.0753 61.9296 49.5178 
42.012 60.2081 107.29480000000001 130.23239999999998 81.19149999999999 86.1916 98.2542 100.2543 129.7205 93.6508 126.6001 134.2821 134.09230000000002 114.21180000000001 122.81129999999999 108.78190000000001 129.2245 85.0753 0 108.58590000000001 53.057500000000005 
66.57390000000001 78.1029 31.0162 62.9067 66.6253 71.5296 75.10849999999999 77.1086 66.8881 70.5051 112.07880000000002 98.92580000000001 88.2224 70.91820000000001 92.7857 63.6397 77.4573 61.9296 108.58590000000001 0 77.61940000000001 
11.0455 29.1549 76.2416 108.13210000000001 83.38810000000001 83.77 67.2877 69.2878 119.9795 62.68429999999999 116.4686 103.31559999999999 81.03479999999999 83.1586 87.2538 73.2244 98.258 49.5178 53.057500000000005 77.6194 0 
