12
41 4 22 19 28 42 49 27 1 37 16 0
0 1.01 2.25 3.62 3.62 4.26 6.09 7.82 7.22 9.23 6.01 1.01 
1.01 0 3.17 4.59 4.26 4.02 6.01 8.61 8.07 10.01 7.01 2.01 
2.25 3.17 0 1.42 2.01 4.26 5.84 5.67 5.01 7.08 5.04 1.42 
3.62 4.59 1.42 0 1.42 4.5 5.67 4.26 3.62 5.67 3.62 2.84 
3.62 4.26 2.01 1.42 0 3.17 4.63 4.5 4.13 5.84 5.01 3.17 
4.26 4.02 4.26 4.5 3.17 0 2.01 7.08 7.01 8.26 8.07 4.59 
6.09 6.01 5.84 5.67 4.63 2.01 0 7.08 7.29 8.01 9.23 6.33 
7.82 8.61 5.67 4.26 4.5 7.08 7.08 0 1.01 1.42 5.01 7.08 
7.22 8.07 5.01 3.62 4.13 7.01 7.29 1.01 0 2.25 4.01 6.41 
9.23 10.01 7.08 5.67 5.84 8.26 8.01 1.42 2.25 0 6.09 8.5 
6.01 7.01 5.04 3.62 5.01 8.07 9.23 5.01 4.01 6.09 0 5.01 
1.01 2.01 1.42 2.84 3.17 4.59 6.33 7.08 6.41 8.5 5.01 0 
