22
69 46 30 82 64 73 38 7 66 45 67 36 37 61 12 54 25 96 97 35 23 0
0 1.01 2.25 2.01 3.62 4.5 5.11 6.09 8.55 8.07 7.08 5.84 5.4 5.01 4.18 3.01 4.02 6.33 7.63 8.07 8.26 2.25 
1.01 0 2.01 2.25 4.59 5.4 6.09 7.08 9.5 8.95 7.82 6.41 5.84 5.67 4.02 3.17 4.18 7.29 8.55 8.95 9.23 3.17 
2.25 2.01 0 1.01 4.02 5.01 6.09 7.08 9.07 8.26 6.72 5.01 4.26 4.63 2.01 5.11 6.09 8.07 9.44 10.01 9.86 4.26 
2.01 2.25 1.01 0 3.01 4.02 5.11 6.09 8.07 7.29 5.84 4.26 3.62 3.62 2.25 5.01 6.01 7.22 8.61 9.23 8.95 3.62 
3.62 4.59 4.02 3.01 0 1.01 2.25 3.17 5.11 4.63 3.62 3.01 3.17 2.01 4.63 5.84 6.72 5.01 6.41 7.22 6.41 3.17 
4.5 5.4 5.01 4.02 1.01 0 1.42 2.25 4.18 3.62 3.17 3.17 3.62 2.25 5.4 6.41 7.22 4.49 5.84 6.72 5.67 3.62 
5.11 6.09 6.09 5.11 2.25 1.42 0 1.01 3.62 3.62 4.59 4.59 5.01 3.62 6.72 6.41 7.08 3.17 4.5 5.4 4.26 3.62 
6.09 7.08 7.08 6.09 3.17 2.25 1.01 0 2.84 3.17 5.04 5.01 5.67 4.5 7.63 7.22 7.82 3.01 4.26 5.11 3.62 4.59 
8.55 9.5 9.07 8.07 5.11 4.18 3.62 2.84 0 1.42 3.62 5.4 6.33 5.11 9.07 10.01 10.64 5.4 6.09 7.08 5.01 7.22 
8.07 8.95 8.26 7.29 4.63 3.62 3.62 3.17 1.42 0 2.25 4.26 5.11 4.02 8.01 9.91 10.64 6.09 7.01 8.01 6.09 7.08 
7.08 7.82 6.72 5.84 3.62 3.17 4.59 5.04 3.62 2.25 0 2.01 3.01 2.25 6.09 9.44 10.31 7.08 8.26 9.23 7.63 6.72 
5.84 6.41 5.01 4.26 3.01 3.17 4.59 5.01 5.4 4.26 2.01 0 1.01 1.01 4.18 8.55 9.5 7.63 8.95 9.86 8.61 6.09 
5.4 5.84 4.26 3.62 3.17 3.62 5.01 5.67 6.33 5.11 3.01 1.01 0 1.42 3.17 8.26 9.23 8.07 9.44 10.31 9.23 6.01 
5.01 5.67 4.63 3.62 2.01 2.25 3.62 4.5 5.11 4.02 2.25 1.01 1.42 0 4.02 7.63 8.55 6.72 8.07 8.95 7.82 5.11 
4.18 4.02 2.01 2.25 4.63 5.4 6.72 7.63 9.07 8.01 6.09 4.18 3.17 4.02 0 7.08 8.07 9.23 10.64 11.32 10.83 5.84 
3.01 3.17 5.11 5.01 5.84 6.41 6.41 7.22 10.01 9.91 9.44 8.55 8.26 7.63 7.08 0 1.01 6.09 7.01 7.08 8.07 2.84 
4.02 4.18 6.09 6.01 6.72 7.22 7.08 7.82 10.64 10.64 10.31 9.5 9.23 8.55 8.07 1.01 0 6.33 7.08 7.01 8.26 3.62 
6.33 7.29 8.07 7.22 5.01 4.49 3.17 3.01 5.4 6.09 7.08 7.63 8.07 6.72 9.23 6.09 6.33 0 1.42 2.25 2.01 4.14 
7.63 8.55 9.44 8.61 6.41 5.84 4.5 4.26 6.09 7.01 8.26 8.95 9.44 8.07 10.64 7.01 7.08 1.42 0 1.01 1.42 5.4 
8.07 8.95 10.01 9.23 7.22 6.72 5.4 5.11 7.08 8.01 9.23 9.86 10.31 8.95 11.32 7.08 7.01 2.25 1.01 0 2.25 5.84 
8.26 9.23 9.86 8.95 6.41 5.67 4.26 3.62 5.01 6.09 7.63 8.61 9.23 7.82 10.83 8.07 8.26 2.01 1.42 2.25 0 6.09 
2.25 3.17 4.26 3.62 3.17 3.62 3.62 4.59 7.22 7.08 6.72 6.09 6.01 5.11 5.84 2.84 3.62 4.14 5.4 5.84 6.09 0 
