16
21 19 13 9 38 35 36 8 5 43 28 37 3 42 4 41
0 0.1726 0.19935 0.40242 0.38731 0.44308 0.5244 0.66882 0.57009 0.19805 0.48905 0.51945 0.48165 0.40055 0.42897 0.19661 
0.1726 0 0.02716 0.23032 0.38408000000000003 0.54523 0.6120399999999999 0.77093 0.70301 0.3028 0.65788 0.68793 0.63275 0.46481 0.45545 0.36921000000000004 
0.19935 0.02716 0 0.22783 0.39102 0.5676 0.63295 0.79259 0.72786 0.32996000000000003 0.67201 0.69995 0.65991 0.47544 0.42829 0.37692 
0.40242 0.23032 0.22783 0 0.49736 0.73623 0.7923 0.95328 0.91109 0.53197 0.8609 0.89786 0.83918 0.6856 0.55775 0.59903 
0.38731 0.38408000000000003 0.39102 0.49736 0 0.34147 0.37520000000000003 0.48568 0.5066 0.44554 0.80692 0.834 0.81404 0.78786 0.78318 0.55177 
0.44308 0.54523 0.5676 0.73623 0.34147 0 0.13316 0.25353000000000003 0.19802 0.46898 0.65544 0.68436 0.68664 0.7966 0.871 0.5047 
0.5244 0.6120399999999999 0.63295 0.7923 0.37520000000000003 0.13316 0 0.16104 0.19948 0.48646 0.72723 0.75542 0.76063 0.87692 0.91942 0.6050099999999999 
0.66882 0.77093 0.79259 0.95328 0.48568 0.25353000000000003 0.16104 0 0.18542 0.61954 0.81021 0.82869 0.84492 1.00521 1.0587 0.70927 
0.57009 0.70301 0.72786 0.91109 0.5066 0.19802 0.19948 0.18542 0 0.49237 0.62479 0.64851 0.6684 0.86118 0.92931 0.56689 
0.19805 0.3028 0.32996000000000003 0.53197 0.44554 0.46898 0.48646 0.61954 0.49237 0 0.37387 0.40526 0.43718999999999997 0.39061 0.44002 0.39466 
0.48905 0.65788 0.67201 0.8609 0.80692 0.65544 0.72723 0.81021 0.62479 0.37387 0 0.11066000000000001 0.17197 0.39995 0.52235 0.29509 
0.51945 0.68793 0.69995 0.89786 0.834 0.68436 0.75542 0.82869 0.64851 0.40526 0.11066000000000001 0 0.06131 0.41197000000000006 0.53645 0.40575000000000006 
0.48165 0.63275 0.65991 0.83918 0.81404 0.68664 0.76063 0.84492 0.6684 0.43718999999999997 0.17197 0.06131 0 0.35066 0.47851 0.39033 
0.40055 0.46481 0.47544 0.6856 0.78786 0.7966 0.87692 1.00521 0.86118 0.39061 0.39995 0.41197000000000006 0.35066 0 0.12785 0.29618 
0.42897 0.45545 0.42829 0.55775 0.78318 0.871 0.91942 1.0587 0.92931 0.44002 0.52235 0.53645 0.47851 0.12785 0 0.3663 
0.19661 0.36921000000000004 0.37692 0.59903 0.55177 0.5047 0.6050099999999999 0.70927 0.56689 0.39466 0.29509 0.40575000000000006 0.39033 0.29618 0.3663 0 
