18
kd8 ka2 ka6 ka7 ka5 kb2 kb5 kb6 kc1 kc2 kc5 kc6 kd1 kc9 kd4 kd6 kb4 ka0
0 14.0 29.0 41.0 35.0 108.0 123.0 141.0 202.0 238.0 202.0 148.0 99.0 103.0 83.0 63.0 153.0 4.0 
14.0 0 15.0 27.0 21.0 94.0 109.0 127.0 188.0 224.0 210.0 156.0 113.0 111.0 91.0 71.0 139.0 10.0 
29.0 15.0 0 24.0 36.0 79.0 94.0 112.0 173.0 209.0 225.0 171.0 128.0 126.0 106.0 86.0 124.0 25.0 
41.0 27.0 24.0 0 15.0 93.0 108.0 126.0 187.0 223.0 237.0 183.0 140.0 138.0 118.0 98.0 138.0 37.0 
35.0 21.0 36.0 15.0 0 108.0 123.0 141.0 202.0 238.0 231.0 177.0 134.0 132.0 112.0 92.0 153.0 31.0 
108.0 94.0 79.0 93.0 108.0 0 15.0 33.0 94.0 130.0 184.0 220.0 188.0 184.0 185.0 165.0 108.0 104.0 
123.0 109.0 94.0 108.0 123.0 15.0 0 48.0 109.0 145.0 199.0 235.0 203.0 199.0 200.0 180.0 93.0 119.0 
141.0 127.0 112.0 126.0 141.0 33.0 48.0 0 61.0 97.0 151.0 187.0 155.0 151.0 218.0 198.0 141.0 137.0 
202.0 188.0 173.0 187.0 202.0 94.0 109.0 61.0 0 54.0 90.0 144.0 112.0 108.0 208.0 228.0 202.0 198.0 
238.0 224.0 209.0 223.0 238.0 130.0 145.0 97.0 54.0 0 54.0 90.0 139.0 135.0 235.0 255.0 238.0 234.0 
202.0 210.0 225.0 237.0 231.0 184.0 199.0 151.0 90.0 54.0 0 54.0 103.0 99.0 199.0 219.0 292.0 200.0 
148.0 156.0 171.0 183.0 177.0 220.0 235.0 187.0 144.0 90.0 54.0 0 49.0 45.0 145.0 165.0 295.0 146.0 
99.0 113.0 128.0 140.0 134.0 188.0 203.0 155.0 112.0 139.0 103.0 49.0 0 4.0 102.0 122.0 252.0 103.0 
103.0 111.0 126.0 138.0 132.0 184.0 199.0 151.0 108.0 135.0 99.0 45.0 4.0 0 100.0 120.0 250.0 101.0 
83.0 91.0 106.0 118.0 112.0 185.0 200.0 218.0 208.0 235.0 199.0 145.0 102.0 100.0 0 20.0 230.0 81.0 
63.0 71.0 86.0 98.0 92.0 165.0 180.0 198.0 228.0 255.0 219.0 165.0 122.0 120.0 20.0 0 210.0 61.0 
153.0 139.0 124.0 138.0 153.0 108.0 93.0 141.0 202.0 238.0 292.0 295.0 252.0 250.0 230.0 210.0 0 149.0 
4.0 10.0 25.0 37.0 31.0 104.0 119.0 137.0 198.0 234.0 200.0 146.0 103.0 101.0 81.0 61.0 149.0 0 
