24
9 11 18 24 16 20 46 29 42 37 22 6 5 34 49 3 40 38 41 31 45 33 27 0
0 13.15295 36.12478 39.73033 49.46644 72.00064 60.00833 55.94779 77.4187 65.76025 97.00125 113.87126 59.23681 87.55778000000001 44.992630000000005 29.695570000000004 64.68128 65.91463 83.09811 107.63447000000001 96.38465 76.36996 95.07374 27.95787 
13.15295 0 49.277730000000005 52.883280000000006 62.61939 85.15359000000001 73.16128 69.10074 90.57165 78.9132 110.1542 127.02421000000001 72.38976 100.71073 58.14558 42.84852 77.83422999999999 79.06757999999999 96.25106 120.78742 109.5376 89.52291 108.22668999999999 41.11082 
36.12478 49.277730000000005 0 3.60555 13.34166 41.23106 90.74873 92.07257 111.59709000000001 73.32177 104.56277 96.74204 95.36159 85.95709000000001 45.65085 60.94791 88.28886 93.34166 102.6323 108.29269 92.09118 59.24074 131.19852 64.08265 
39.73033 52.88328 3.60555 0 16.94721 44.83661 94.35428 88.87319 110.3441 76.92732000000001 108.16832000000001 100.34759 98.96714 89.56264 49.24429 63.97656 91.8823 96.94721 106.23785000000001 111.88613000000001 95.69673 62.84629 128.38549 67.68820000000001 
49.46644 62.619389999999996 13.34166 16.94721 0 54.57272 104.09039 105.41422999999999 118.25657000000001 79.98125 111.22225 110.0837 108.70325 72.61543 58.992509999999996 74.28957 86.37129 80.0 115.97396 121.63435 105.43284 72.5824 144.54018 77.42431 
72.00064 85.15359000000001 41.23106 44.83661 54.57272 0 49.51767 105.38358 120.06738000000001 114.55283 145.79383 137.9731 115.54796999999999 127.18815000000001 86.88191 93.20897000000001 85.76453000000001 89.31756000000001 87.70321 149.52375 133.32224 100.4718 167.07438000000002 99.6401 
60.00833 73.16128 90.74873 94.35427999999999 104.09039 49.51767 0 55.86591 77.33682 98.04592 129.28692 131.12763999999999 66.0303 106.50504 105.00095999999999 89.70389999999999 97.41663 125.92296000000002 137.22088 167.6428 156.39298 136.37829 129.33682 87.9662 
55.94779 69.10074 92.07257 88.87319 105.41423 105.38358 55.86591 0 21.47091 59.74623 73.55738 97.90897 91.76185 83.40397 66.83882 51.541760000000004 86.52747 105.11474000000001 130.83882 129.48066 151.02388 116.96511 73.47091 49.80406 
77.4187 90.57165 111.59709 110.3441 118.25657000000001 120.06738000000001 77.33682 21.47091 0 38.27532 52.08647 76.43806000000001 70.29094 104.87488 88.30973 73.01267 107.99838 103.08959000000002 152.30973 148.00814 129.55297000000002 95.4942 52.0 71.27497000000001 
65.76025 78.9132 73.32177 76.92732 79.98125 114.55283 98.04592 59.74623 38.27532 0 31.241 55.59259 32.01562 72.49036 78.27062000000001 62.973560000000006 97.95927 116.54654 142.27062 137.80721 91.27765 57.21888 90.27532 61.23586 
97.00125 110.1542 104.56277 108.16832 111.22225 145.79383 129.28692 73.55738 52.08647 31.241 0 24.35159 63.25662 103.73136 109.51162 94.21455999999999 96.56604 147.78754 173.51162 169.04821 122.51865000000001 88.45988 104.08646999999999 92.47686 
113.87126 127.02421000000001 96.74204 100.34759 110.08370000000001 137.9731 131.12763999999999 97.90897000000001 76.43806000000001 55.59259 24.35159 0 65.09734 105.57208 133.86321 118.56615000000001 120.91763 172.13913000000002 167.10539 193.3998 146.87024 112.81147 128.43806 116.82845000000002 
59.23681 72.38976 95.36159 98.96714 108.70325000000001 115.54796999999999 66.0303 91.76185000000001 70.29094 32.01562 63.25662 65.09734 0 40.47474 94.59497999999999 85.74933999999999 120.73504999999999 125.15144000000001 131.12849 157.23682 123.29327 89.2345 122.29094 84.01164 
87.55778000000001 100.71073000000001 85.95709000000001 89.56264 72.61543 127.18815000000001 106.50504 83.40397 104.87488 72.49036 103.73136 105.57208 40.47474 0 54.12024 69.4173 96.75825 127.55971 118.12024 116.76208 163.29164 129.70924 136.9555 72.24903 
44.992630000000005 58.14558000000001 45.65085 49.24429 58.992509999999996 86.88191 105.00096 66.83882 88.30973 78.27062000000001 109.51162000000001 133.86321 94.59498 54.12024 0 15.29706 42.63801 89.98551 64.0 62.64184 109.1714 104.89159000000001 120.39035 29.683880000000002 
29.695570000000004 42.84852000000001 60.94791 63.97656 74.28957 93.20897000000001 89.7039 51.541760000000004 73.01267 62.973560000000006 94.21456 118.56615000000001 85.74934 69.4173 15.29706 0 34.98571 74.68844999999999 79.29706 77.9389 124.46846 106.06553000000001 105.09329 14.38682 
64.68128 77.83423 88.28886 91.8823 86.37129 85.76453000000001 97.41663 86.52747 107.99838 97.95927 96.56604 120.91763 120.73505 96.75825 42.63801 34.98571 0 54.09404000000001 99.03656000000001 105.27985000000001 151.80941 141.05124 140.079 49.37253 
65.91463 79.06758 93.34166 96.94721 80.0 89.31755999999999 125.92296 105.11474000000001 103.08959000000002 116.54654000000002 147.78754000000004 172.13913000000002 125.15144000000001 127.55971000000001 89.98551 74.68845 54.09404000000001 0 96.9743 150.51941 162.29928 142.28459 155.08959000000002 60.30163 
83.09811 96.25106000000001 102.6323 106.23785 115.97396 87.70321 137.22088 130.83882 152.30973 142.27062 173.51162 167.10539 131.12849 118.12024 64.0 79.29706 99.03656000000001 96.9743 0 126.64184 172.09606 139.24562 178.17185 93.68388 
107.63447 120.78742 108.29269 111.88613000000001 121.63435 149.52375 167.6428 129.48066 148.00814 137.80721 169.04820999999998 193.39979999999997 157.23682000000002 116.76208 62.64184 77.9389 105.27985000000001 150.51941 126.64184 0 46.52956 80.58833 128.14451 92.32572 
96.38465 109.5376 92.09118 95.69672999999999 105.43284 133.32224 156.39298 151.02388 129.55297 91.27765 122.51865 146.87024 123.29326999999999 163.29164 109.1714 124.46846000000001 151.80941 162.29927999999998 172.09606 46.52956 0 34.05877 81.61495 124.34252 
76.36996 89.52291000000001 59.24074 62.84629 72.5824 100.4718 136.37829 116.96511000000001 95.4942 57.21888 88.45988 112.81147 89.2345 129.70924 104.89159000000001 106.06553000000001 141.05124 142.28459 139.24562 80.58833 34.05877 0 115.67372 104.32783000000002 
95.07374 108.22669 131.19852 128.38549 144.54018 167.07438 129.33682 73.47091 52.0 90.27532 104.08646999999999 128.43806 122.29093999999999 136.9555 120.39035 105.09329 140.079 155.08959000000002 178.17185 128.14451 81.61495 115.67372 0 103.35559 
27.95787 41.110820000000004 64.08265 67.6882 77.42431 99.6401 87.9662 49.80406 71.27497 61.23586 92.47686 116.82845 84.01164 72.24903 29.683880000000002 14.38682 49.37253 60.301629999999996 93.68388 92.32572 124.34252 104.32783 103.35559 0 
