24
6 34 35 30 14 15 23 7 31 41 19 27 20 25 16 4 32 43 39 49 38 12 3 40
0 77.0 98.0 109.0 141.0 190.0 211.0 263.0 337.0 328.0 396.0 431.0 169.0 166.0 142.0 129.0 147.0 174.0 220.0 189.0 193.0 145.0 115.0 14.0 
77.0 0 21.0 32.0 64.0 113.0 134.0 186.0 260.0 251.0 319.0 354.0 92.0 89.0 219.0 206.0 139.0 97.0 143.0 112.0 116.0 68.0 38.0 91.0 
98.0 21.0 0 53.0 85.0 134.0 155.0 207.0 281.0 272.0 298.0 333.0 71.0 68.0 217.0 227.0 160.0 118.0 164.0 133.0 137.0 89.0 59.0 112.0 
109.0 32.0 53.0 0 32.0 81.0 102.0 154.0 228.0 255.0 290.0 325.0 63.0 66.0 215.0 233.0 128.0 129.0 175.0 144.0 148.0 100.0 70.0 123.0 
141.0 64.0 85.0 32.0 0 49.0 70.0 122.0 196.0 287.0 308.0 343.0 95.0 98.0 247.0 265.0 96.0 138.0 184.0 176.0 131.0 132.0 102.0 155.0 
190.0 113.0 134.0 81.0 49.0 0 21.0 73.0 147.0 246.0 259.0 294.0 144.0 147.0 233.0 225.0 47.0 89.0 135.0 168.0 82.0 130.0 148.0 198.0 
211.0 134.0 155.0 102.0 70.0 21.0 0 52.0 126.0 225.0 238.0 273.0 165.0 168.0 254.0 246.0 68.0 110.0 156.0 147.0 61.0 109.0 139.0 219.0 
263.0 186.0 207.0 154.0 122.0 73.0 52.0 0 74.0 173.0 186.0 221.0 217.0 220.0 306.0 298.0 120.0 162.0 208.0 199.0 113.0 161.0 191.0 271.0 
337.0 260.0 281.0 228.0 196.0 147.0 126.0 74.0 0 99.0 112.0 147.0 291.0 294.0 380.0 372.0 194.0 236.0 282.0 273.0 187.0 235.0 265.0 345.0 
328.0 251.0 272.0 255.0 287.0 246.0 225.0 173.0 99.0 0 107.0 142.0 318.0 321.0 470.0 457.0 293.0 335.0 381.0 363.0 286.0 319.0 289.0 342.0 
396.0 319.0 298.0 290.0 308.0 259.0 238.0 186.0 112.0 107.0 0 35.0 227.0 230.0 379.0 397.0 306.0 348.0 394.0 385.0 299.0 347.0 357.0 410.0 
431.0 354.0 333.0 325.0 343.0 294.0 273.0 221.0 147.0 142.0 35.0 0 262.0 265.0 414.0 432.0 341.0 383.0 429.0 420.0 334.0 382.0 392.0 445.0 
169.0 92.0 71.0 63.0 95.0 144.0 165.0 217.0 291.0 318.0 227.0 262.0 0 3.0 152.0 170.0 191.0 189.0 235.0 204.0 208.0 160.0 130.0 183.0 
166.0 89.0 68.0 66.0 98.0 147.0 168.0 220.0 294.0 321.0 230.0 265.0 3.0 0 149.0 167.0 194.0 186.0 232.0 201.0 205.0 157.0 127.0 180.0 
142.0 219.0 217.0 215.0 247.0 233.0 254.0 306.0 380.0 470.0 379.0 414.0 152.0 149.0 0 18.0 196.0 238.0 284.0 330.0 315.0 287.0 257.0 151.0 
129.0 206.0 227.0 233.0 265.0 225.0 246.0 298.0 372.0 457.0 397.0 432.0 170.0 167.0 18.0 0 178.0 220.0 266.0 312.0 307.0 274.0 244.0 133.0 
147.0 139.0 160.0 128.0 96.0 47.0 68.0 120.0 194.0 293.0 306.0 341.0 191.0 194.0 196.0 178.0 0 42.0 88.0 134.0 129.0 131.0 101.0 151.0 
174.0 97.0 118.0 129.0 138.0 89.0 110.0 162.0 236.0 335.0 348.0 383.0 189.0 186.0 238.0 220.0 42.0 0 46.0 92.0 137.0 89.0 59.0 188.0 
220.0 143.0 164.0 175.0 184.0 135.0 156.0 208.0 282.0 381.0 394.0 429.0 235.0 232.0 284.0 266.0 88.0 46.0 0 46.0 132.0 135.0 105.0 234.0 
189.0 112.0 133.0 144.0 176.0 168.0 147.0 199.0 273.0 363.0 385.0 420.0 204.0 201.0 330.0 312.0 134.0 92.0 46.0 0 86.0 104.0 74.0 203.0 
193.0 116.0 137.0 148.0 131.0 82.0 61.0 113.0 187.0 286.0 299.0 334.0 208.0 205.0 315.0 307.0 129.0 137.0 132.0 86.0 0 48.0 78.0 207.0 
145.0 68.0 89.0 100.0 132.0 130.0 109.0 161.0 235.0 319.0 347.0 382.0 160.0 157.0 287.0 274.0 131.0 89.0 135.0 104.0 48.0 0 30.0 159.0 
115.0 38.0 59.0 70.0 102.0 148.0 139.0 191.0 265.0 289.0 357.0 392.0 130.0 127.0 257.0 244.0 101.0 59.0 105.0 74.0 78.0 30.0 0 129.0 
14.0 91.0 112.0 123.0 155.0 198.0 219.0 271.0 345.0 342.0 410.0 445.0 183.0 180.0 151.0 133.0 151.0 188.0 234.0 203.0 207.0 159.0 129.0 0 
