22
xxxx lllllll fffffff kkkkkkk qqqqqqq oooooooo vvvv ccccc ffff w fffff uuuu ppp pppppppp nnn tt gggg jjjjjjj l bb a gggggggg
0 23.0217 35.0 42.3792 45.618 33.0151 29.2746 37.0 49.8197 50.9902 61.2046 49.2443 56.3205 82.5651 85.2115 62.1691 67.897 83.6301 93.4345 86.5563 68.6222 6.3246 
23.0217 0 12.0416 22.6716 27.6586 28.2843 35.5106 44.4185 51.923 52.6308 64.56 59.6406 67.424 92.7847 87.6641 57.1402 55.4617 68.8186 78.8162 74.686 47.8853 21.587 
35.0 12.0416 0 14.8661 20.8806 31.3847 42.45 50.9313 55.4707 55.9017 67.9779 66.4831 74.2765 98.6002 89.8109 56.5685 50.448 61.7171 71.5891 69.2604 37.2022 33.541 
42.3792 22.6716 14.8661 0 6.0828 24.6982 39.0 46.1411 46.7547 46.8615 58.6003 61.2944 68.8186 91.2195 78.721 43.9659 35.6931 47.0106 56.9386 54.4059 26.2488 42.9418 
45.618 27.6586 20.8806 6.0828 0 23.0868 38.0789 44.3847 43.1856 43.1393 54.5619 59.0593 66.3702 87.7838 73.8241 38.6264 29.6142 41.3401 51.3128 48.3839 24.0832 46.8722 
33.0151 28.2843 31.3847 24.6982 23.0868 0 15.1327 21.4709 24.1661 24.6982 36.7696 36.6197 44.2041 67.4759 59.439 30.0832 35.609 52.1536 61.6117 53.7587 46.2709 37.1214 
29.2746 35.5106 42.45 39.0 38.0789 15.1327 0 8.9443 20.6155 21.8403 32.0156 24.2074 32.0156 57.3062 56.0357 35.4683 47.4236 64.4748 73.3553 63.8201 61.4003 35.0571 
37.0 44.4185 50.9313 46.1411 44.3847 21.4709 8.9443 0 15.0 16.4012 24.5153 15.5563 23.3452 48.3735 48.3735 33.0151 48.5077 65.521 73.736 63.0635 66.7083 43.0465 
49.8197 51.923 55.4707 46.7547 43.1856 24.1661 20.6155 15.0 0 1.4142 12.6491 20.025 25.4951 44.5982 36.1248 19.3132 38.0 54.3323 61.6117 49.98 62.1691 55.4437 
50.9902 52.6308 55.9017 46.8615 43.1393 24.6982 21.8403 16.4012 1.4142 0 12.083 21.095 26.3059 44.6878 35.2278 18.0278 37.0135 53.2353 60.4152 48.7032 61.7171 56.5685 
61.2046 64.56 67.9779 58.6003 54.5619 36.7696 32.0156 24.5153 12.6491 12.083 0 20.6155 22.1359 34.1321 24.0208 22.561 43.6807 58.3095 64.0312 51.2445 71.5612 67.0671 
49.2443 59.6406 66.4831 61.2944 59.0593 36.6197 24.2074 15.5563 20.025 21.095 20.6155 0 7.8102 33.6155 40.7185 38.833 58.0086 74.3303 81.3941 69.3758 80.3243 55.5428 
56.3205 67.424 74.2765 68.8186 66.3702 44.2041 32.0156 23.3452 25.4951 26.3059 22.1359 7.8102 0 26.2488 38.0132 43.0465 63.1981 79.0063 85.4751 72.9932 87.0919 62.6418 
82.5651 92.7847 98.6002 91.2195 87.7838 67.4759 57.3062 48.3735 44.5982 44.6878 34.1321 33.6155 26.2488 0 30.5941 55.9464 77.0779 90.2497 94.3663 81.0494 105.6882 88.8876 
85.2115 87.6641 89.8109 78.721 73.8241 59.439 56.0357 48.3735 36.1248 35.2278 24.0208 40.7185 38.0132 30.5941 0 35.805 54.5619 64.4127 66.7308 53.4883 86.3134 91.08789999999999 
62.1691 57.1402 56.5685 43.9659 38.6264 30.0832 35.4683 33.0151 19.3132 18.0278 22.561 38.833 43.0465 55.9464 35.805 0 21.1896 36.0139 42.5793 30.6757 50.9902 66.8506 
67.897 55.4617 50.448 35.6931 29.6142 35.609 47.4236 48.5077 38.0 37.0135 43.6807 58.0086 63.1981 77.0779 54.5619 21.1896 0 17.088 26.0768 19.2354 32.45 71.0634 
83.6301 68.8186 61.7171 47.0106 41.3401 52.1536 64.4748 65.521 54.3323 53.2353 58.3095 74.3303 79.0063 90.2497 64.4127 36.0139 17.088 0 10.0 13.0384 33.0606 86.267 
93.4345 78.8162 71.5891 56.9386 51.3128 61.6117 73.3553 73.736 61.6117 60.4152 64.0312 81.3941 85.4751 94.3663 66.7308 42.5793 26.0768 10.0 0 13.3417 41.1947 96.1769 
86.5563 74.686 69.2604 54.4059 48.3839 53.7587 63.8201 63.0635 49.98 48.7032 51.2445 69.3758 72.9932 81.0494 53.4883 30.6757 19.2354 13.0384 13.3417 0 44.911 90.0 
68.6222 47.8853 37.2022 26.2488 24.0832 46.2709 61.4003 66.7083 62.1691 61.7171 71.5612 80.3243 87.0919 105.6882 86.3134 50.9902 32.45 33.0606 41.1947 44.911 0 68.942 
6.3246 21.587 33.541 42.9418 46.8722 37.1214 35.0571 43.0465 55.4437 56.5685 67.0671 55.5428 62.6418 88.8876 91.08789999999999 66.8506 71.0634 86.267 96.1769 90.0 68.942 0 
