21
1 6 17 9 14 23 10 22 7 12 19 13 27 3 11 48 24 8 16 38 49
0 6.0 18.0 19.0 21.0 25.0 37.0 38.0 31.0 24.0 35.0 42.0 20.0 27.0 32.0 10.0 25.0 31.0 62.0 52.0 30.0 
6.0 0 12.0 13.0 15.0 19.0 31.0 32.0 25.0 18.0 29.0 46.0 24.0 31.0 36.0 14.0 31.0 37.0 56.0 46.0 30.0 
18.0 12.0 0 1.0 3.0 7.0 19.0 24.0 31.0 28.0 27.0 54.0 36.0 33.0 28.0 26.0 35.0 29.0 54.0 44.0 42.0 
19.0 13.0 1.0 0 2.0 6.0 18.0 23.0 30.0 27.0 28.0 55.0 37.0 32.0 27.0 27.0 34.0 28.0 55.0 45.0 43.0 
21.0 15.0 3.0 2.0 0 4.0 16.0 21.0 28.0 25.0 28.0 55.0 39.0 34.0 29.0 29.0 32.0 26.0 55.0 45.0 45.0 
25.0 19.0 7.0 6.0 4.0 0 12.0 17.0 24.0 29.0 32.0 59.0 43.0 38.0 33.0 33.0 36.0 30.0 59.0 49.0 49.0 
37.0 31.0 19.0 18.0 16.0 12.0 0 5.0 12.0 19.0 30.0 57.0 55.0 50.0 45.0 45.0 48.0 42.0 57.0 47.0 61.0 
38.0 32.0 24.0 23.0 21.0 17.0 5.0 0 7.0 14.0 25.0 52.0 56.0 55.0 50.0 46.0 52.0 47.0 52.0 42.0 62.0 
31.0 25.0 31.0 30.0 28.0 24.0 12.0 7.0 0 7.0 18.0 45.0 49.0 56.0 57.0 39.0 45.0 50.0 45.0 35.0 55.0 
24.0 18.0 28.0 27.0 25.0 29.0 19.0 14.0 7.0 0 11.0 38.0 42.0 49.0 54.0 32.0 38.0 43.0 38.0 28.0 48.0 
35.0 29.0 27.0 28.0 28.0 32.0 30.0 25.0 18.0 11.0 0 27.0 49.0 56.0 55.0 43.0 27.0 33.0 27.0 17.0 59.0 
42.0 46.0 54.0 55.0 55.0 59.0 57.0 52.0 45.0 38.0 27.0 0 22.0 29.0 34.0 38.0 54.0 60.0 54.0 44.0 70.0 
20.0 24.0 36.0 37.0 39.0 43.0 55.0 56.0 49.0 42.0 49.0 22.0 0 7.0 12.0 16.0 45.0 51.0 76.0 66.0 48.0 
27.0 31.0 33.0 32.0 34.0 38.0 50.0 55.0 56.0 49.0 56.0 29.0 7.0 0 5.0 17.0 52.0 58.0 83.0 73.0 55.0 
32.0 36.0 28.0 27.0 29.0 33.0 45.0 50.0 57.0 54.0 55.0 34.0 12.0 5.0 0 22.0 57.0 55.0 82.0 72.0 60.0 
10.0 14.0 26.0 27.0 29.0 33.0 45.0 46.0 39.0 32.0 43.0 38.0 16.0 17.0 22.0 0 35.0 41.0 70.0 60.0 38.0 
25.0 31.0 35.0 34.0 32.0 36.0 48.0 52.0 45.0 38.0 27.0 54.0 45.0 52.0 57.0 35.0 0 6.0 54.0 44.0 55.0 
31.0 37.0 29.0 28.0 26.0 30.0 42.0 47.0 50.0 43.0 33.0 60.0 51.0 58.0 55.0 41.0 6.0 0 60.0 50.0 61.0 
62.0 56.0 54.0 55.0 55.0 59.0 57.0 52.0 45.0 38.0 27.0 54.0 76.0 83.0 82.0 70.0 54.0 60.0 0 10.0 86.0 
52.0 46.0 44.0 45.0 45.0 49.0 47.0 42.0 35.0 28.0 17.0 44.0 66.0 73.0 72.0 60.0 44.0 50.0 10.0 0 76.0 
30.0 30.0 42.0 43.0 45.0 49.0 61.0 62.0 55.0 48.0 59.0 70.0 48.0 55.0 60.0 38.0 55.0 61.0 86.0 76.0 0 
