93
xdhiumwdwn audojmtlep gpbaqafhdz irtbznwvcu zbgxyjmdnm cwexpxaktw ivgiotlrrr cxrfqntbtm toeqvvzlae vpghbvlzxd xwsnmxufqy ienasnqnvt cpdpvshtof auonnlthcz vteisghgld rulcikswsa hlimwiksjd lgpbgvlzpo taoimnqdrr vtquakjujf gkbqwvqnfu nmshjtpxad siwbsyuwap hcvrravrik nimybvgttg gvxfzzmwzk itouxsyevo ulneltboej fxpsowceqq qjjslhkvnr sjqdgtugly bxdnijtmyn kjgjbkdckc cavyunvwuk dllzvxpcgk wfybmclpmp hpqsgalvar aihlvhrjir bcwzxsuutq tofdobbbjt dzzxropcld tehmqpfdnn xdmzjapanj pphebmysxy gyjkhdbyvm fuhtgylsov ctnsbezpjg klbefaxnzg jiowqcrqpz sjcwiapdwb uqhdcumthr gmvwahagsy drtcvphibq vqlbufoinm akzsqllzsv kgpqjqjrhc rlgdknlxmz afkxpktsxw mnmjklgmnp elifcmozpf wiwpekzeuz efgyvzmusc naqyljkxxq cmelcyxenw iqbyvqgkcp zdiibealli kufcwxmspu pgiiochubt fwwnyjpwnp cnbqxrvlvl rqmdukqpbg tzpaywhybw wlzaatlgns cowtuqqsll depihfdmjk rwobvahhfa wwmcjuetgz bqrcwxsyuw lvqqznnzyn tdtlnqnprm arrkheyths dfgysrnikx okcwuqslme dlfzngcmgq rqchbdjiqp xtugynuehn ouzfljsksj jxgwgvfggh nxiuvgpakn dldiwncohw pjsmzvnekz wqeazvzkdf dweidxeutk
0 68715871.2506 97678342.1256 124353255.6779 202969438.4003 265788509.7323 247787840.9083 155678247.5498 138675675.9633 215420785.9645 240096670.4395 158599157.3632 176760195.089 340713191.0181 373045034.3812 360890937.7654 438888273.3812 415218378.1902 424825715.0884 465055735.5095 493801285.9308 475579156.51559997 417895764.10580003 399910947.437 405092966.8702 405817790.6047 456663244.37100005 504380893.7515 481729688.5549 499530319.9832 383378676.8876 402465748.9309 351022046.2661 345200919.361 288681495.05 259636433.3666 293502930.7496 229370581.0244 180146441.9298 153277220.5526 140482161.2319 196545792.0132 242279637.5013 220904326.8507 134993080.2807 110794078.2581 109632606.7288 92111035.5677 155466234.8761 184963621.4999 239495958.4721 364318576.7314 281429682.5138 375623307.8606 317536805.0149 337469472.9152 355545876.6058 421955500.8245 465121946.6282 503968192.0654 400627636.9863 423655241.4557 344255892.3385 464058841.4794 390375521.5241 349723686.9635 332881641.0505 380387307.0827 380908432.3061 322331698.8253 278592302.8619 314013682.9976 352551186.1946 366454693.2544 381028195.8193 343508403.3541 422160065.5636 424465729.4082 480927674.8256 568577637.3153 549196426.8300999 517097894.2276 513929462.6 472235246.1613 635833161.6066 669083088.0457 670770227.4451 553359487.7962 236041864.4397 556874877.4164 587601103.4725 554298296.4554 30598027.1874 
68715871.2506 0 64211631.0348 91678302.8855 152664603.2589 212248112.8175 180657973.7565 89953671.5455 70660778.5143 150609843.3064 185826441.6931 106753097.7815 153856166.412 306581852.3125 323300426.8464 298816301.6267 374848685.7583 346585782.4442 356250803.6844 396340628.2178 425119657.02220005 406987545.9511 349612586.3341 335266330.3616 343475508.7092 358219152.1092 418858666.6207 469205894.3399 449937615.829 472680830.1007 355609378.63269997 378582784.9649 326057887.6978 317535592.8898 257849297.5395 219790833.2288 284276362.1708 244653742.2683 211033164.0003 189588094.5722 190459518.1841 254628683.8124 304395446.8042 284883351.7879 195850912.8351 118021917.636 135792663.253 155878008.568 195811836.6096 237263061.7985 283636164.7331 416540771.614 341667433.3122 429306496.703 353918398.0928 348373205.0818 362594547.2974 426527482.3632 477613823.2937 501584707.5262 391149352.6601 416655109.9021 324936366.2021 498059062.7422 456378170.5645 414444907.0154 393819109.3976 437051341.6091 424157209.30869997 354527468.8482 313773204.2388 332706559.2343 366040420.9078 380012147.9201 390888230.0636 352258742.7926 441949719.9952 452014422.30700004 518146576.8823 577844644.608 553420584.6227 522104877.5737 514398883.6332 474789538.8141 632895968.977 670949971.331 674074494.2121 562244490.6657 236479459.9955 492479267.9204 519284885.4194 485884529.4653 47754595.1403 
97678342.1256 64211631.0348 0 27466671.8507 106034476.4642 169269823.3801 170897960.2791 83471704.1747 101084181.5546 181806141.7532 231955657.1191 160064966.0884 198773224.1661 349201791.3145 370192187.6375 329783960.9957 399960175.4102 350898064.2325 361422741.6285 396804162.4154 425411613.9199 411832895.8138 342243062.502 312224171.0523 309546057.4412 308185831.8009 361688801.7829 410662029.027 389878336.525 410891829.2289 293955991.1654 315790644.325 263377933.8222 255587958.2133 197065074.1446 163263010.68989998 220231148.9797 188653169.2498 166962697.5834 151912945.5967 166562131.381 236613905.6271 291178288.7506 276245917.6172 184757769.8036 103467515.9842 97149226.586 188727889.063 248411764.9948 282293771.4794 334760244.2874 460933528.4907 377987054.8676 473290371.6195 409635143.6596 411720507.3727 426422397.0845 490608955.1663 540959102.8765 565796338.561 454889956.6427 480593002.1037 387289045.2324 555286716.8736 481562216.6766 404367018.4035 376067926.189 411586460.2167 383275649.2503 306084902.5157 268531067.0221 276486778.3855 307041839.1085 321043731.9379 330332595.8023 291629058.2263 385031547.2618 399139006.949 471227994.7036 516309460.6693 490549528.6504 459618523.3341 451039567.8213 411892685.1642 568976072.715 607615219.6246 610965754.7347 500642547.2514 174597387.1617 467584435.9949 510821524.3672 478630103.459 95834425.2395 
124353255.6779 91678302.8855 27466671.8507 0 82071819.9542 145379259.9322 160248506.9404 110558085.45560001 112284342.711 188268443.3971 243925235.1052 176989792.9619 218396340.1338 363167499.2476 381793907.18439996 333261026.0191 400132007.8369 342927675.5368 353334888.9896 386506619.14849997 414856600.075 403202624.3783 329280175.2384 293606325.5337 285739816.807 281559548.0111 334950023.3213 383233130.2123 362607945.5603 384064819.1925 266850593.9004 289444627.2968 236948443.7075 228779955.4384 169598402.2939 135796338.8392 197945352.5295 177737142.2419 165947703.5993 155462229.0931 176575429.262 247353028.9801 303044607.7304 290126951.72969997 199622530.3213 120583526.264 103646544.6236 214522479.8736 275878436.8455 309241671.5698 362136683.0561 488400200.3414 403499896.7593 499892761.9871 437101815.51030004 437953525.5852 451804923.7899 515597238.81869996 566833436.7696 589396020.7047 477675423.8066 503633191.8008 408244524.7495 582690378.0203 504461792.085 416455275.9653 385236622.9869 417054909.3318 380964320.6255 299568376.7363 264580003.5809 264299289.0369 291995118.8374 305608738.2151 313438037.0988 274836601.1727 371481099.1892 388441330.0519 464686763.1987 497810998.5628 470477822.2202 439977594.3035 430016948.5784 391716955.6484 546618057.7676 586493811.5032 590250126.6861 482087714.4006 157160854.4494 447494731.5238 496416457.1731 464820324.3404 123279661.3379 
202969438.4003 152664603.2589 106034476.4642 82071819.9542 0 63307439.978 108105387.5819 85390942.5022 135567374.1425 183560260.6556 250879186.9123 205172150.4893 251846218.0648 370748798.16899997 378061436.0552 314055018.0543 364276867.2906 285561356.3905 296713122.1603 323917533.2562 351356065.8794 344269318.3552 261695932.2126 215699253.259 203752117.2562 205554548.8503 269360030.6616 321257461.0528 305179382.9309 332900081.0632 218155738.753 245969366.8347 195061266.8978 182868210.8214 123706869.1261 74952110.2677 188958163.8091 213308830.5651 224472193.3323 222035729.6058 250642396.1008 320854896.6941 377269451.8882 366663525.9809 278091887.7539 201494815.1374 177168894.5567 294603964.3393 348048833.2488 386123946.1297 435955424.7722 565374152.066 483915755.354 577851248.0038 506514438.3997 491688653.2925 502927364.4299 563484615.8567 619929086.2324 630314316.518 515050122.6133 542503151.1247 439738315.0145 650141617.7891 586533612.0392 490129862.3562 454967905.9312 480340132.2243 428906484.9708 339506533.0185 311985455.9172 289646045.3383 306646722.1321 320403966.3029 320723468.9895 284336791.1833 388609245.71529996 414990421.9635 500636314.6704 493804027.9519 460218948.2584 432234492.0746 417677508.15989995 382763274.2348 524233144.1782 569698330.9137 575300304.5912 478123843.8301 174756289.2123 367112256.7032 424223640.2993 393943241.8606 196241776.9418 
265788509.7323 212248112.8175 169269823.3801 145379259.9322 63307439.978 0 105644730.142 140451285.4993 182172436.3267 208448263.3505 277772317.3848 247821177.8026 294857398.544 393218325.8629 392847652.1683 309824359.1911 352752397.1588 256095798.5877 267213296.759 286964890.7439 312561434.9478 310778743.0235 222345406.0169 161396760.9268 141306877.3786 148393556.9762 222951831.2071 276410480.166 265207981.6742 298098468.5569 207358013.51999998 222302527.7299 185018164.2629 173901178.1191 113512545.936 118900597.34799999 200570108.5803 252099957.883 275172595.8859 276886976.0388 308826243.7924 378036911.0488 434519091.9603 425508982.6702 338537626.08889997 263705372.1498 236246647.2965 357629431.7288 408041460.9887 448051169.3734 495883759.8376 627346294.6639 546944615.2066 639889390.5355 564578393.9155 541546382.3486 550978716.6743 609180198.7233 668364749.8974 671139778.6815 554734846.5867 582763880.8296 476664441.8108 706751898.8888 649695584.723 546486617.5861 509366981.3773 529749190.44420004 468539683.6742 375683611.0444 353643434.7625 318038950.8076 326959749.0729 338073632.7431 335089113.9526 302006457.6235 407795377.0881 441888787.2008 530961422.4672 494720880.9868 456923158.2374 431745370.2848 411138541.0254 382593196.2102 510041750.7543 559320444.1493 566382205.0853 479378528.8432 206280082.3285 307393061.6608 374662105.4928 346225426.1432 257180917.9839 
247787840.9083 180657973.7565 170897960.2791 160248506.9404 108105387.5819 105644730.142 0 92436874.8355 125382448.8861 111139871.45740001 178868196.0853 169205404.6966 213314490.4238 289839481.2578 287395080.7607 205949630.4724 256529743.6693 182679168.5964 193585810.1569 226388210.0705 254875827.9145 243098028.2993 171836992.9849 157706738.2895 181814234.6991 235578188.1653 320817996.1139 374525139.84510005 366739180.8061 401641838.4725 296890972.5002 327944186.2392 283468080.4515 267507619.9939 215603990.9981 163941969.2053 297063551.39100003 319844404.8557 323126229.6094 315295975.7369 336153563.3745 406741295.5815 461820785.3576 447143877.8963 355594886.5695 274047947.5281 263895051.564 336481441.4415 362866251.6252 411543131.3629 449264621.7456 588264425.8156 520105457.8672 601121666.401 507634952.22 464207623.1675 471035565.622 523995173.3244 586949789.7756 579161572.1858 462439334.52680004 490831560.5229 382339732.0993 643165518.8223 637032518.463 575126270.135 545485129.9273 576859937.2491 533577069.2856 447611920.6004 416331904.571 397711286.9826 414292080.4634 426514991.1722 427150603.4881 391437689.3542 496235076.807 523095327.7509 608231016.3711 595306414.7143 559207526.6646 532714747.6877 513955339.3652 483329562.2284 615272039.601 663915194.2999 670580450.0812 579773144.4843 282826373.5513 314124856.3893 341246266.4 308545552.149 228048402.6409 
155678247.5498 89953671.5455 83471704.1747 110558085.45560001 85390942.5022 140451285.4993 92436874.8355 0 50441003.4743 109107777.3692 171023771.328 119781577.4059 166497789.4572 291779181.9474 304762071.5855 251490040.0199 318449020.5923 275116043.4319 278653886.2616 315814027.2866 344262994.2338 329243026.2257 263841603.5331 245385852.7299 256494823.8044 281395317.1941 352323458.8961 405807619.605 389970792.5256 418258033.5927 303443612.2447 330851455.2087 279423949.616 267755018.2253 207928388.0 160323485.1384 261927509.4033 258235250.2222 247211984.6719 234501582.4873 249873472.4842 320085609.8018 373563588.8782 357504091.6895 265833744.1616 186939220.15890002 180307403.6691 245524831.4723 280860383.0251 325735263.4784 368588919.3788 504412694.5115 431621104.8577 517778698.3829 433711517.516 409140300.324 419367014.6355 479016788.8231 536634352.6726 544970774.204 429659399.0958 457120025.009 354586094.6771 574568957.2046 545674165.8666 486402479.9047 459295029.4762 494958322.3005 462772302.8834 381367339.1116 346512256.9174 343255483.2267 367937347.2037 381284070.8033 386805991.0083 348742964.7142 448798825.4374 468364528.7603 546280181.5413 567043193.4179 536306969.4549 507053035.7332 493646631.6992 457901703.3184 605226110.0279 648820687.9687 653994372.4087 551502114.4825 232139315.6055 402534134.1841 433480517.1615 400586948.1035 137708253.269 
138675675.9633 70660778.5143 101084181.5546 112284342.711 135567374.1425 182172436.3267 125382448.8861 50441003.4743 0 99776064.2721 164070377.8489 129027677.6521 116351840.4746 250963244.0849 269509564.4734 231976986.518 305960877.4355 276877926.9871 286341099.2078 327315197.4198 355984947.677 336993341.90830004 283650525.904 278856881.7353 297402648.7847 330248463.6628 402626153.7472 456247678.0583 440398521.6975 468453861.9128 353254242.6034 380204016.7336 328439075.6336 317180842.4968 257065575.8751 210367858.2648 305286559.2476 288699911.4159 267032684.5067 249513222.527 258089084.05220002 323091187.5216 374021238.4891 355095246.2075 264806360.4961 185430700.0052 194239717.2426 220755519.189 241756944.6495 290671528.6483 329663536.1729 467110785.8534 400308288.3542 479966846.3156 389414383.8171 359388569.4283 369202413.5715 428602019.5443 486595924.4807 494824825.2214 379713058.8926 407049878.6428 305465117.1577 528234394.4446 520615839.9586 484721052.4545 462792259.1971 503914541.3547 483138420.88339996 407169084.0703 369220023.6847 375955929.3126 404207534.2267 417878227.4373 425360997.6134 386840137.9626 483654046.9154 499338797.3625 572274869.5948 608549816.3377 579593062.9742 549686194.2142 537862304.8946 500908151.2573 651446011.6282 693750327.2685 698183539.1384 592799107.987 269378698.4135 435134916.4956 452643152.2612 418922323.6356 113457412.4614 
215420785.9645 150609843.3064 181806141.7532 188268443.3971 183560260.6556 208448263.3505 111139871.45740001 109107777.3692 99776064.2721 0 69324115.014 76496735.7612 110742159.1762 187317362.1598 207728987.7698 149234355.0825 224241629.7286 211843607.6568 219897985.1456 264781709.5282 292260964.3819 269106328.0011 233145950.9056 252571546.1331 289159869.5018 346342309.6003 429615958.2239 483335983.7662 473536537.0062 506374793.7262 396472973.4301 426092590.1548 376797658.2351 363546257.5797 306122370.044 255240420.9899 369680240.6733 365965191.5438 348768839.3366 331981585.6952 339128924.1644 404942804.5676 454990726.4415 435231338.5734 345874502.3387 267594008.1277 276686798.4649 288088260.4702 287025255.5151 341709718.0497 367900515.3608 509938780.6739 454970116.9046 522692952.8459 415625784.4511 358256432.8397 362446014.647 416600544.4561 478293280.8582 468036739.8627 351303290.9647 379719990.26240003 272702089.1328 544393043.092 582426598.9054999 564564551.7179 544378098.3657 586445113.2048 564958888.2084 487087702.1386 450286766.0791 451846646.6288 477042359.0501 490390845.6319 495725001.1178 457756921.6941 557838596.2152 576568273.6961 652322098.5572 674683442.1337 642688252.3191 614021792.3584 599207693.0895 564675543.2358 707708031.2349 753195415.3961 758666742.4208 659377899.9068999 341244575.2031 400735421.0566 395983341.693 361793394.4427 187059762.6183 
240096670.4395 185826441.6931 231955657.1191 243925235.1052 250879186.9123 277772317.3848 178868196.0853 171023771.328 164070377.8489 69324115.014 0 81511921.8626 128614990.4931 120755410.6194 138404872.7558 130315930.5658 211743864.8945 239173338.4704 244746527.1166 291562804.0307 317063751.9426 289104782.8168 274669026.1712 309139081.9686 356435696.0851 414444115.5315 498667261.3766 552385458.6009 542838787.8016 575672145.0079 465367533.6353 494742137.9019 445000103.582 432011487.1892 373992813.6837 323519831.2361 432950457.7941 420608826.3689 395149453.192 375079054.9745 375312054.973 436257534.7344 482099836.9426 459871216.1297 375000856.2461 302657938.2398 321619104.9461 295598561.8253 271519881.7633 329235428.1132 343382487.3871 484603586.6364 442380786.441 497243940.8615 378834253.1595 304629070.9881 305599962.333 355409963.8365 419030865.6658 401738988.8256 285293093.2 313793269.7745 204396877.3745 498158390.7326 574967393.4624 587183716.7213 572862885.3905 619967108.0728 609647935.9073 537169815.3199 497922187.4165 507984081.6085 535781056.8737 549352955.0732 556272013.5007 517883812.1806 615381967.9888 631094664.0681 701882917.9369 737905893.978 707312344.3025 678070110.3374 664488566.1846 628925299.1107 774725842.1519 819290994.5496 824406396.3047 722146517.6355 400401028.5774 449180833.232 425963969.9875 392103165.563 209631774.1386 
158599157.3632 106753097.7815 160064966.0884 176989792.9619 205172150.4893 247821177.8026 169205404.6966 119781577.4059 129027677.6521 76496735.7612 81511921.8626 0 47103068.6305 202267332.482 216997580.7785 205805775.9393 286065594.2663 287871920.3198 295621369.6037 340626747.8655 368238794.0241 344205332.6879 309080773.2175 322058093.5971 350970210.4157 394844856.3114 470094836.2137 523147570.6985 509211504.9543 538001399.9282 423163810.9876 450274851.7648 398543143.6848 387231191.0065 327709965.4059 280105062.54429996 373415253.6912 348080038.8747 317712889.0007 296233906.7345 294528345.6328 354771459.7325 400707056.1693 378695655.9724 293488990.9875 221869961.5858 242545761.0345 218802167.4844 210624310.5515 265722900.4368 291596493.0013 433442044.9127 379247815.4229 446309617.5785 341889433.463 296255724.0062 304018026.1413 361360673.0682 421411537.05050004 425305059.8114 309877972.124 337366492.3153 235374518.84 474487239.5342 507856960.2106 506463738.4395 491422916.144 538516343.414 530536213.0762 461280566.6297 420492827.7752 436141317.0697 467106805.1969 480928670.5444 489882692.324 451201475.2108 544950958.4548 557130205.0179 624847610.8902 674796733.5923 647129270.7052 616818548.8583 606031748.9278 568364652.0133 720665345.2266 762230488.834 766375482.77 659075401.6161 333695374.9376 473846346.4564 472480077.4542 438290130.20390004 128119852.276 
176760195.089 153856166.412 198773224.1661 218396340.1338 251846218.0648 294857398.544 213314490.4238 166497789.4572 116351840.4746 110742159.1762 128614990.4931 47103068.6305 0 164015645.2816 198838932.4025 211962237.6226 293377885.3206 314178482.4253 320818279.035 367081323.4362 393666929.3274 367232796.0768 342179518.1275 362583649.8217 394988658.5239 441009189.0222 517196792.2776 570248559.2516 556214401.3241 584744128.0211 469593366.3721 496371144.0477 444443518.5179 433404472.4152 373192253.1815 326704609.3718 416341692.66330004 383850641.4773 347924187.5263 324254673.3264 316905265.0244 371992711.3859 413813663.7901 390121456.747 310113540.6394 245703122.3276 272733803.3111 218498751.4214 189729956.8043 247076685.3775 263691755.5659 405551695.6083 360593143.7242 418298507.5202 306294787.8704 250913525.256 257721075.1982 314376328.4537 374922673.0101 378472984.7468 263393505.422 290698106.547 190411551.3325 433650883.9158 493126794.7248 514922079.8318 504692828.2459 555432826.0066 556468994.9001 491883698.8141 449931426.1304 471917149.1949 504826620.2435 518770619.247 528932373.2301 490236480.6771 581150106.3596 590526379.4785 654030472.9462 715075267.049 688749851.2587 658058918.3592 648405354.4586 610004741.3638 764299995.7902 804890151.6370001 808646272.3732 699402762.5058 373370611.32780004 511444365.3049 500783669.6967 466659233.1792 146766262.0516 
340713191.0181 306581852.3125 349201791.3145 363167499.2476 370748798.16899997 393218325.8629 289839481.2578 291779181.9474 250963244.0849 187317362.1598 120755410.6194 202267332.482 164015645.2816 0 49536761.4889 140881074.9883 201515761.2741 287386876.489 288447132.9373 332816126.2979 352046577.554 319380089.2352 343978671.9023 395455970.0993 448613919.9914 522383904.8185 610214696.352 663912548.0527 656576441.3678 691063715.7273 583087627.7662 613040958.951 564059080.4875 550863619.7395 493439478.3766 442509468.0844 553705868.4135 537821727.6221 508022497.5382 486266557.5811 480579641.0582 535865459.2941 576561986.8178 552268237.0167 473988327.1231 408870619.8268 432732929.881 375681444.2409 323521318.6872 380046509.44089997 373671373.6826 505100678.7954 486396379.7451 516707193.412 382541042.6542 273288829.8671 264089264.3986 291246357.3992 361472804.08030003 316642711.0128 212615712.1383 234906958.7783 131995408.3318 473871678.2863 622616559.0691 675015611.8131 667253623.2295 719074888.6417 719335718.597 651468271.4118 610701110.1962 625683470.4625 655053726.3587999 668763529.4612 676280941.7617 637803382.0475 734027817.9923 747475765.8927 815085439.4829 858540464.0556 828067418.2774 798809155.87 785199431.2533 749676735.1077 894877982.6097 939848214.4878 945161806.9241 842807840.6775 520158142.7402 516020176.5441 461687359.1783 430329388.1004 310558579.7323 
373045034.3812 323300426.8464 370192187.6375 381793907.18439996 378061436.0552 392847652.1683 287395080.7607 304762071.5855 269509564.4734 207728987.7698 138404872.7558 216997580.7785 198838932.4025 49536761.4889 0 108519894.1582 189421802.59890002 255032887.1531 254580210.8316 296790283.2271 313756312.1553 283600953.4755 311617491.0722 375038506.8283 432632714.7892 513268731.344 603560913.4094 656680941.4234 651904876.3974 688293232.9828 584093454.6456 614887397.4583 567672801.0718 554482216.5457001 498403941.7626 447032532.4627 565057444.1793 558200767.6677 533403472.752 512866562.9741 511136926.109 569464775.1747 612494966.7913 588944786.6345 508038114.66190004 438688722.2785 458625559.3606 415516063.907 368872437.3087 425607154.2239 423208135.1715 554280827.954 533736516.16 566016149.4778 432074975.7791 321703320.0753 311490876.9727 334664715.0249 404857056.4751 351891884.7288 248927688.3609 274418354.1136 177247402.1886 521389303.3744 669841916.7531 713477175.3399 703405855.5881 753306362.3357 747355453.7598 675574177.4501 636209125.9968 645295529.2392 672179138.28 685658673.3331 691565101.4941 653454267.2033 752436516.3914 768848361.8359001 840253333.1191 870676445.1327 838159888.0451 809786843.5886 794368627.3252 760383101.7978 900429285.9208 947287971.2908001 953159321.3464 854939522.7511 536471927.5626 485068409.9815 421924588.9663 391613689.1933 342501779.5047 
360890937.7654 298816301.6267 329783960.9957 333261026.0191 314055018.0543 309824359.1911 205949630.4724 251490040.0199 231976986.518 149234355.0825 130315930.5658 205805775.9393 211962237.6226 140881074.9883 108519894.1582 0 81431872.4372 147285580.263 147749701.304 191954644.5343 211828717.4494 180375935.0599 203097596.914 269092024.6092 329505195.3662 416099173.0828 508355019.9669 560560804.5096 558675662.5517 596906238.8113 499211083.0626 530862618.7799 487007031.8594 472011598.9147 421219368.7089 369891599.67770004 501285456.46809995 509725290.2421 496683876.4247 480870917.0862 488255587.2241 553444198.161 602466245.0323 581776825.8623 494014328.4996 416458792.074 425594711.5729 424118305.4872 401692194.4269 458685839.2376 469591708.3202 609238711.6313 571810291.0572 621671489.2716 496640977.421 403310741.5177 397804512.2046 430678537.1632 500609030.8883 456867941.7396 348837902.6631 375785245.9689 271125376.5479 603017480.7349 705019025.9641 710553489.906 692406680.1889 735493151.8109 712955370.3006 632770625.2987 597428734.2428 592913205.9967 614369912.6044999 627031745.3811 629650307.9078 592852541.2297 695982952.9736 718521507.0059 797760562.3677 801007303.3973 765156588.2689 738561672.2555 719880194.4178 689143243.6549 819608426.9138 869142105.8335 876064572.1372 785434936.846 479478178.3442 377129897.78790003 322036034.6591 290112415.671 331231083.6818 
438888273.3812 374848685.7583 399960175.4102 400132007.8369 364276867.2906 352752397.1588 256529743.6693 318449020.5923 305960877.4355 224241629.7286 211743864.8945 286065594.2663 293377885.3206 201515761.2741 189421802.59890002 81431872.4372 0 128388397.5219 139582118.058 181326499.3933 164402216.2032 131208374.5317 191658389.1763 273196927.8906 339851661.4009 439254565.3025 529854880.4015 579680661.1589 582367828.3539 622834646.1437 534704768.2603 566750908.9864 527246488.9471 511627344.0483 466264943.0948 416537214.46650004 549422769.6749 572411120.3992 565643067.7525 551864852.0026 562266405.548 628945468.4671 679231431.5329 659258808.4187 570111485.3572 491387940.3329 496888446.6536 504867761.7507 482342402.5789 540057948.9288 549611959.1452 688419750.5193 652953298.2783 700746918.5695 573337083.9967 474541241.0062 465310653.4119 491436294.472 561651784.2661 506291747.2713 411922849.3399 431016557.9499 333134517.8998 673635574.7353 786377059.3012 788505678.0381 768548410.5033 809566553.4725 781090410.4988 697653166.7321 664491999.1646 653112358.9146 670801005.9703 683044562.1639 683433028.0962 647939254.0771 752748784.1473 778769239.8194 861667491.5996 847443900.1476 809063910.6154 784209486.4169 762961175.5102 735232550.9118 855680358.2599 907556547.1184 915439521.8674 832121765.2622 538433067.0647 348435463.0064 268183825.9452 239804737.6921 409719154.6977 
415218378.1902 346585782.4442 350898064.2325 342927675.5368 285561356.3905 256095798.5877 182679168.5964 275116043.4319 276877926.9871 211843607.6568 239173338.4704 287871920.3198 314178482.4253 287386876.489 255032887.1531 147285580.263 128388397.5219 0 11193720.5361 52938101.8714 80418516.1258 61982105.0461 63270001.047 146911901.4957 214749315.0122 314717806.7392 407743105.4177 455912134.42 461030018.0894 502522894.0246 423552929.49179995 454862655.982 420480932.7333 404543289.4187 366835815.2374 321274260.7682 456597327.1297 498781286.7909 505679865.9988 497868816.8842 517326334.1864 587511443.2436 641804149.0869 625696345.1849 534021458.5771 452317264.8252 445809328.5602 496172242.8076 498415283.6173 553504479.6763 577259766.9778 719314801.523 666813679.1819 732111499.1113 617749948.6404 538842756.8216 536279707.3613 574118326.5982 643481019.9028 603904377.7447 495412125.8476 521846569.2546 415266958.1844 735633454.6992 793269111.49 754674174.0861 726820773.0197 759476238.1685 714362382.522 624862577.1726 597286978.5343 571870430.6005 582926287.5099 594042725.4972 590961711.2789 558098150.4719 663888938.4534 695517924.3704 784409739.3943 743294150.7205 702399094.6261001 679713793.4522 655817663.7009 631770282.2349 741163523.1606 795135298.5087 803480937.3687 728394402.8599 457815667.9559 230067127.343 187151830.13529998 152955860.6167 390222030.9613 
424825715.0884 356250803.6844 361422741.6285 353334888.9896 296713122.1603 267213296.759 193585810.1569 278653886.2616 286341099.2078 219897985.1456 244746527.1166 295621369.6037 320818279.035 288447132.9373 254580210.8316 147749701.304 139582118.058 11193720.5361 0 46914156.4779 72882962.1533 50788384.51 70033944.3709 155346660.4773 223401084.323 324630018.53679997 416836237.0581 464629414.7036 470221994.4969 511854562.1743 433309497.2363 465141289.1418 431116961.7477 415172731.1608 377811525.1081 332415372.89489996 467692181.3847 509975007.327 516646167.4112 508691926.6087 527902627.4727 598036647.2556 652214999.7167 635926452.6712 544307781.5668 462629445.3218 456513604.9314 505177698.2419 505992443.7796 561339248.6061 584214519.3651 726225819.8123 674868102.0502 739002730.5101 623553487.171 542765521.876 539702863.8477 576461154.0456 646009659.6087 604613180.0874 496090521.073 523225959.7397 417308683.8767 741340237.7297 802324584.0511 765016579.2919 737411578.3287 770308628.2621 725490281.3927 636036285.5908 608402840.2972 583061899.6488 594069969.7557 605170089.3285 602030878.1621 569219232.7978 675008664.0604 706694104.9585 795603459.9304 753938416.5084 712913843.388 690358103.6185 666325950.2 642477624.8532 751094056.5953 804837938.834 814192062.8766 739096053.7612 469009138.0066 231298058.1895 181323723.278 147672078.8796 399574245.1997 
465055735.5095 396340628.2178 396804162.4154 386506619.14849997 323917533.2562 286964890.7439 226388210.0705 315814027.2866 327315197.4198 264781709.5282 291562804.0307 340626747.8655 367081323.4362 332816126.2979 296790283.2271 191954644.5343 181326499.3933 52938101.8714 46914156.4779 0 28779028.8044 62199531.4587 68055357.3582 152029560.414 218927754.8922 322046364.2281 412715045.606 457628075.0564 466469090.6435 508919974.2536 439396094.3705 470672043.0939 440924075.6754 424994430.0289 393188095.5962 351040518.7803 485321512.7074 535617899.8147 547027589.1224 540969778.5493 562531022.1427 633076025.1479 687970002.1187 672675320.7015 581008322.5137 499274288.6462 490134677.1037 547400121.0659 551218324.0814 606349648.3023 630197697.8047 772252885.4943 719747383.2151 785049378.6304 670320429.0833 589451394.5232 586139540.5208 622225029.2042 691728061.672 648124342.438 540787887.6949 567721558.3405 462647505.433 787006805.5778 845265413.9008 801163688.3085 771690008.6669 802137990.754 752158047.1937 660987985.1062 635607351.5902 604973905.0977 612889962.5337 623359319.8383999 618509036.4015 587292144.7188 692777607.4364 726879954.0127 817901462.0317 762755755.5879 720276413.4921 699298713.1998 673637838.6912 652386703.003 752294223.4152 807237035.569 816650793.8534 748228085.9476 493244973.0724 194544992.624 134429898.313 100757922.4017 440772604.7345 
493801285.9308 425119657.02220005 425411613.9199 414856600.075 351356065.8794 312561434.9478 254875827.9145 344262994.2338 355984947.677 292260964.3819 317063751.9426 368238794.0241 393666929.3274 352046577.554 313756312.1553 211828717.4494 164402216.2032 80418516.1258 72882962.1533 28779028.8044 0 33420502.6543 91947025.1434 170915443.3582 235804172.8469 339065262.85969996 428034412.6586 471217003.0241 481742264.9022 524458983.5622 459448805.9536 490360913.6486 462504923.8574 446639548.88619995 417003125.2262 376071632.5545 509685994.6191 562330426.0321 574827720.6357 569110229.5219 591009058.0884 661591360.4707 716555972.9696 701354016.8817 609692106.7311 527964237.3576 518501667.6988 575942890.8131 578725427.7663 633904132.7693 657096617.5547 799104331.4374 747231002.1561 811879253.9708 695882562.9122 612471055.957 608400310.9858 642503398.7702 712434602.9951 665643308.4346 560666620.1125 586634784.1138 482939754.3384 810772439.9189 873538213.0358 829778526.0314 800092956.0149 830120999.3527 778990428.1259 687409494.7943 662635735.2582 630554966.6289 637469000.3981 647710687.8816 642267742.5379 611648808.716 716912247.0446 751807303.4229 843485059.354 783320357.324 740261832.3798 720133012.128 693666732.9541 673554773.0462 769379400.935 824831131.3198 834521776.7534 769100315.9002001 518766026.2447 189063055.2424 112498137.5715 78302168.0529 469440257.8454 
475579156.51559997 406987545.9511 411832895.8138 403202624.3783 344269318.3552 310778743.0235 243098028.2993 329243026.2257 336993341.90830004 269106328.0011 289104782.8168 344205332.6879 367232796.0768 319380089.2352 283600953.4755 180375935.0599 131208374.5317 61982105.0461 50788384.51 62199531.4587 33420502.6543 0 95845072.6583 181458985.2514 248763440.4325 351739699.6759 442734344.0266 487889535.2068 496491990.419 538861353.0976 467797887.347 499222911.0562 468405389.014 452463177.92260003 419190280.9943 375444179.7411 510377820.4366 557037420.6106 565721434.3088 558392744.7914 578222002.9635 648446292.6286 702770173.5817 686613129.2375 594978355.8943 513417829.8318 506568160.2433 555399919.2793 554031041.4152 609820359.6657 630923428.8515 772746098.6944 723438061.2835 785531303.597 667491837.1184 581582906.5445 577411500.5255 610157235.6237 680165900.5773 632443278.5006 527320794.8746 553759209.9825 450580139.9477 780398361.009 851416046.1087 815641540.8132 787698850.4113 819951552.6813 773146935.2617 682853077.4468 656251235.7423 628274732.931 637513222.1771 648237357.8482 644028987.6292 612193469.9402 717855612.0598 750999105.8293 841258694.3143001 790695931.1539 748555689.0188 727244645.2664 701910217.8502 679995972.1339 781777394.2628 836540756.1454 845839690.8995 776074377.789 514888749.7656 219728871.399 145315386.01590002 111119416.4973 450130843.2491 
417895764.10580003 349612586.3341 342243062.502 329280175.2384 261695932.2126 222345406.0169 171836992.9849 263841603.5331 283650525.904 233145950.9056 274669026.1712 309080773.2175 342179518.1275 343978671.9023 311617491.0722 203097596.914 191658389.1763 63270001.047 70033944.3709 68055357.3582 91947025.1434 95845072.6583 0 86991670.3626 155103547.3118 257222889.0041 349243534.6547 396016888.6019 402863148.7126 444915379.4635 371952814.6887 403381658.155 372945664.2685 357008649.2113 325424276.8362 284124626.8093 419164913.8816 471251911.1567 486025128.1409 481774528.0905 505851580.6496 576633004.4727 632239114.2298 618350318.3213 526984088.3688 445628170.3334 432926719.862 504096216.7878 518027971.6091 570819325.5934 600628508.9135 742314123.7866 682521991.586 755194513.9991 647963745.9149 578967993.5511 578607198.1874 620636017.5428 689079533.0347 655943119.2016 544986235.0785999 571952300.4265 463560439.0272 772268306.9288 804259573.4548 745650073.4798 713935624.0759 741795032.0046 687980727.7679 595973798.5891 571956722.1557 538663315.4702 545598629.0625 555912054.5371 550749355.8629 519846098.5856 625206131.2789 659874121.1021 751538034.2106 694984932.107 652733215.3057 631495927.2633 606088247.3469 584461604.2792 686559189.2209 741178146.2646 750269670.5487 680407481.3737 426819001.1013 176925530.388 169764043.8463 136749208.5182 395912020.2213 
399910947.437 335266330.3616 312224171.0523 293606325.5337 215699253.259 161396760.9268 157706738.2895 245385852.7299 278856881.7353 252571546.1331 309139081.9686 322058093.5971 362583649.8217 395455970.0993 375038506.8283 269092024.6092 273196927.8906 146911901.4957 155346660.4773 152029560.414 170915443.3582 181458985.2514 86991670.3626 0 68178225.5597 170400674.8648 262254974.9422 309343723.3749 315873277.451 357960979.4136 288533362.5954 319450528.0561 292620447.0515 276860158.3642 252552042.9414 218073614.3235 346274968.1553 412005545.2085 436361422.3837 436789883.9285 466339102.6965 536513090.5842 592949607.9031 582189204.157 492847842.9873 414063165.8548 392819382.3655 490709884.9243 520572989.9147 569249869.6524 606827380.105 745967658.8569 676548894.5958 758823249.0073 663404190.7909 610472662.7585 613570290.857 661840666.3198 728035979.4107 706366373.8587 591390443.1724 619789762.2774 510033291.25119996 796012100.9033 790276490.0206 705692492.9242 669417035.126 691068429.038 627370737.141 533330064.4129 513802819.4736 471695813.9803 474006937.9002 483376258.8385 476096186.8355 447506187.4307 551600386.4127 589196174.9263 683256883.4576 612488703.5554 569346413.9323 549217568.7698 522752676.989 503048471.7228 600329740.4932 655208160.0454 664621233.4394 598184872.542 364288646.3014 157213371.364 214383068.2994 187833444.3776 383017692.3512 
405092966.8702 343475508.7092 309546057.4412 285739816.807 203752117.2562 141306877.3786 181814234.6991 256494823.8044 297402648.7847 289159869.5018 356435696.0851 350970210.4157 394988658.5239 448613919.9914 432632714.7892 329505195.3662 339851661.4009 214749315.0122 223401084.323 218927754.8922 235804172.8469 248763440.4325 155103547.3118 68178225.5597 0 103261090.0128 194242545.1821 241228473.0929 247885347.5055 290135308.4167 226846404.0003 256729355.1994 235341790.2488 220120735.9237 206523771.9587 182935721.1837 299003156.1586 376776813.0631 410082152.7077 414931461.7177 448832686.8313 517134823.9382 573476044.1773 565615241.7299 479565895.4462 404952501.1968 376945864.8992 494851333.0824 536448936.9459 580687868.3329 624089225.8515 759770197.3673 683643718.5507 772491683.2466 686793786.6616 645757746.7872 651167960.9021 703185683.35 767381586.8765 753467431.3747 637301817.5198 665805531.2316 556126426.1548 824251667.8862 790201608.892 684372763.4914 644412925.2946 660259991.2889 588045502.0518 492745927.5072 477905836.0366 427444881.2318 424804725.8278 433055737.506 423521966.6123 397781511.9455 499574214.3565 539970846.857 635864003.0291 550441030.9444 506350295.233 487584468.3161 459930124.3639 442595503.1611 533692344.2451 589031676.5855 598725675.9604 536485177.7969 326591309.636 169912266.4187 262010450.0848 244896730.5503 390495823.1197 
405817790.6047 358219152.1092 308185831.8009 281559548.0111 205554548.8503 148393556.9762 235578188.1653 281395317.1941 330248463.6628 346342309.6003 414444115.5315 394844856.3114 441009189.0222 522383904.8185 513268731.344 416099173.0828 439254565.3025 314717806.7392 324630018.53679997 322046364.2281 339065262.85969996 351739699.6759 257222889.0041 170400674.8648 103261090.0128 0 93504475.3159 144532796.0501 147262121.7083 187875968.5353 130515540.3179 157837729.1977 147379543.3182 149181251.61049998 146051228.5102 149614358.0699 226360320.7902 320870288.0443 367305724.6543 380867006.7103 418327820.5349 481228090.8731 536051954.8994 532681869.1029 454441329.409 389688801.8018 352691980.333 495797950.6444 553578217.5194 590399567.9321 641081492.3504 769101355.7852 684111523.5819 781431736.4164 711793107.3948 689375672.9677 698192856.5873 755212652.2335999 815586367.4964999 813916690.9278 697183516.3112 725488816.4136 617732509.7948 854702931.5862 777356666.8144 641677292.0336 596796238.0683 603540380.7065 519047471.1534 424131448.9533 417909325.8997 354649405.5491 344090032.8377 350385686.285 337502612.9183 316888449.9934 413203369.1038 457232848.798 554731855.8361 450436195.5778 405474462.4367 388238590.6429 359362097.184 344915966.3787 430431327.0378 485832407.33 495612389.8225 436895825.2865 269462242.1422 244483325.2039 356997378.7945 338802310.9729 401129822.3882 
456663244.37100005 418858666.6207 361688801.7829 334950023.3213 269360030.6616 222951831.2071 320817996.1139 352323458.8961 402626153.7472 429615958.2239 498667261.3766 470094836.2137 517196792.2776 610214696.352 603560913.4094 508355019.9669 529854880.4015 407743105.4177 416836237.0581 412715045.606 428034412.6586 442734344.0266 349243534.6547 262254974.9422 194242545.1821 93504475.3159 0 53720025.5423 53757646.3924 96440330.5668 95075257.0708 105106918.6697 128270604.2901 124405307.1426 169996589.8964 199153684.4821 217378446.9811 323518341.2777 380928480.4666 398817899.117 441175152.4563 496362739.5155 547543084.9591 548997394.7069 480657024.0197 427205408.3053 384662601.2686 542036352.7573 610100566.7777 640901375.3959 695924191.9122 816589562.2298 725944310.6101 828477447.478 771226682.4983 760919556.5861 771690473.5316 831099690.5896 888858717.0943 894087743.5709 777681749.3126 805715712.0367 699404032.0774 916463589.1857 807105068.7894 645616124.7528 596611950.1601 593529542.4346 496335818.1459 404982475.4234 408068819.3265 333374023.5016 311671794.8716 314475401.091 296651349.3712 285914290.1078 368407702.5457 416850231.7873 514299289.9439 377133165.4897 330290982.6787 320563883.3511 285973715.0989 279908304.3552 343116897.3375 399746253.1907 410344629.7564 364927741.9652 275332948.2995 309755609.4006 436354209.5933 420063637.7786 457422992.2173 
504380893.7515 469205894.3399 410662029.027 383233130.2123 321257461.0528 276410480.166 374525139.84510005 405807619.605 456247678.0583 483335983.7662 552385458.6009 523147570.6985 570248559.2516 663912548.0527 656680941.4234 560560804.5096 579680661.1589 455912134.42 464629414.7036 457628075.0564 471217003.0241 487889535.2068 396016888.6019 309343723.3749 241228473.0929 144532796.0501 53720025.5423 0 33187787.7277 64949995.4342 127581782.3241 124283373.72 162681644.5653 163161602.0169 215699398.7015 250139102.6027 250301255.6419 356642899.8843 416309478.3724 436385428.9265 479377500.5915 530830977.4317 579930024.042 583399501.0437 519736671.2839 470881411.5259 426939832.3956 587741836.0401 658607816.0485001 687544850.8989 743742256.5807 861746743.3035 769383552.0464 873454950.8588 820230644.0639 812938852.3596 824184825.4827 883890401.6928 941141900.0135 947472863.6665 831128643.5292 859126635.2866 752987884.8768 965922012.2068 845648052.8522 673595593.7916 622991236.7275 614462974.5461 511931676.2691 424156354.3326 432727161.30700004 353161187.5839 325688834.3967 326222957.5058 305853327.3111 301785057.7424 372666415.3418 422974440.4561 518769770.8635 358116061.7393 310413736.9379 302854249.0163 269172021.0725 271291650.6204 308537568.8439 366191010.8454 377739942.7781 347389020.6995 310115441.8766 339113335.8904 468499827.4102 457024622.5062 506495123.5548 
