43
fnlmocuczk hnnlwliezo ajjekwybql wegckoctcp npffaineub fwzkdpfinn iznialmand bvwklxlwsa gqulqjeire czgfnbovhq stxmhuffri lpopityrof hqvifzhbmo smlsmfgyxa hyficezvgi sngqmldfxu cynraykzum hrbvyznkmd atkqvymdax rzgfaqookt gdtsmzpvig kmwsevkfov tjcamfqmxd ysndikwwgh xpcqolcpnf lgwqodunqt uyirsvqblu bzcpozsody sqlbmrxpwv wmeeitskjx djtmyhmwnn kgewtltijq yfvfzingng aruweadnpf vvurcgizpo somaaudaxm bnfhxmjqzg sthbsdqlwm ntlhpzyidk sgizgtdhhn tvrzrioagg qlieaqyzel qgyqjgwlbh
0 254411396.7357 258435387.5955 279493886.27750003 268539858.3196 315130577.3505 290217647.8011 255965245.7993 437966548.4118 454017203.3994 434527099.3455 454349792.0564 458955824.6592 447506572.8686 315772988.5769 649830099.2911 664163121.8466 837884837.7655 927220462.7072 882473552.2926999 741195096.0895 650818219.6621 680362254.8039 788891165.24 803458689.0965 867622617.1692 907236405.1465 908114431.5913 966313824.3916 1053868731.5151 1059422131.3369 1143948342.3772 1101790896.9277 1097299771.4645 1012460280.5546 805306856.9574 766535191.2874 881509704.7726 975910945.1725 957142625.1887 814000317.4857 669051295.8424 117723910.7543 
254411396.7357 0 27861899.886 52755571.3055 123214750.88749999 62771148.9031 114049063.643 129776599.7201 192176006.6757 203776959.6322 192821365.396 293793890.5044 370194192.4697 379809408.6617 367570104.7412 569655301.5166 530568448.6267 692468359.615 762864303.5381 691757289.2261 555256429.1497 450140575.6517 438862286.06850004 543350171.4819 563109616.1733 631431199.6167 681406531.2653 684143800.646 741624999.6169 830551271.6363 835747531.3414 934449624.0641 902740805.3829 898676649.7789 859543080.3896 715862425.3401 771690586.5585 643392581.226 734552832.0047 707468709.9577 565519877.9301 430560908.1396 177367475.52580002 
258435387.5955 27861899.886 0 24895776.441 127844885.2219 90633048.78909999 141450084.4641 157638499.6061 202336538.2778 229836828.8583 179238894.7206 267202561.8629 342361214.8587 352225296.0982 352546022.3462 541801369.8021 503756769.5009 666604629.4549 738398285.8247 669648449.6385 532219407.1914 428463280.8597 423302106.0063 532821005.6871 550482928.2219 617552516.8669 664928470.7895 667262688.4215 725004062.4126 813775789.3782 818866419.1169 915320893.8925 882062449.4398 877936152.6951 834422151.783 688202124.9503 747736293.2873 630137188.6938 722456371.7417 699307530.287 570876132.2548 441151381.1139 149505575.6398 
279493886.27750003 52755571.3055 24895776.441 0 102949108.7809 115526720.2086 165998780.4129 182532171.02560002 213708503.835 219055266.0957 169649097.0999 248171746.5685 317522619.6566 327691791.5445 327650245.9052 516906166.7595 479774126.8103 643464352.8826 717559895.4031 649986833.9362 511778107.305 409429964.9198 415690017.7724 524074795.5127 539759804.5036 605570571.0329 650491844.4126 652451275.5793 710381444.3537 798946648.875 804023600.7859 898284362.903 863621560.3517 859439938.7604 816190867.9704001 663378596.3854 725367754.8693 618712965.145 711987433.6454 692450869.1429 576328215.4871 451282993.044 161769975.5232 
268539858.3196 123214750.88749999 127844885.2219 102949108.7809 0 60443601.9844 63053423.7393 85880630.9769 169538907.716 186993298.8191 213590887.0994 338218464.9168 420231993.3437 430609736.1718 415564793.0302 618813415.0375 575044814.0056 733963244.9434 800617587.344 724077245.4816 590042960.3535 482355995.2911 441971750.1246 552667046.7782 576356124.4449 646789559.0741 701779464.0509 705330009.0436 762099212.1559 851112630.9099 855476767.0181 959769407.4226 931471421.5302 927551013.7587 898859459.3053 763662121.9165 828316863.6502 657470038.1583 746004659.7049 711436129.5103 545476486.4529 402462425.2188 150819243.5355 
315130577.3505 62771148.9031 90633048.78909999 115526720.2086 60443601.9844 0 106752525.0841 146324232.9613 129982744.7533 141005810.7291 154005168.8636 294632072.9463 389847886.4366 404595938.094 426402711.8599 583669452.4096 529694671.8898 684124139.7128 747037567.436 667041358.9457 535663494.3647 425734602.1653 382377902.5477 493072851.2792 516141500.1971 586412349.9045 641438029.3719 645060238.4455 701754979.9913 790762457.4585 795100609.1394 900064368.8902 872745535.5846 868876825.5765 846501445.8212 724139400.9863 802258098.8501 597194493.2553 686099538.3192 653445469.3065 502772133.2315 368742758.8537 198911040.454 
290217647.8011 114049063.643 141450084.4641 165998780.4129 63053423.7393 106752525.0841 0 46047875.7427 169016318.9273 192701982.0374 257116839.92 401271888.65610003 483138684.3772 493661566.7403 478618216.7695 681275089.0031 634301888.5179 790529745.3511 853710933.042 772185211.7679 640940990.4844 531427795.5402 476587417.86300004 583835095.0627 605607076.1307 677803466.8452 737843765.5627 742234514.398 797990978.9237 886754569.7491 892638737.412 1000122949.9781 975457883.6542 971693353.9651 953253860.6977 825231353.143 885739650.2015 687018613.0018 772166488.0309 729870241.7727 534681921.8615 382446197.4628 177123819.8852 
255965245.7993 129776599.7201 157638499.6061 182532171.02560002 85880630.9769 146324232.9613 46047875.7427 0 214986048.4639 238729080.307 299471518.0763 422761527.0074 498082499.2932 505513398.6046 466587197.3038 698522343.2628 659672156.7113 819632499.1093 886498218.3209 808713546.2436 675454725.0198 567202117.3606 512549285.587 622650619.7424 649651378.5552 721477619.9091 780075336.0344 785017603.4381 840312412.1319 929197872.288 936194762.8501 1040829377.8719 1014449921.6613 1010602985.437 984740090.2822 845510441.4156 891236625.8817999 731051209.76 816893715.1591 775897340.0423 580729797.6042 424053162.1357 149611547.902 
437966548.4118 192176006.6757 202336538.2778 213708503.835 169538907.716 129982744.7533 169016318.9273 214986048.4639 0 27500290.5805 164004124.5836 353937558.584 472039760.9725 493678078.202 541358749.7402 650104988.2607 571194906.5398 706158645.6473 751930950.6207 654201016.2745 535709705.4821 423965949.8878 311249191.7141 418186369.5953 450664337.7959 524374589.7225 591774839.3123 597655494.7943 650910448.1821 738440194.5264 741668436.7527 859665890.2047 843321083.2948 839975486.3511 855414026.19 777282419.538 892564666.8826001 531473423.5683 611864354.8217 562648809.0723 389101392.3676 238814842.8361 320254967.6407 
454017203.3994 203776959.6322 229836828.8583 219055266.0957 186993298.8191 141005810.7291 192701982.0374 238729080.307 27500290.5805 0 146350701.2042 338983868.0599 461885033.954 483695727.0347 536476061.884 634324293.0392 551438610.5115 683310044.8513 727164525.6679 628128861.5835 511049532.1604 399478044.2769 283885435.8256 391133113.0253 423282407.2487 496954035.3464 564274548.7318 570155204.2138 623410629.5007 710939903.9459 714168146.1722 832240027.6216 816199750.565 812875335.0251 830887683.3639 758710957.3612 881091319.211 504148846.88 584970932.0091 537168259.7353 361772435.9071 232686667.0793 336603056.2377 
434527099.3455 192821365.396 179238894.7206 169649097.0999 213590887.0994 154005168.8636 257116839.92 299471518.0763 164004124.5836 146350701.2042 0 193576917.1243 319519438.5226 345526071.1124 428888328.512 488079920.3476 407541195.9214 547672706.7263 601655482.3111 515374162.6649 386610226.1876 275714144.9601 246040920.6725 354425698.4128 371247852.9018 438759322.8725 489358984.9274 492498434.7307 549654339.0298 638659190.3117 643234794.3257 746178520.3232 718956558.1633 715123021.3744 703303149.3746 613286094.3342 739305766.3041999 451042443.4152 543231227.8871 523302835.6402 443121730.2799 351117685.6526 328733485.8333 
454349792.0564 293793890.5044 267202561.8629 248171746.5685 338218464.9168 294632072.9463 401271888.65610003 422761527.0074 353937558.584 338983868.0599 193576917.1243 0 133229445.0277 165008176.7266 307937759.4658 296334385.9179 236912371.0356 400504210.2483 478631223.1499 428330577.8455 287056606.2759 205990596.5976 337747931.2671 419348678.0957 412831168.4036 459779358.4472 477231668.6926 475412486.1073 532576520.0693 616167909.9239 622561561.6686 693916978.3078 648312827.155 643748125.2 570842871.8448 430263200.5295 547125329.5681 477616118.1615 574675658.9765 591989568.5246 605446407.8935 537421110.7379 384560131.6909 
458955824.6592 370194192.4697 342361214.8587 317522619.6566 420231993.3437 389847886.4366 483138684.3772 498082499.2932 472039760.9725 461885033.954 319519438.5226 133229445.0277 0 35888289.7832 224595310.792 201829471.8671 211395298.1754 385404862.1087 482487921.9407 471813245.6199 335293943.893 292402575.6493 464455475.5982 536387206.1164 522761289.9704 559382259.5655 560511041.1593 556237787.3253 614440434.0936 688841293.112 693958915.1488 743007128.7003 686422407.3239 681525314.0283 559081738.2711 354172406.362 420524905.9101 578597059.2406 673527193.3649 704965587.5892 738531169.0255 668305865.5931 421206101.7234 
447506572.8686 379809408.6617 352225296.0982 327691791.5445 430609736.1718 404595938.094 493661566.7403 505513398.6046 493678078.202 483695727.0347 345526071.1124 165008176.7266 35888289.7832 0 192414736.4562 203780251.4494 234981489.1751 405678576.4387 506617925.319 498455896.4629 367736719.2037 328009758.9861 500343765.38140005 572081607.8733 558643862.3791 595189458.3734 595295819.0028 590836672.6052 644345101.1856 720182936.6541 727417011.856 773537351.1591 715452672.9544 710519543.0441 579308697.0455 358899578.7604 399368188.8647 614351874.086 709161623.6397 740611755.7103 770212992.294 695898084.0884 457094391.5066 
315772988.5769 367570104.7412 352546022.3462 327650245.9052 415564793.0302 426402711.8599 478618216.7695 466587197.3038 541358749.7402 536476061.884 428888328.512 307937759.4658 224595310.792 192414736.4562 0 365735071.5133 426107725.5346 593498725.5076 697057131.9273 690273484.1253 557153101.0166 504124769.8455 637365710.723 725951296.7836 720765947.0166 766256127.4835 776298336.1705 772949208.3636 828201642.0107 906989455.0973 913997655.1317 965223120.0089 907820609.1919 902893254.434 764905951.0599 516568654.9531 454044486.2552 784516643.2372 881152331.0526 899388606.4118 871975942.8816 767402787.4376 336949589.5254 
649830099.2911 569655301.5166 541801369.8021 516906166.7595 618813415.0375 583669452.4096 681275089.0031 698522343.2628 650104988.2607 634324293.0392 488079920.3476 296334385.9179 201829471.8671 203780251.4494 365735071.5133 0 139862868.9486 250907977.2876 360966805.2827 401166145.7474 311056342.0742 338584421.5001 566605106.9917 599187404.5132 570210408.7009 581933282.1501 552332014.1661 544156845.3046 587152792.1943 645900540.2645 653880556.8712 663868670.0641 594402389.6664001 589344429.3077 412681676.6625 155481361.9439 283766286.5996 602214931.2731 685946881.1216 746065070.9899 859101977.0592 818703976.6912 621660793.1807 
664163121.8466 530568448.6267 503756769.5009 479774126.8103 575044814.0056 529694671.8898 634301888.5179 659672156.7113 571194906.5398 551438610.5115 407541195.9214 236912371.0356 211395298.1754 234981489.1751 426107725.5346 139862868.9486 0 174009563.9333 271669515.4268 276833078.0055 181435934.3998 206372286.9224 433390928.6639 463003350.1496 432003102.8839 442074643.6586 414239678.0779 406540597.3041 452037969.6968 515747853.7696 523556508.4957 549228950.4542 486151190.3369 481139558.4095 348835635.5831 210591239.0197 421228892.9827 462355413.7956 546520179.2492 606519923.0839 736258710.7446 712131609.8574 611712606.1413 
837884837.7655 692468359.615 666604629.4549 643464352.8826 733963244.9434 684124139.7128 790529745.3511 819632499.1093 706158645.6473 683310044.8513 547672706.7263 400504210.2483 385404862.1087 405678576.4387 593498725.5076 250907977.2876 174009563.9333 0 114455153.7515 185209192.6239 188837012.1547 289943019.4442 502189560.5869 492873583.196 450051492.8345 430793665.1407 371846466.3996 360731314.9326 387472958.2888 425916365.4119 434052293.9073 419758966.3409 346807668.8646 341786475.5574 174828854.2007 189086759.438 474980866.7386 449361762.3904 511594059.1438 597811542.8234 801043450.7379 809146248.5362 782141569.3227 
927220462.7072 762864303.5381 738398285.8247 717559895.4031 800617587.344 747037567.436 853710933.042 886498218.3209 751930950.6207 727164525.6679 601655482.3111 478631223.1499 482487921.9407 506617925.319 697057131.9273 360966805.2827 271669515.4268 114455153.7515 0 131124299.3268 216247701.464 328102848.333 509949080.3943 476503635.0021 429292080.2426 392914126.0165 319138994.6847 310833075.1049 318984866.4502 339564902.4112 347528464.0012 314502403.5961 239069250.4989 234011290.1402 248393615.931 285846343.5825 575256504.4174 408936889.9702 453652832.2573 550893603.9977 794678050.1561 825002030.3919001 863188837.3086 
882473552.2926999 691757289.2261 669648449.6385 649986833.9362 724077245.4816 667041358.9457 772185211.7679 808713546.2436 654201016.2745 628128861.5835 515374162.6649 428330577.8455 471813245.6199 498455896.4629 690273484.1253 401166145.7474 276833078.0055 185209192.6239 131124299.3268 0 141278456.2032 241818888.8852 389504578.6099 347085902.123 299274770.7664 262025219.402 191559498.4852 179708775.7781 202285047.5195 246355209.1624 254447905.379 275095816.3113 220753454.6194 216056248.7268 228578749.7269 374295952.0619 653781030.496 278428690.8059 329655374.6194 422285839.4842 664998295.4304 704385934.9372 805345779.107 
741195096.0895 555256429.1497 532219407.1914 511778107.305 590042960.3535 535663494.3647 640940990.4844 675454725.0198 535709705.4821 511049532.1604 386610226.1876 287056606.2759 335293943.893 367736719.2037 557153101.0166 311056342.0742 181435934.3998 188837012.1547 216247701.464 141278456.2032 0 111855146.869 313382200.8014 312419196.4102 274186420.7763 273329326.4177 242496770.3557 235173678.8959 282968683.1876 353547349.219 360986965.4431 410871400.3792 361516206.7761 356900445.6008 319866530.3718 338377034.2783 587905110.2416 293481883.6245 374911679.7936 440189185.6352 612881976.3838 621475233.837 665352752.126 
650818219.6621 450140575.6517 428463280.8597 409429964.9198 482355995.2911 425734602.1653 531427795.5402 567202117.3606 423965949.8878 399478044.2769 275714144.9601 205990596.5976 292402575.6493 328009758.9861 504124769.8455 338584421.5001 206372286.9224 289943019.4442 328102848.333 241818888.8852 111855146.869 0 228020685.4916 261776266.4695 237803230.422 267291742.0743 272739105.3516 270194044.435 326903323.7662 410192667.8267 418332411.85969996 493163375.9198 454462900.8603 450218583.6693 431456870.7493 408419011.4206 622281226.4544 286749621.918 382188042.6036 419153047.277 531789436.26390004 521802568.3925 567061803.5388 
680362254.8039 438862286.06850004 423302106.0063 415690017.7724 441971750.1246 382377902.5477 476587417.86300004 512549285.587 311249191.7141 283885435.8256 246040920.6725 337747931.2671 464455475.5982 500343765.38140005 637365710.723 566605106.9917 433390928.6639 502189560.5869 509949080.3943 389504578.6099 313382200.8014 228020685.4916 0 110701699.5615 139429017.0418 213538010.2665 285201673.2317 297642395.8897 342682948.7839 428797849.4006 432630165.12829995 555210599.3352 548239327.1043 547320525.2997 613755151.9485999 636112126.6533 841653096.8653 220308211.9746 304983211.8229 277405992.5775 303768750.7723 315052949.9976 572291601.2631 
788891165.24 543350171.4819 532821005.6871 524074795.5127 552667046.7782 493072851.2792 583835095.0627 622650619.7424 418186369.5953 391133113.0253 354425698.4128 419348678.0957 536387206.1164 572081607.8733 725951296.7836 599187404.5132 463003350.1496 492873583.196 476503635.0021 347085902.123 312419196.4102 261776266.4695 110701699.5615 0 49022428.4294 116123562.8263 199838718.1192 209791116.8491 250965603.205 331874653.845 333616985.8302 465529348.4154 469739875.3066 467675686.517 575589324.1104 650225864.769 882893665.8059 117283986.956 194372639.4289 174408746.1361 318174415.154 379461626.3757 682097239.3952 
803458689.0965 563109616.1733 550482928.2219 539759804.5036 576356124.4449 516141500.1971 605607076.1307 649651378.5552 450664337.7959 423282407.2487 371247852.9018 412831168.4036 522761289.9704 558643862.3791 720765947.0166 570210408.7009 432003102.8839 450051492.8345 429292080.2426 299274770.7664 274186420.7763 237803230.422 139429017.0418 49022428.4294 0 74108993.2247 153032957.9256 165473680.58359998 206836966.4637 290771464.5816 293201148.0865 421272480.954 422442463.9498 420247725.7457 527565541.7578 612529813.1761 853164026.4317 81411894.707 174841624.80290002 182204297.6188 366717047.3425 426677744.536 699960622.8148 
867622617.1692 631431199.6167 617552516.8669 605570571.0329 646789559.0741 586412349.9045 677803466.8452 721477619.9091 524374589.7225 496954035.3464 438759322.8725 459779358.4472 559382259.5655 595189458.3734 766256127.4835 581933282.1501 442074643.6586 430793665.1407 392914126.0165 262025219.402 273329326.4177 267291742.0743 213538010.2665 116123562.8263 74108993.2247 0 87059969.4252 98402385.3695 134863195.9872 216922516.0227 219195875.3012 349405928.6101 355782213.9894 353981331.8475 485267308.5099 605245815.7778 861100281.8949 102602643.6489 114896300.5293 167942837.9373 420615425.4017 494824566.1639 766711907.2866 
907236405.1465 681406531.2653 664928470.7895 650491844.4126 701779464.0509 641438029.3719 737843765.5627 780075336.0344 591774839.3123 564274548.7318 489358984.9274 477231668.6926 560511041.1593 595295819.0028 776298336.1705 552332014.1661 414239678.0779 371846466.3996 319138994.6847 191559498.4852 242496770.3557 272739105.3516 285201673.2317 199838718.1192 153032957.9256 87059969.4252 0 12440722.658 70643369.42629999 149341117.6566 157480861.6896 274104679.5247 269922112.0837 267912650.7855 405878039.0211 556761195.2184 823705202.9134 96731393.7983 139880412.8665 245181174.2313 507612261.58580005 579255392.6563 812261819.9358001 
908114431.5913 684143800.646 667262688.4215 652451275.5793 705330009.0436 645060238.4455 742234514.398 785017603.4381 597655494.7943 570155204.2138 492498434.7307 475412486.1073 556237787.3253 590836672.6052 772949208.3636 544156845.3046 406540597.3041 360731314.9326 310833075.1049 179708775.7781 235173678.8959 270194044.435 297642395.8897 209791116.8491 165473680.58359998 98402385.3695 12440722.658 0 58202646.7683 146519438.9218 151603730.6954 262867031.0668 260071797.2746 257931033.6416 393438431.2709 544320472.5604 815494872.9277 108808960.1395 150863753.7087 244073958.9409 519015721.0532 588987501.3539 814125231.5061 
966313824.3916 741624999.6169 725004062.4126 710381444.3537 762099212.1559 701754979.9913 797990978.9237 840312412.1319 650910448.1821 623410629.5007 549654339.0298 532576520.0693 614440434.0936 644345101.1856 828201642.0107 587152792.1943 452037969.6968 387472958.2888 318984866.4502 202285047.5195 282968683.1876 326903323.7662 342682948.7839 250965603.205 206836966.4637 134863195.9872 70643369.42629999 58202646.7683 0 89020882.2666 97160626.2996 224955524.5401 225064127.3839 223849829.6909 394660384.2619 574940845.7116 851592205.8867 137496648.7119 138804578.3581 246185992.5864 547567215.1315 629396235.1055 872091223.4941 
1053868731.5151 830551271.6363 813775789.3782 798946648.875 851112630.9099 790762457.4585 886754569.7491 929197872.288 738440194.5264 710939903.9459 638659190.3117 616167909.9239 688841293.112 720182936.6541 906989455.0973 645900540.2645 515747853.7696 425916365.4119 339564902.4112 246355209.1624 353547349.219 410192667.8267 428797849.4006 331874653.845 290771464.5816 216922516.0227 149341117.6566 146519438.9218 89020882.2666 0 8139744.033 140881704.6792 177170704.5859 177870444.1226 395344465.0551 614907130.3596 899106480.2022 214906231.5563 178733892.1417 290179261.7413 612293541.5874 707193900.054 960614690.3271 
1059422131.3369 835747531.3414 818866419.1169 804023600.7859 855476767.0181 795100609.1394 892638737.412 936194762.8501 741668436.7527 714168146.1722 643234794.3257 622561561.6686 693958915.1488 727417011.856 913997655.1317 653880556.8712 523556508.4957 434052293.9073 347528464.0012 254447905.379 360986965.4431 418332411.85969996 432630165.12829995 333616985.8302 293201148.0865 219195875.3012 157480861.6896 151603730.6954 97160626.2996 8139744.033 0 142559414.039 185310448.6189 182956566.3027 402677098.2981 623039557.6515 907242254.8157 220868245.0013 176559370.7765 288004740.3761 611281111.8064 706642079.3763 965714680.4452 
1143948342.3772 934449624.0641 915320893.8925 898284362.903 959769407.4226 900064368.8902 1000122949.9781 1040829377.8719 859665890.2047 832240027.6216 746178520.3232 693916978.3078 743007128.7003 773537351.1591 965223120.0089 663868670.0641 549228950.4542 419758966.3409 314502403.5961 275095816.3113 410871400.3792 493163375.9198 555210599.3352 465529348.4154 421272480.954 349405928.6101 274104679.5247 262867031.0668 224955524.5401 140881704.6792 142559414.039 0 79228948.4762 83549945.1152 332043199.861 600267257.3682 889310438.2717 350561870.6298 319112461.4652 428951499.7465 753042711.7958 843164703.7389 1058298497.0729 
1101790896.9277 902740805.3829 882062449.4398 863621560.3517 931471421.5302 872745535.5846 975457883.6542 1014449921.6613 843321083.2948 816199750.565 718956558.1633 648312827.155 686422407.3239 715452672.9544 907820609.1919 594402389.6664001 486151190.3369 346807668.8646 239069250.4989 220753454.6194 361516206.7761 454462900.8603 548239327.1043 469739875.3066 422442463.9498 355782213.9894 269922112.0837 260071797.2746 225064127.3839 177170704.5859 185310448.6189 79228948.4762 0 5057960.3587 252923025.3344 523562599.3427 812939670.4397 361384508.4713 350877993.7392 462306474.0202 772615607.7226 849056390.8622 1021444120.1288 
1097299771.4645 898676649.7789 877936152.6951 859439938.7604 927551013.7587 868876825.5765 971693353.9651 1010602985.437 839975486.3511 812875335.0251 715123021.3744 643748125.2 681525314.0283 710519543.0441 902893254.434 589344429.3077 481139558.4095 341786475.5574 234011290.1402 216056248.7268 356900445.6008 450218583.6693 547320525.2997 467675686.517 420247725.7457 353981331.8475 267912650.7855 257931033.6416 223849829.6909 177870444.1226 182956566.3027 83549945.1152 5057960.3587 0 248832876.4106 518504638.984 807881710.081 359988348.7597 350690159.3951 462135528.9947 771314532.2168 846905585.2481 1017157001.6978 
1012460280.5546 859543080.3896 834422151.783 816190867.9704001 898859459.3053 846501445.8212 953253860.6977 984740090.2822 855414026.19 830887683.3639 703303149.3746 570842871.8448 559081738.2711 579308697.0455 764905951.0599 412681676.6625 348835635.5831 174828854.2007 248393615.931 228578749.7269 319866530.3718 431456870.7493 613755151.9485999 575589324.1104 527565541.7578 485267308.5099 405878039.0211 393438431.2709 394660384.2619 395344465.0551 402677098.2981 332043199.861 252923025.3344 248832876.4106 0 297773976.7722 579424155.3955 499763698.5249 533064696.9718 636123148.3909 893573785.5755 928562302.4013 954466176.92 
805306856.9574 715862425.3401 688202124.9503 663378596.3854 763662121.9165 724139400.9863 825231353.143 845510441.4156 777282419.538 758710957.3612 613286094.3342 430263200.5295 354172406.362 358899578.7604 516568654.9531 155481361.9439 210591239.0197 189086759.438 285846343.5825 374295952.0619 338377034.2783 408419011.4206 636112126.6533 650225864.769 612529813.1761 605245815.7778 556761195.2184 544320472.5604 574940845.7116 614907130.3596 623039557.6515 600267257.3682 523562599.3427 518504638.984 297773976.7722 0 315563306.9528 624761946.6283 694514012.3667 773168207.8727 939875678.6196 922218893.15 775378508.0854 
766535191.2874 771690586.5585 747736293.2873 725367754.8693 828316863.6502 802258098.8501 885739650.2015 891236625.8817999 892564666.8826001 881091319.211 739305766.3041999 547125329.5681 420524905.9101 399368188.8647 454044486.2552 283766286.5996 421228892.9827 474980866.7386 575256504.4174 653781030.496 587905110.2416 622281226.4544 841653096.8653 882893665.8059 853164026.4317 861100281.8949 823705202.9134 815494872.9277 851592205.8867 899106480.2022 907242254.8157 889310438.2717 812939670.4397 807881710.081 579424155.3955 315563306.9528 0 881300548.0809 960883663.1005 1027010042.4251 1137162625.9565 1083945806.6357 779627309.719 
881509704.7726 643392581.226 630137188.6938 618712965.145 657470038.1583 597194493.2553 687018613.0018 731051209.76 531473423.5683 504148846.88 451042443.4152 477616118.1615 578597059.2406 614351874.086 784516643.2372 602214931.2731 462355413.7956 449361762.3904 408936889.9702 278428690.8059 293481883.6245 286749621.918 220308211.9746 117283986.956 81411894.707 102602643.6489 96731393.7983 108808960.1395 137496648.7119 214906231.5563 220868245.0013 350561870.6298 361384508.4713 359988348.7597 499763698.5249 624761946.6283 881300548.0809 0 97113982.2262 148449780.433 412182801.5387 492603956.3597 779489633.8341 
975910945.1725 734552832.0047 722456371.7417 711987433.6454 746004659.7049 686099538.3192 772166488.0309 816893715.1591 611864354.8217 584970932.0091 543231227.8871 574675658.9765 673527193.3649 709161623.6397 881152331.0526 685946881.1216 546520179.2492 511594059.1438 453652832.2573 329655374.6194 374911679.7936 382188042.6036 304983211.8229 194372639.4289 174841624.80290002 114896300.5293 139880412.8665 150863753.7087 138804578.3581 178733892.1417 176559370.7765 319112461.4652 350877993.7392 350690159.3951 533064696.9718 694514012.3667 960883663.1005 97113982.2262 0 111445369.5996 436817569.7674 542819564.4074 871959952.1552 
957142625.1887 707468709.9577 699307530.287 692450869.1429 711436129.5103 653445469.3065 729870241.7727 775897340.0423 562648809.0723 537168259.7353 523302835.6402 591989568.5246 704965587.5892 740611755.7103 899388606.4118 746065070.9899 606519923.0839 597811542.8234 550893603.9977 422285839.4842 440189185.6352 419153047.277 277405992.5775 174408746.1361 182204297.6188 167942837.9373 245181174.2313 244073958.9409 246185992.5864 290179261.7413 288004740.3761 428951499.7465 462306474.0202 462135528.9947 636123148.3909 773168207.8727 1027010042.4251 148449780.433 111445369.5996 0 335575424.9359 457546724.7149 847468301.6478 
814000317.4857 565519877.9301 570876132.2548 576328215.4871 545476486.4529 502772133.2315 534681921.8615 580729797.6042 389101392.3676 361772435.9071 443121730.2799 605446407.8935 738531169.0255 770212992.294 871975942.8816 859101977.0592 736258710.7446 801043450.7379 794678050.1561 664998295.4304 612881976.3838 531789436.26390004 303768750.7723 318174415.154 366717047.3425 420615425.4017 507612261.58580005 519015721.0532 547567215.1315 612293541.5874 611281111.8064 753042711.7958 772615607.7226 771314532.2168 893573785.5755 939875678.6196 1137162625.9565 412182801.5387 436817569.7674 335575424.9359 0 163434698.6149 696277172.4613 
669051295.8424 430560908.1396 441151381.1139 451282993.044 402462425.2188 368742758.8537 382446197.4628 424053162.1357 238814842.8361 232686667.0793 351117685.6526 537421110.7379 668305865.5931 695898084.0884 767402787.4376 818703976.6912 712131609.8574 809146248.5362 825002030.3919001 704385934.9372 621475233.837 521802568.3925 315052949.9976 379461626.3757 426677744.536 494824566.1639 579255392.6563 588987501.3539 629396235.1055 707193900.054 706642079.3763 843164703.7389 849056390.8622 846905585.2481 928562302.4013 922218893.15 1083945806.6357 492603956.3597 542819564.4074 457546724.7149 163434698.6149 0 552026739.2752 
117723910.7543 177367475.52580002 149505575.6398 161769975.5232 150819243.5355 198911040.454 177123819.8852 149611547.902 320254967.6407 336603056.2377 328733485.8333 384560131.6909 421206101.7234 457094391.5066 336949589.5254 621660793.1807 611712606.1413 782141569.3227 863188837.3086 805345779.107 665352752.126 567061803.5388 572291601.2631 682097239.3952 699960622.8148 766711907.2866 812261819.9358001 814125231.5061 872091223.4941 960614690.3271 965714680.4452 1058298497.0729 1021444120.1288 1017157001.6978 954466176.92 775378508.0854 779627309.719 779489633.8341 871959952.1552 847468301.6478 696277172.4613 552026739.2752 0 
