14
atolfdabrg jfpegvbxzj rblqbbolzt zaleonoxwk dxqtzefxjr baqrfcdqgq uwrlcxuvmr hqzspezetq riraylfnkc jgjmabppfx umsvcpgcge lwpniynici ercckmiqub yxgkyomjxk
0 209966456.7035 343460140.7859 440101188.318 496363312.4537 519304598.4701 529437004.6421 359072416.3117 265537816.7017 245384956.0223 312818061.9964 419461007.7738 764441107.8328 45606790.5559 
209966456.7035 0 144737462.0066 272325658.4661 362322714.8618 421033662.3152 465953955.0701 356486140.8988 311467277.7234 268194507.4366 515754409.372 629427464.4773 914507743.7282 227732736.0877 
343460140.7859 144737462.0066 0 143875189.5738 252984102.8951 334526601.8687 400902976.42840004 369067465.27559996 350746838.4938 305328641.5579 632236959.9876 760143295.7145 975754921.8497 367908311.7073 
440101188.318 272325658.4661 143875189.5738 0 116256862.713 210494120.6623 291742386.3911 312075263.2162 352474986.1864 313810341.8237 692576885.3838 838234124.2671 961946671.4854 473457821.4961 
496363312.4537 362322714.8618 252984102.8951 116256862.713 0 100354021.2135 189238815.4365 270542395.7115 342187285.0426 325252986.4903 708735730.3597 866133215.5725 912523732.5625 535393506.1705 
519304598.4701 421033662.3152 334526601.8687 210494120.6623 100354021.2135 0 91046073.842 224661097.6878 317127440.0923 301790675.0448 690135853.1575 854817886.9383 839036730.4384 562001222.7922 
529437004.6421 465953955.0701 400902976.42840004 291742386.3911 189238815.4365 91046073.842 0 190140041.8591 293643330.2126 291667437.4101 658578560.6615 827548803.6133 759809681.1959 574193411.0387 
359072416.3117 356486140.8988 369067465.27559996 312075263.2162 270542395.7115 224661097.6878 190140041.8591 0 104521028.3129 150299739.2247 470194052.8833 638209809.1971 650495770.2944 404678047.9195 
265537816.7017 311467277.7234 350746838.4938 352474986.1864 342187285.0426 317127440.0923 293643330.2126 104521028.3129 0 45778710.9118 373064752.1566 538254293.8985 625171620.3313 310743500.4954 
245384956.0223 268194507.4366 305328641.5579 313810341.8237 325252986.4903 301790675.0448 291667437.4101 150299739.2247 45778710.9118 0 394592523.6262 555006186.7068 670436921.2387 290985817.5864 
312818061.9964 515754409.372 632236959.9876 692576885.3838 708735730.3597 690135853.1575 658578560.6615 470194052.8833 373064752.1566 394592523.6262 0 171250892.6365 519553628.0088 317609304.821 
419461007.7738 629427464.4773 760143295.7145 838234124.2671 866133215.5725 854817886.9383 827548803.6133 638209809.1971 538254293.8985 555006186.7068 171250892.6365 0 602868223.0531 406572717.9777 
764441107.8328 914507743.7282 975754921.8497 961946671.4854 912523732.5625 839036730.4384 759809681.1959 650495770.2944 625171620.3313 670436921.2387 519553628.0088 602868223.0531 0 789779048.9531 
45606790.5559 227732736.0877 367908311.7073 473457821.4961 535393506.1705 562001222.7922 574193411.0387 404678047.9195 310743500.4954 290985817.5864 317609304.821 406572717.9777 789779048.9531 0 
