24
Place7 Place28 Place11 Place6 Place14 Place37 Place42 Place15 Place8 Place17 Place25 Place30 Place46 Place48 Place22 Place10 Place45 Place24 Place16 Place43 Place40 Place0 Place47 Place23
0 1034504510.71163 2131692139.8137999 2182498404.18957 2162852298.46831 2139092430.4465 1958591489.49818 1522996009.0149 1561486591.03165 2461836603.4096003 2357407756.74677 2165611307.76731 1156032545.45433 1682845476.98161 2155739111.46161 2045507796.6739101 1486073816.39978 1570410216.12656 1328671293.68668 1291200759.8733 2307923256.05235 2274565417.24654 1281308486.10213 1014230540.45767 
1034504510.71163 0 1097187629.10217 1374300188.72019 1993561730.00357 1169434681.26872 1628059941.57618 1952955171.59383 2311220784.65406 2525115094.2336397 1675855586.20302 1970515522.06411 2116020850.40452 2122648714.09092 1121234600.74998 2147705754.6598997 1822627008.77768 1847259599.57849 2273067688.07075 1711012195.1026 2331866674.8211 1631271452.09002 2181718477.54846 1335661791.51398 
2131692139.8137999 1097187629.10217 0 1026014111.47112 2120562344.71036 2266622310.3708897 1367235462.53516 1510004754.54597 2200658972.76054 1495719263.16472 1191713323.55801 2038629008.6535501 1501839396.50413 2291345111.48533 1289930998.14439 1769216549.28604 1573254252.76623 1571755888.77895 1927837257.69677 2337157806.93285 2256880351.54127 2414271111.0609303 1230265581.59105 1550355347.92099 
2182498404.18957 1374300188.72019 1026014111.47112 0 1094548233.23924 1579746920.94235 1316634153.88119 1786805280.29979 1174644861.28942 2175927437.98578 1654722862.0649 1100841594.76756 2112892454.26993 1779641162.04494 1769238262.9257 2189073778.22376 1170003873.67389 2152145463.1707 1384356278.71621 1361893672.00742 1302972670.73618 2394076459.89285 1832281364.13946 1653263931.56909 
2162852298.46831 1993561730.00357 2120562344.71036 1094548233.23924 0 1073288290.68969 1857422516.38274 1301352582.07407 1094871857.29146 1744158496.34286 1770487361.44678 2195389828.0067997 1653832877.53257 1194451027.66018 1472081398.33706 2179899014.22688 1117365092.75364 1265402976.62791 2088064106.79985 1378829771.30416 1318944906.40809 2231448184.95447 1995880933.77587 1148621758.01064 
2139092430.4465 1169434681.26872 2266622310.3708897 1579746920.94235 1073288290.68969 0 1057038099.4538 1906122227.74202 2168160147.98115 1667060083.15655 2468039106.2779303 2201556742.0818 1189505882.57943 1874169491.86786 1975285142.87751 2156139146.20507 1916082685.54121 1432110714.25921 2195143824.81402 2103028324.7098498 1822310358.4996 1809833186.22758 1472295193.18881 1124861889.98883 
1958591489.49818 1628059941.57618 1367235462.53516 1316634153.88119 1857422516.38274 1057038099.4538 0 1067167351.99212 1564404664.80444 2281963805.27491 1561453677.13931 1179861887.10893 1224824499.67354 2321088482.42968 2358609882.57799 1903079507.86143 1416894225.59925 1450650532.10704 1879547087.23109 1810674128.81932 2403122394.19453 2244248321.5897703 1409960791.70003 1431329310.56223 
1522996009.0149 1952955171.59383 1510004754.54597 1786805280.29979 1301352582.07407 1906122227.74202 1067167351.99212 0 1078250471.04268 1214796453.28279 2123668217.4814 1352872417.72462 1555469549.04631 2104155062.66117 2107160132.69599 1964342688.89866 1693112039.4946 1235384341.14118 2284158420.29813 1733512676.5946 1356895600.21639 1741003105.61701 1475424649.96677 1184967351.2486 
1561486591.03165 2311220784.65406 2200658972.76054 1174644861.28942 1094871857.29146 2168160147.98115 1564404664.80444 1078250471.04268 0 1001282576.69636 2270466069.72814 2066113673.88672 1054062814.38435 1439023433.75565 1495151152.55226 1869347570.84975 1737895867.53047 1239233225.87316 2485931840.84304 1682136594.12756 2413816763.69955 1984548302.26514 1872378645.26109 1920884514.4864 
2461836603.4096003 2525115094.2336397 1495719263.16472 2175927437.98578 1744158496.34286 1667060083.15655 2281963805.27491 1214796453.28279 1001282576.69636 0 1269183493.03178 2369479752.96528 1901515892.11108 1552632353.21769 1816608611.69483 1514395622.13226 1633283071.72533 2240515802.56952 1505660430.87762 2558315638.63057 2446497695.28854 1355393906.13187 1547139920.70803 1594252263.14382 
2357407756.74677 1675855586.20302 1191713323.55801 1654722862.0649 1770487361.44678 2468039106.2779303 1561453677.13931 2123668217.4814 2270466069.72814 1269183493.03178 0 1120590507.50008 2132641367.00245 1683814861.90736 1810856604.03702 1871023088.09022 1559460680.63628 2495971634.46433 1407735220.43148 2226198641.33665 1631899630.99941 1397411471.67504 2377210466.8766403 1343177216.2891 
2165611307.76731 1970515522.06411 2038629008.6535501 1100841594.76756 2195389828.0067997 2201556742.0818 1179861887.10893 1352872417.72462 2066113673.88672 2369479752.96528 1120590507.50008 0 1012050859.50237 1290582225.29291 2176670277.98208 1889198833.0949 1840549019.09236 1375381126.96425 2258364023.42266 2231104171.46801 1253520118.80802 1316457300.15029 2129814532.1055102 2175405312.0213404 
1156032545.45433 2116020850.40452 1501839396.50413 2112892454.26993 1653832877.53257 1189505882.57943 1224824499.67354 1555469549.04631 1054062814.38435 1901515892.11108 2132641367.00245 1012050859.50237 0 1096263982.75614 1769107738.48315 1625601977.29054 1287836232.13673 1671943621.06395 2144517935.25154 1219053311.96564 1370393222.88584 1118532871.79221 1117763672.60314 1832252366.32429 
1682845476.98161 2122648714.09092 2291345111.48533 1779641162.04494 1194451027.66018 1874169491.86786 2321088482.42968 2104155062.66117 1439023433.75565 1552632353.21769 1683814861.90736 1290582225.29291 1096263982.75614 0 1001414113.34094 1712954424.94845 1333590721.91744 1094365967.09528 1048253952.4954 2039387754.65143 1389317369.3541 1036997157.29429 1214880507.18627 1720894843.02711 
2155739111.46161 1121234600.74998 1289930998.14439 1769238262.9257 1472081398.33706 1975285142.87751 2358609882.57799 2107160132.69599 1495151152.55226 1816608611.69483 1810856604.03702 2176670277.98208 1769107738.48315 1001414113.34094 0 1026471153.90992 1652469604.58916 1266797816.9537 2049668065.83634 1793006486.04727 2064535060.2934098 1303765213.61259 1217721306.75337 1929824325.38076 
2045507796.6739101 2147705754.6598997 1769216549.28604 2189073778.22376 2179899014.22688 2156139146.20507 1903079507.86143 1964342688.89866 1869347570.84975 1514395622.13226 1871023088.09022 1889198833.0949 1625601977.29054 1712954424.94845 1026471153.90992 0 1086259602.55303 2111696563.1391702 1333670757.16423 1395520145.95673 1586763860.29317 1503801063.2007 1169329979.98482 1031277256.21624 
1486073816.39978 1822627008.77768 1573254252.76623 1170003873.67389 1117365092.75364 1916082685.54121 1416894225.59925 1693112039.4946 1737895867.53047 1633283071.72533 1559460680.63628 1840549019.09236 1287836232.13673 1333590721.91744 1652469604.58916 1086259602.55303 0 1025436960.58614 2272135575.5560203 1875030432.02232 1918725949.03941 1770774232.03546 1961586880.0539 1122663415.30187 
1570410216.12656 1847259599.57849 1571755888.77895 2152145463.1707 1265402976.62791 1432110714.25921 1450650532.10704 1235384341.14118 1239233225.87316 2240515802.56952 2495971634.46433 1375381126.96425 1671943621.06395 1094365967.09528 1266797816.9537 2111696563.1391702 1025436960.58614 0 1246698614.96988 1740934431.83363 1853358041.25752 1961408589.08953 1964626518.88867 1551396992.50162 
1328671293.68668 2273067688.07075 1927837257.69677 1384356278.71621 2088064106.79985 2195143824.81402 1879547087.23109 2284158420.29813 2485931840.84304 1505660430.87762 1407735220.43148 2258364023.42266 2144517935.25154 1048253952.4954 2049668065.83634 1333670757.16423 2272135575.5560203 1246698614.96988 0 1337999660.78394 1848606595.19269 2085251109.78969 1561966910.63411 2049614416.3819098 
1291200759.8733 1711012195.1026 2337157806.93285 1361893672.00742 1378829771.30416 2103028324.7098498 1810674128.81932 1733512676.5946 1682136594.12756 2558315638.63057 2226198641.33665 2231104171.46801 1219053311.96564 2039387754.65143 1793006486.04727 1395520145.95673 1875030432.02232 1740934431.83363 1337999660.78394 0 1235017814.79317 1869768325.27092 1583681755.92516 1129473733.15512 
2307923256.05235 2331866674.8211 2256880351.54127 1302972670.73618 1318944906.40809 1822310358.4996 2403122394.19453 1356895600.21639 2413816763.69955 2446497695.28854 1631899630.99941 1253520118.80802 1370393222.88584 1389317369.3541 2064535060.2934098 1586763860.29317 1918725949.03941 1853358041.25752 1848606595.19269 1235017814.79317 0 1091103789.15667 1026614769.95022 1946762406.12355 
2274565417.24654 1631271452.09002 2414271111.0609303 2394076459.89285 2231448184.95447 1809833186.22758 2244248321.5897703 1741003105.61701 1984548302.26514 1355393906.13187 1397411471.67504 1316457300.15029 1118532871.79221 1036997157.29429 1303765213.61259 1503801063.2007 1770774232.03546 1961408589.08953 2085251109.78969 1869768325.27092 1091103789.15667 0 1409567515.53136 1836512749.14242 
1281308486.10213 2181718477.54846 1230265581.59105 1832281364.13946 1995880933.77587 1472295193.18881 1409960791.70003 1475424649.96677 1872378645.26109 1547139920.70803 2377210466.8766403 2129814532.1055102 1117763672.60314 1214880507.18627 1217721306.75337 1169329979.98482 1961586880.0539 1964626518.88867 1561966910.63411 1583681755.92516 1026614769.95022 1409567515.53136 0 1898626918.30932 
1014230540.45767 1335661791.51398 1550355347.92099 1653263931.56909 1148621758.01064 1124861889.98883 1431329310.56223 1184967351.2486 1920884514.4864 1594252263.14382 1343177216.2891 2175405312.0213404 1832252366.32429 1720894843.02711 1929824325.38076 1031277256.21624 1122663415.30187 1551396992.50162 2049614416.3819098 1129473733.15512 1946762406.12355 1836512749.14242 1898626918.30932 0 
