8
node4 node11 node18 node25 node32 node39 node46 node0
0 23.0 24.0 25.0 25.0 24.0 23.0 11.0 
23.0 0 23.0 24.0 25.0 25.0 24.0 12.0 
24.0 23.0 0 23.0 24.0 25.0 25.0 13.0 
25.0 24.0 23.0 0 23.0 24.0 25.0 14.0 
25.0 25.0 24.0 23.0 0 23.0 24.0 14.0 
24.0 25.0 25.0 24.0 23.0 0 23.0 13.0 
23.0 24.0 25.0 25.0 24.0 23.0 0 12.0 
11.0 12.0 13.0 14.0 14.0 13.0 12.0 0 
