38
bj zc gz ej xm oa gu ef il sc rp su vs ho ea yl fz bg ve ec ij dw vf hz kx yo my cm fm mb ur ds ev yj zo im lu gv
0 13.0384 26.0384 38.9611 49.46915 38.9611 41.62943 44.40076 35.01666 30.99071 25.0 29.47221 27.47221 32.405770000000004 40.119839999999996 41.8811 31.06445 52.15947 58.00862 55.9017 49.61371 38.98356 46.599329999999995 53.14132 54.0306 60.63827 63.04081 54.15557 26.807949999999998 38.29822 42.56505 50.59644 62.43397 60.74537 38.53586 31.7805 31.40076 13.0 
13.0384 0 13.0 28.770670000000003 36.43075 39.2439 41.47164 46.48885 42.75512 30.08322 32.82281 29.52965 31.52965 32.10069 45.31327 50.69517 40.16217 61.25719000000001 70.29225 68.77298 53.033010000000004 52.02196 51.62364 65.94146 66.83547 73.58943000000001 75.15318 64.64931 25.07987 44.144819999999996 47.075919999999996 55.43038 68.57224 65.4645 31.90611 24.33105 38.65575 14.01889 
26.0384 13.0 0 18.44893 23.43075 35.63731 41.88281 55.32593 55.57877 42.75512 45.822810000000004 42.529650000000004 44.529650000000004 23.76973 52.40229 56.85948 46.09288 67.1879 79.24736999999999 79.05694 60.69153 63.58998 63.89053 78.10906 78.87225 85.61542 87.09429 76.68768 38.0526 53.06379 49.12767 55.57877 60.67125 64.07027 33.6149 29.41088 51.65575 13.0384 
38.9611 28.770670000000003 18.44893 0 10.63015 22.83671 36.727109999999996 55.166199999999996 63.18034 53.88563 51.58055 47.17743 45.17743 41.10375 67.87715 69.63841 58.82176 79.91347 94.59885 91.40022 75.72351 75.17978 76.08868 90.4065 89.83049 96.13532 99.94239999999999 87.72783 48.04551 40.271719999999995 64.65443 74.0277 79.12018 74.8131 52.06383 37.059219999999996 58.00862 31.148030000000002 
49.46915 36.43075 23.43075 10.63015 0 12.20656 42.0119 60.07495 70.80241000000001 61.04448 58.76735000000001 54.33628 52.364230000000006 47.20048 75.83304 80.21222 69.40796 90.50298000000001 102.53628 101.82829 82.61961 85.27619 84.5281 98.84591999999999 98.43557 105.64667 108.38181999999999 98.35798 58.67566 50.90187 71.55418 76.53757 78.23043 83.95237 57.04399 33.4548 65.62012 36.46915 
38.9611 39.2439 35.63731 22.83671 12.20656 0 36.727109999999996 54.57105 63.0 54.15389999999999 51.87544 47.445699999999995 45.472319999999996 38.11886 64.42362 68.01805 57.2014 78.29642 90.55398 90.23752999999999 71.02816 74.24284 74.09453 88.39118 88.90871 95.50916 97.94825 86.75204 48.04551 45.10073 59.5063 67.74867 85.46872 77.78279 44.89184 45.66136 58.00862 40.45654999999999 
41.62943 41.47164 41.88281 36.727109999999996 42.0119 36.727109999999996 0 18.43909 29.56512 21.21321 21.54706 24.7879 26.7879 26.4764 56.56854 65.11254 59.901830000000004 75.8139 77.47258 73.11553 55.03635 53.00943 49.63215 63.03174 60.46487 67.67596999999999 72.93123 58.24946 21.9545 47.769059999999996 63.78871 74.46476 92.18481 84.50305 53.82379 23.991 24.46754 28.84441 
44.40076 46.48885 55.32593 55.166199999999996 60.07495 54.57105 18.43909 0 16.40122 21.91119 22.24504 25.08305 26.92839 44.915490000000005 61.16305 69.2315 61.988960000000006 79.63078999999999 76.11833 69.04463 57.70497 51.675619999999995 44.05985 54.480090000000004 49.67897 56.712509999999995 64.37958 47.642219999999995 24.04163 52.49762 72.61543 84.5281 97.82828 94.81034 69.07872 29.00821 13.0 47.283500000000004 
35.01666 42.75512 55.57877 63.18034 70.80241000000001 63.0 29.56512 16.40122 0 14.008769999999998 14.34262 17.08801 19.08801 40.25758 51.20482 59.748819999999995 60.26021 66.48308 63.74635 55.52563 41.30375 35.2744 27.65863 38.07887 35.86616 40.31129 47.97836 31.241 40.44285 55.379189999999994 66.0303 78.75822 95.59973 88.83381 68.60029 41.23106 17.2631 46.51307 
30.99071 30.08322 42.75512 53.88563 61.04448000000001 54.1539 21.21321 21.91119 14.008769999999998 0 5.99071 6.7082 8.7082 26.24881 48.135940000000005 56.67994 48.70318 69.1986 64.03124 57.82782 48.20674 37.57659 40.43852 51.555629999999994 43.01163 50.21952 57.46425 43.288289999999996 35.00335 47.02728 63.53665 72.17039 85.16055 82.7259 57.80138 35.23716 8.911190000000001 34.43835 
25.0 32.82281 45.82281 51.58055 58.76735000000001 51.87544 21.54706 22.24504 14.34262 5.99071 0 5.38516 6.40312 32.23952 48.37355 56.7186 49.33559 69.27411 65.25335 59.16138 42.95346 38.91015 34.447810000000004 48.76563 46.023430000000005 51.61395 57.28001 43.62214 29.012639999999998 41.03657 60.29909 72.59291 85.2115 82.51348999999999 57.62812 33.86522 9.24504 34.0 
29.47221 29.52965 42.529650000000004 47.17743 54.33628 47.4457 24.7879 25.08305 17.08801 6.7082 5.38516 0 2.0 29.45906 53.75871 62.10376 54.72075 72.77329 70.63851 64.53602000000001 48.33862 44.28479 39.66106 53.97888 49.26427 56.22277 62.665169999999996 46.8615 34.32382 43.27817 63.90618 75.83534 88.20431 86.39085 59.48629 34.25161 12.08305 35.0 
27.47221 31.52965 44.529650000000004 45.17743 52.364230000000006 45.472319999999996 26.7879 26.92839 19.08801 8.7082 6.40312 2.0 0 27.45906 53.03772 61.20457 55.738710000000005 74.77329 71.16881 65.30697 49.35658 45.31327 40.850930000000005 53.75872 50.60632 57.81742 63.65821 48.8615 35.41576 42.0119 63.321659999999994 74.84651 87.62988 85.08819 58.9494 32.27956 13.92839 34.09902 
32.40577 32.10069 23.76973 41.10375 47.20048 38.11886 26.4764 44.915490000000005 40.25758 26.24881 32.23952 29.45906 27.45906 0 32.81139 41.35539 41.866780000000006 49.337500000000006 57.62812 56.0803 40.50957 39.82025 47.43602 54.68839 55.57877 62.78987 63.32456 54.99226 38.42413 48.195479999999996 37.33631 48.20885 65.9289 58.18935 34.844319999999996 50.4674 33.28663 33.31334 
40.119839999999996 45.31327 52.40229 67.87715 75.83304 64.42362 56.56854 61.16305 51.20482 48.135940000000005 48.37355 53.75871 53.03772 32.81139 0 8.544 9.05539 30.15041 27.45906 35.36486 16.15549 26.78564 32.80244 41.45371 47.80944 51.26402 46.52956 46.14109 37.12142 31.241 34.37517 42.61132 48.75449 40.60788 41.00848 66.03059999999999 51.16181 43.49374 
41.8811 50.69517 56.85948 69.63841 80.21222 68.01805 65.11254 69.2315 59.74882 56.67994 56.7186 62.10376 61.20457 41.35539 8.544 0 10.81665 31.91167 26.92582 38.32757 24.69949 33.42155 40.31129 49.99771 54.08327 59.80802 51.24451 53.14463000000001 45.66542 35.62742 36.13913 44.375280000000004 46.26458 33.61547 42.76974 72.56721 58.82176 45.254999999999995 
31.06445 40.16217 46.09288 58.82176 69.40796 57.2014 59.901830000000004 61.988960000000006 60.26021 48.70318 49.33559 54.72075 55.738710000000005 41.86678 9.05539 10.81665 0 21.09502 35.77709 39.62323 24.5153 35.13069 41.6943 49.81352 55.9638 59.629400000000004 55.53142 53.7122 37.94733 33.54526 25.32248 33.55863 51.27868 43.59275 31.95309 62.64982 57.61437 34.43835 
52.15947 61.25719000000001 67.18790000000001 79.91347 90.50298 78.29642 75.8139 79.63078999999999 66.48308 69.1986 69.27411 72.77329 74.77329 49.337500000000006 30.15041 31.91167 21.09502 0 21.09502 32.49677 26.41969 37.04984 44.66561 51.71791 58.073640000000005 57.80138 52.92268 56.77292 59.04235 54.640280000000004 30.23314 32.00627 46.17359 35.896519999999995 53.04811 82.55671000000001 66.63078999999999 55.47071 
58.00862 70.29225 79.24736999999999 94.59885 102.53628 90.55398 77.47258 76.11833 63.74634999999999 64.03124 65.25335 70.63851 71.16881 57.62812 27.45906 26.92582 35.77709 21.09502 0 11.40175 22.47221 28.47195 36.08772 38.31834 41.59327 43.008 31.82766 47.373729999999995 55.71355 58.60034 41.7732 52.237970000000004 67.26861 56.12822 67.73018 88.33571 63.50591 66.48413 
55.9017 68.77298 79.05694 91.40022 101.82829 90.23752999999999 73.11553 69.04463 55.52563 57.82782 59.16138 64.53602000000001 65.30697 56.0803 35.36486 38.32757 39.62323 32.49677 11.40175 0 19.20937 20.25123 27.867 30.09762 36.88879 31.79587 20.61553 37.703540000000004 51.26662 60.64607 53.17495 61.90817 77.49508 64.84597 71.30919 84.3457 56.04463 68.36207 
49.61371 53.033010000000004 60.69153 75.72351 82.61961 71.02816 55.03635 57.70497 41.30375 48.20674 42.95346 48.33862 49.35658 40.50957 16.15549 24.69949 24.5153 26.41969 22.47221 19.20937 0 10.63015 18.24592 25.29822 31.653950000000002 35.1141 31.01612 30.35323 43.47002 41.4367 35.4683 48.19622 64.90997999999999 56.76337 56.46839 65.8635 50.05041 52.387879999999996 
38.98356 52.02195999999999 63.58998 75.17978 85.27619 74.24284 53.00943 51.675619999999995 35.2744 37.57659 38.91015 44.28479 45.31327 39.82025 26.78564 33.42155 35.13069 37.04984 28.47195 20.25123 10.63015 0 7.61577 20.61671 21.0238 28.234900000000003 26.40896 19.72308 34.38096 47.51842 45.61798 57.810140000000004 75.13322 67.03702000000001 62.00806 64.66065 39.42026 50.69517 
46.59933 51.62364 63.89053 76.08868 84.5281 74.09453 49.63215 44.05985 27.65863 40.438520000000004 34.447810000000004 39.66106 40.850930000000005 47.43602 32.80244 40.31129 41.6943 44.66561 36.087720000000004 27.867 18.24592 7.61577 0 14.31782 16.12452 22.09072 23.85372 14.31782 30.173810000000003 55.13419 52.356809999999996 64.07027 81.55693 73.40981 65.49046 61.52235 31.80449 57.43588 
53.14132 65.94146 78.10906 90.4065 98.84591999999999 88.39118 63.03174 54.480090000000004 38.07887 51.555629999999994 48.76563 53.97888 53.75872 54.68839 41.45371 49.99771 49.81352 51.71791 38.31834 30.09762 25.29822 20.61671 14.31782 0 8.544 9.84886 9.89949 9.05539 43.47002 63.28507 60.76652 72.49828 90.2082 81.09505 79.19909 75.16648 44.41073 65.52099 
54.0306 66.83547 78.87225 89.83049 98.43557 88.90871 60.46487 49.67897 35.86616 43.01163 46.023430000000005 49.26427 50.60632 55.57877 47.80944 54.08327 55.9638 58.07364 41.59327 36.88879 31.653950000000002 21.0238 16.12452 8.544 0 7.2111 18.39144 14.8884 41.78516 66.23367 66.64178000000001 78.83394 96.15092 87.69874 81.61498 72.67049 37.48333 66.80189 
60.63827 73.58943000000001 85.61542 96.13532 105.64667 95.50916 67.67596999999999 56.712509999999995 40.31129 50.21952 51.61395 56.22277 57.81742 62.78987 51.26402 59.80802 59.629400000000004 57.80138 43.008 31.79587 35.1141 28.234900000000003 22.09072 9.84886 7.2111 0 11.18034 18.904249999999998 48.99626 73.13392999999999 70.5824 82.34714 100.01850999999999 90.94337 87.20665 79.88159 44.59821 73.63827 
63.04081 75.15318 87.09429 99.94239999999999 108.38181999999999 97.94825 72.93123 64.37958 47.97836 57.46425 57.28001 62.665169999999996 63.65821 63.32456 46.52956 51.24451 55.53142 52.92268 31.82766 20.61553 31.01612 26.40896 23.85372 9.89949 18.39144 11.18034 0 17.08801 52.43091 71.19691 65.51336 76.53757 94.25762 84.30896 87.02646999999999 85.04117 52.443349999999995 75.42048 
54.15557 64.64931 76.68768 87.72783000000001 98.35798000000001 86.75204 58.24946 47.642219999999995 31.241 43.288289999999996 43.62214 46.8615 48.8615 54.99226 46.14109 53.14463000000001 53.7122 56.77292 47.37373 37.703540000000004 30.35323 19.72308 14.31782 9.05539 14.8884 18.904249999999998 17.08801 0 39.68232 64.07027 65.34106 77.52419 94.85629999999999 86.74897 79.80828 70.45566 35.35534 65.95432 
26.807949999999998 25.07987 38.0526 48.04551 58.67566 48.04551 21.9545 24.04163 40.44285 35.00335 29.012639999999998 34.32382 35.41576 38.42413 37.12142 45.66542 37.94733 59.04235 55.71355 51.26662 43.47002 34.38096 30.173810000000003 43.47002 41.78516 48.99626 52.43091 39.68232 0 31.90611 53.984010000000005 61.69877 74.68893 71.19691 48.8774 33.42155 26.369320000000002 27.71552 
38.29822 44.144819999999996 53.06379 40.271719999999995 50.901869999999995 45.10073 47.769059999999996 52.49762 55.37919 47.02728 41.03657 43.27817 42.0119 48.19548 31.241 35.62742 33.54526 54.640280000000004 58.60034 60.64607 41.4367 47.51842 55.13419 63.28507 66.23367 73.13392999999999 71.19691 64.07027 31.90611 0 27.65863 36.12478 45.61798 45.70558 55.978229999999996 43.41659 48.01042 47.68974 
42.56505 47.075919999999996 49.12767 64.65443 71.55418 59.5063 63.78871 72.61543 66.0303 63.53665 60.29909 63.90618 63.321659999999994 37.33631 34.37517 36.139129999999994 25.32248 30.23314 41.7732 53.17495 35.4683 45.61798 52.356809999999996 60.76652 66.64178000000001 70.5824 65.51336 65.34106 53.98401 27.65863 0 12.72792 30.447969999999998 22.80351 28.3196 70.12665 64.95561000000001 39.60736 
50.59644 55.43038 55.57877 74.0277 76.53757 67.74867 74.46476 84.5281 78.75822 72.17039 72.59291 75.83534 74.84651 48.20885 42.61132 44.375280000000004 33.55863 32.00627 52.237970000000004 61.90817 48.19622 57.810140000000004 64.07027 72.49828 78.83394000000001 82.34714 76.53757 77.52419 61.69877 36.12478 12.72792 0 17.72005 30.36916 41.04752 79.54137 76.58368999999999 52.33528 
62.43397 68.57224 60.67125 79.12018 78.23043 85.46871999999999 92.18481 97.82828 95.59973 85.16055 85.2115 88.20431 87.62988 65.9289 48.75449 46.26458 51.278679999999994 46.17359 67.26861 77.49508 64.90997999999999 75.13322 81.55693 90.20819999999999 96.15092 100.01850999999999 94.25762 94.85629999999999 74.68893 45.61798 30.447969999999998 17.72005 0 12.64911 50.30545 89.03457 91.13606 69.78489 
60.74537 65.4645 64.07027 74.8131 83.95237 77.78279 84.50305 94.81034 88.83381 82.7259 82.51348999999999 86.39085 85.08819 58.18935 40.60788 33.61547 43.59275 35.896519999999995 56.12822 64.84597 56.76337 67.03702000000001 73.40981 81.09505 87.69874 90.94337 84.30896 86.74897 71.19691 45.70558 22.80351 30.36916 12.64911 0 37.65634 89.10668 86.87199000000001 57.56806 
38.53586 31.90611 33.6149 52.063829999999996 57.04399 44.89184 53.82379 69.07872 68.60029 57.80138 57.62812 59.48629 58.949400000000004 34.844319999999996 41.00848 42.76974 31.95309 53.04811 67.73018 71.30919 56.46839 62.00806 65.49046 79.19909 81.61498 87.20665 87.02646999999999 79.80828 48.8774 55.978229999999996 28.3196 41.04752 50.30545 37.65634 0 56.23716 64.98832 39.44343 
31.7805 24.33105 29.41088 37.059219999999996 33.4548 45.66136 23.991 29.00821 41.23106 35.23716 33.86522 34.25161 32.279560000000004 50.4674 66.03059999999999 72.56721 62.64982 82.55671000000001 88.33571 84.3457 65.8635 64.66065 61.52235 75.16648 72.67049 79.88159 85.04117 70.45566 33.42155 43.41659 70.12665 79.54137 89.03457 89.10668 56.23716 0 36.24914 31.57531 
31.40076 38.65575 51.65575 58.00862 65.62012 58.00862 24.46754 13.0 17.2631 8.911190000000001 9.24504 12.08305 13.92839 33.28663 51.16181 58.82176 57.61437000000001 66.63078999999999 63.50591 56.04463 50.05041 39.42026 31.80449 44.41073 37.48333 44.59821 52.443349999999995 35.35534 26.369320000000002 48.01042 64.95561000000001 76.58368999999999 91.13606 86.87199000000001 64.98832 36.24914 0 42.15448 
13.0 14.01889 13.0384 31.148030000000002 36.46915 40.45655 28.84441 47.283500000000004 46.51307 34.43835 34.0 35.0 34.09902 33.31334 43.49374 45.254999999999995 34.43835 55.47071 66.48413 68.36207 52.38788 50.69517 57.43588 65.52099 66.80189 73.63827 75.42048 65.95432 27.71552 47.68974 39.60736 52.33528 69.78489 57.56806 39.44343 31.57531 42.15448 0 
