23
mq yq jm zt cy ns eo nr cr fe ll rq vu hf ak my mm aa vo sg rv hx im
0 8.0 27.861150000000002 42.00329 49.41332 44.43771 20.39608 47.12749 50.15974 50.63954 71.90061 66.80159 55.22681 60.32561 78.60025 78.64477 74.96666 72.50002 51.38202 46.27532 68.10824 86.46423 55.08176 
8.0 0 19.861150000000002 34.00329 55.02709 52.43771 28.39608 54.81788 58.13777 50.08992 79.36448 74.80159 63.22681 66.12866 86.60025 86.64477 81.20326 76.35696 43.38202 38.27532 60.10824 94.46423 55.22681 
27.861150000000002 19.861150000000002 0 14.14214 35.16594 43.651219999999995 48.25723000000001 50.633379999999995 52.61291 53.21293 64.78151 59.68249 54.57105 60.953689999999995 82.15684 82.76429 79.64923 81.35839999999999 51.155649999999994 41.48494 65.19148 87.34119 63.1981 
42.00329 34.00329 14.14214 0 21.0238 29.50908 50.04104 36.67424 38.47077 60.67437 68.59962 66.26001 43.10452 54.14236 68.0147 68.62215 74.81822000000001 67.21626 37.01351 30.01666 53.723200000000006 81.61729 77.34024 
49.41332 55.02709 35.16594 21.0238 0 8.48528 29.01724 56.61272 59.49457 81.69817 77.88453 73.99864000000001 64.12832 68.79815 89.0385 88.50683 82.08421999999999 74.47116 41.18252 51.04046 64.52776 95.08539 84.96364 
44.43771 52.43771 43.65122 29.50908 8.48528 0 24.04163 62.68103000000001 67.97985 90.18345 70.61238 65.51336 72.6136 65.95951 82.80097 82.87943 79.86534 72.24957 44.27189 59.52574 59.03389 90.10978 79.98803 
20.39608 28.39608 48.25723 50.04104 29.01724 24.04163 0 38.6394 48.67226 70.87586 58.47518 53.53587 63.9533 45.92554 68.2497 61.84658 60.851099999999995 53.23533 68.31352 66.6714 74.20981 66.06815 55.9464 
47.12749 54.81788 50.633379999999995 36.67424 56.61272 62.68103000000001 38.6394 0 32.39354 54.59714 40.042249999999996 37.257149999999996 38.55571 39.94974 63.60031 70.00343 70.57785 69.29705 62.96825 63.616299999999995 58.0517 46.06517 84.05355 
50.15974 58.13777 52.61291 38.47077 59.49457 67.97985 48.67226 32.39354 0 22.2036 51.47816 47.290009999999995 63.05675 45.02899 57.33198 56.7186 69.74540999999999 70.75427 75.48428 68.48743 73.31326 71.41649 104.61866 
50.63954 50.08992 53.21293 60.67437 81.69817 90.18345000000001 70.87586 54.59714 22.2036 0 29.27456 33.83282 42.98831 60.567080000000004 79.14644 77.20104 77.46612 85.08189 66.30988 88.36524 65.06919 56.93856 87.96947 
71.90061 79.36448 64.78151 68.59962 77.88453 70.61238 58.47518 40.042249999999996 51.47816 29.27456 0 5.09902 25.4951 43.16824 65.06919 70.34913 76.66982 72.56951000000001 79.20859 72.86288 68.91169 65.19419 100.93749 
66.80159 74.80159 59.68249 66.26001 73.99864000000001 65.51336 53.53587 37.257149999999996 47.290009999999995 33.83282 5.09902 0 23.15549 40.73426 65.91060999999999 70.3254 71.57079999999999 70.2299 76.34016 68.593 66.57208 62.76021 97.41507999999999 
55.22681 63.22681 54.57105 43.10452 64.12832 72.6136 63.9533 38.55571 63.056749999999994 42.98831 25.4951 23.15549 0 18.02776 42.75512 47.16991 54.69018 47.07441 66.76183 49.92995 43.41659 46.64864 82.31389 
60.32561 66.12866 60.953689999999995 54.14236 68.79815 65.95951 45.92554 39.94974 45.02899 60.567080000000004 43.16824 40.73426 18.02776 0 25.63201 32.03513 44.044509999999995 42.763709999999996 51.629509999999996 51.990809999999996 28.28427 40.891329999999996 67.18157 
78.60025 86.60025 82.15684 68.0147 89.0385 82.80097 68.2497 63.60031 57.33198 79.14644 65.06919 65.91060999999999 42.75512 25.63201 0 6.40312 28.054560000000002 20.43879 57.08647 67.24892 43.542379999999994 46.49844 82.43968 
78.64477 86.64477 82.76429 68.62215 88.50683 82.87943 61.84658 70.00343 56.7186 77.20104 70.34913 70.3254 47.16991 32.03513 6.40312 0 21.65144 14.03567 53.6621 66.453 42.74646 52.90156 81.64376 
74.96666 81.20326 79.64923 74.81822 82.08421999999999 79.86534 60.851099999999995 70.57785 69.74540999999999 77.46612 76.66981999999999 71.57079999999999 54.69018 44.044509999999995 28.054560000000002 21.65144 0 7.61577 43.65776 44.80156 21.09502 58.00862 59.99232000000001 
72.50002 76.35696 81.3584 67.21626 74.47116 72.24957 53.23533 69.29705 70.75427 85.08189 72.56951000000001 70.2299 47.07441 42.763709999999996 20.43879 14.03567 7.61577 0 39.71311 52.41733000000001 28.710790000000003 60.1415 67.60809 
51.38202 43.38202 51.155649999999994 37.01351 41.18252 44.27189 68.31352 62.96825 75.48428 66.30988 79.20859 76.34016 66.76183 51.629509999999996 57.08647 53.6621 43.65776 39.71311 0 47.05178 23.34524 81.5414 62.242540000000005 
46.27532 38.27532 41.48494 30.01666 51.04046 59.52574 66.6714 63.616299999999995 68.48743 88.36524 72.86288 68.593 49.92995 51.990809999999996 67.24892 66.453 44.80156 52.41733 47.05178 0 23.70654 86.85442 62.603840000000005 
68.10824 60.10824 65.19148 53.723200000000006 64.52776 59.03389 74.20981 58.0517 73.31326 65.06919 68.91169 66.57208 43.41659 28.28427 43.542379999999994 42.74646 21.09502 28.710790000000003 23.34524 23.70654 0 69.1756 38.8973 
86.46423 94.46423 87.34119 81.61729 95.08539 90.10978 66.06815 46.06517 71.41649 56.93856 65.19419 62.76021 46.64864 40.891329999999996 46.49844 52.90156 58.00862 60.1415 81.5414 86.85442 69.1756 0 101.26517 
55.08176 55.22681 63.1981 77.34024 84.96364 79.98803 55.9464 84.05355 104.61866 87.96947 100.93749 97.41507999999999 82.31389 67.18157 82.43968 81.64376 59.99232000000001 67.60809 62.242540000000005 62.603840000000005 38.8973 101.26517 0 
