48
Browning Bret Vermont Bristol Keeler Pardee Martin Haskell Bowditch Fresno Bataan Marin Greenwood Heinz Madera Eunice Allston Shasta Addison Byron Columbia Muir Cutter Bancroft Menlo Colusa Fulton Belrose Haviland Summit Mabel Spring Comstock Poplar Arch Anne Hospital Kenilworth Poppy Forest Ajax High Halkin Burnett Oregon Lewiston Woodhaven Soda
0 22.1 34.13 30.950000000000003 41.71 33.56 28.540000000000003 45.9 39.16 32.91 48.64 70.03 77.03999999999999 77.74000000000001 77.86000000000001 61.730000000000004 78.38 84.74 77.00999999999999 90.03999999999999 97.68 95.44 89.42999999999999 87.57 90.25 88.35 77.27 82.88 63.38 67.5 52.76 51.0 28.96 59.64 57.17 44.88 48.57000000000001 25.21 31.99 46.98 63.0 72.84 86.26 79.15 64.13 77.13999999999999 57.11 8.93 
22.1 0 12.03 20.41 31.169999999999998 23.02 18.0 34.83 31.339999999999996 37.589999999999996 34.33 58.93 66.11 70.22 68.95 56.17 56.28 67.84 59.51 72.85 80.83 73.34 69.98 68.12 68.14999999999999 73.47999999999999 70.82 60.78 41.28 50.44 31.43 43.14 26.02 41.69 37.15 43.3 38.03 20.44 20.09 35.83 46.16 70.3 67.77000000000001 79.53999999999999 49.61 62.18 55.760000000000005 23.009999999999998 
34.13 12.03 0 22.69 33.730000000000004 26.49 30.029999999999998 46.86 41.99 35.74 46.36 70.96 68.94 63.18 80.97999999999999 59.800000000000004 62.34 68.35 64.34 73.56 81.33999999999999 80.67 77.32 75.91 77.9 74.02 76.05000000000001 72.81 53.31 62.46000000000001 43.45 55.160000000000004 33.9 53.69 49.18 38.67 32.36 32.47 30.0 47.86 58.19 64.07 71.14 89.29 52.59 68.24 43.730000000000004 35.04 
30.950000000000003 20.41 22.69 0 11.04 19.439999999999998 17.01 37.45 36.9 37.519999999999996 54.739999999999995 71.54 78.72 84.08 72.27 60.11 64.76 73.39 65.06 77.32 86.38 77.0 67.0 68.86 72.66 73.49 61.08 64.56 45.78 45.839999999999996 40.6 52.31 46.43 37.14 36.730000000000004 39.72 17.62 32.51 40.5 51.54 61.58 67.8 70.67 84.05 58.78 72.0 49.47 22.020000000000003 
41.71 31.169999999999998 33.730000000000004 11.04 0 8.4 27.77 36.09 47.94 47.36 57.76 80.4 87.58000000000001 93.5 83.31 71.15 75.80000000000001 80.94999999999999 75.96 76.49 88.19 75.32000000000001 61.839999999999996 59.98 66.58 71.91 60.010000000000005 63.2 43.49 34.8 51.64 48.33 57.19 26.1 25.69 28.68 28.66 43.55 51.26 62.58 68.6 78.24 68.7 77.97 47.93 83.03999999999999 55.349999999999994 32.78 
33.56 23.02 26.49 19.439999999999998 8.4 0 19.62 28.79 40.349999999999994 40.129999999999995 49.36 80.74 82.07 89.67 81.57 65.17999999999999 69.56 76.52 68.19 81.53 89.50999999999999 79.03 67.84 66.5 72.75 70.65 66.38 62.73 45.87 42.17 44.05 55.76 49.04 33.99 32.57 20.28 37.06 36.54 43.11 58.849999999999994 62.230000000000004 79.53 76.16 84.14 39.53 75.37 62.620000000000005 24.630000000000003 
28.54 18.0 30.03 17.01 27.77 19.62 0 20.44 29.8 35.11 50.64 72.49000000000001 73.81 82.81 71.02 65.14999999999999 72.22 83.19999999999999 77.50999999999999 90.85 96.18999999999998 90.25999999999999 82.12 80.26 83.96 82.14 78.09 77.47 57.08 58.07 49.43 55.18000000000001 44.019999999999996 53.61 52.19 39.900000000000006 34.63 33.42 38.09 53.83 53.980000000000004 74.50999999999999 85.06 95.35 59.150000000000006 79.34 57.599999999999994 19.61 
45.9 34.83 46.86 37.45 36.09 28.79 20.44 0 11.96 18.009999999999998 32.8 52.05 53.379999999999995 64.1 53.18 45.83 62.41 70.32 62.11 75.14 83.24000000000001 83.34 80.36 78.96000000000001 79.9 79.77000000000001 74.53 73.41 53.02 65.46000000000001 46.45 34.74 35.66 56.97 61.36 49.07 53.78 52.79 32.31 49.56 33.54 56.93 73.9 91.29 58.339999999999996 61.4 42.21 40.050000000000004 
39.16 31.339999999999996 41.99 36.9 47.94 40.349999999999994 29.8 11.96 0 6.25 20.84 42.77 49.95 60.67 41.22 35.349999999999994 51.86 58.769999999999996 50.44 63.36 71.48 78.13 72.91 71.50999999999999 70.45 68.01 62.65 65.11 49.4 62.379999999999995 45.32 46.7 47.62 54.51 52.55 40.26 41.82 40.83 36.5 58.209999999999994 42.19 46.18 63.35 81.84 55.92999999999999 50.48 30.33 46.370000000000005 
32.91 37.589999999999996 35.74 37.519999999999996 47.36 40.129999999999995 35.11 18.009999999999998 6.25 0 26.939999999999998 48.47 45.29 56.01 47.47 33.99 45.61 53.239999999999995 44.91 57.13 65.23 71.88 69.68 68.28 64.92 61.760000000000005 56.620000000000005 59.74 43.15 56.129999999999995 45.419999999999995 46.8 53.669999999999995 54.28 50.9 38.61 45.2 42.51 38.66 51.959999999999994 35.94 39.93 57.1 76.31 49.67999999999999 44.23 24.3 40.12 
48.64 34.33 46.36 54.74 57.76 49.36 50.64 32.8 20.84 26.939999999999998 0 37.54 44.72 55.44 47.56 56.19 47.86 75.49 71.03999999999999 82.61 85.30000000000001 93.8 93.66000000000001 91.80000000000001 91.29 88.7 83.49000000000001 85.44 65.07 79.43 65.75999999999999 67.53999999999999 60.349999999999994 75.35 71.47999999999999 61.099999999999994 62.66 54.769999999999996 54.42 63.76 57.86 52.13 84.03999999999999 102.68 71.6 71.16999999999999 51.17 39.71 
70.03 58.93 70.96 71.54 80.4 80.74000000000001 72.49 52.05 42.77 48.47 37.54 0 7.18 17.9 10.02 21.22 37.94 54.04 54.53 61.23 62.19 82.97 93.1 91.69 84.32 79.47 67.84 88.64999999999999 68.25999999999999 92.96 83.1 79.94 84.95 93.08 90.52 78.32 84.59 52.13 79.02 41.64 45.59 29.69 74.97 89.41000000000001 85.44999999999999 38.54 37.29 75.52999999999999 
77.03999999999999 66.11 68.94 78.72 87.58000000000001 82.07 73.81 53.379999999999995 49.95 45.29 44.72 7.18 0 10.72 17.2 28.24 43.269999999999996 61.22 61.55 68.41 69.37 87.87 99.21000000000001 98.87 91.5 86.49 74.74000000000001 91.09 74.37 99.85999999999999 88.35 86.96 89.03999999999999 98.41 96.19 83.9 86.72 59.31 82.52 48.82 45.93 36.83 80.2 90.74000000000001 91.56 45.56 43.4 82.06 
77.74000000000001 70.22 63.18 84.08 93.5 89.67 82.81 64.1 60.67 56.01 55.44 17.9 10.72 0 27.919999999999998 35.93 32.55 58.36 66.69 67.3 71.35 86.75999999999999 101.15 99.53 91.12 86.0 74.84 91.85 76.51 100.60999999999999 93.82 87.08 96.24 100.37 93.56 89.12 95.51 70.03 90.19999999999999 50.59 35.21 41.53 82.45 89.67 93.7 53.25 52.0 86.67000000000002 
77.86000000000001 68.95 80.98 72.27 83.31 81.57 71.02 53.18 41.22 47.47 47.56 10.02 17.2 27.92 0 31.24 42.61 62.75 59.2 71.25 71.57 92.99 99.42999999999999 97.57 94.33999999999999 89.49 77.86 90.05 73.6 99.08999999999999 86.54 84.64 82.72 95.72999999999999 93.76999999999998 81.47999999999999 81.26 62.150000000000006 77.72 33.9 49.92 39.71 79.64 99.43 90.78999999999999 48.56 47.31 68.93 
61.73 56.17 59.8 60.11 71.15 65.18 65.14999999999999 45.83 35.349999999999994 33.99 56.19 21.22 28.24 35.93 31.24 0 16.72 41.64 33.31 41.87 45.23 67.1 71.88 73.74 63.58 58.25 46.620000000000005 67.43 47.04 71.74 68.27 58.72 74.04 71.86 74.19 61.9 77.16999999999999 36.519999999999996 66.84 44.77 48.08 50.91 53.75 74.97 64.23 17.32 16.07 70.66 
78.38 56.28 62.34 64.76 75.80000000000001 69.56 72.22 62.41 51.86 45.61 47.86 37.94 43.269999999999996 32.55 42.61 16.72 0 27.63 35.96 34.75 40.62 54.21 71.53999999999999 72.19 58.57 53.45 63.34 68.55 53.31 78.34 68.51 62.11 79.64 75.4 68.59 78.62 80.89 53.239999999999995 72.44 61.49 64.8 64.08 50.05 69.96000000000001 70.5 34.04 32.79 79.29 
84.74 67.83999999999999 68.35 73.39 80.94999999999999 76.52 83.2 70.32 58.769999999999996 53.239999999999995 75.49 54.04 61.22 58.36 62.75 41.64 27.63 0 8.33 21.67 12.99 42.910000000000004 48.03 48.68 36.27 30.94 43.35 40.92 49.95 69.2 68.35000000000001 65.21 87.25 69.45 77.81 65.52 91.01 78.16 77.62 77.53 87.39999999999999 46.160000000000004 26.540000000000003 47.660000000000004 67.14 58.96 28.939999999999998 87.25 
77.00999999999999 59.51 64.34 65.06 75.96000000000001 68.19 77.50999999999999 62.11 50.44 44.91 71.03999999999999 54.53 61.55 66.69 59.2 33.31 35.96 8.33 0 13.34 21.32 51.24 48.730000000000004 49.46 36.02 31.720000000000002 44.13 38.68 49.41 73.79 60.02 66.25999999999999 83.91 61.12 69.47999999999999 57.19 82.68 69.83 76.19 69.2 80.03999999999999 54.49 20.44 47.410000000000004 66.6 50.63 20.61 78.92 
90.03999999999999 72.85 73.56 77.32 76.49 81.53 90.85 75.14 63.36 57.13 82.61 61.23 68.41 67.3 71.25 41.87 34.75 21.67 13.34 0 11.7 41.620000000000005 42.57 44.43 49.36 45.06 57.47 52.019999999999996 36.07 61.56 71.44 79.6 97.25 69.97 77.41 65.58 92.99 76.97999999999999 89.53 82.54 77.96000000000001 44.870000000000005 33.78 50.519999999999996 53.260000000000005 59.19 33.95 92.26 
97.68 80.83 81.33999999999999 86.38 88.19 89.50999999999999 96.19 83.24000000000001 71.48 65.23 85.30000000000001 62.19 69.37 71.35 71.57 45.23 40.62 12.99 21.32 11.7 0 29.92 52.72 53.53 40.33 43.93000000000001 56.34 50.47 47.7 73.19 81.34 78.19999999999999 100.23999999999998 81.66999999999999 82.26 76.39 104.0 81.75 90.61 90.0 89.66 33.17 39.53 38.82 64.89 62.55 41.93 100.24000000000001 
95.44 73.34 80.67 77.0 75.32000000000001 79.03 90.25999999999999 83.34 78.13000000000001 71.88000000000001 93.80000000000001 82.97 87.87 86.75999999999999 92.99 67.1 54.21 42.910000000000004 51.24 41.620000000000005 29.92 0 24.19 25.41 39.05 44.379999999999995 56.78999999999999 49.19 33.18 51.14 62.07 65.38 87.41999999999999 62.790000000000006 52.34 62.69 94.0 79.29 83.45 100.74 93.16 63.09 51.19 50.44 50.370000000000005 49.78 64.15 95.53 
89.42999999999999 69.98 77.32 67.0 61.839999999999996 67.84 82.12 80.36 72.91 69.68 93.66 93.1 99.21000000000001 101.15 99.42999999999999 71.88 71.53999999999999 48.03 48.730000000000004 42.57 52.72 24.19 0 1.86 15.5 20.83 33.239999999999995 25.64 28.7 40.269999999999996 47.01 58.72 76.81 39.24 58.9 48.08 82.08 79.2 66.92 97.2 99.61 66.61 28.29 26.89 28.83 73.97 55.81 87.16 
87.57 68.12 75.91 68.86 59.98 66.5 80.26 78.96000000000001 71.50999999999999 68.28 91.80000000000001 91.69 98.87 99.53 97.57 73.74000000000001 72.19 48.68 49.46 44.43 53.53 25.41 1.86 0 13.64 18.97 31.38 23.78 26.84 42.129999999999995 45.15 56.86 75.41 37.38 58.51 46.22 80.31 77.97 68.78 95.34 97.75 68.47 29.02 25.03 26.97 74.42 57.67 85.54 
90.25 68.14999999999999 77.9 72.66 66.58 72.75 83.96 79.9 70.45 64.92 91.29 84.32 91.5 91.12 94.33999999999999 63.58 58.57 36.27 36.02 49.36 40.33 39.05 15.5 13.64 0 5.33 17.740000000000002 10.14 26.88 52.37 58.79 62.15 79.24 47.21 59.27 56.39 86.46 82.89 78.91 95.44999999999999 96.27000000000001 56.940000000000005 16.61 11.39 40.61 65.34 49.94 89.12 
88.35 73.47999999999999 74.02 73.49 71.91 70.65 82.14 79.77000000000001 68.01 61.760000000000005 88.70000000000002 79.47 86.49 86.0 89.49 58.25 53.45 30.94 31.72 45.06 43.93 44.379999999999995 20.83 18.97 5.33 0 12.41 15.47 32.21 57.7 64.12 56.82 78.78 52.28 60.46 58.510000000000005 85.6 78.31 79.63000000000001 91.41 90.94 52.349999999999994 11.28 16.72 45.94 60.01 44.61 87.37 
77.27 70.82 76.05 61.08 60.010000000000005 66.38 78.08999999999999 74.53 62.65 56.620000000000005 83.49 67.84 74.74000000000001 74.84 77.86 46.620000000000005 63.34 43.35 44.13 57.47 56.34 56.790000000000006 33.24 31.380000000000003 17.740000000000002 12.41 0 27.880000000000003 44.620000000000005 57.08 60.6 48.89 70.93 45.4 58.39 46.1 77.01 72.46000000000001 87.9 80.91 78.53 41.34 23.69 29.130000000000003 58.35 63.940000000000005 32.32 83.1 
82.88 60.78 72.81 64.56 63.2 62.73 77.47 73.41 65.11 59.74 85.44 88.65 91.09 91.85 90.05 67.43 68.55 40.92 38.68 52.019999999999996 50.47 49.19 25.64 23.78 10.14 15.47 27.880000000000003 0 20.39 45.81999999999999 55.76 59.33 81.37 37.1 49.2 49.900000000000006 81.21000000000001 72.75 68.84 88.88 91.3 59.5 22.45 21.53 37.58 61.18 51.36 82.74000000000001 
63.38 41.28 53.31 45.78 43.49 45.87 57.08 53.02 49.4 43.15 65.07 68.25999999999999 74.37 76.51 73.6 47.04 53.31 49.95 49.41 36.07 47.7 33.18 28.7 26.84 26.88 32.21 44.620000000000005 20.39 0 25.49 35.370000000000005 47.080000000000005 67.3 57.49 41.34 29.51 60.82 61.72 60.980000000000004 68.57 70.91 54.83 30.290000000000003 38.269999999999996 17.19 56.51 30.97 62.35 
67.5 50.44 62.46000000000001 45.839999999999996 34.8 42.17 58.07 65.46000000000001 62.379999999999995 56.129999999999995 79.43 92.96 99.85999999999999 100.60999999999999 99.09 71.74 78.34 69.2 73.79 61.56 73.19 51.14 40.269999999999996 42.129999999999995 52.37 57.699999999999996 57.08 45.81999999999999 25.49 0 19.01 30.720000000000002 52.760000000000005 52.95 60.489999999999995 55.0 55.08 64.86 70.53 83.6 88.03 71.8 53.35 63.76 37.19 73.47999999999999 56.459999999999994 62.84 
52.76 31.43 43.45 40.6 51.64 44.05 49.42999999999999 46.45 45.32 45.419999999999995 65.75999999999999 83.1 88.35 93.82 86.53999999999999 68.27 68.51 68.35000000000001 60.02 71.44 81.34 62.07 47.01 45.15 58.79 64.12 60.6 55.760000000000005 35.370000000000005 19.01 0 11.71 33.75 33.94 49.72 37.43 36.11 51.870000000000005 51.519999999999996 67.25999999999999 76.34 73.73 65.66000000000001 70.18 18.18 75.22999999999999 55.61 43.83 
51.0 43.14 55.160000000000004 52.309999999999995 48.33 55.76 55.18000000000001 34.74 46.7 46.8 67.54 79.94 86.96 87.08 84.64 58.72 62.11 65.21 66.25999999999999 79.6 78.19999999999999 65.38 58.72 56.86 62.15 56.82 48.89 59.33 47.08 30.720000000000002 11.71 0 22.04 22.23 61.43 49.14 47.82 59.01 63.230000000000004 75.55 68.28 85.44000000000001 58.84 73.53999999999999 29.89 68.00999999999999 45.65 55.54 
28.96 26.02 33.9 46.43 57.19 49.04 44.019999999999996 35.66 47.62 53.669999999999995 60.349999999999994 84.95 89.04 96.24 82.72 74.04 79.64 87.25 83.91 97.25 100.24 87.41999999999999 76.81 75.41 79.24 78.78 70.93 81.37 67.3 52.760000000000005 33.75 22.04 0 44.269999999999996 63.17 63.91 64.05 46.46 46.11 61.849999999999994 69.19999999999999 87.45 80.88 69.88 51.93 88.2 63.3 37.89 
59.64 41.69 53.69 37.14 26.1 33.99 53.61 56.97 54.51 54.28 75.35 93.08 98.41 100.37 95.72999999999999 71.86 75.4 69.45 61.12 69.97 81.67 62.790000000000006 39.24 37.38 47.21 52.28 45.4 37.1 57.49 52.95 33.94 22.23 44.269999999999996 0 51.790000000000006 54.27 54.760000000000005 62.129999999999995 61.78 77.52 85.2 76.0 59.55 58.6 52.12 77.68 61.67 58.620000000000005 
57.17 37.15 49.18 36.730000000000004 25.69 32.57 52.19 61.36 52.55 50.9 71.47999999999999 90.52 96.19 93.56 93.77 74.19 68.59 77.80999999999999 69.47999999999999 77.41 82.26 52.34 58.9 58.51 59.27 60.46 58.39 49.2 41.34 60.489999999999995 49.72 61.43 63.17 51.790000000000006 0 12.29 46.38 57.59 31.11 72.97999999999999 83.31 83.86000000000001 71.63 70.66 31.54 74.49 63.98 52.65 
44.88 43.3 38.67 39.72 28.68 20.28 39.9 49.07 40.26 38.61 61.099999999999994 78.32 83.9 89.12 81.47999999999999 61.9 78.61999999999999 65.52 57.19 65.58 76.39 62.69 48.08 46.22 56.39 58.510000000000005 46.1 49.900000000000006 29.51 55.0 37.43 49.14 63.91 54.27 12.29 0 34.09 56.82 43.4 62.3 73.02 75.84 59.78 67.78 19.25 69.07 51.69 44.910000000000004 
48.57 38.03 32.36 17.62 28.66 37.06 34.63 53.78 41.82 45.2 62.66 84.59 86.72 95.51 81.26 77.17 80.89 91.01 82.68 92.99 104.0 94.0 82.08 80.31 86.46 85.6 77.01 81.21000000000001 60.82 55.08 36.11 47.82 64.05 54.760000000000005 46.38 34.09 0 43.08 58.120000000000005 69.16 66.78 85.13 88.28999999999999 76.58 53.34 88.75 66.3 39.64 
25.21 20.44 32.47 32.51 43.55 36.54 33.42 52.79 40.83 42.51 54.769999999999996 52.13 59.31 70.03 62.150000000000006 36.519999999999996 53.239999999999995 78.16 69.83 76.97999999999999 81.75 79.29 79.2 77.97 82.89 78.31 72.46000000000001 72.75 61.72 64.86 51.870000000000005 59.01 46.46 62.129999999999995 57.59 56.82 43.08 0 40.53 56.269999999999996 66.6 73.32000000000001 69.31 94.28 70.05000000000001 53.839999999999996 52.589999999999996 34.14 
31.99 20.09 30.0 40.5 51.26 43.11 38.089999999999996 32.31 36.5 38.66 54.42 79.02 82.52 90.19999999999999 77.72 66.84 72.44 77.62 76.19 89.53 90.61 83.45 66.92 68.78 78.91 79.63000000000001 87.9 68.84 60.980000000000004 70.53 51.519999999999996 63.23 46.11 61.78 31.11 43.4 58.120000000000005 40.53 0 55.92 65.46 74.02 75.23 90.3 62.65 82.27 55.58 23.06 
46.98 35.83 47.86 51.54 62.58 58.85 53.83 49.56 58.21 51.96 63.76 41.64 48.82 50.59 33.9 44.77 61.49000000000001 77.53 69.2 82.54 90.0 100.74 97.2 95.34 95.44999999999999 91.41 80.91 88.88 68.57 83.6 67.25999999999999 75.55 61.849999999999994 77.52 72.97999999999999 62.3 69.16 56.269999999999996 55.92 0 16.02 69.27000000000001 84.73 106.83999999999999 81.55 62.06 48.59 38.05 
62.99999999999999 46.16 58.19 61.58 68.6 62.230000000000004 53.980000000000004 33.54 42.19 35.94 57.86 45.59 45.93 35.21 49.92 48.08 64.8 87.4 80.03999999999999 77.96000000000001 89.66000000000001 93.16 99.61 97.75 96.27 90.94 78.53 91.3 70.91 88.03 76.34 68.28 69.19999999999999 85.2 83.31 73.02 66.78 66.6 65.46 16.02 0 74.67 88.36 101.26 80.6 65.37 60.239999999999995 54.06999999999999 
72.84 70.3 64.07 67.8 78.24 79.53 74.50999999999999 56.93 46.18 39.93 52.13 29.69 36.83 41.53 39.71 50.91 64.08 46.160000000000004 54.49 44.870000000000005 33.17 63.09 66.61 68.47 56.940000000000005 52.349999999999994 41.34 59.5 54.83 71.8 73.73 85.44 87.45 76.0 83.86000000000001 75.84 85.13 73.32000000000001 74.02 69.27000000000001 74.67 0 47.949999999999996 68.33000000000001 72.02 54.14 64.23 79.52 
86.26 67.77000000000001 71.14 70.67 68.7 76.16 85.05999999999999 73.9 63.35 57.1 84.03999999999999 74.97 80.2 82.45 79.64 53.75 50.05 26.540000000000003 20.44 33.78 39.53 51.19 28.29 29.02 16.61 11.28 23.689999999999998 22.45 30.29 53.35 65.66 58.84 80.88 59.55 71.63 59.78 88.29 69.31 75.23 84.73 88.36 47.949999999999996 0 28.0 47.480000000000004 50.29 41.05 90.07 
79.15 79.53999999999999 89.29 84.05 77.97 84.13999999999999 95.35 91.28999999999999 81.84 76.31 102.68 89.41000000000001 90.74000000000001 89.67 99.43 74.97 69.96000000000001 47.66 47.410000000000004 50.519999999999996 38.82 50.44 26.89 25.03 11.39 16.72 29.13 21.53 38.269999999999996 63.75999999999999 70.18 73.53999999999999 69.88 58.6 70.66 67.78 76.58 94.28 90.30000000000001 106.83999999999999 101.26 68.33 28.0 0 52.0 76.72999999999999 61.33 88.08000000000001 
64.13 49.61 52.59 58.779999999999994 47.93 39.53 59.15 58.339999999999996 55.92999999999999 49.67999999999999 71.6 85.44999999999999 91.56 93.7 90.79 64.22999999999999 70.5 67.14 66.60000000000001 53.260000000000005 64.89 50.370000000000005 28.83 26.97 40.61 45.94 58.349999999999994 37.58 17.19 37.19 18.18 29.89 51.93 52.120000000000005 31.54 19.25 53.34 70.05 62.65 81.55 80.6 72.02 47.48 52.0 0 73.69999999999999 48.16 62.01 
77.13999999999999 62.18 68.24 72.0 83.03999999999999 75.37 79.33999999999999 61.4 50.48 44.23 71.16999999999999 38.54 45.56 53.25 48.56 17.32 34.04 58.959999999999994 50.629999999999995 59.19 62.55 49.78 73.97 74.42 65.34 60.010000000000005 63.940000000000005 61.18 56.51 73.47999999999999 75.22999999999999 68.00999999999999 88.2 77.68 74.49 69.07 88.75 53.84 82.27 62.06 65.37 54.14 50.28999999999999 76.73 73.7 0 33.39 84.35 
57.11 55.760000000000005 43.730000000000004 49.47 55.349999999999994 62.62 57.599999999999994 42.21 30.33 24.3 51.17 37.29 43.4 52.0 47.31 16.07 32.79 28.939999999999998 20.61 33.95 41.93 64.15 55.81 57.67 49.94 44.61 32.32 51.36 30.97 56.459999999999994 55.61 45.65 63.3 61.67 63.98 51.69 66.3 52.59 55.58 48.59 60.24 64.23 41.05 61.33 48.16 33.39 0 60.63 
8.93 23.009999999999998 35.04 22.020000000000003 32.78 24.630000000000003 19.61 40.05 46.37 40.12 39.71 75.52999999999999 82.06 86.67 68.93 70.66 79.28999999999999 87.25 78.92 92.26 100.24 95.53 87.16 85.54 89.12 87.37 83.1 82.74000000000001 62.35 62.84 43.83 55.54 37.89 58.620000000000005 52.65 44.910000000000004 39.64 34.14 23.06 38.05 54.06999999999999 79.52 90.07 88.08000000000001 62.01 84.35 60.63 0 
