24
BF AB BE AY BV BO AX AP AK BW AZ BQ AE BA AS BK BU AL BN AR AV AQ AJ BP
0 10.0046 15.0236 10.7473 18.2198 24.5009 34.6137 25.916999999999998 32.3226 46.6858 42.0377 50.9644 49.0507 61.1734 65.0244 57.479 76.7037 69.9723 68.0054 51.915 37.2136 71.0007 45.0073 2.7699 
10.0046 0 5.019 17.0319 24.8863 28.5695 36.9521 25.0412 22.318 52.9018 48.2269 56.6232 58.2721 69.13040000000001 74.3746 67.4691 84.0498 78.875 74.3138 57.6014 37.5321 77.1888 54.9692 12.7026 
15.0236 5.019 0 12.0129 19.8673 23.5931 35.941 30.060200000000002 23.447 48.1346 47.321799999999996 51.6042 53.2531 64.6523 69.3745 62.5203 79.0308 74.2738 69.2948 54.668 37.5956 76.35159999999999 52.0355 17.721600000000002 
10.7473 17.0319 12.0129 0 7.8544 14.1355 24.1051 33.7493 31.9374 36.3204 37.8642 40.2171 41.2402 53.2652 59.7941 63.5736 77.9851 72.0989 74.4091 59.6623 47.960899999999995 65.0393 46.0143 11.4054 
18.2198 24.8863 19.8673 7.8544 0 6.2811 18.5661 30.9964 24.083 28.466 30.0098 33.0919 33.3858 45.508500000000005 58.667500000000004 55.7192 74.9439 73.31269999999999 68.8847 67.4179 55.1589 58.814699999999995 53.8687 18.2728 
24.5009 28.5695 23.5931 14.1355 6.2811 0 12.3479 24.7782 17.8019 24.5415 23.7287 33.4048 33.3346 44.6322 58.9804 62.0003 81.225 79.59379999999999 75.16579999999999 70.5012 60.2311 52.7585 50.5611 24.5539 
34.6137 36.9521 35.941 24.1051 18.5661 12.3479 0 12.4303 18.9463 24.2581 24.1086 35.2659 37.1998 43.8224 60.784000000000006 69.778 89.0027 89.6071 86.4949 81.2834 71.82730000000001 48.7393 60.994 35.5105 
25.916999999999998 25.0412 30.060200000000002 33.7493 30.9964 24.7782 12.4303 0 16.3069 36.6884 36.5389 47.696200000000005 49.630100000000006 56.252700000000004 61.2115 61.7956 80.6473 79.0677 77.0789 68.9176 62.5733 53.332 52.0582 23.1471 
32.3226 22.318 23.447 31.937399999999997 24.083 17.8019 18.9463 16.3069 0 37.2367 40.34 51.2067 51.1365 61.243500000000004 76.78229999999999 78.10249999999999 95.0222 91.9669 88.2233 77.65690000000001 59.8212 67.5813 68.363 35.0206 
46.6858 52.9018 48.1346 36.3204 28.466 24.5415 24.2581 36.6884 37.2367 0 12.4643 22.0985 20.6315 32.7542 47.6741 64.1984 83.22879999999999 84.8709 83.617 85.5198 83.4338 30.3487 60.49210000000001 46.7388 
42.0377 48.2269 47.321799999999996 37.8642 30.0098 23.7287 24.1086 36.5389 40.34 12.4643 0 11.2093 13.1432 20.9035 36.6754 62.8973 70.7645 75.9557 77.8426 84.10679999999999 79.2513 29.0298 48.2364 41.2532 
50.9644 56.6232 51.6042 40.2171 33.0919 33.4048 35.2659 47.696200000000005 51.2067 22.0985 11.2093 0 1.9339 13.0481 25.5756 51.688 66.4769 64.7464 66.63329999999999 73.8867 88.178 36.314 41.1324 51.3647 
49.0507 58.2721 53.2531 41.2402 33.3858 33.3346 37.1998 49.630100000000006 51.1365 20.6315 13.1432 1.9339 0 12.1227 27.509500000000003 53.4636 64.543 66.6715 67.5116 75.3484 86.26429999999999 34.3817 43.0333 51.65860000000001 
61.1734 69.13040000000001 64.6523 53.2652 45.508500000000005 44.6322 43.8224 56.252700000000004 61.243500000000004 32.7542 20.9035 13.0481 12.1227 0 24.5886 55.6948 74.9195 74.2084 76.5637 85.00699999999999 93.6922 32.5738 50.4156 62.1567 
65.0244 74.3746 69.3745 59.7941 58.667500000000004 58.9804 60.784000000000006 61.2115 76.7823 47.6741 36.6754 25.5756 27.509500000000003 24.5886 0 31.1062 50.3309 51.7787 54.2455 74.21719999999999 90.0797 54.0143 40.9467 62.928 
57.479 67.4691 62.5203 63.5736 55.7192 62.0003 69.778 61.7956 78.10249999999999 64.1984 62.8973 51.688 53.4636 55.6948 31.1062 0 19.2247 20.6725 28.752899999999997 44.1103 70.3688 63.6241 20.3462 60.2489 
76.7037 84.0498 79.0308 77.9851 74.9439 81.225 89.0027 80.6473 95.0222 83.22879999999999 70.7645 66.4769 64.543 74.9195 50.3309 19.2247 0 19.0468 27.127200000000002 47.1148 79.2285 79.9368 38.3797 76.20060000000001 
69.97229999999999 78.875 74.2738 72.0989 73.31269999999999 79.59379999999999 89.6071 79.0677 91.9669 84.8709 75.9557 64.7464 66.6715 74.2084 51.7787 20.6725 19.0468 0 8.0804 37.8779 71.0192 84.2966 41.0187 67.2024 
68.0054 74.3138 69.2948 74.4091 68.8847 75.16579999999999 86.4949 77.0789 88.2233 83.617 77.84259999999999 66.63329999999999 67.5116 76.5637 54.2455 28.752899999999997 27.127200000000002 8.0804 0 29.7975 63.6237 86.4867 35.2915 70.77529999999999 
51.915 57.6014 54.668 59.6623 67.4179 70.5012 81.2834 68.9176 77.65690000000001 85.5198 84.10679999999999 73.8867 75.3484 85.00699999999999 74.2172 44.1103 47.1148 37.8779 29.7975 0 35.7524 97.9489 44.463 49.1451 
37.2136 37.5321 37.5956 47.960899999999995 55.1589 60.2311 71.82730000000001 62.5733 59.8212 83.4338 79.2513 88.178 86.26429999999999 93.6922 90.0797 70.3688 79.2285 71.0192 63.6237 35.7524 0 105.061 63.1813 39.9835 
71.0007 77.1888 76.35159999999999 65.0393 58.8147 52.7585 48.7393 53.332 67.5813 30.3487 29.0298 36.314 34.3817 32.5738 54.0143 63.6241 79.9368 84.2966 86.4867 97.9489 105.061 0 63.4534 70.283 
45.0073 54.9692 52.0355 46.0143 53.8687 50.5611 60.994 52.0582 68.363 60.49210000000001 48.2364 41.1324 43.0333 50.4156 40.9467 20.3462 38.3797 41.018699999999995 35.2915 44.463 63.1813 63.4534 0 42.2666 
2.7699 12.7026 17.721600000000002 11.4054 18.2728 24.5539 35.5105 23.1471 35.0206 46.7388 41.2532 51.3647 51.65860000000001 62.1567 62.928 60.2489 76.20060000000001 67.2024 70.77529999999999 49.1451 39.9835 70.283 42.2666 0 
