95
AU BG DI GP DF GA CL BC GQ FP EL EJ BN AZ DU CA BV FU CK CG BT HH GK DP BO GN BA CB EN FV CF DN ER DA FY EZ FN EK FO CO EG BF HC FJ EX FS GX CS GD ES EM AV AT HO GS BK DQ AX AJ DB HP CI GF CW FM HF GC FI GO AF AG DE AW HD HB CU DM DZ ET FR GZ FT DK AD BZ AK HR EO DH FB BM EY AM BQ FD
0 8.0435 18.3089 26.980900000000002 20.4874 37.8834 41.496900000000004 42.593900000000005 46.2886 52.4549 55.2851 41.9171 43.2679 35.9648 23.0323 17.7547 8.9565 15.3941 13.3911 22.246499999999997 22.7347 21.5377 8.5762 15.6656 28.8466 34.4038 41.3395 43.207800000000006 52.362100000000005 51.1208 47.4683 53.6578 52.453199999999995 54.796 52.9699 56.3669 53.596500000000006 42.6513 43.5604 42.599900000000005 64.85499999999999 75.5958 71.93 68.24119999999999 50.3305 42.532700000000006 40.4986 36.197900000000004 39.9773 35.2042 41.8017 38.6402 41.862300000000005 41.28 44.2962 54.6819 51.9467 52.207 67.8202 62.145900000000005 60.855900000000005 70.7116 78.8575 74.3391 63.861 59.0266 57.909800000000004 44.3787 23.2158 8.4924 13.6897 15.7227 16.971400000000003 18.1314 18.829800000000002 16.209 22.6818 34.5873 63.5376 73.0724 78.831 70.3332 69.3742 74.2507 80.46860000000001 80.8164 71.1493 84.7933 89.5661 88.6971 60.548700000000004 79.63419999999999 53.6526 66.8259 6.5297 
8.0435 0 10.2654 21.4988 27.9923 36.4963 33.4534 35.663 39.484300000000005 45.6305 49.5179 35.7314 35.8803 32.090900000000005 24.4904 23.984299999999998 11.1871 10.883 19.9465 26.638199999999998 22.7348 23.8481 16.6197 23.394 36.574999999999996 38.0396 46.8156 45.522 55.5668 55.994600000000005 50.925 56.8016 55.7852 57.63549999999999 57.1164 59.0434 53.9168 45.273700000000005 45.9675 44.3215 65.2617 75.7499 74.3699 69.17609999999999 48.9063 39.8715 32.4551 29.2836 31.9338 27.1607 33.8996 35.9113 39.329899999999995 38.9355 39.0545 51.8577 50.297399999999996 48.8137 64.40270000000001 56.9617 54.8636 62.6681 72.5974 70.6301 59.1502 55.6765 55.0564 38.0941 18.0329 16.535899999999998 21.7332 22.7157 14.3982 10.5078 16.688 21.6851 28.9726 36.6404 59.1615 65.9497 74.7372 67.51089999999999 64.7945 69.67099999999999 77.75540000000001 78.5577 67.6484 80.0654 83.158 82.223 54.9798 75.9428 50.9683 64.34479999999999 12.0058 
18.3089 10.2654 0 11.2334 17.7269 29.431 37.2648 25.3976 29.2189 36.498200000000004 41.9294 26.4816 25.6149 21.8255 28.1029 26.1522 15.9672 13.7843 24.726599999999998 31.293 27.4528 30.8581 26.8851 32.6521 43.1066 48.0452 55.5326 54.0066 62.9515 63.1872 59.2266 64.8615 63.554 64.51 61.6023 63.5524 61.711 52.044399999999996 50.948499999999996 50.4412 72.1056 80.795 78.9895 75.05590000000001 53.9267 41.0109 36.7946 32.2419 31.0559 24.7606 30.4927 29.3063 29.0645 36.303 38.585300000000004 51.466800000000006 51.5423 52.5176 62.6772 58.2555 52.0663 59.995400000000004 67.3211 64.2747 55.0815 48.8274 46.5567 32.1642 22.768 26.8013 26.5781 31.472 23.3868 20.3398 14.1596 13.167 32.5635 34.552 48.8961 62.3028 72.5737 68.0122 65.6397 70.5162 78.99210000000001 82.1935 69.85050000000001 79.1875 80.4353 81.3263 54.746900000000004 77.9556 54.837 54.584500000000006 21.2639 
26.980900000000002 21.4988 11.2334 0 6.4935 18.1976 26.0314 27.1389 22.2601 29.5394 32.2944 37.715 35.911 25.9746 34.8343 35.943799999999996 27.2006 25.017699999999998 33.7972 41.963 36.653 42.091499999999996 34.3099 38.9819 51.1002 54.800799999999995 61.624900000000004 60.609899999999996 65.7852 67.0265 61.9219 68.7441 64.6123 66.3007 63.4332 65.0772 60.6189 49.8974 49.813 51.386 73.04560000000001 78.1672 79.4594 72.6752 49.522 37.6181 28.6101 21.0085 25.2597 25.883499999999998 24.9264 20.2926 29.2935 28.6969 30.477899999999998 44.925399999999996 47.3699 44.1607 54.5933 49.528 41.8141 49.096 57.3421 53.0413 44.5912 37.593999999999994 35.4742 24.2419 23.980999999999998 26.4127 37.811499999999995 39.9359 30.1424 24.665 25.393 19.918 35.0132 28.6687 47.006099999999996 53.6653 62.4509 60.298300000000005 58.727 63.6035 71.4738 76.372 63.335899999999995 70.7736 70.9637 71.2358 47.5293 71.9121 48.1195 43.3511 29.597299999999997 
20.4874 27.9923 17.7269 6.4935 0 17.396 23.0377 22.1065 25.8012 31.9675 36.0512 44.2085 33.3129 23.3765 29.5766 29.4503 24.9765 25.8302 29.7113 35.469500000000004 32.1681 40.452 28.0044 36.153 47.7111 51.276 59.2378 54.1164 65.2226 66.4639 61.801 67.2211 63.7302 66.439 61.379 64.3274 60.3107 50.5852 49.4893 51.6764 71.7215 79.2847 79.4753 73.1174 51.0038 39.653400000000005 32.6282 23.8487 28.9961 20.7384 27.4773 24.9531 24.3956 32.373599999999996 33.5854 46.8073 50.095400000000005 48.342 59.7739 54.3261 46.676 55.5637 62.6607 58.4635 48.1412 41.8246 41.8878 28.7994 22.0603 26.0462 34.1771 36.2101 31.0063 26.871699999999997 20.691499999999998 26.4115 34.211600000000004 22.1752 48.452799999999996 58.9349 67.2434 63.0821 63.3402 66.0797 75.8035 79.1892 66.17609999999999 73.6338 77.117 76.003 50.8175 75.9622 51.8327 49.8446 27.0171 
37.8834 36.4963 29.431 18.1976 17.396 0 7.8338 19.8718 22.2076 22.6693 27.2973 32.893699999999995 20.6939 10.7575 29.3913 33.415800000000004 33.0916 25.6133 36.7188 37.9591 37.3487 43.2136 39.8633 47.1826 58.2661 64.997 72.4228 69.8722 80.97840000000001 80.079 78.354 83.65249999999999 78.5606 82.341 77.7718 79.6119 77.7067 66.9797 65.8838 66.8439 88.1154 95.40809999999999 95.9386 89.3888 67.7196 53.806 46.8077 39.206100000000006 41.6494 38.1344 43.124 38.4902 41.7916 45.086600000000004 46.5389 59.3917 64.7208 61.0856 70.0157 66.6866 55.6772 64.1353 70.5214 62.8487 53.4686 47.5393 46.7544 40.6316 39.4563 43.4422 44.9334 50.1464 43.13889999999999 42.8626 38.087500000000006 38.1156 16.8156 22.340600000000002 50.947199999999995 68.854 76.1314 75.2936 76.1269 78.859 89.49759999999999 93.2969 77.8409 83.5973 84.5901 85.9143 62.9359 89.90299999999999 66.31710000000001 49.7874 37.613 
41.496900000000004 33.4534 37.2648 26.0314 23.0377 7.8338 0 12.038 14.3738 17.224 21.7617 25.0599 28.527700000000003 18.5913 35.3094 31.639200000000002 39.9078 32.4295 41.735 45.7929 43.922399999999996 49.954 46.6644 53.964 66.0999 71.493 77.8371 76.0474 85.9454 87.1867 83.4872 87.5525 85.41640000000001 87.054 84.41669999999999 84.9082 81.9901 72.2608 71.1649 73.4461 93.3499 99.7141 100.9708 94.1846 71.8066 57.6475 49.4694 41.6967 43.5765 37.9901 44.0873 39.4535 35.0958 48.385999999999996 48.5287 61.5219 66.8111 63.9783 71.2777 68.5277 57.2885 62.6982 66.9021 62.1413 52.3746 44.6297 46.1323 39.3338 43.8555 46.933099999999996 51.1186 56.1691 47.851600000000005 43.961200000000005 42.377700000000004 40.0098 23.0207 14.5068 43.1134 63.6881 78.2801 78.1296 78.22579999999999 82.5638 90.2212 95.0021 80.84909999999999 85.4754 84.0703 84.8197 64.9218 92.2122 68.5117 47.0318 45.446799999999996 
42.593900000000005 35.663 25.3976 27.1389 22.1065 19.8718 12.038 0 4.8788 12.158100000000001 17.7861 25.398000000000003 29.4236 30.6293 43.8343 33.5868 40.7428 36.6011 47.6171 51.6981 50.269600000000004 56.255700000000004 50.1109 55.6438 67.4909 71.0625 78.8746 75.5598 85.39160000000001 85.46000000000001 81.7039 84.5394 82.3649 85.01169999999999 81.62210000000002 82.50410000000001 77.3801 67.79 67.7095 68.7126 90.94210000000001 92.78 96.2761 88.4235 65.0534 50.7183 43.513600000000004 42.8621 37.1335 28.8758 32.234 28.8546 35.182500000000005 39.0552 39.7226 52.3498 60.0514 55.6231 61.2632 58.0423 46.7602 55.8634 56.879400000000004 50.1033 41.3716 32.5917 39.1434 28.0658 41.733599999999996 43.7391 51.5653 56.869600000000005 46.6197 42.1526 37.7664 36.8199 30.1821 12.39 33.6184 54.3172 66.4451 68.3994 69.08500000000001 72.3909 83.0295 87.8252 73.1521 73.4915 73.0673 75.02600000000001 54.2352 82.1699 61.6086 36.233 45.369 
46.2886 39.484300000000005 29.2189 22.2601 25.8012 22.2076 14.3738 4.8788 0 7.2793 12.9073 20.5192 24.544800000000002 27.243 46.5064 37.3882 43.2074 40.4789 50.488 55.4995 53.426700000000004 58.3374 52.5883 60.4869 71.2878 74.017 80.9788 77.2145 88.0453 89.28659999999999 84.182 88.48020000000001 85.52680000000001 87.6939 83.36089999999999 82.8161 80.9487 71.4153 70.3194 72.5214 91.98140000000001 93.5354 98.29849999999999 90.5518 66.9273 53.6358 44.3966 43.0418 37.3132 31.8993 33.5645 30.0478 36.5786 39.2458 40.9158 54.0248 61.626000000000005 57.983900000000006 61.228 59.6583 47.504999999999995 50.9846 55.9024 48.1824 46.2504 37.4705 34.2646 28.6772 44.4559 48.6179 55.0492 60.6909 51.4985 46.9251 42.645199999999996 40.5123 33.8546 17.2688 28.7396 55.6397 64.5376 67.5166 68.3214 71.7433 82.3819 88.2526 72.563 72.8335 72.1624 73.025 54.6626 84.072 62.9148 34.7185 49.0987 
52.4549 45.6305 36.498200000000004 29.5394 31.9675 22.6693 17.224 12.158100000000001 7.2793 0 5.628 13.2399 22.4069 30.5324 51.0532 42.4374 48.8357 47.7582 55.9392 59.509 57.6416 64.97370000000001 59.867599999999996 65.4971 78.3145 79.2795 88.2525 83.4673 94.5735 95.0718 90.81569999999999 94.6705 91.3845 94.1475 87.3205 88.7459 86.861 75.3807 76.31909999999999 79.0132 98.2404 99.8571 102.7789 96.1801 71.2875 59.3962 51.3444 42.5649 44.0653 38.9043 39.7363 35.1025 29.4037 45.2559 44.1094 57.2916 67.3584 62.5419 66.3944 63.6228 51.6087 54.0815 57.0761 51.379400000000004 46.6598 36.4073 41.5439 33.1863 49.6676 54.686099999999996 60.6775 65.6556 56.4496 54.2044 48.7943 46.6821 39.484899999999996 24.5481 31.7822 55.8651 66.6468 71.1548 72.2708 77.1473 86.23060000000001 92.2395 75.6759 76.5465 71.9527 76.57390000000001 58.6495 86.8962 67.9695 33.2629 56.361399999999996 
55.2851 49.5179 41.9294 32.2944 36.0512 27.2973 21.7617 17.786099999999998 12.9073 5.628 0 17.7835 26.7613 36.160399999999996 55.6801 48.0654 54.4637 52.2175 60.4791 65.137 63.2696 70.0779 62.8603 70.74380000000001 81.5607 84.8668 92.9447 86.8128 97.5435 96.3022 94.2163 96.6607 93.0056 96.786 89.9261 91.2661 89.434 79.2942 79.0517 81.7676 100.3905 101.4371 104.9998 99.2197 74.1011 59.9576 52.0064 44.8744 44.4941 38.6664 41.3849 40.7305 35.0317 45.6747 46.2391 57.928 68.8069 62.6393 65.6135 62.7138 50.217099999999995 48.4535 53.9701 46.4515 41.0318 30.7793 38.5326 38.6958 52.9384 58.573499999999996 65.6354 70.9623 61.3751 55.8977 52.681700000000006 51.9631 44.112899999999996 26.4601 26.1542 51.4102 66.8645 71.1281 74.66319999999999 77.9984 86.3391 92.63 74.7647 74.1818 71.1421 74.45870000000001 60.067 88.2329 69.1395 35.0373 59.3556 
41.9171 35.7314 26.4816 37.715 44.2085 32.893699999999995 25.0599 25.398000000000003 20.5192 13.2399 17.7835 0 35.6468 36.5689 47.891799999999996 44.8112 41.5308 35.5659 46.2656 47.9751 46.4348 55.779399999999995 50.4933 57.582699999999996 69.133 72.3045 79.9477 78.62299999999999 88.4548 88.769 85.7082 89.911 89.0693 89.29490000000001 83.9055 85.5828 82.6611 72.9606 71.8647 74.4201 95.0973 100.00319999999999 101.38470000000001 95.7397 72.3604 59.237399999999994 52.528999999999996 43.8672 42.7733 37.8912 44.6301 41.8929 32.891999999999996 48.74419999999999 47.51820000000001 61.3489 66.0855 62.9986 69.3419 65.9284 53.8524 59.6789 64.80539999999999 59.85340000000001 50.770199999999996 40.5177 43.4189 37.0851 44.804 50.409499999999994 53.0597 56.1204 49.8684 45.7744 39.5942 39.6486 41.7304 37.788000000000004 39.5511 60.8294 73.6082 76.52629999999999 76.8781 79.2767 89.9153 95.1675 78.2875 81.6812 81.3402 83.2035 62.1245 89.8914 68.9647 44.4942 47.7372 
43.2679 35.8803 25.6149 35.911 33.3129 20.6939 28.5277 29.4236 24.544800000000002 22.4069 26.7613 35.6468 0 9.9364 32.927499999999995 25.5968 34.3114 31.377 41.6904 42.5195 42.822300000000006 48.1768 47.994699999999995 53.7451 65.7386 71.2274 78.4194 78.5363 88.5664 87.7843 83.8363 89.4681 88.0837 89.0921 87.21719999999999 88.6653 84.7525 74.0229 73.9338 76.0561 97.16640000000001 103.3426 102.887 97.463 75.7867 61.7083 59.4143 52.437599999999996 51.653 48.4019 47.3507 42.7169 50.6832 52.917500000000004 53.5761 67.5912 71.2325 70.15780000000001 78.257 74.0695 61.7702 67.4872 72.8346 68.0776 59.8196 49.5671 53.393299999999996 43.0884 47.5105 44.5117 44.2135 55.8583 48.6208 43.5862 39.774499999999996 38.7819 37.5095 34.2349 47.9447 70.9481 83.076 82.2551 83.30539999999999 87.4135 95.273 102.3691 85.9798 89.7229 89.9936 91.65690000000001 68.9165 97.2618 75.4241 53.942499999999995 46.8788 
35.9648 32.090900000000005 21.8255 25.9746 23.3765 10.7575 18.5913 30.6293 27.243 30.5324 36.160399999999996 36.5689 9.9364 0 23.0366 35.5332 27.0083 34.486599999999996 35.7677 32.7299 38.3085 40.0135 40.691599999999994 49.09649999999999 56.8258 66.42009999999999 72.2024 73.4169 83.5292 83.75710000000001 79.9707 85.8416 82.09 85.64789999999999 82.2736 85.3779 82.53059999999999 72.864 71.7681 72.22399999999999 93.9311 100.4754 100.7597 95.8823 74.3517 61.9654 54.5847 46.9831 49.9825 41.7248 48.4637 44.6054 46.8913 53.4996 54.1908 67.9956 71.082 69.0914 79.0797 75.5026 66.2524 73.6995 79.5006 72.5994 64.2261 58.2968 56.4705 45.8515 44.593500000000006 44.4572 38.8501 48.33109999999999 42.1607 38.5396 33.3721 34.9925 27.5731 33.0981 55.3994 75.2284 86.8889 85.0897 83.6664 87.4567 97.44839999999999 100.2717 87.9028 93.9845 93.2718 95.9372 70.6879 96.872 73.94489999999999 59.3614 38.546 
23.0323 24.4904 28.1029 34.8343 29.5766 29.3913 35.3094 43.8343 46.5064 51.0532 55.6801 47.891799999999996 32.927499999999995 23.0366 0 12.6038 17.404 14.6138 13.8197 19.3164 15.271899999999999 22.5472 26.9067 31.9258 40.2411 53.2971 58.706 60.8718 71.8642 70.9196 68.85470000000001 75.2792 72.1677 74.3546 75.6439 76.8804 75.2919 64.6184 64.5227 63.1642 85.2102 97.6208 93.4902 89.153 71.9946 61.8633 56.8268 50.1568 55.6849 48.6163 54.3522 53.3347 53.9722 60.1306 62.5443 74.6477 73.6965 72.2524 87.2024 80.0577 75.0933 83.93029999999999 91.1761 87.8754 76.5616 69.7111 69.2968 56.177 42.3699 31.5247 19.6478 29.6402 35.1658 32.2229 28.4458 28.038700000000002 13.6522 35.2935 72.00800000000001 86.2884 95.5343 89.6613 88.1652 93.04169999999999 101.0497 103.0058 92.0207 101.5 105.5343 105.5796 78.7787 100.4324 74.4508 77.30330000000001 27.7596 
17.7547 23.984299999999998 26.1522 35.943799999999996 29.4503 33.415800000000004 31.639200000000002 33.5868 37.3882 42.4374 48.0654 44.8112 25.5968 35.5332 12.6038 0 16.4614 17.3151 17.9456 18.1113 17.3905 25.6744 26.3309 30.5509 40.1418 52.1585 57.3311 59.0957 67.6207 68.862 65.223 71.4125 69.3599 71.5733 70.3546 73.59150000000001 68.777 58.576 59.6719 58.869600000000005 81.0295 89.8912 88.2502 83.139 65.8749 54.7829 49.2939 40.5144 45.6563 39.665 45.393299999999996 43.1102 42.5734 49.8053 53.6421 66.0672 63.9763 64.3304 76.3392 73.0741 65.8702 73.6254 81.8115 76.4173 66.1963 59.405 59.9383 47.9703 39.536 24.8126 21.4193 33.064099999999996 33.1084 31.8638 26.883899999999997 27.104799999999997 16.6002 23.8411 60.897 77.5424 85.3725 81.1631 80.0059 84.4208 91.97540000000001 95.6465 82.8418 92.51820000000001 95.6106 94.106 68.3124 90.6432 66.9282 68.5457 24.284399999999998 
8.9565 11.1871 15.9672 27.2006 24.9765 33.0916 39.907799999999995 40.7428 43.2074 48.8357 54.4637 41.5308 34.3114 27.0083 17.404 16.4614 0 7.478300000000001 8.7594 15.4511 14.8189 16.138 13.6833 22.0882 33.9264 40.3338 47.673700000000004 49.4021 59.4948 60.0773 56.1442 61.2579 59.0412 61.3659 60.8982 63.1278 60.4719 50.6023 50.5064 49.4112 71.5465 83.4811 79.8588 76.1947 59.0363 49.2228 42.5081 39.2946 43.1209 38.3478 45.0867 43.4594 45.0317 46.3671 50.2416 61.677099999999996 58.8958 59.7622 73.539 67.104 65.0158 73.8552 83.06219999999999 78.5116 68.0424 61.1976 61.840999999999994 45.7934 27.4328 17.448900000000002 11.8418 23.4866 21.082 21.694899999999997 17.943 20.9584 17.9255 28.3528 63.8174 75.7735 84.89609999999999 77.574 75.8592 78.6608 86.3204 89.0746 78.6751 90.18459999999999 94.3451 93.3955 64.0429 85.6082 62.1554 68.3883 14.1251 
15.3941 10.883 13.7843 25.017699999999998 25.8302 25.6133 32.4295 36.6011 40.4789 47.7582 52.2175 35.5659 31.377 34.486599999999996 14.6138 17.3151 7.478300000000001 0 11.1055 17.9713 13.6685 22.9555 19.5393 27.587200000000003 36.536 42.7915 50.2229 50.4879 61.594100000000005 61.8479 58.41460000000001 63.3885 62.0569 63.4305 62.5856 64.779 63.0889 52.0229 52.9741 51.0922 73.2484 84.6755 81.42240000000001 77.6182 58.527 48.2495 43.3381 36.9131 41.3457 35.9775 41.6546 41.0508 41.5162 46.8738 49.903400000000005 61.1623 60.082699999999996 59.6913 73.9587 67.6996 63.6804 72.9916 80.6573 76.738 66.8615 62.61169999999999 59.008399999999995 44.3197 28.9159 17.9848 19.3201 24.5331 20.6761 18.2629 24.4134 13.4801 18.779200000000003 25.7574 62.6804 74.4117 82.8598 76.2355 74.6423 79.5188 88.50630000000001 89.44069999999999 77.497 88.4773 93.5193 92.49260000000001 65.5341 86.8186 60.837 68.3688 16.199 
13.3911 19.9465 24.726599999999998 33.7972 29.7113 36.7188 41.735 47.6171 50.488 55.9392 60.4791 46.2656 41.6904 35.7677 13.8197 17.9456 8.7594 11.1055 0 8.8554 15.603299999999999 20.5319 21.9673 19.1309 26.5803 39.4774 45.911100000000005 48.2504 59.0693 58.2108 56.1713 61.4886 62.231500000000004 61.8456 63.7127 66.0472 62.4977 54.749399999999994 55.845299999999995 51.3427 73.1763 85.5479 80.4319 77.5871 63.6016 54.8771 49.703900000000004 44.362 50.068 47.083 49.9182 49.7601 50.8285 53.2516 57.282 66.9893 65.3378 65.5981 80.0834 74.5093 72.0232 81.2312 88.6373 86.01769999999999 74.5612 69.92609999999999 68.2508 54.4669 34.312200000000004 21.883499999999998 19.729 15.8205 28.7972 25.4619 19.2817 19.3039 20.5425 35.8585 72.57679999999999 83.1847 91.8287 82.7083 81.7535 84.533 91.8109 94.2075 83.5401 95.8672 101.3686 100.2891 70.5202 91.956 65.9744 77.1477 17.9471 
22.246499999999997 26.638199999999998 31.293 41.963 35.469500000000004 37.9591 45.7929 51.6981 55.4995 59.509 65.137 47.9751 42.5195 32.7299 19.3164 18.1113 15.4511 17.9713 8.8554 0 6.7479000000000005 11.6765 20.59 26.1418 30.993100000000002 46.289100000000005 49.5672 55.5186 63.9242 65.1127 61.1415 68.7095 67.22030000000001 69.3012 70.718 73.05250000000001 70.6113 61.668800000000005 61.617200000000004 59.4722 80.0564 92.9792 88.3747 84.7917 71.0946 62.4841 57.429 53.0327 57.720299999999995 53.798899999999996 57.161 56.7749 58.4118 60.7306 63.6024 75.6913 72.1346 73.50399999999999 87.7392 82.16159999999999 79.266 86.8581 96.5163 92.63170000000001 82.7205 75.1398 73.8901 60.1524 40.7825 27.9394 10.8736 21.0497 29.3524 29.2719 27.0068 26.9562 26.2681 41.6856 79.00829999999999 91.2071 98.224 91.5637 89.5446 93.3665 100.6663 101.84110000000001 92.3724 104.6138 108.8723 107.8077 79.1996 98.6793 74.8298 81.9828 24.325 
22.734699999999997 22.7348 27.4528 36.653 32.1681 37.3487 43.922399999999996 50.269600000000004 53.426700000000004 57.6416 63.2696 46.4348 42.8223 38.308499999999995 15.271899999999999 17.3905 14.8189 13.6685 15.6033 6.7479000000000005 0 10.9873 17.859 21.7708 29.487499999999997 43.19 48.551 52.2729 61.7092 62.0124 58.8112 64.3292 64.0673 65.791 66.92490000000001 69.2594 66.9905 56.7494 56.6552 54.667 77.6906 90.2722 84.6597 80.9627 65.9892 58.3763 55.1899 48.9882 52.5894 49.307599999999994 53.3994 54.135400000000004 54.988 56.8449 61.6482 70.6845 69.09009999999999 69.3656 85.1372 77.1345 74.5034 83.252 93.3265 89.2348 78.8023 73.5815 71.4679 57.6118 37.7695 28.032000000000004 17.6215 19.0001 30.4117 25.1641 26.145 23.990000000000002 21.1283 38.1034 74.3299 87.5672 95.38719999999999 87.4387 84.448 88.2768 95.5618 97.7269 87.2831 99.5205 103.8838 103.9027 76.2334 95.5717 70.7734 80.0041 20.2516 
21.5377 23.8481 30.8581 42.091499999999996 40.452 43.2136 49.954 56.255700000000004 58.3374 64.97370000000001 70.0779 55.779399999999995 48.1768 40.0135 22.5472 25.6744 16.138 22.9555 20.5319 11.6765 10.9873 0 12.9615 21.3664 19.3166 39.9447 47.1571 47.9424 54.926500000000004 53.6852 50.8497 57.4152 58.559799999999996 58.007 60.1153 62.4934 62.0486 51.8945 52.9904 50.8759 70.3347 84.1297 79.8565 75.5163 63.8269 57.7628 52.9399 48.4987 53.2227 51.008799999999994 56.614799999999995 57.032300000000006 57.8586 58.7726 60.4643 71.15350000000001 65.9714 67.9366 84.36720000000001 77.4007 75.6537 86.2293 93.912 91.6971 80.2172 76.2444 74.13080000000001 60.346900000000005 35.6391 21.9345 22.5501 28.9313 29.464 25.107599999999998 27.495699999999996 27.611199999999997 30.5075 44.4908 79.5339 89.70230000000001 94.847 86.3686 82.9651 87.8416 94.6473 94.8648 85.7524 100.3021 104.7135 103.1346 73.7673 93.5634 67.5818 82.7468 17.9319 
8.5762 16.6197 26.8851 34.3099 28.0044 39.8633 46.6644 50.1109 52.5883 59.867599999999996 62.8603 50.4933 47.994699999999995 40.691599999999994 26.9067 26.3309 13.6833 19.5393 21.9673 20.59 17.859 12.9615 0 8.4049 21.5859 27.8417 35.1851 36.1936 47.299800000000005 48.54110000000001 42.9505 50.518499999999996 49.292 50.992900000000006 50.2946 53.6916 51.1794 41.0788 42.0375 40.3915 61.9844 74.45490000000001 70.5288 67.7258 53.348800000000004 44.8013 39.9784 38.2743 43.0768 38.9296 43.857 45.5713 48.0923 47.0595 50.610299999999995 59.381 56.634499999999996 54.9751 72.5816 64.5405 65.5603 75.18350000000001 83.1754 81.3603 70.9191 66.6117 62.7746 49.6572 24.8964 10.173 10.9213 22.5661 17.5841 12.1461 14.534199999999998 24.7852 29.761499999999998 40.4341 70.566 78.30250000000001 84.337 73.4071 71.0084 75.88489999999999 82.47120000000001 82.0031 75.9656 87.5313 94.3409 91.5009 61.9817 81.6151 55.6335 73.6355 15.1059 
15.6656 23.394 32.6521 38.9819 36.153 47.1826 53.964 55.6438 60.4869 65.4971 70.74380000000001 57.582699999999996 53.7451 49.0965 31.9258 30.5509 22.0882 27.587200000000003 19.1309 26.1418 21.7708 21.3664 8.4049 0 13.181 33.8091 26.7802 31.711299999999998 39.9384 41.179700000000004 37.0404 44.608399999999996 44.5905 45.2294 45.8762 49.273199999999996 47.202799999999996 38.9096 37.8137 37.2595 57.129000000000005 70.0217 64.361 61.297 50.7833 44.195 43.2752 40.5538 46.1747 43.1826 47.6249 50.335 53.4453 49.0247 55.8737 60.9618 56.0282 55.6934 73.0845 66.8169 68.6006 78.6604 87.7253 84.3788 74.0406 70.4483 67.0807 54.116 29.129399999999997 18.5779 19.3262 25.5381 19.3671 20.5271 22.586 20.0673 38.1664 45.3913 75.8698 82.1313 86.97510000000001 75.2122 71.4236 75.0482 82.24799999999999 81.83439999999999 75.135 89.0392 95.7461 95.1139 65.8177 81.4539 57.5873 78.766 11.3882 
28.8466 36.575 43.1066 51.1002 47.7111 58.2661 66.0999 67.4909 71.2878 78.3145 81.5607 69.133 65.7386 56.8258 40.2411 40.1418 33.9264 36.536 26.5803 30.993100000000002 29.487499999999997 19.3166 21.5859 13.181 0 20.6281 29.8704 30.1505 39.169700000000006 38.1612 36.1264 42.5463 42.2237 44.9487 48.019 50.3958 51.766 43.798 42.7021 40.593900000000005 57.2617 74.5231 64.2392 64.7396 56.877 54.586 56.456199999999995 51.9801 57.545 55.03 59.2241 61.6729 63.9747 60.1536 64.3717 70.8415 66.4192 65.9425 83.8517 77.4343 78.6546 88.923 98.9974 95.9513 85.6984 83.5458 80.03960000000001 65.96340000000001 37.6781 26.2725 22.0846 33.7294 32.5481 33.7081 32.3502 33.2483 45.5539 58.5723 86.9315 91.8077 95.7739 84.4604 81.55279999999999 84.57809999999999 89.613 88.5622 82.635 99.63419999999999 106.1524 104.37180000000001 73.508 87.5476 65.7758 91.8332 24.5692 
34.4038 38.0396 48.0452 54.800799999999995 51.276 64.997 71.493 71.0625 74.017 79.2795 84.8668 72.3045 71.2274 66.42009999999999 53.2971 52.1585 40.3338 42.7915 39.4774 46.289100000000005 43.19 39.9447 27.8417 33.8091 20.6281 0 9.2423 22.703 26.4215 26.5095 25.8023 23.5832 22.7541 24.3206 29.605200000000004 30.8048 31.137900000000002 26.248600000000003 27.344500000000004 19.9658 38.9332 53.895 48.297799999999995 45.1486 43.0724 40.5968 42.3979 44.7958 48.4828 50.942499999999995 52.2109 55.9565 61.8816 56.7428 54.264 58.4659 48.7133 50.9609 70.2709 63.4451 68.5847 80.2555 89.16120000000001 88.3541 78.8639 76.5738 72.7126 59.0599 31.9284 38.0147 36.8842 25.2394 24.6584 30.1358 35.4746 37.553399999999996 56.0847 58.6725 84.17830000000001 81.7075 84.1662 68.3056 64.6994 67.8042 71.6967 70.6819 68.5659 85.7842 94.706 90.8939 61.870000000000005 70.279 49.8764 86.4986 27.8741 
41.3395 46.8156 55.5326 61.624900000000004 59.2378 72.4228 77.8371 78.8746 80.9788 88.2525 92.9447 79.9477 78.4194 72.2024 58.706 57.3311 47.673700000000004 50.2229 45.911100000000005 49.5672 48.551 47.1571 35.1851 26.7802 29.8704 9.2423 0 14.4483 17.6328 17.7357 22.5356 22.5287 23.2299 25.3962 30.7086 32.8836 33.1446 30.1102 30.0712 27.7827 39.3286 57.1121 49.53530000000001 46.8311 48.198 49.8391 50.3262 54.0381 57.7251 59.0142 61.4532 63.8653 68.6541 59.229 63.2386 66.6037 54.211 57.8963 77.2063 69.97030000000001 76.3168 87.0052 96.86850000000001 96.27499999999999 86.79220000000001 85.8161 79.8003 67.2636 41.1707 35.2122 46.1064 34.481700000000004 33.9007 39.3781 44.716899999999995 42.3656 61.4541 66.4846 90.597 89.3712 91.2761 74.6772 71.8966 76.6223 76.9291 74.9144 73.0922 92.0547 101.6414 96.6096 67.8203 75.4939 55.0823 95.6526 34.8098 
43.2078 45.522 54.0066 60.609899999999996 54.1164 69.8722 76.0474 75.5598 77.2145 83.4673 86.8128 78.62299999999999 78.5363 73.4169 60.8718 59.0957 49.4021 50.4879 48.2504 55.5186 52.2729 47.9424 36.1936 31.711299999999998 30.1505 22.703 14.4483 0 11.1062 12.3475 16.009 16.2046 15.3629 14.7993 19.3261 21.6227 26.909100000000002 19.6172 18.5855 13.3344 30.3896 44.8648 35.1083 35.966499999999996 36.9664 40.403800000000004 41.8177 45.8112 51.5398 52.935700000000004 52.903 55.7814 62.5756 55.575100000000006 54.7301 55.578500000000005 43.2248 48.392700000000005 66.3053 58.9451 70.7756 79.6466 86.182 87.3809 78.25789999999999 77.0778 72.6336 61.1567 42.9505 35.303200000000004 44.713 34.4689 31.2644 36.0665 41.2282 46.3574 64.18639999999999 63.6371 84.5507 82.15790000000001 80.4164 63.3904 60.494699999999995 62.2747 65.1404 64.4456 62.63719999999999 81.0043 90.92490000000001 86.6196 58.977599999999995 63.647600000000004 44.9649 87.2063 36.6781 
52.362100000000005 55.5668 62.9515 65.7852 65.2226 80.97840000000001 85.9454 85.39160000000001 88.0453 94.5735 97.5435 88.4548 88.5664 83.5292 71.8642 67.6207 59.4948 61.594100000000005 59.0693 63.9242 61.7092 54.926500000000004 47.299800000000005 39.9384 39.169700000000006 26.4215 17.6328 11.1062 0 1.2413 4.9028 10.3118 8.4309 7.7634 18.4362 20.0181 18.9468 22.7739 23.8698 18.1474 22.289 42.0674 34.2181 31.621 39.4598 45.216800000000006 49.1107 56.370900000000006 57.9801 61.278200000000005 61.7978 64.919 69.3922 58.0565 61.640100000000004 60.0753 47.1575 52.903800000000004 69.0327 61.9597 72.7698 84.45960000000001 92.61059999999999 92.1674 84.70450000000001 84.5116 79.92660000000001 69.0775 47.7635 45.872800000000005 54.318 45.304300000000005 41.3685 45.059 51.2392 52.4504 73.9996 74.74329999999999 92.3571 85.1407 83.2421 67.3251 63.1068 64.2558 66.6331 61.2926 63.7211 83.6139 94.85759999999999 89.90780000000001 62.0061 63.2224 47.5277 94.4801 47.7843 
51.1208 55.994600000000005 63.1872 67.0265 66.4639 80.079 87.1867 85.46000000000001 89.28659999999999 95.0718 96.3022 88.769 87.7843 83.75710000000001 70.9196 68.862 60.0773 61.8479 58.2108 65.1127 62.0124 53.6852 48.5411 41.179700000000004 38.1612 26.5095 17.7357 12.3475 1.2413 0 6.1441 11.5531 9.6722 9.0047 17.1949 18.7768 19.0616 24.0152 25.1111 18.3665 23.5303 42.073 35.218 30.3797 40.3137 44.4031 49.3387 56.6107 56.7388 60.0369 62.3048 65.28479999999999 70.6335 59.2978 60.8406 60.2079 48.3988 51.9107 69.2066 62.14 72.9773 83.4923 91.7903 92.3756 84.92360000000001 85.7499 79.9418 69.3289 47.9826 44.6315 54.5118 44.063 41.5964 46.3003 52.0497 53.691700000000004 73.8026 74.8357 92.43430000000001 86.38199999999999 83.4157 67.7119 63.3703 65.49709999999999 65.7443 62.3865 64.8963 83.7679 93.7393 90.2373 63.247400000000006 63.3692 48.769000000000005 94.7273 49.0256 
47.4683 50.925 59.2266 61.9219 61.801 78.354 83.4872 81.7039 84.182 90.81569999999999 94.2163 85.7082 83.8363 79.9707 68.85470000000001 65.223 56.1442 58.41460000000001 56.1713 61.1415 58.8112 50.8497 42.9505 37.0404 36.1264 25.8023 22.5356 16.009 4.9028 6.1441 0 7.568 12.6599 12.6662 15.5976 17.5629 18.2106 19.4251 19.4331 23.0502 24.7932 40.5101 29.3153 31.9067 36.824600000000004 40.6293 47.7685 52.471000000000004 55.873599999999996 57.8439 59.8818 60.0162 65.5238 56.4149 56.9212 56.7265 45.238600000000005 49.5382 66.073 60.2201 72.7352 79.8569 89.2445 89.71209999999999 81.5001 82.0167 76.0224 64.1747 48.2628 47.7384 52.7782 41.1334 37.8264 43.3038 46.5986 47.5476 69.0968 70.5296 88.7855 83.2519 81.2828 64.497 60.340500000000006 61.7941 63.6555 60.761700000000005 62.242000000000004 80.9993 91.9374 87.0641 59.8199 60.3968 45.859 89.7331 45.0691 
53.6578 56.8016 64.8615 68.7441 67.2211 83.65249999999999 87.5525 84.5394 88.48020000000001 94.6705 96.6607 89.911 89.4681 85.8416 75.2792 71.4125 61.2579 63.3885 61.4886 68.7095 64.3292 57.4152 50.518499999999996 44.608399999999996 42.5463 23.5832 22.5287 16.2046 10.3118 11.5531 7.568 0 5.0919 8.8723 16.2564 14.3351 15.1315 22.1877 22.2877 17.3581 17.2252 35.8776 31.3519 25.386 35.0482 43.8345 50.4305 54.8129 58.1186 62.7214 60.2673 64.5216 69.2027 57.1266 60.551700000000004 57.786300000000004 45.6396 51.1856 67.2347 59.2578 71.92479999999999 83.4311 89.3955 90.317 83.2049 84.61779999999999 77.5652 68.521 45.1608 50.474900000000005 59.3377 47.6929 45.2871 47.3031 52.4701 55.1156 75.2112 75.8337 91.5678 84.0098 80.3254 62.8131 59.678799999999995 60.6859 61.5499 56.8724 61.2045 80.2587 91.73899999999999 86.4381 60.6315 58.0138 45.8761 93.50739999999999 51.0154 
52.453199999999995 55.7852 63.554 64.6123 63.7302 78.5606 85.41640000000001 82.3649 85.52680000000001 91.3845 93.0056 89.0693 88.0837 82.09 72.1677 69.3599 59.0412 62.0569 62.231500000000004 67.22030000000001 64.0673 58.559799999999996 49.292 44.5905 42.2237 22.7541 23.2299 15.3629 8.4309 9.6722 12.6599 5.0919 0 3.7804 11.1645 14.5615 11.5462 17.0958 18.1917 20.0795 16.1791 35.3755 29.8571 23.6333 31.0602 39.837999999999994 45.372600000000006 51.515600000000006 53.0607 57.6635 56.3193 59.5979 66.4173 53.0995 55.4598 52.6944 40.5477 47.2257 62.2024 55.2657 66.8329 78.4225 85.3297 87.62790000000001 79.11689999999999 79.5259 74.561 63.5662 45.8313 45.5664 59.0624 47.9935 42.5388 45.6139 50.7756 50.6523 73.7911 71.3823 87.667 78.9179 76.3952 60.0154 54.7956 57.009 58.2167 53.8768 57.6192 75.4782 86.6471 81.5893 55.5396 54.7915 40.7842 88.4366 45.9235 
54.796 57.63549999999999 64.51 66.3007 66.439 82.341 87.054 85.01169999999999 87.6939 94.1475 96.786 89.29490000000001 89.0921 85.64789999999999 74.3546 71.5733 61.3659 63.4305 61.8456 69.3012 65.791 58.007 50.992900000000006 45.2294 44.9487 24.3206 25.3962 14.7993 7.7634 9.0047 12.6662 8.8723 3.7804 0 13.2543 16.6513 14.786999999999999 20.8762 21.5596 16.2991 15.5903 35.3054 31.9469 27.4137 34.840599999999995 41.2741 47.0822 54.9037 54.7228 58.749 60.0997 63.3783 69.1949 56.8799 59.1991 55.0854 42.8333 50.8411 65.91380000000001 58.4893 70.6133 79.6716 89.1101 89.7284 81.6973 82.2079 76.1518 66.311 44.4909 46.7607 59.5123 48.2515 44.916000000000004 47.1277 52.2758 53.1916 75.1577 75.1627 89.1303 82.6983 80.1756 60.9323 57.886900000000004 58.7699 59.5949 57.338100000000004 59.8754 77.3521 88.6948 83.5219 57.8657 56.0571 42.9988 91.1079 48.2663 
52.9699 57.1164 61.6023 63.4332 61.379 77.7718 84.41669999999999 81.6221 83.3609 87.3205 89.9261 83.9055 87.21719999999999 82.2736 75.6439 70.3546 60.8982 62.5856 63.7127 70.718 66.92490000000001 60.1153 50.2946 45.8762 48.019 29.605200000000004 30.7086 19.3261 18.4362 17.1949 15.5976 16.2564 11.1645 13.2543 0 3.397 10.354099999999999 17.064300000000003 17.1267 18.1189 18.455 29.8868 21.2295 17.7408 23.5579 34.319900000000004 40.7244 46.1637 47.4913 53.4638 54.6785 57.4311 62.3583 49.2491 51.1155 46.7479 37.157700000000006 38.128 55.7444 47.6506 60.2157 71.9078 78.1848 80.9713 72.9101 74.094 68.8518 60.0814 42.737 45.6008 61.174400000000006 51.9743 44.650800000000004 46.6086 51.7703 51.2384 74.679 71.1192 81.2404 73.3454 68.4907 53.1963 46.5186 51.3951 49.5658 47.006699999999995 51.6997 68.2013 79.9779 73.3767 54.2042 49.0781 33.208 84.2233 49.05330000000001 
56.3669 59.0434 63.5524 65.0772 64.3274 79.6119 84.9082 82.50410000000001 82.8161 88.7459 91.2661 85.5828 88.6653 85.3779 76.8804 73.5915 63.1278 64.779 66.0472 73.05250000000001 69.2594 62.4934 53.6916 49.273199999999996 50.3958 30.8048 32.8836 21.6227 20.0181 18.7768 17.5629 14.3351 14.5615 16.6513 3.397 0 13.751100000000001 20.4613 20.523699999999998 14.7219 21.852 26.4898 17.8325 14.3438 23.547 33.7922 41.889799999999994 48.427 48.5481 53.6283 55.6796 56.4194 63.415099999999995 48.8557 51.8103 46.737 38.3231 41.525 55.7076 50.357 62.7457 72.4651 78.1298 80.93100000000001 74.1378 74.7649 69.7903 61.1382 44.338 48.8294 63.3341 52.7774 46.2435 48.753499999999995 53.651500000000006 54.6354 77.96449999999999 71.5442 83.0135 71.8413 68.0002 51.118300000000005 45.767 50.6435 48.2248 43.6097 48.3027 66.3817 78.0336 72.64 51.88249999999999 45.6811 33.0518 84.5052 50.1401 
53.596500000000006 53.9168 61.711 60.6189 60.3107 77.7067 81.9901 77.3801 80.9487 86.861 89.434 82.6611 84.7525 82.53059999999999 75.2919 68.777 60.4719 63.0889 62.4977 70.6113 66.9905 62.0486 51.1794 47.202799999999996 51.766000000000005 31.137900000000002 33.1446 26.909100000000002 18.9468 19.0616 18.2106 15.1315 11.5462 14.786999999999999 10.354099999999999 13.7511 0 18.597 18.659399999999998 24.879800000000003 19.9877 27.733 20.4531 28.0949 21.4703 31.1479 39.2156 44.5704 45.7677 50.7676 51.5621 53.6264 60.634699999999995 46.1693 49.166 44.66030000000001 40.6203 36.0541 53.656800000000004 49.0376 59.4978 68.2996 76.101 79.0445 69.9077 72.19 66.9361 58.3578 42.846199999999996 45.1041 59.7377 50.5505 44.4262 49.507299999999994 49.7482 55.053999999999995 75.7124 69.9919 79.3672 69.7698 66.3947 48.7177 48.5168 50.068 47.6863 43.5566 46.073 65.1272 77.7964 71.3066 52.116600000000005 44.3076 37.305099999999996 80.9501 47.5323 
42.6513 45.273700000000005 52.044399999999996 49.8974 50.5852 66.9797 72.2608 67.79 71.4153 75.3807 79.2942 72.9606 74.0229 72.864 64.6184 58.576 50.6023 52.0229 54.749399999999994 61.668800000000005 56.7494 51.8945 41.0788 38.9096 43.798 26.248600000000003 30.1102 19.6172 22.7739 24.0152 19.4251 22.1877 17.0958 20.8762 17.064300000000003 20.4613 18.597 0 1.0959 6.2828 24.328500000000002 37.4859 31.1507 26.784200000000002 18.4191 23.6459 29.4313 34.4198 40.019800000000004 41.593 40.4567 43.8253 49.6469 37.0367 39.3658 37.3014 26.8331 30.1299 47.891 41.6939 53.310100000000006 62.6256 69.8367 71.4875 63.1629 64.4613 58.421099999999996 48.7104 31.782400000000003 37.8505 50.9083 42.5222 32.881 34.7659 40.4415 40.1993 63.6198 58.9066 71.57300000000001 65.9728 63.1008 46.9038 41.8797 46.5784 51.1551 46.956 44.0182 63.2996 73.53190000000001 68.0273 40.3948 45.3837 26.4339 73.3438 39.1978 
43.5604 45.9675 50.948499999999996 49.813 49.4893 65.8838 71.1649 67.7095 70.3194 76.31909999999999 79.0517 71.8647 73.9338 71.7681 64.5227 59.6719 50.5064 52.9741 55.845299999999995 61.617200000000004 56.6552 52.9904 42.0375 37.8137 42.7021 27.344500000000004 30.0712 18.5855 23.8698 25.1111 19.4331 22.2877 18.1917 21.5596 17.1267 20.523699999999998 18.659399999999998 1.0959 0 7.3787 23.2326 36.39 30.0548 25.6883 19.515 22.55 28.3354 34.3537 39.0141 40.4971 41.5526 43.7656 49.585 36.9896 40.4617 38.3973 27.929000000000002 31.2258 47.9017 42.7898 54.406000000000006 63.7215 69.824 70.3916 62.067 64.6748 57.3676 47.6211 30.686500000000002 36.754599999999996 52.0042 43.6181 33.9769 35.8618 39.3456 40.1042 62.5239 57.8107 71.7713 64.94460000000001 63.1115 45.8079 41.9092 46.604200000000006 52.251 45.8601 44.0517 63.3254 74.3692 68.0457 40.3921 45.4418 27.5298 73.3118 39.1019 
42.599900000000005 44.3215 50.4412 51.386 51.6764 66.8439 73.4461 68.7126 72.5214 79.0132 81.7676 74.4201 76.0561 72.22399999999999 63.1642 58.869600000000005 49.4112 51.0922 51.3427 59.4722 54.667 50.8759 40.3915 37.2595 40.593900000000005 19.9658 27.7827 13.3344 18.1474 18.3665 23.0502 17.3581 20.0795 16.2991 18.1189 14.7219 24.8798 6.2828 7.3787 0 23.1563 38.2973 32.5544 29.0657 23.631999999999998 27.0694 35.6127 40.6197 43.533500000000004 45.9292 43.9383 47.1635 54.2477 43.319500000000005 43.4927 43.5842 32.046 36.3456 53.1207 45.8152 59.5929 66.3122 75.76740000000001 76.1522 66.5571 68.5882 62.5939 52.192 29.6161 34.1075 48.6122 45.205200000000005 31.5216 34.0316 40.0512 40.9102 63.242599999999996 59.2863 74.2097 70.74820000000001 68.3305 51.0655 48.1625 49.9547 53.0804 53.238800000000005 50.301 68.5821 78.7448 74.31009999999999 46.6776 50.3132 32.7167 77.4707 37.5088 
64.85499999999999 65.2617 72.1056 73.04560000000001 71.7215 88.1154 93.3499 90.94210000000001 91.98140000000001 98.2404 100.3905 95.0973 97.16640000000001 93.9311 85.2102 81.0295 71.5465 73.2484 73.1763 80.0564 77.6906 70.3347 61.9844 57.129000000000005 57.2617 38.9332 39.3286 30.3896 22.289 23.5303 24.7932 17.2252 16.1791 15.5903 18.455 21.851999999999997 19.9877 24.328500000000002 23.2326 23.1563 0 19.9739 26.9926 36.1155 29.3459 40.9653 48.3841 56.776700000000005 57.152699999999996 63.021899999999995 60.4476 64.01 71.0061 56.0611 57.743 52.242000000000004 38.6152 43.7329 57.8911 51.9472 66.1766 75.7774 82.972 86.1669 79.5432 81.4612 74.9378 68.4103 52.607800000000005 57.2638 71.1845 61.6079 54.6779 57.1879 62.2072 63.066199999999995 84.3085 80.99000000000001 89.9502 77.9735 72.61710000000001 54.34910000000001 50.00750000000001 50.0629 54.9502 45.694 49.8013 70.4185 81.2177 76.3661 59.9922 44.9667 50.7624 90.0184 58.5105 
75.5958 75.7499 80.795 78.1672 79.2847 95.40809999999999 99.7141 92.78 93.5354 99.8571 101.4371 100.00319999999999 103.3426 100.4754 97.6208 89.8912 83.4811 84.6755 85.5479 92.9792 90.2722 84.1297 74.45490000000001 70.0217 74.5231 53.895 57.1121 44.8648 42.0674 42.073 40.5101 35.8776 35.3755 35.3054 29.886799999999997 26.4898 27.733 37.4859 36.39 38.2973 19.9739 0 18.0278 22.7048 28.7916 43.7695 50.3084 59.0879 57.2299 63.9042 62.1409 65.7533 70.5757 56.7687 56.4052 48.543499999999995 34.9167 39.477 54.2143 48.554 62.9207 70.28970000000001 74.1505 79.1061 72.849 79.1912 72.8449 67.1771 59.1186 67.1041 84.2253 74.6302 65.0165 67.9877 71.7998 73.6488 94.4743 86.0569 86.8976 71.3164 60.3663 48.967000000000006 37.7881 42.6646 46.3816 36.7292 46.526 56.7937 68.8606 65.2125 46.676 39.5262 38.4165 87.3643 71.1834 
71.93 74.3699 78.9895 79.4594 79.4753 95.9386 100.9708 96.2761 98.29849999999999 102.7789 104.9998 101.38470000000001 102.887 100.7597 93.4902 88.2502 79.8588 81.42240000000001 80.4319 88.3747 84.6597 79.8565 70.52879999999999 64.361 64.2392 48.297799999999995 49.53530000000001 35.1083 34.2181 35.218 29.3153 31.3519 29.857099999999996 31.9469 21.229499999999998 17.8325 20.4531 31.1507 30.0548 32.5544 26.9926 18.0278 0 9.1229 35.504 48.24979999999999 56.3134 62.300700000000006 62.6767 67.4003 67.0961 70.57029999999999 76.49539999999999 61.2238 64.5019 54.859 42.49 50.059599999999996 60.108 56.802299999999995 70.8677 80.24289999999999 86.7247 89.5034 83.2153 87.0102 80.4182 72.7026 57.415 63.4376 79.82130000000001 69.5772 60.8611 64.3613 69.1899 68.9541 92.3947 86.464 94.4316 79.8006 73.3117 54.7003 50.3475 52.9713 50.1771 42.694 52.0964 69.7658 82.5022 77.4936 57.6176 44.3596 41.7648 94.32 65.7337 
68.24119999999999 69.17609999999999 75.05590000000001 72.6752 73.1174 89.3888 94.1846 88.4235 90.5518 96.1801 99.2197 95.7397 97.463 95.8823 89.153 83.139 76.1947 77.6182 77.5871 84.7917 80.9627 75.5163 67.72579999999999 61.297 64.7396 45.1486 46.8311 35.966499999999996 31.621 30.3797 31.9067 25.386 23.6333 27.4137 17.7408 14.3438 28.0949 26.784200000000002 25.6883 29.0657 36.1155 22.7048 9.1229 0 26.3811 40.5668 48.9118 54.6811 54.7256 60.804 58.9229 63.5567 69.5926 54.0144 56.274100000000004 48.308899999999994 34.6821 40.9367 51.9868 47.6794 62.98479999999999 72.5335 77.6018 81.836 74.2761 78.2824 71.5964 65.5436 53.550200000000004 62.442899999999995 74.9464 65.8605 57.3997 59.3553 63.9821 64.7174 87.0867 80.6827 85.7908 72.9187 65.2336 46.6318 42.2696 47.1461 41.0542 45.3515 42.9735 62.9167 74.5034 68.3707 48.4947 36.9744 35.1953 86.5383 63.7827 
