26
Bothensborough Ketterwold Milditch Edgney Warrerbage Durblechester Hanworth Eggerrensling Hannerworth Dribbinggrove Elfield Warblesdown Cammingbury Skelcastle Cannerrebeck Hartrenslow Reddenwell Suddlebrough Stainsdenwold Elmsbrook Chilcompcester Chippenden Rockhead Bootworth Wendlemerford Cleresmith
0 601.0 1601.0 2102.0 2703.0 3703.0 4204.0 4805.0 5805.0 6306.0 6907.0 7907.0 8408.0 9009.0 10009.0 10510.0 11111.0 12111.0 12612.0 13213.0 14213.0 14814.0 15315.0 16315.0 16916.0 101.0 
601.0 0 1000.0 1501.0 2102.0 3102.0 3603.0 4204.0 5204.0 5705.0 6306.0 7306.0 7807.0 8408.0 9408.0 9909.0 10510.0 11510.0 12011.0 12612.0 13612.0 14213.0 14714.0 15714.0 16315.0 702.0 
1601.0 1000.0 0 501.0 1102.0 2102.0 2603.0 3204.0 4204.0 4705.0 5306.0 6306.0 6807.0 7408.0 8408.0 8909.0 9510.0 10510.0 11011.0 11612.0 12612.0 13213.0 13714.0 14714.0 15315.0 1702.0 
2102.0 1501.0 501.0 0 601.0 1601.0 2102.0 2703.0 3703.0 4204.0 4805.0 5805.0 6306.0 6907.0 7907.0 8408.0 9009.0 10009.0 10510.0 11111.0 12111.0 12712.0 13213.0 14213.0 14814.0 2203.0 
2703.0 2102.0 1102.0 601.0 0 1000.0 1501.0 2102.0 3102.0 3603.0 4204.0 5204.0 5705.0 6306.0 7306.0 7807.0 8408.0 9408.0 9909.0 10510.0 11510.0 12111.0 12612.0 13612.0 14213.0 2804.0 
3703.0 3102.0 2102.0 1601.0 1000.0 0 501.0 1102.0 2102.0 2603.0 3204.0 4204.0 4705.0 5306.0 6306.0 6807.0 7408.0 8408.0 8909.0 9510.0 10510.0 11111.0 11612.0 12612.0 13213.0 3804.0 
4204.0 3603.0 2603.0 2102.0 1501.0 501.0 0 601.0 1601.0 2102.0 2703.0 3703.0 4204.0 4805.0 5805.0 6306.0 6907.0 7907.0 8408.0 9009.0 10009.0 10610.0 11111.0 12111.0 12712.0 4305.0 
4805.0 4204.0 3204.0 2703.0 2102.0 1102.0 601.0 0 1000.0 1501.0 2102.0 3102.0 3603.0 4204.0 5204.0 5705.0 6306.0 7306.0 7807.0 8408.0 9408.0 10009.0 10510.0 11510.0 12111.0 4906.0 
5805.0 5204.0 4204.0 3703.0 3102.0 2102.0 1601.0 1000.0 0 501.0 1102.0 2102.0 2603.0 3204.0 4204.0 4705.0 5306.0 6306.0 6807.0 7408.0 8408.0 9009.0 9510.0 10510.0 11111.0 5906.0 
6306.0 5705.0 4705.0 4204.0 3603.0 2603.0 2102.0 1501.0 501.0 0 601.0 1601.0 2102.0 2703.0 3703.0 4204.0 4805.0 5805.0 6306.0 6907.0 7907.0 8508.0 9009.0 10009.0 10610.0 6407.0 
6907.0 6306.0 5306.0 4805.0 4204.0 3204.0 2703.0 2102.0 1102.0 601.0 0 1000.0 1501.0 2102.0 3102.0 3603.0 4204.0 5204.0 5705.0 6306.0 7306.0 7907.0 8408.0 9408.0 10009.0 7008.0 
7907.0 7306.0 6306.0 5805.0 5204.0 4204.0 3703.0 3102.0 2102.0 1601.0 1000.0 0 501.0 1102.0 2102.0 2603.0 3204.0 4204.0 4705.0 5306.0 6306.0 6907.0 7408.0 8408.0 9009.0 8008.0 
8408.0 7807.0 6807.0 6306.0 5705.0 4705.0 4204.0 3603.0 2603.0 2102.0 1501.0 501.0 0 601.0 1601.0 2102.0 2703.0 3703.0 4204.0 4805.0 5805.0 6406.0 6907.0 7907.0 8508.0 8509.0 
9009.0 8408.0 7408.0 6907.0 6306.0 5306.0 4805.0 4204.0 3204.0 2703.0 2102.0 1102.0 601.0 0 1000.0 1501.0 2102.0 3102.0 3603.0 4204.0 5204.0 5805.0 6306.0 7306.0 7907.0 9110.0 
10009.0 9408.0 8408.0 7907.0 7306.0 6306.0 5805.0 5204.0 4204.0 3703.0 3102.0 2102.0 1601.0 1000.0 0 501.0 1102.0 2102.0 2603.0 3204.0 4204.0 4805.0 5306.0 6306.0 6907.0 10110.0 
10510.0 9909.0 8909.0 8408.0 7807.0 6807.0 6306.0 5705.0 4705.0 4204.0 3603.0 2603.0 2102.0 1501.0 501.0 0 601.0 1601.0 2102.0 2703.0 3703.0 4304.0 4805.0 5805.0 6406.0 10611.0 
11111.0 10510.0 9510.0 9009.0 8408.0 7408.0 6907.0 6306.0 5306.0 4805.0 4204.0 3204.0 2703.0 2102.0 1102.0 601.0 0 1000.0 1501.0 2102.0 3102.0 3703.0 4204.0 5204.0 5805.0 11212.0 
12111.0 11510.0 10510.0 10009.0 9408.0 8408.0 7907.0 7306.0 6306.0 5805.0 5204.0 4204.0 3703.0 3102.0 2102.0 1601.0 1000.0 0 501.0 1102.0 2102.0 2703.0 3204.0 4204.0 4805.0 12212.0 
12612.0 12011.0 11011.0 10510.0 9909.0 8909.0 8408.0 7807.0 6807.0 6306.0 5705.0 4705.0 4204.0 3603.0 2603.0 2102.0 1501.0 501.0 0 601.0 1601.0 2202.0 2703.0 3703.0 4304.0 12713.0 
13213.0 12612.0 11612.0 11111.0 10510.0 9510.0 9009.0 8408.0 7408.0 6907.0 6306.0 5306.0 4805.0 4204.0 3204.0 2703.0 2102.0 1102.0 601.0 0 1000.0 1601.0 2102.0 3102.0 3703.0 13314.0 
14213.0 13612.0 12612.0 12111.0 11510.0 10510.0 10009.0 9408.0 8408.0 7907.0 7306.0 6306.0 5805.0 5204.0 4204.0 3703.0 3102.0 2102.0 1601.0 1000.0 0 601.0 1102.0 2102.0 2703.0 14314.0 
14814.0 14213.0 13213.0 12712.0 12111.0 11111.0 10610.0 10009.0 9009.0 8508.0 7907.0 6907.0 6406.0 5805.0 4805.0 4304.0 3703.0 2703.0 2202.0 1601.0 601.0 0 501.0 1501.0 2102.0 14915.0 
15315.0 14714.0 13714.0 13213.0 12612.0 11612.0 11111.0 10510.0 9510.0 9009.0 8408.0 7408.0 6907.0 6306.0 5306.0 4805.0 4204.0 3204.0 2703.0 2102.0 1102.0 501.0 0 1000.0 1601.0 15416.0 
16315.0 15714.0 14714.0 14213.0 13612.0 12612.0 12111.0 11510.0 10510.0 10009.0 9408.0 8408.0 7907.0 7306.0 6306.0 5805.0 5204.0 4204.0 3703.0 3102.0 2102.0 1501.0 1000.0 0 601.0 16416.0 
16916.0 16315.0 15315.0 14814.0 14213.0 13213.0 12712.0 12111.0 11111.0 10610.0 10009.0 9009.0 8508.0 7907.0 6907.0 6406.0 5805.0 4805.0 4304.0 3703.0 2703.0 2102.0 1601.0 601.0 0 17017.0 
101.0 702.0 1702.0 2203.0 2804.0 3804.0 4305.0 4906.0 5906.0 6407.0 7008.0 8008.0 8509.0 9110.0 10110.0 10611.0 11212.0 12212.0 12713.0 13314.0 14314.0 14915.0 15416.0 16416.0 17017.0 0 
