19
Sundlechester Chipfield Hamperrehampton Prestbourne Leatherblesley Enderton Camhampton Shaftthorne Warrewick Rocklow Cimansbrough Boothenrensborough Chipsted Sunderborough Rotmerby Chilringfield Sodderrenshead Botherstanport Hamsbourne
0 565.00308 724.3029099999999 1113.89012 1340.98194 1708.89142 1311.85737 915.9854799999999 893.07204 1090.51424 1285.6716999999999 1954.9874 1383.8835199999999 1523.96745 1730.23691 1783.57737 1884.8868499999999 1256.33108 86.12815 
565.00308 0 159.29983 665.53707 941.5992399999999 1315.68088 1202.6157899999998 1163.35632 721.21626 1494.19137 720.66862 1389.98432 818.88044 1075.6144 1210.08669 1335.2243199999998 1485.5041499999998 856.9483799999999 478.87493 
724.30291 159.29983 0 506.23724 782.29941 1156.38105 1361.91562 1169.1953800000001 880.5160900000001 1500.03043 879.9684500000001 1513.43164 978.1802700000001 916.31457 1122.58403 1175.9244899999999 1326.2043199999998 697.64855 638.17476 
1113.89012 665.53707 506.23724 0 276.06217 650.14381 912.7202199999999 662.95814 640.0447 993.7931900000001 399.6867 1007.1944000000001 1257.98914 410.07733 616.34679 669.68725 819.9670799999999 191.41131 1144.412 
1340.9819400000001 941.59924 782.29941 276.06217 0 374.08164 771.11569 939.02031 916.1068700000001 1269.85536 675.74887 1283.25657 981.9269700000001 686.1395 892.40896 945.7494199999999 543.90491 84.65086 1420.47417 
1708.89142 1315.68088 1156.38105 650.1438099999999 374.08164 0 397.03405 792.90594 1235.046 1169.08413 1049.8305099999998 1387.9905800000001 607.84533 1060.2211399999999 1233.93019 1049.65975 917.98655 458.73249999999996 1794.5558099999998 
1311.85737 1202.6157899999998 1361.9156199999998 912.7202199999999 771.11569 397.03405 0 395.87189 838.0119500000001 1191.76044 958.23838 1565.7460800000001 1004.87938 1322.79755 1216.79838 1401.06882 1315.0205999999998 855.7665499999999 1397.98552 
915.9854799999999 1163.35632 1169.19538 662.95814 939.0203099999999 792.90594 395.87189 0 442.14006 795.88855 1062.64484 1457.7965000000002 1400.75127 1073.03547 1279.30493 1112.16988 1189.3035 854.3694499999999 1002.11363 
893.07204 721.21626 880.5160900000001 640.0447 916.10687 1235.046 838.0119500000001 442.14006 0 772.9751100000001 1039.7314 1647.2391 1540.0967 1050.12203 1256.39149 1309.7319499999999 1460.0117799999998 831.45601 979.20019 
1090.51424 1494.19137 1500.03043 993.7931900000001 1269.85536 1169.08413 1191.76044 795.88855 772.9751100000001 0 814.49534 1254.34909 1776.9294599999998 1314.7393499999998 1108.4698899999999 924.19945 1652.6404499999999 1185.2045 1176.64239 
1285.6717 720.66862 879.9684500000001 399.6867 675.7488699999999 1049.8305099999998 958.23838 1062.64484 1039.7314 814.49534 0 669.3157 1339.58657 809.76403 965.70928 1069.37395 1219.6537799999999 591.0980099999999 1199.54355 
1954.9874 1389.98432 1513.43164 1007.1944000000001 1283.25657 1387.9905800000001 1565.74608 1457.7965 1647.2391 1254.34909 669.3157 0 1085.91297 1417.2717300000002 1452.70878 1268.43834 1644.4963599999999 1198.60571 1868.85925 
1383.88352 818.88044 978.1802700000001 1257.98914 981.92697 607.84533 1004.87938 1400.75127 1540.0967 1776.92946 1339.58657 1085.91297 0 1668.06647 1841.77552 1657.50508 1525.83188 1066.57783 1297.75537 
1523.96745 1075.6144 916.31457 410.07733 686.1395 1060.22114 1322.79755 1073.03547 1050.12203 1314.73935 809.76403 1417.2717300000002 1668.06647 0 206.26946 390.5399 1118.9809 601.48864 1554.4893299999999 
1730.23691 1210.08669 1122.58403 616.34679 892.40896 1233.93019 1216.79838 1279.30493 1256.39149 1108.46989 965.70928 1452.70878 1841.77552 206.26946 0 184.27044 912.71144 807.7581 1688.96162 
1783.57737 1335.2243199999998 1175.9244899999999 669.68725 945.7494199999999 1049.65975 1401.06882 1112.16988 1309.7319499999999 924.19945 1069.37395 1268.43834 1657.50508 390.5399 184.27044 0 728.441 861.0985599999999 1814.0992499999998 
1884.8868499999999 1485.5041499999998 1326.2043199999998 819.9670799999999 543.90491 917.98655 1315.0205999999998 1189.3035 1460.0117799999998 1652.64045 1219.6537799999999 1644.49636 1525.83188 1118.9809 912.71144 728.441 0 628.5557699999999 1964.3790799999997 
1256.33108 856.94838 697.64855 191.41131 84.65086 458.73249999999996 855.7665499999999 854.36945 831.4560100000001 1185.2045 591.09801 1198.60571 1066.57783 601.48864 807.7581 861.0985599999999 628.5557699999999 0 1335.82331 
86.12815 478.87493 638.17476 1144.412 1420.47417 1794.5558099999998 1397.98552 1002.11363 979.20019 1176.64239 1199.54355 1868.85925 1297.75537 1554.48933 1688.96162 1814.09925 1964.37908 1335.82331 0 
