49
87 4 35 84 50 11 81 56 89 41 95 24 22 36 1 13 12 10 86 7 54 34 30 48 90 83 20 3 51 63 72 74 16 93 64 42 71 78 62 33 47 60 39 59 19 38 79 80 0
0 23.35976 31.705350000000003 34.94398 46.29755 45.34137 53.26883 42.55927 62.44379 67.52866 71.34421 77.74927 49.611360000000005 69.53920000000001 55.48868 70.83296999999999 62.877359999999996 40.00491 38.54332 23.42631 44.543639999999996 50.56373 45.396469999999994 48.79446 54.04016 68.80159 63.348169999999996 57.59196 49.78409 54.862 40.15711 46.67782 51.94042 77.9091 74.66962 73.88635 71.08081 59.12887 56.52371 42.69351 35.50961 25.22667 30.60314 54.31079 50.97413 58.50432 67.07789 64.97727 25.30272 
23.35976 0 8.34559 25.79932 33.76147 32.80529 62.08178 65.91903 59.43076 66.55273 64.7041 70.50514 72.97112000000001 49.56505 35.58335 51.805029999999995 43.849419999999995 16.64515 24.07963 22.05677 41.38883 53.46871 60.18394 58.47675 51.85625 57.33796000000001 47.33334000000001 36.1315 53.393420000000006 58.538970000000006 32.91298 49.83527 65.8958 75.60225 76.68311 80.08336 77.25356 61.252759999999995 66.22112 39.77971 55.70695 48.58643 53.962900000000005 75.81967 36.51044 40.70584 43.915850000000006 41.61751 46.8116 
31.705350000000003 8.34559 0 17.45373 34.48461 35.44079000000001 62.80492 67.46943999999999 54.97913 66.64981 71.28229 78.85073 77.69169 57.82026 43.928940000000004 49.55956 46.59186 24.990740000000002 32.42522 30.40236 33.04324 52.872009999999996 55.51904 62.677299999999995 60.201840000000004 62.53523 52.530609999999996 41.32877 51.74689 50.67021 41.25857 54.93643 73.19095 80.79952 82.11852999999999 84.80998 81.98017999999999 66.57777999999999 57.87553 31.43412 47.36136 48.90096 49.362970000000004 67.47408 39.89044 32.36025 52.26144000000001 49.963100000000004 38.46601 
34.94398 25.79932 17.45373 0 17.03088 17.98706 45.35119 61.76335 44.67601 79.09561 82.40157 82.2213 78.66573 75.27399 61.382670000000005 67.01329 64.04559 36.82779 37.35101 22.234 50.49697 60.97793 72.97277 77.64444999999999 70.10641 75.55443 67.60149 56.39965 66.32063 61.17508 56.26347 59.58452 81.29687 95.30707000000001 96.44498 100.16112000000001 97.33132 80.97108 68.00428 48.88785 64.81509 60.17065 57.9568 65.59796 49.78182 49.81398 46.340770000000006 44.04243 55.91974 
46.29755 33.76147 34.48461 17.03088 0 0.95618 28.32031 46.067409999999995 61.70689 92.1109 96.6634 97.9712 83.61877000000001 79.25088 66.02375 65.89079000000001 73.84640000000002 50.406620000000004 53.84653 39.264880000000005 55.86295 68.75107 78.29319 80.67617 78.38523 91.09943000000001 81.09481000000001 69.89297 71.59376 76.73931 65.68076 76.27772999999999 86.06884000000001 107.32457 106.4741 107.45945 104.79989 92.89319 70.46948 65.91873000000001 59.35065 71.52422 69.59064000000001 77.18088 41.41572 33.88553 63.37165000000001 61.073310000000006 48.172810000000005 
45.34137 32.80529 35.44079 17.98706 0.95618 0 29.27649 47.02359 62.66307 93.06708 96.46155 98.36395 82.66259 78.85306 65.06757 66.84697 74.80258 49.45044 52.89035 40.22106 56.81913 67.79489 77.80996999999999 79.71999 77.42905 90.14325000000001 80.13863 68.93679 72.54994 76.83189999999999 65.71826999999999 76.28485 85.11266 108.28075000000001 107.41963999999999 106.80043 104.13203999999999 91.93701 71.42566000000001 66.87491 58.39447 70.56804 68.63446 76.22470000000001 40.45954 32.92935 63.14134 61.16474 47.21663 
53.268829999999994 62.081779999999995 62.80492 45.35119 28.32031 29.27649 0 33.33247 48.99082 80.2132 84.84568 90.82595 79.24091 57.58935 55.92297000000001 37.57048 45.52609 56.21523 49.57875 46.98008 65.26402 71.28411 84.72521 87.43312 80.91826999999999 82.22648 73.95918 81.14573 68.46763 63.32208 81.00955 80.68733 85.99951 107.75718 103.5471 109.41141 107.63749999999999 88.00635 83.41292 63.134249999999994 76.14944 60.73287 76.85588999999999 79.23691 62.00956 62.205839999999995 90.55203 89.39362 61.91189 
42.55927 65.91902999999999 67.46943999999999 61.76335 46.067409999999995 47.02359 33.33247 0 38.04811 72.46771 76.42145 91.35445 79.75712 70.27393000000001 56.22341 66.44429 58.48868 52.7532 60.18768 64.48258 39.206959999999995 45.22705 55.59578 62.39925 54.86121 70.77099 60.766369999999995 62.56426 72.52839 77.6063 77.24136999999999 51.50535 65.54599 81.50308 84.8518 84.41024 81.58044 69.36917 68.95555999999999 59.650189999999995 59.27413 48.65519 55.96978 61.15426 72.61849 79.95294 57.21956 59.517900000000004 32.14619 
62.44379 59.43076 54.97913 44.67601 61.70689 62.663070000000005 48.99082 38.04811 0 34.4196 39.052080000000004 54.063750000000006 50.72489 66.95586 55.64035 73.99284 71.8914 42.78561 35.35113 45.550979999999996 62.8436 58.28769 44.84659 52.00485 59.54289 60.134429999999995 64.84457 56.548429999999996 45.72316 40.57761 49.984629999999996 48.17422 64.23474999999999 69.99035 68.43755 75.09645 72.26665 66.26341 51.00301 47.82209 63.74933 65.28893000000001 65.75094 74.4576 47.78194 55.312129999999996 44.677780000000006 42.37944 61.6254 
67.52866 66.55273 66.64981 79.09561 92.1109 93.06708 80.2132 72.46771000000001 34.4196 0 4.76033 19.772 49.16831 41.86464 38.51092 56.81011 48.8545 76.51539999999999 69.08091999999999 57.13477 57.612249999999996 47.75844 54.60644 61.20496 53.66692 51.62769 41.62307 30.42123 35.40986 30.264310000000002 36.55145 29.67643 55.6841 58.34895 58.77824 54.94229 52.11249 43.54838 75.94946 76.50971 85.3477 92.75533 94.27341 76.5209 74.53272000000001 81.75632 66.91256999999999 64.61422999999999 91.83178000000001 
71.34421 64.7041 71.28229 82.40157 96.6634 96.46155 84.84568 76.42145 39.052080000000004 4.76033 0 15.01167 44.40798 42.69275 43.271249999999995 60.47206 52.51645 72.60436 73.7134 61.85414 60.70225 51.12629 59.36677 65.96529 58.42725 51.59107 41.58645 33.78908 40.170190000000005 35.024640000000005 31.79112 24.9161 50.92377 63.10928 63.53857 59.70262 56.872820000000004 48.308710000000005 71.18913 79.89391 84.9397 96.41967 97.82276 79.22129000000001 78.53639000000001 82.91429 64.69325 66.99159 95.47521 
77.74927 70.50514 78.85073 82.2213 97.9712 98.36395 90.82595 91.35445 54.06375 19.772 15.01167 0 29.39631 34.03054 43.08004 53.25547 45.29986 74.40565000000001 71.67154 71.62163 70.99632000000001 65.02035000000001 66.92937 74.08763 73.43892 66.23664 56.59812 47.68314 47.90227 42.75672 37.59216 39.92777 65.93544 70.02627 72.3628 66.87825 69.70805 56.93245 85.46168 91.43955000000001 94.8263 102.97594 105.34186 92.15729 72.42988 79.65348 58.211270000000006 55.91293 101.65889 
49.61136 72.97112 77.69169 78.66573 83.61877 82.66259 79.24091 79.75712 50.72489 49.168310000000005 44.40798 29.39631 0 34.07217 47.155590000000004 54.09104 62.04665 56.35996 48.92548 59.29466000000001 54.35884 56.398480000000006 43.56919 50.72745 58.26549 47.487390000000005 45.15782 49.13626 55.66892 50.52337 42.57246 40.76205 56.82258 50.86147999999999 46.651399999999995 55.78596 58.61576 31.11065 56.06537 74.80207 66.62976 74.83803 76.09718 62.76098 61.35629 68.88648 87.60758 85.30924 72.26258 
69.53920000000001 49.56505 57.82026 75.27399 79.25088 78.85306 57.58935 70.27393 66.95586 41.86464 42.69275 34.03054 34.07217 0 14.05052 20.01887 27.97448 57.08027 64.51474999999999 71.62182 70.36027 72.39991 77.64135999999999 84.79961999999999 83.82169 65.74409 62.09937 55.2055 37.94358 43.08913 43.24442 45.42902 68.90404000000001 84.93365 80.72357 89.85812999999999 92.68793 65.18281999999999 89.19751000000001 89.25438 94.80652 94.55583999999999 99.93792 92.82298 71.18579 63.65559999999999 67.19642999999999 64.89809 93.81795 
55.48868 35.58335 43.928940000000004 61.382670000000005 66.02375 65.06757 55.92297000000001 56.22341 55.64035 38.51092 43.271249999999995 43.08004 47.155590000000004 14.05052 0 18.35249 26.3081 52.228500000000004 50.87639 57.64012 56.30975 58.34939 66.87796 74.03622 70.0334 57.49985 48.04885 41.154979999999995 23.89306 29.03861 29.1939 31.3785 54.85352 72.11694 73.14171 82.27627 81.05118999999999 57.60096 75.14699 75.36306 80.756 80.50532 86.09182 78.77246 57.400299999999994 49.87011 73.62111999999999 71.32278 80.03246 
70.83297 51.80503 49.55956 67.01329 65.89079000000001 66.84697000000001 37.57048 66.44429 73.99284 56.81011 60.47206 53.25547 54.09104 20.01887 18.35249 0 7.95561 37.0614 44.49588 59.61289 74.66224 71.10585 84.54695000000001 90.78225 83.24788000000001 75.39454 65.38992 59.50747 42.245549999999994 47.391099999999994 47.09839 49.73099 73.20601 90.46942999999999 91.4942 100.29974000000001 98.12531 75.95345 91.32235 78.71486999999999 93.12972 95.82015999999999 96.64371999999999 94.21077 56.92669 59.764359999999996 55.26863000000001 52.970290000000006 88.02557 
62.877359999999996 43.849419999999995 46.59186 64.04559 73.8464 74.80258 45.52609 58.48868 71.8914 48.8545 52.51645 45.29986 62.04665 27.97448 26.3081 7.95561 0 29.10579 36.54027 51.65728 78.53659999999999 63.15024 76.59134 82.82664 75.29227 67.65588 73.34553 65.70476 50.20116 55.34671 39.14278 57.6866 81.16162 85.07756 83.53961 92.34413 90.29015 67.99886 83.36674 78.02598 93.95322 87.86455 91.23151 86.25516 48.97108 56.50127 47.31302 45.01468 82.80947 
40.00491 16.64515 24.990740000000002 36.82779 50.406620000000004 49.45044 56.21523 52.7532 42.78561 76.5154 72.60436 74.40565000000001 56.35996 57.08027 52.228500000000004 37.0614 29.10579 0 7.43448 22.55149 49.43081 56.29742 69.73852000000001 75.12190000000001 67.60956 73.98311000000001 63.97849000000001 52.776650000000004 43.69974 48.84529 49.55813 47.68826 72.6797 88.89253 89.65398 95.48061000000001 92.65081 74.11323 70.09311 54.35822 70.21961999999999 65.23158000000001 68.07986 77.71115 19.865289999999998 27.39548 59.80846 58.262660000000004 58.3041 
38.54332 24.07963 32.42522 37.35101 53.84653 52.89035 49.57875000000001 60.18768 35.35113 69.08092 73.71340000000001 71.67154 48.92548 64.51474999999999 50.87639 44.49588 36.54027 7.43448 0 15.11701 47.19614 55.1128 68.5539 72.54307 70.77681 68.97869 60.4845 49.28266 51.13422 56.27977 43.72457 50.3719 75.43174 87.61577 88.58547 93.18204 91.46619 73.04472 69.25121 47.72174 63.58314 63.76999 61.44338 75.33279999999999 12.43081 19.961 52.373979999999996 54.67232 50.86962 
23.42631 22.05677 30.40236 22.234 39.264880000000005 40.22106000000001 46.98008 64.48258 45.550979999999996 57.13477 61.85414 71.62163000000001 59.29466000000001 71.62182 57.64012 59.61289 51.65728 22.55149 15.11701 0 32.07913 46.78578 54.55493 58.47776 61.08171 55.372110000000006 45.367490000000004 34.16565 47.0894 52.23495 34.02947 52.487 67.10472 73.07307 74.27783 79.76979 80.76411 58.73708 66.65254 45.12307 51.42836 48.65298 53.44631 70.04718 27.54782 35.07801 47.43448 45.13614 48.72903 
44.543639999999996 41.38883 33.04324 50.49697 55.86295 56.81913 65.26402 39.206959999999995 62.8436 57.61225 60.70225 70.99632 54.35884 70.36027 56.30975 74.66224 78.53659999999999 49.43081 47.19614 32.07913 0 19.82877 22.4758 29.634059999999998 29.46293 45.37271 35.368089999999995 37.16598 52.19088 57.33643 61.522169999999996 35.78615 40.147710000000004 63.663599999999995 59.45352 51.76674 48.93694 43.97089 60.69332 34.25191 27.73545 51.71875 52.18076000000001 37.96805 59.62695 65.40349 72.50994 74.80828 50.03321 
50.56372999999999 53.46871 52.872009999999996 60.97793 68.75107 67.79489 71.28411 45.22705 58.28769 47.75844 51.12629 65.02035 56.398480000000006 72.39991 58.34939 71.10585 63.15024 56.29742 55.1128 46.78578 19.82877 0 13.4411 20.59936 28.1374 25.54394 15.53932 17.33721 34.59913 39.74468 51.47188 27.59977 20.31894 43.83483 39.62475 39.183189999999996 36.35339 29.586489999999998 62.24417 35.80276 37.74959 53.20534 53.73161 43.98814 67.54361 71.78303 74.24078 76.53912 51.9892 
45.396469999999994 60.18394 55.51904 72.97277 78.29319 77.80996999999999 84.72521 55.59578 44.84659 54.60644 59.36677 66.92937 43.56919 77.64135999999999 66.87796 84.54695000000001 76.59134 69.73852000000001 68.5539 54.55493 22.4758 13.4411 0 7.15826 14.6963 30.248579999999997 28.980420000000002 30.778309999999998 48.040229999999994 50.14318 42.19227 41.04087 33.760040000000004 43.36273 47.57281 30.249859999999998 27.42006 40.18804 75.68527 49.24386 42.79251 57.90472 67.17271 54.38181 80.81317 84.59336 87.17124 87.22603000000001 55.54032 
48.794459999999994 58.47675 62.677299999999995 77.64444999999999 80.67617 79.71999 87.43312 62.399249999999995 52.00485 61.20496 65.96529 74.08763 50.72745 84.79962 74.03622 90.78225 82.82664 75.12190000000001 72.54307 58.47776 29.634059999999998 20.59936 7.15826 0 7.53804 23.09032 30.24631 36.41646 53.678380000000004 57.30144 49.350530000000006 46.91666 40.9183 44.80166 47.02566 31.688789999999997 28.85899 33.02978 78.81576000000001 56.40212 42.3051 56.2939 74.33097 61.16034 84.21116 89.14252 93.65889 91.36055 55.27961 
54.04016 51.85625 60.201840000000004 70.10641 78.38523 77.42905 80.91826999999999 54.86121 59.54289 53.66692 58.42725 73.43892 58.26549 83.82169 70.0334 83.24788000000001 75.29227 67.60956 70.77681 61.08171 29.46293 28.1374 14.6963 7.53804 0 18.0776 28.08222 28.87842 46.140339999999995 49.87066 46.722080000000005 44.75257 48.45634 46.22302 42.01294 33.13754 30.30774 40.567820000000005 76.34757 49.90616 49.84314 63.83194 67.83501 53.622299999999996 83.20761999999999 82.45091 88.10385 85.80551 53.95382 
68.80159 57.33796 62.53523 75.55443 91.09943 90.14325 82.22648 70.77099 60.13443 51.62769 51.59107 66.23664 47.487390000000005 65.74409 57.49985 75.39454 67.65588 73.98311000000001 68.97869 55.37211 45.37271 25.54394 30.248579999999997 23.09032 18.0776 0 10.00462 21.20646 38.468379999999996 37.5154 28.64448 26.67497 45.862880000000004 28.14542 23.93534 41.25829 44.08809 24.051789999999997 69.83777 60.35377 51.12145 77.8203 74.70867000000001 49.78029000000001 81.4095 83.99172 79.49801000000001 81.79635 67.05991 
63.348169999999996 47.33334000000001 52.530609999999996 67.60149000000001 81.09481000000001 80.13863 73.95918 60.766369999999995 64.84456999999999 41.62307 41.58645 56.59812 45.15782 62.09937 48.04885 65.38992 73.34553 63.97849000000001 60.484500000000004 45.367490000000004 35.368089999999995 15.53932 28.980420000000002 30.24631 28.08222 10.00462 0 11.20184 28.46376 27.51078 38.649100000000004 16.67035 35.85826 33.797999999999995 29.587919999999997 35.45223 38.28203 14.04717 59.83315 50.34915 53.28891 67.81568 66.25673 46.88754 72.91531 74.41677 69.49339 71.79173 66.59376 
57.59196 36.1315 41.32877 56.39965 69.89297 68.93679 81.14573 62.56426 56.548429999999996 30.42123 33.78908 47.68314 49.13626 55.205499999999994 41.154979999999995 59.50747 65.70476 52.776650000000004 49.28266 34.16565 37.16598 17.33721 30.778309999999998 36.41646 28.87842 21.20646 11.20184 0 17.26192 22.40747 35.85122 18.32135 34.381879999999995 39.47075 40.78976 46.654070000000004 49.48387 25.24901 70.09688 53.13997 55.0868 63.79116 71.06882 47.47736 61.71347 69.24366 72.1914 74.48974 61.70012 
49.78409 53.393420000000006 51.74689 66.32063 71.59376 72.54994 68.46763 72.52839 45.72316 35.40986 40.170190000000005 47.90227 55.66892 37.94358 23.89306 42.245549999999994 50.201159999999994 43.69974 51.13422 47.0894 52.19088 34.59913 48.04023 53.67838 46.140339999999995 38.468379999999996 28.46376 17.26192 0 5.14555 39.02552 35.58327 51.6438 48.22388 52.43396 61.33675 64.16655 39.98869 58.37785 70.40189000000001 68.42614 74.77127999999999 80.38723 64.73928 63.56503 61.07158 74.5444 76.34433 73.83412 
54.862 58.538970000000006 50.67021 61.17508 76.73931 76.83189999999999 63.32208 77.6063 40.57761 30.264310000000002 35.024640000000005 42.75672 50.52337 43.08913 29.03861 47.391099999999994 55.346709999999995 48.84529 56.27977 52.23495 57.33643 39.74468 50.14318 57.30144 49.87066 37.5154 27.51078 22.40747 5.14555 0 33.87997 35.42792 51.48845 53.36943 50.383889999999994 59.51845 62.34825 34.84314 63.5234 75.54744 73.57169 79.84919 85.46514 69.88483 68.71058 64.80817 73.49712 71.19878 78.51141 
40.15711 32.91298 41.25857 56.263470000000005 65.68076 65.71826999999999 81.00955 77.24137 49.984629999999996 36.55145 31.79112 37.59216 42.57246 43.24442 29.1939 47.09839 39.14278 49.55813 43.72457 34.02947 61.522169999999996 51.47188 42.19227 49.35053 46.722080000000005 28.64448 38.649100000000004 35.85122 39.02552 33.87997 0 25.73602 43.53753999999999 45.93478 46.36407 54.68709 51.85729 45.566199999999995 77.24444 68.41682 71.35332 65.38378 70.76025 64.12888 56.15538 63.68557 61.051610000000004 58.75327 65.45983000000001 
46.67782 49.83527 54.93643 59.58452 76.27772999999999 76.28485 80.68733 51.50535 48.17422 29.67643 24.9161 39.92777 40.76205 45.42902 31.3785 49.73099 57.6866 47.68826 50.3719 52.486999999999995 35.78615 27.59977 41.04087 46.91666 44.75257 26.67497 16.67035 18.32135 35.58327 35.42792 25.73602 0 26.007669999999997 41.20427 41.96572 51.10028 53.93008 26.42497 51.77553 56.229380000000006 63.5216 71.50357 74.15823 58.09147 62.80271 64.26112 53.87005 56.16839 70.87686 
51.94042 65.8958 73.19094999999999 81.29687 86.06884000000001 85.11266 85.99951 65.54598999999999 64.23474999999999 55.6841 50.92377 65.93544 56.822579999999995 68.90404000000001 54.85352 73.20601 81.16162 72.6797 75.43174 67.10472 40.14771 20.31894 33.760040000000004 40.9183 48.456340000000004 45.862880000000004 35.85826 34.381879999999995 51.6438 51.48845 43.53753999999999 26.007669999999997 0 63.54326 59.637609999999995 59.50213 56.67233 44.09686 77.7832 56.12096 58.068529999999996 73.52428 74.04981 64.30708 87.86255 89.19736999999999 79.87772 82.17605999999999 72.30814000000001 
77.9091 75.60225 80.79952 95.30707000000001 107.32457 108.28075 107.75718 81.50308 69.99034999999999 58.34895 63.10928 70.02627 50.86148 84.93365 72.11694 90.46943 85.07756 88.89253 87.61577 73.07307 63.663599999999995 43.83483 43.36273 44.80166 46.223020000000005 28.14542 33.798 39.47075 48.22388 53.36943 45.93478 41.20427 63.543260000000004 0 4.21008 13.11287 15.94267 19.75083 51.35102 77.79243 69.02057 95.25927 84.41496 69.14769 100.04657999999999 102.71087 95.07432 94.55772999999999 87.41672 
74.66962000000001 76.68311 82.11852999999999 96.44498 106.4741 107.41964 103.5471 84.8518 68.43755 58.77824 63.53856999999999 72.3628 46.651399999999995 80.72357 73.14171 91.4942 83.53961 89.65397999999999 88.58547 74.27783 59.45352 39.62475 47.57281 47.02566 42.01294 23.93534 29.587919999999997 40.78976 52.43396 50.383889999999994 46.36407 41.96572 59.637609999999995 4.21008 0 17.32295 20.152749999999997 15.54075 55.04897 75.42751 72.59458 92.83009 88.62504 73.35777 95.9312 103.46139000000001 95.83577 94.24249 90.47763 
73.88635000000001 80.08336 84.80998 100.16112 107.45945 106.80043 109.41141 84.41023999999999 75.09645 54.94229 59.702619999999996 66.87825 55.78596 89.85813 82.27627 100.29974000000001 92.34413 95.48061 93.18204 79.76979 51.76674 39.183189999999996 30.249859999999998 31.688789999999997 33.13754 41.25829 35.45223 46.654070000000004 61.33675 59.51845 54.68709 51.10028 59.502129999999994 13.11287 17.32295 0 2.8298 24.67531 64.46388999999999 74.98595 73.04237 87.34942 80.9632 56.03482 102.38438000000001 109.24468 104.94562 102.90597 85.79017999999999 
71.08081 77.25356 81.98017999999999 97.33132 104.79989 104.13203999999999 107.63749999999999 81.58044 72.26665 52.11249 56.872820000000004 69.70805 58.615759999999995 92.68793 81.05118999999999 98.12531 90.29015 92.65081 91.46619 80.76411 48.93694 36.35339 27.42006 28.85899 30.30774 44.088089999999994 38.28203 49.483869999999996 64.16655 62.34824999999999 51.85729 53.93008 56.67233 15.94267 20.152749999999997 2.8298 0 27.50511 67.29369 72.15615 70.21257 84.58566 83.793 58.86462 99.55458 107.08477 107.77542 105.73577 82.96038 
59.12887 61.252759999999995 66.57777999999999 80.97108 92.89319 91.93701 88.00635 69.36917 66.26341 43.54838 48.308710000000005 56.93245 31.11065 65.18281999999999 57.60096 75.95345 67.99886 74.11323 73.04472 58.73708 43.97089 29.586489999999998 40.18804 33.02978 40.567820000000005 24.051789999999997 14.04717 25.24901 39.98869 34.84314 45.566199999999995 26.42497 44.09686 19.75083 15.54075 24.67531 27.50511 0 45.78598 64.39632 67.33608 81.86285000000001 80.3039 59.63292 85.47552999999999 88.46394000000001 80.29502 78.70174 78.06833 
56.52371 66.22112 57.87553 68.00428 70.46948 71.42566000000001 83.41292 68.95555999999999 51.00301 75.94946 71.18913 85.46168 56.06537 89.19751000000001 75.14699 91.32235 83.36674 70.09311 69.25121 66.65254 60.69332 62.24417 75.68527 78.81576000000001 76.34757 69.83777 59.83315 70.09688 58.37785 63.5234 77.24444 51.77553 77.78320000000001 51.35102 55.04897 64.46388999999999 67.29369 45.78598 0 26.44141 42.36865 43.90825 44.37026 68.9602 81.68202 89.21221 93.20170999999999 93.38245 39.95213 
42.69351 39.77971 31.43412 48.88785 65.91873 66.87491 63.13425 59.650189999999995 47.82209 76.50971 79.89391 91.43955 74.80207 89.25438 75.36306 78.71486999999999 78.02598 54.35822 47.72174 45.12307 34.25191 35.80276 49.24386 56.40212 49.90616 60.35377 50.34915 53.13997 70.40189 75.54744 68.41682 56.229380000000006 56.12096 77.79243 75.42751 74.98595 72.15615 64.39632 26.44141 0 15.92724 17.46684 17.92885 42.85723 60.15255 63.79437 81.82182999999999 79.52349 51.07289 
35.509609999999995 55.70695 47.36136 64.81509 59.35065 58.39447 76.14944 59.27413 63.74933 85.3477 84.9397 94.8263 66.62976 94.80652 80.756 93.12972 93.95321999999999 70.21961999999999 63.58314 51.42836 27.73545 37.74959 42.79251 42.3051 49.843140000000005 51.12145 53.28891 55.0868 68.42614 73.57169 71.35332 63.5216 58.068529999999996 69.02057 72.59458 73.04237 70.21257 67.33608 42.36865 15.92724 0 33.39408 33.85609 58.78447 75.10103 79.06686 95.59547 95.45073 40.08137 
25.22667 48.58643 48.90096 60.17065 71.52422 70.56804 60.73287 48.65519 65.28893000000001 92.75533 96.41967 102.97594000000001 74.83803 94.55584 80.50532 95.82015999999999 87.86455 65.23158000000001 63.76999 48.65298 51.71875 53.20534 57.90472 56.2939 63.83194 77.8203 67.81568 63.79116 74.77127999999999 79.84919 65.38378 71.50357 73.52428 95.25927 92.83009 87.34942 84.58566 81.86285 43.90825 17.46684 33.39408 0 31.44557 56.37395 62.52868 64.31087 91.95338999999998 89.65504999999999 42.03901 
30.60314 53.962900000000005 49.362970000000004 57.9568 69.59064000000001 68.63446 76.85588999999999 55.96978 65.75094 94.27341 97.82276 105.34186 76.09718 99.93792 86.09182 96.64372 91.23151 68.07986 61.44338 53.44631 52.18076 53.73161 67.17271000000001 74.33097000000001 67.83501 74.70867 66.25673 71.06882 80.38723 85.46514 70.76025 74.15823 74.04981 84.41496 88.62504 80.9632 83.793 80.3039 44.37026 17.92885 33.85609 31.44557 0 24.92838 73.87419 81.40438 96.87241999999999 94.57408 38.70315 
54.31079 75.81967 67.47408 65.59796 77.18088000000002 76.22470000000001 79.23691 61.15426 74.4576 76.5209 79.22129000000001 92.15729 62.76098 92.82298 78.77246 94.21077 86.25516 77.71115 75.33279999999999 70.04718 37.96805 43.98814 54.38181 61.16034 53.622299999999996 49.78029000000001 46.88754 47.47736 64.73928 69.88483 64.12888 58.09147 64.30708 69.14769 73.35777 56.03482 58.86462 59.63292 68.9602 42.85723 58.78447 56.37395000000001 24.92838 0 77.2207 84.75089 94.68825 92.38991 32.15083 
50.97413 36.51044 39.89044 49.78182 41.41572 40.45954 62.00956 72.61849000000001 47.78194 74.53272000000001 78.53639000000001 72.42988 61.35629 71.18579 57.4003 56.92669 48.97108 19.865289999999998 12.43081 27.54782 59.62695 67.54361 80.81317 84.21116 83.20761999999999 81.4095 72.91531 61.71347 63.56502999999999 68.71058 56.155379999999994 62.80271 87.86255 100.04657999999999 95.9312 102.38438000000001 99.55458 85.47552999999999 81.68202 60.152550000000005 75.10103 62.52868 73.87419 77.2207 0 7.53019 39.943169999999995 42.24151 63.30043 
58.50432 40.70584 32.36025 49.81398 33.88553 32.92935 62.20584 79.95294000000001 55.312129999999996 81.75632 82.91429 79.65348 68.88647999999999 63.65559999999999 49.87011 59.764359999999996 56.50127 27.39548 19.961 35.07801 65.40349 71.78303 84.59336 89.14252 82.45091 83.99172 74.41677 69.24366 61.07158 64.80817 63.68557 64.26112 89.19736999999999 102.71087 103.46139000000001 109.24468 107.08477 88.46394 89.21221 63.79437 79.06686 64.31087 81.40438 84.75089 7.53019 0 32.41298 34.71132 70.78305 
67.07789 43.915850000000006 52.26144000000001 46.340770000000006 63.37165 63.14134 90.55203 57.21956 44.677780000000006 66.91257 64.69325 58.211270000000006 87.60758000000001 67.19642999999999 73.62112 55.26863 47.31302 59.80846 52.373979999999996 47.43448 72.50994 74.24078 87.17124 93.65889 88.10385 79.49801000000001 69.49339 72.1914 74.5444 73.49712 61.05161 53.87005 79.87772 95.07432 95.83577 104.94562 107.77542000000001 80.29502 93.20170999999999 81.82183 95.59547 91.95339 96.87241999999999 94.68825 39.943169999999995 32.41298 0 2.29834 89.36575 
64.97727 41.61751 49.963100000000004 44.04243 61.073310000000006 61.16474 89.39362 59.517900000000004 42.37944 64.61422999999999 66.99159 55.91293 85.30924 64.89809 71.32278 52.97029 45.01468 58.262660000000004 54.67232 45.13614 74.80828 76.53912 87.22603000000001 91.36055 85.80551 81.79635 71.79173 74.48974000000001 76.34433 71.19878 58.75327 56.16839 82.17606 94.55772999999999 94.24249 102.90597 105.73577 78.70174 93.38245 79.52349 95.45073 89.65504999999999 94.57408 92.38991 42.24151 34.71132 2.29834 0 87.47246000000001 
25.30272 46.8116 38.46601 55.91974 48.172810000000005 47.21663 61.91189 32.14619 61.6254 91.83178000000001 95.47521 101.65889 72.26258 93.81795 80.03246 88.02556999999999 82.80947 58.3041 50.86962 48.72903 50.03321 51.9892 55.54032 55.279610000000005 53.95382 67.05991 66.59376 61.70012 73.83412 78.51141 65.45983000000001 70.87686 72.30814 87.41672 90.47763 85.79018 82.96038 78.06833 39.95213 51.07289 40.08137 42.03901 38.70315 32.15083 63.30043 70.78305 89.36574999999999 87.47246000000001 0 
