46
Carrollton Concord Victorville GardenGrove Shreveport Huntsville Midland Beaumont NewportNews Memphis Wichita Allentown Pomona Stockton Indianapolis Austin PembrokePines LexingtonFa SanDiego Waco LongBeach Hartford Boston Ontario Omaha LouisvilleJefferson WestValleyCity Washington RanchoCucamonga Brownsville Orlando OklahomaCity StPetersburg Newark Alexandria Worcester Garland Bellevue Scottsdale SiouxFalls Independence Fontana Madison Sunnyvale Visalia SantaClarita
0 246874848.77489 515705323.93611 290815330.67903 562723491.13651 417287997.10784 605321154.28291 619501375.22471 661473853.91467 663878109.13837 699145367.1963 543795513.4000499 490751982.11933 415272185.3199 505262859.96045 562977447.4378899 466188150.55432 566207021.15974 563962562.22093 893152073.95169 955320375.1663101 930578727.3176699 931919248.7286099 798846416.6893 724188487.2258899 1159772023.27754 1546657074.12482 1424984050.61087 1352984895.2800298 1387146475.65795 1320946315.7384498 1266122601.3042898 1212461433.17525 1337827068.73248 1280350493.96301 1312969488.7360702 1348237834.6538801 1133381165.70213 1059331129.04831 1232155059.4797301 1168846226.73375 1067847994.4052 1242852866.05872 1372931561.8670802 1288496451.1784601 108315326.93585 
246874848.77489 0 286615335.44286 414563327.67239 565895647.4975901 664162845.88273 754678359.3834901 768858580.3252901 810831059.0152501 771637515.88274 875407878.43618 736001384.49789 669080752.60567 634800560.24295 544809885.6024 452234435.00561 355445138.12204 439716569.51487 437472110.57606 766661622.3068199 828829923.52144 996634645.78005 851100226.18645 984173058.22576 916394358.32373 1084890443.1445 1491103444.0213902 1369430420.50744 1321839848.9066 1538321713.24332 1472121553.3238199 1458328472.4021301 1388723944.4151301 1480535365.13485 1441788797.01733 1526630632.98279 1523837515.42943 1295983634.78059 1306205977.8231997 1389219927.96133 1276605633.47812 1305821710.63336 1394475070.6180599 1246441110.2222102 1162005999.53359 355190175.71074 
515705323.93611 286615335.44286 0 224889993.25708 279280312.05473 424715806.0834 468063023.94062996 482243244.88242996 524215723.57238996 667251491.02722 863813350.90162 912375292.63573 888541314.25099 819346072.17033 831425221.04526 738849770.44847 642060473.5649 699844853.8791499 724087446.01892 1042234668.9690499 1088958207.88572 1256762930.14433 1111228510.55073 1053256125.77596 1048774176.84474 1345018727.50878 1773811927.59642 1656045755.9503002 1608381452.7105 1509034234.83324 1442834074.91374 1448041466.90938 1365548463.79514 1376149340.27933 1337402772.16181 1422244608.12727 1419451490.57391 1191597609.92507 1237193940.48692 1284833903.10581 1172219608.6226 1201435685.7778401 1365187592.20798 1533056445.66507 1448621334.97645 624020650.87196 
290815330.67903 414563327.67239 224889993.25708 0 504170305.31181 649605799.3404801 692953017.19771 707133238.13951 749105716.82947 892141484.2843 989960697.87533 834610844.07908 781567312.79836 706087515.99893 776355411.5526899 683779960.9559 586990664.07233 754110455.7154601 733019646.3659999 1051912763.32096 1143223809.72203 1221394057.9967 1165494112.3870401 1089661747.36833 1015003817.90492 1399284329.34509 1828077529.43273 1715799381.2898998 1643800225.95906 1667738572.16508 1601538412.24558 1556937931.98332 1503276763.85428 1601039333.5364099 1562292765.4188898 1603784819.4150999 1639053165.3329098 1416487603.18215 1350146459.7273397 1509723896.36289 1397109601.8796802 1358663325.08423 1523891929.53982 1541988646.01215 1457553535.32353 399130657.61487997 
562723491.13651 565895647.4975901 279280312.05473 504170305.31181 0 145435494.02867 283027038.36671 292157930.31448 334895781.63079 592191076.39446 872531105.01327 975137014.1865101 951303035.80177 882107793.7211101 939046783.65732 900108302.92886 921340785.6196301 979125165.9338801 995437508.20475 1321514981.02378 1368238519.94045 1361920228.10413 1249090679.36605 1116017847.32674 1111535898.39552 1538501768.78425 1947534231.822 1825861208.30805 1713499297.95674 1626566660.95131 1570530371.31128 1492440878.79231 1385847170.99222 1438911061.83011 1400164493.71259 1485006329.67805 1482213212.12469 1254359331.47585 1299955662.0377002 1254551293.68083 1130889718.75675 1264197407.32862 1503935849.7533998 1804406507.8509002 1719971397.16228 671038818.07236 
417287997.10784 664162845.8827299 424715806.0834 649605799.34048 145435494.02867 0 188033157.17507 202213378.11687 244185856.80683 497197195.20282 781139578.42373 829701520.15784 805867541.7731 736672299.69244 793611289.62865 754672808.90019 851462105.78376 983495018.26758 959944361.0659 1289133872.79666 1372608372.27415 1216484734.07546 1103655185.33738 970582353.29807 966100404.36685 1393066274.75558 1802098737.79333 1680425714.2793798 1579252600.1255999 1531989716.20751 1465789556.28801 1386463709.49294 1294455644.40268 1293475567.80144 1254728999.68392 1339570835.64938 1336777718.09602 1108923837.44718 1154520168.00903 1159557412.4891899 1035895837.56511 1118761913.2999501 1388143073.5822499 1768913360.71205 1684478250.0234299 525603324.04368997 
605321154.28291 754678359.38349 468063023.94062996 692953017.1977099 283027038.36671 188033157.17507 0 240341566.32422 264174658.7125 509621920.7564 749037180.83926 797599122.57337 773765144.18863 704569902.10797 761508892.0441799 722570411.31572 819359708.1992899 1100166514.25474 1052552808.83738 1381742320.56814 1356318249.93188 1184382336.49099 1071552787.7529099 938479955.7135999 933998006.78238 1360963877.17111 1769996340.2088602 1648323316.69491 1547150202.54113 1503072736.7773001 1444492155.7922602 1354361311.9084702 1262353246.8182101 1261373170.21697 1222626602.0994499 1307468438.06491 1288058208.35112 1076821439.86271 1122417770.42456 971524255.31412 847862680.39004 1086659515.7154799 1364271536.4112701 1831986506.0658298 1777086697.79491 584090300.09909 
619501375.22471 768858580.32529 482243244.88242996 707133238.1395099 292157930.31448 202213378.11687 240341566.32422 0 42737851.31631 456745934.89449 812339302.63485 860901244.36896 837067265.98422 767872023.90356 824811013.8397701 785872533.11131 882661829.99488 1163468636.05033 1116158638.91734 1445348150.6481 1419620371.72747 1247684458.28658 1134854909.5485 1001782077.50919 997300128.57797 1424265998.9667 1833298462.00445 1711625438.4905 1610452324.33672 1539055155.95407 1472854996.03457 1417663433.70406 1325655368.6138 1324675292.0125601 1285928723.89504 1356101885.52984 1367977442.30714 1140123561.6583 1102463525.8420799 1059098104.42944 935436529.50536 1110980391.19897 1395208513.32881 1895288627.8614202 1840445191.46975 647392421.89468 
661473853.91467 810831059.01525 524215723.57238996 749105716.8294699 334895781.63079 244185856.80683 264174658.7125 42737851.31631 0 414008083.57817996 855077153.95116 903639095.6852701 879805117.30053 810609875.2198701 867548865.15608 828610384.4276199 925399681.3111899 1206206487.3666399 1158896490.23365 1488086001.9644098 1462358223.0437799 1290422309.60289 1177592760.86481 1044519928.8255 1040037979.89428 1467003850.28301 1873855797.9655 1753962087.48691 1608250111.2483 1581793007.27038 1515592847.35088 1454319497.12702 1368393219.93011 1338221614.20994 1280745039.44047 1313364034.21353 1332894206.15013 1133775711.17959 1059725674.5257701 1016360253.11313 892698678.18905 1068242539.88266 1437946364.64512 1938026479.17773 1883183042.7860599 690130273.21099 
663878109.13837 771637515.88274 667251491.02722 892141484.2843 592191076.39446 497197195.20282 509621920.7564 456745934.89448994 414008083.57817996 0 503641205.65158 753638475.6871699 745686663.43513 676491421.35447 733430411.2906799 694491930.56222 791281227.4457899 1048399306.23991 1109041493.5115 1414477848.59114 1264704274.52363 1079347984.9814901 939412076.32658 848015027.8601099 773357098.3966999 1270498949.3176198 1608586533.3913 1487682408.3092299 1342980846.6741 1243633628.7968402 1177433468.87734 1115627353.20011 1016957271.63053 999529470.28303 942052895.51356 974671890.28662 994202062.2232201 795083567.2526801 721033530.59886 677668109.18622 554006534.26214 729550395.95575 1099786986.17158 1726952154.5563302 1672108718.16466 556011819.34559 
699145367.1963 875407878.43618 863813350.90162 989960697.87533 872531105.01327 781139578.42373 749037180.83926 812339302.63485 855077153.9511601 503641205.65158 0 249997270.03559 284808935.31552 283873181.8764 371222650.03593 423173443.43057 519962740.31414 544758100.58833 782844673.1215501 1112034184.8523102 761063068.87205 575706779.32991 435770870.675 344373822.20853 269715892.74512 766857743.66604 1105714226.1716 984041202.65765 840968192.94347 754035555.93804 697999266.29801 619909773.77904 513316065.97895 651577742.05041 639068739.37538 723910575.3408401 751259871.8298 492099411.1145 732806016.91414 627223118.13024 708428751.97924 595993526.29844 631404744.7401301 1223310948.9047499 1168467512.5130801 752573679.21999 
543795513.4000499 736001384.49789 912375292.63573 834610844.0790799 975137014.1865101 829701520.15784 797599122.57337 860901244.36896 903639095.6852701 753638475.68717 249997270.03559 0 66920631.89222 128523328.08015 218514002.7207 311089453.31749 407878750.20106 563562267.29596 605654362.53204 905952082.38586 574225877.07413 386783213.91762 388123735.32856 255050903.28925002 180392973.82584 615976509.87749 1016391307.2523199 894718283.73837 809189381.87998 843350962.2579 777150802.3384 722327087.90424 699865191.2198 836544580.17399 889066009.41097 955699485.0598301 990967830.97764 742096681.15009 702061125.3720701 874885055.80349 958426022.01483 710577990.72896 699504319.63264 1034387383.49246 979543947.10079 652110840.3359 
490751982.11933 669080752.60567 888541314.25099 781567312.79836 951303035.80177 805867541.7731 773765144.18863 837067265.98422 879805117.3005301 745686663.43513 284808935.31552 66920631.89222 0 75479796.79943 165470471.43998 258045922.03677 354835218.92034 496641635.40374 538733730.63982 839031450.49364 641146508.9663501 453703845.80984 455044367.22077996 321971535.18147 247313605.71806 682897141.7697101 1055905092.00549 934232068.49154 867822254.15766 906007953.82601 840491750.89315 789247719.79646 766785823.11202 903465212.06621 923877674.6909 1000867708.62401 1036068807.1453199 776908346.43002 747229348.93625 912032053.44576 993237687.2947599 755746214.2931399 760271131.51216 1101308015.38468 1046464578.99301 599067309.05518 
415272185.3199 634800560.24295 819346072.17033 706087515.99893 882107793.7211101 736672299.69244 704569902.10797 767872023.90356 810609875.2198701 676491421.35447 283873181.8764 128523328.08015 75479796.79943 0 89990674.64055 182566125.23734 279355422.12091 491626788.3686 510754929.7156 834016603.4585 702749205.15428 515306541.99777 516647063.40871 383574231.3694 308916301.90599 744499837.95764 1131384888.80492 1009711865.29097 937712709.96013 971874290.33805 905674130.41855 850850415.98439 797189247.85535 935450923.92681 922941921.25178 1007783757.2172401 1035133053.7062 775972592.9909 822709145.73568 911096300.00664 992301933.8556399 831226011.09257 828027647.71279 1162910711.57261 1108067275.18094 523587512.25574994 
505262859.96045 544809885.6024 831425221.04526 776355411.55269 939046783.65732 793611289.62865 761508892.0441799 824811013.8397701 867548865.1560801 733430411.2906799 371222650.03593 218514002.7207 165470471.43998 89990674.64055 0 92575450.59679 189364747.48036 402486342.12887 421152617.91699 744876157.21877 653563728.9439 466121065.78739 606637738.04926 473564906.00995004 398906976.54654 695314361.74726 1124107561.8349 1019030222.57892 1027703384.60068 1061864964.9786 995664805.0591 940841090.62494 884538716.01488 1022800392.08634 1010291389.41131 1095133225.37677 1122482521.86573 863322061.15043 869885213.9539901 998445768.1661699 1079651402.01517 878402079.3108801 918018322.35334 1113725235.3622298 1058881798.97056 613578186.8963 
562977447.43789 452234435.00561 738849770.44847 683779960.9559001 900108302.92886 754672808.90019 722570411.31572 785872533.11131 828610384.42762 694491930.56222 423173443.43057 311089453.31749 258045922.03677 182566125.23734 92575450.59679 0 96789296.88357 377596102.93902004 414549562.94928 719985918.02892 746139179.54069 558696516.38418 699213188.64605 566140356.60674 491482427.14333 787889812.3440499 1216683012.43169 1111605673.17571 1120278835.19747 1154440415.5753899 1088240255.65589 1033416541.22173 936489509.40952 1074751185.48098 1062242182.8059499 1147084018.77141 1174433315.26037 915272854.5450699 962460664.55078 1050396561.56081 1131602195.40981 970977529.90767 1010593772.95013 1206300685.95902 1139083451.90681 669451048.72523 
466188150.55432 355445138.12204 642060473.5648999 586990664.07233 921340785.6196299 851462105.7837601 819359708.19929 882661829.99488 925399681.31119 791281227.44579 519962740.31414 407878750.20106 354835218.92034 279355422.12091 189364747.48036 96789296.88357 0 307755139.91635 349843665.6515 650144955.00625 696868493.92292 655485813.26775 719138796.58793 662929653.4903101 588271724.0269 884679109.22762 1313472309.31526 1208394970.05928 1120643249.81359 1188103538.93547 1121903379.01597 1127110771.01161 1033278806.2930901 1171540482.36455 1159031479.68952 1243873315.65498 1271222612.14394 1012062151.42864 1059249961.4343501 1147185858.44438 1228391492.29338 1067766826.7912401 1044256896.31021 1158812665.29765 1074377554.60903 572661751.84166 
566207021.15974 439716569.51487 699844853.8791499 754110455.7154601 979125165.9338799 983495018.26758 1100166514.25474 1163468636.0503302 1206206487.36664 1048399306.23991 544758100.58833 563562267.29596 496641635.40374 491626788.3686 402486342.12887 377596102.93902004 307755139.91635 0 238086572.53322 567276084.2639799 656390806.31951 824195528.57812 678661108.98452 811733941.0238299 743955241.1218 645173873.62963 1073967073.71727 1195640097.23122 1197952361.60571 1098605143.72845 1032404983.8089501 1037612375.8045901 955119372.69035 1091798761.64454 1183826839.96371 1268668675.9291701 1296017972.4181302 1036857511.7028301 1243870984.33999 1171981218.71857 1253186852.5675702 1140751626.88677 954758501.1031901 1047055572.17937 962620461.4907501 674522348.09559 
563962562.22093 437472110.57606 724087446.01892 733019646.366 995437508.20475 959944361.0659 1052552808.83738 1116158638.91734 1158896490.23365 1109041493.5115 782844673.1215501 605654362.53204 538733730.63982 510754929.7156 421152617.91699 414549562.94928 349843665.6515 238086572.53322 0 329189511.73076 467432278.52814 654874941.68465 594868882.14595 588648397.22256 661937002.05848 792022605.4846101 1175101690.28949 1145016208.9874501 1165876996.76995 1302205128.21541 1236004968.29591 1221841688.1641302 1158719357.17731 1295398746.1315 1421913412.4969301 1506755248.4623902 1534104544.9513502 1274944084.2360501 1285963079.5760698 1410067791.25179 1491273425.10079 1294479944.93296 1158358485.5901499 808968999.64615 724533888.95753 672277889.15678 
893152073.95169 766661622.3068199 1042234668.9690499 1051912763.32096 1321514981.0237799 1289133872.79666 1381742320.56814 1445348150.6481 1488086001.9644098 1414477848.59114 1112034184.85231 905952082.38586 839031450.49364 834016603.4585 744876157.21877 719985918.02892 650144955.00625 567276084.2639799 329189511.73076 0 796621790.2588999 984064453.4154099 924058393.8767099 917837908.95332 991126513.78924 1121212117.21537 1083466834.28308 961793810.76913 997852178.67529 1387665596.66097 1356347576.3489199 1220173205.63972 1326766913.43981 1356887032.7969 1534372734.49397 1619214570.45943 1646563866.94839 1600670252.67937 1586260799.4298897 1739257302.98255 1820462936.8315501 1594777664.7867799 1364145555.49221 1138158511.37691 1053723400.68829 1001467400.88754 
955320375.16631 828829923.5214399 1088958207.88572 1143223809.72203 1368238519.94045 1372608372.27415 1356318249.93188 1419620371.72747 1462358223.0437799 1264704274.5236301 761063068.87205 574225877.07413 641146508.9663501 702749205.1542801 653563728.9439 746139179.54069 696868493.92292 656390806.31951 467432278.52814 796621790.2588999 0 187442663.15651 332977082.75011003 430494580.56 505152510.02341 324590326.95647 753383527.0441101 677583930.45931 698444718.24181 987244322.52584 921044162.60634 926251554.6019801 833099184.93656 971360861.00802 1164392926.37837 1249234762.34383 1276584058.8327901 1215144080.89049 1213126924.20853 1385950854.63995 1403926092.1019 1221643789.5654202 843397679.90058 835046832.73135 780203396.33968 1063635702.10216 
930578727.31767 996634645.78005 1256762930.14433 1221394057.9967 1361920228.10413 1216484734.07546 1184382336.49099 1247684458.28658 1290422309.60289 1079347984.9814901 575706779.32991 386783213.91762 453703845.80984 515306541.99777 466121065.78739 558696516.38418 655485813.2677499 824195528.57812 654874941.68465 984064453.4154099 187442663.15651 0 145534419.5936 265646802.66767 340304732.13108003 229193295.95987 657986496.04751 594455333.40958 740167309.64819 808017326.26416 741817166.34466 747024558.3403001 645656521.78005 783918197.85151 976950263.22186 1061792099.18732 1089141395.67628 1027701417.7339801 1053183346.1998202 1202929897.46015 1239078314.20957 1061700211.5567101 664170683.6389 647604169.57484 592760733.18317 1038894054.25352 
931919248.72861 851100226.18645 1111228510.55073 1165494112.38704 1249090679.36605 1103655185.33738 1071552787.7529099 1134854909.5485 1177592760.86481 939412076.32658 435770870.675 388123735.32856 455044367.22078 516647063.40871 606637738.04926 699213188.64605 719138796.58793 678661108.98452 594868882.14595 924058393.8767099 332977082.75011003 145534419.5936 0 133072832.03931 207730761.50272 374727715.55347 742788853.79656 621115830.28261 766827806.5212201 863597578.77752 798081375.84466 766266122.98088 791190941.3736501 902979950.1380601 831415843.62826 916257679.59372 943606976.08268 927870281.7895 1090184860.70063 1062993988.8052399 1106504343.5812101 1031764396.9734399 717860756.46367 793138589.16844 738295152.77677 1040234575.6644601 
798846416.6893001 984173058.22576 1053256125.77596 1089661747.36833 1116017847.32674 970582353.29807 938479955.7135999 1001782077.50919 1044519928.8255 848015027.86011 344373822.20853 255050903.28925002 321971535.18147004 383574231.3694 473564906.00995004 566140356.60674 662929653.49031 811733941.0238299 588648397.22256 917837908.95332 430494580.56 265646802.66767 133072832.03931 0 74657929.46341 422483921.45751 851277121.54515 754188662.32192 663158647.87823 730524746.73821 665008543.8053501 633193290.94157 702876603.1855401 769907118.0987501 947392819.79582 1032234655.7612801 1059583952.25024 836473233.32303 957112028.6613201 971596940.3387699 973431511.5419 940367348.5069699 584787924.42436 913250972.24251 858407535.85084 907161743.6251501 
724188487.2258899 916394358.32373 1048774176.84474 1015003817.9049199 1111535898.39552 966100404.36685 933998006.78238 997300128.57797 1040037979.8942801 773357098.3966999 269715892.74512 180392973.82584 247313605.71806 308916301.90599 398906976.54654 491482427.14333004 588271724.0269 743955241.1218 661937002.05848 991126513.78924 505152510.02341 340304732.13108003 207730761.50272 74657929.46341 0 497141850.92092 835998333.4264799 714325309.91253 737816577.34164 732250825.6953399 699710572.15073 563536201.44153 670129909.24162 700250028.5987101 877735730.29578 962577566.26124 989926862.7501999 761815303.85962 882454099.1979101 896939010.87536 898773582.07849 865709419.04356 659445853.88777 987908901.70592 933065465.31425 832503814.16174 
1159772023.27754 1084890443.1445 1345018727.50878 1399284329.34509 1538501768.78425 1393066274.75558 1360963877.17111 1424265998.9667 1467003850.28301 1270498949.3176198 766857743.66604 615976509.87749 682897141.7697101 744499837.95764 695314361.74726 787889812.3440499 884679109.2276199 645173873.62963 792022605.4846101 1121212117.2153702 324590326.95647 229193295.95987 374727715.55347 422483921.45751 497141850.92092 0 428793200.08764 550466223.60159 694398886.80484 731131057.87585 664930897.95635 670138289.95199 587645286.83775 724324675.79194 944083048.9618299 1027211610.8926101 1052284194.96208 968107895.67441 1094044384.71705 1270866531.66763 1325713927.26191 1062783832.23287 587284415.25059 876797465.5347099 821954029.14304 1268087350.2133899 
1546657074.12482 1491103444.0213902 1773811927.5964198 1828077529.4327297 1947534231.822 1802098737.79333 1769996340.20886 1833298462.0044498 1873855797.9655 1608586533.3913002 1105714226.1715999 1016391307.2523199 1055905092.00549 1131384888.80492 1124107561.8349 1216683012.43169 1313472309.31526 1073967073.71727 1175101690.28949 1083466834.28308 753383527.0441101 657986496.04751 742788853.79656 851277121.54515 835998333.4264799 428793200.08764 0 121673023.51395 265605686.7172 653205904.39509 700555695.7757 768020729.99095 729099697.89086 862966996.92923 1063749011.80826 1142534189.26232 1157810329.26901 1106750216.8116999 1255059209.7405798 1399088774.27884 1483079950.03377 1201413770.82355 631899063.53412 762845398.0787699 847280508.7673899 1654972401.06067 
1424984050.61087 1369430420.50744 1656045755.9503002 1715799381.2898998 1825861208.3080502 1680425714.27938 1648323316.69491 1711625438.4905 1753962087.48691 1487682408.3092299 984041202.65765 894718283.73837 934232068.49154 1009711865.29097 1019030222.57892 1111605673.17571 1208394970.05928 1195640097.23122 1145016208.9874501 961793810.76913 677583930.45931 594455333.40958 621115830.28261 754188662.32192 714325309.91253 550466223.60159 121673023.51395 0 145711976.23861 531532880.88114 580661985.29711 648113800.23148 609205987.41227 743073286.45064 943855301.32967 1022640478.78373 1037916618.7904199 986856506.33311 1133386186.22663 1279181844.51937 1361406926.51982 1081520060.34496 512005353.05552995 800300519.4911599 804975432.3039299 1533299377.5467198 
1352984895.28003 1321839848.9066 1608381452.7105 1643800225.95906 1713499297.95674 1579252600.1256 1547150202.54113 1610452324.33672 1608250111.2483 1342980846.6741 840968192.94347 809189381.87998 867822254.15766 937712709.96013 1027703384.60068 1120278835.19747 1120643249.81359 1197952361.60571 1165876996.76995 997852178.67529 698444718.24181 740167309.64819 766827806.5212201 663158647.87823 737816577.34164 694398886.80484 265605686.7172 145711976.23861 0 389813417.98568 434950009.05850005 502415043.27375 463494011.17366 597361310.21203 798143325.0910599 876928502.54512 892204642.55181 841144530.0945001 1001261004.58752 1133483087.56164 1220441639.4481602 935808084.10635 366293376.81692 894894223.19369 894214246.12745 1427178642.81776 
1387146475.65795 1538321713.2433202 1509034234.83324 1667738572.16508 1626566660.9513102 1531989716.20751 1503072736.7773 1539055155.95407 1581793007.27038 1243633628.7968402 754035555.93804 843350962.2579 906007953.82601 971874290.33805 1061864964.9786 1154440415.57539 1188103538.93547 1098605143.72845 1302205128.21541 1387665596.66097 987244322.52584 808017326.26416 863597578.77752 730524746.73821 732250825.6953399 731131057.87585 653205904.39509 531532880.88114 389813417.98568 0 66200584.26396 168714624.25381 240719489.95909 304653548.49464 481679445.44909 515739797.70372 551008143.6215299 548436768.37711 746503040.05709 799782668.5416999 913688412.55017 641358202.5011799 145736822.31385 1284707641.17937 1284027664.11313 1327831424.9405 
1320946315.73845 1472121553.32382 1442834074.91374 1601538412.24558 1570530371.31128 1465789556.28801 1444492155.79226 1472854996.03457 1515592847.35088 1177433468.87734 697999266.29801 777150802.3384 840491750.89315 905674130.41855 995664805.0591 1088240255.65589 1121903379.01597 1032404983.8089501 1236004968.29591 1356347576.3489199 921044162.60634 741817166.34466 798081375.84466 665008543.8053501 699710572.15073 664930897.95635 700555695.7757001 580661985.2971101 434950009.05850005 66200584.26396 0 136174370.7092 184683200.31906 270935654.55237 449291385.74683 534133221.71229 561482518.20125 514718874.43484 714595238.8116 767242414.99709 888207140.68783 608817948.95657 80220619.38099 1284058217.3696399 1295655382.11416 1261631265.021 
1266122601.30429 1458328472.4021301 1448041466.90938 1556937931.98332 1492440878.79231 1386463709.49294 1354361311.9084702 1417663433.70406 1454319497.12702 1115627353.20011 619909773.77904 722327087.90424 789247719.79646 850850415.98439 940841090.62494 1033416541.22173 1127110771.01161 1037612375.80459 1221841688.1641302 1220173205.63972 926251554.60198 747024558.3403001 766266122.98088 633193290.94157 563536201.44153 670138289.95199 768020729.99095 648113800.23148 502415043.27375 168714624.25381 136174370.7092 0 106593707.80009 136713827.15718 314199528.85425 399041364.81971 426390661.30867004 380497047.03965 578420868.1024 631068044.28789 752657040.4516201 472643578.24737 182098637.87146 1289265609.36528 1256760911.57824 1166948939.91298 
1212461433.17525 1388723944.41513 1365548463.79514 1503276763.85428 1385847170.99222 1294455644.40268 1262353246.8182101 1325655368.6138 1368393219.93011 1016957271.63053 513316065.97895 699865191.2198 766785823.11202 797189247.85535 884538716.01488 936489509.40952 1033278806.29309 955119372.69035 1158719357.17731 1326766913.43981 833099184.93656 645656521.78005 791190941.3736501 702876603.1855401 670129909.24162 587645286.83775 729099697.89086 609205987.41227 463494011.17366 240719489.95909 184683200.31906 106593707.80009 0 138261676.07146 358020049.24135 442861885.20681 466221195.24160004 382044895.95393 595126952.5894101 737661752.0879799 761342005.30759 476720832.51239 118088678.76118 1206772606.25104 1218369770.99556 1184345653.9024 
1337827068.73248 1480535365.13485 1376149340.27933 1601039333.53641 1438911061.83011 1293475567.80144 1261373170.21697 1324675292.01256 1338221614.20994 999529470.2830302 651577742.05041 836544580.17399 903465212.06621 935450923.92681 1022800392.08634 1074751185.48098 1171540482.3645499 1091798761.64454 1295398746.1315 1356887032.7969 971360861.00802 783918197.85151 902979950.1380601 769907118.0987501 700250028.5987101 724324675.79194 862966996.9292301 743073286.4506401 597361310.21203 304653548.49464 270935654.55237 136713827.15718 138261676.07146 0 219758373.16989 304600209.13535 327959519.17014 243783219.88247 462186154.82027006 635010085.25169 623080329.23613 338459156.44093 233139600.80004 1343451995.20523 1355049159.94975 1264909668.5977 
1280350493.96301 1441788797.01733 1337402772.16181 1562292765.41889 1400164493.71259 1254728999.68392 1222626602.09945 1285928723.89504 1280745039.44047 942052895.51356 639068739.37538 889066009.4109701 923877674.6909001 922941921.25178 1010291389.41131 1062242182.80595 1159031479.6895201 1183826839.96371 1421913412.4969301 1534372734.49397 1164392926.37837 976950263.22186 831415843.62826 947392819.79582 877735730.29578 944083048.9618299 1063749011.80826 943855301.32967 798143325.0910599 481679445.44909 449291385.74683 314199528.85425 358020049.24135 219758373.16989 0 84841835.96546 112191132.45442 146969328.26088 384871375.79501 478483684.20076 489628081.73366004 250863443.44482 431849948.27414 1563210368.37512 1569710996.40503 1226163100.48018 
1312969488.7360702 1526630632.98279 1422244608.12727 1603784819.4151 1485006329.67805 1339570835.64938 1307468438.06491 1356101885.5298398 1313364034.2135298 974671890.28662 723910575.34084 955699485.0598301 1000867708.62401 1007783757.21724 1095133225.37677 1147084018.77141 1243873315.65498 1268668675.9291701 1506755248.4623902 1619214570.45943 1249234762.34383 1061792099.18732 916257679.59372 1032234655.7612801 962577566.26124 1027211610.8926101 1142534189.26232 1022640478.78373 876928502.54512 515739797.70372 534133221.71229 399041364.81971 442861885.20681 304600209.13535 84841835.96546 0 35268345.91781 231811164.22634 403432013.55727994 563325520.1662201 475463873.87889004 256347876.56137 510635125.7282 1646338930.3059 1654552832.37049 1311004936.44564 
1348237834.6538801 1523837515.42943 1419451490.57391 1639053165.33291 1482213212.12469 1336777718.09602 1288058208.35112 1367977442.3071399 1332894206.1501298 994202062.22322 751259871.8298 990967830.97764 1036068807.1453199 1035133053.7062 1122482521.86573 1174433315.26037 1271222612.14394 1296017972.41813 1534104544.95135 1646563866.94839 1276584058.83279 1089141395.67628 943606976.08268 1059583952.2502401 989926862.7502 1052284194.96208 1157810329.26901 1037916618.79042 892204642.55181 551008143.6215299 561482518.20125 426390661.30867004 466221195.24160004 327959519.17014 112191132.45442 35268345.91781 0 259160460.7153 438700359.47508997 563857102.88516 440195527.96108 291616222.47918 525911265.73489 1671411514.37537 1681902128.8594499 1308211818.89228 
1133381165.70213 1295983634.78059 1191597609.92507 1416487603.1821501 1254359331.47585 1108923837.44718 1076821439.86271 1140123561.6583 1133775711.17959 795083567.2526801 492099411.1145 742096681.15009 776908346.43002 775972592.9909 863322061.15043 915272854.5450699 1012062151.4286399 1036857511.7028301 1274944084.2360501 1600670252.67937 1215144080.89049 1027701417.7339801 927870281.7895 836473233.32303 761815303.85962 968107895.6744101 1106750216.8117 986856506.3331101 841144530.0945001 548436768.37711 514718874.43484 380497047.03965 382044895.95393 243783219.88247 146969328.26088 231811164.22634 259160460.7153 0 240706605.79964 430564182.22134 379297109.35366 103894115.18394 476922820.68251 1587235215.0877 1598832379.83222 1080357938.2434402 
1059331129.04831 1306205977.8232002 1237193940.4869199 1350146459.72734 1299955662.0377 1154520168.0090299 1122417770.42456 1102463525.84208 1059725674.5257701 721033530.59886 732806016.91414 702061125.3720701 747229348.93625 822709145.73568 869885213.9539901 962460664.55078 1059249961.43435 1243870984.33999 1285963079.5760698 1586260799.42989 1213126924.20853 1053183346.19982 1090184860.7006302 957112028.6613201 882454099.1979101 1094044384.71705 1255059209.74058 1133386186.22663 1001261004.5875201 746503040.05709 714595238.8116 578420868.1024 595126952.58941 462186154.82027 384871375.79501 403432013.55727994 438700359.47508997 240706605.79964 0 240855722.32398 288010868.83414 147084136.99591 659613197.56983 1700787515.77466 1645944079.38299 1125954268.80529 
1232155059.4797301 1389219927.96133 1284833903.10581 1509723896.36289 1254551293.68083 1159557412.48919 971524255.31412 1059098104.42944 1016360253.11313 677668109.18622 627223118.13024 874885055.80349 912032053.44576 911096300.00664 998445768.1661699 1050396561.56081 1147185858.44438 1171981218.71857 1410067791.25179 1739257302.9825501 1385950854.6399503 1202929897.46015 1062993988.8052399 971596940.33877 896939010.87536 1270866531.66763 1399088774.27884 1279181844.51937 1133483087.56164 799782668.5416999 767242414.99709 631068044.28789 737661752.0879799 635010085.25169 478483684.20076 563325520.16622 563857102.88516 430564182.22134 240855722.32398 0 123661574.92408 365031010.92441 813166682.15935 1850534067.0349898 1795690630.64332 1173594231.42418 
1168846226.7337499 1276605633.4781199 1172219608.6226 1397109601.8796802 1130889718.75675 1035895837.5651101 847862680.39004 935436529.5053601 892698678.1890501 554006534.26214 708428751.97924 958426022.01483 993237687.29476 992301933.8556399 1079651402.0151699 1131602195.40981 1228391492.29338 1253186852.56757 1491273425.10079 1820462936.8315501 1403926092.1019 1239078314.20957 1106504343.5812101 973431511.5419 898773582.07849 1325713927.26191 1483079950.03377 1361406926.51982 1220441639.44816 913688412.55017 888207140.68783 752657040.4516201 761342005.30759 623080329.23613 489628081.73366004 475463873.87889004 440195527.96108 379297109.35366 288010868.83414 123661574.92408 0 293631692.25333 856219930.03617 1886682483.78441 1831839047.3927398 1060979936.94097 
1067847994.4052 1305821710.63336 1201435685.7778401 1358663325.08423 1264197407.3286202 1118761913.2999501 1086659515.7154799 1110980391.19897 1068242539.88266 729550395.95575 595993526.29844 710577990.72896 755746214.2931399 831226011.09257 878402079.3108801 970977529.90767 1067766826.79124 1140751626.88677 1294479944.93296 1594777664.78678 1221643789.5654202 1061700211.55671 1031764396.9734399 940367348.50697 865709419.04356 1062783832.2328701 1201413770.82355 1081520060.34496 935808084.10635 641358202.5011799 608817948.95657 472643578.24737 476720832.51239 338459156.44093 250863443.44482 256347876.56137 291616222.47918 103894115.18394 147084136.99591 365031010.92441 293631692.25333 0 569514707.28943 1681911151.6461601 1654460944.73988 1090196014.09621 
1242852866.05872 1394475070.61806 1365187592.20798 1523891929.53982 1503935849.7534 1388143073.5822499 1364271536.41127 1395208513.32881 1437946364.64512 1099786986.17158 631404744.7401301 699504319.63264 760271131.51216 828027647.71279 918018322.35334 1010593772.95013 1044256896.31021 954758501.1031901 1158358485.5901499 1364145555.49221 843397679.90058 664170683.6389 717860756.46367 584787924.42436 659445853.88777 587284415.25059 631899063.53412 512005353.05552995 366293376.81692 145736822.31385 80220619.38099 182098637.87146 118088678.76118 233139600.80004 431849948.27414 510635125.7282 525911265.73489 476922820.68251 659613197.56983 813166682.1593499 856219930.03617 569514707.28943 0 1206411734.6638799 1218008899.4084 1183984782.31524 
1372931561.8670797 1246441110.22221 1533056445.66507 1541988646.0121498 1804406507.8509 1768913360.71205 1831986506.06583 1895288627.8614202 1938026479.17773 1726952154.5563297 1223310948.9047499 1034387383.49246 1101308015.38468 1162910711.57261 1113725235.3622298 1206300685.95902 1158812665.2976499 1047055572.1793699 808968999.64615 1138158511.37691 835046832.73135 647604169.57484 793138589.16844 913250972.24251 987908901.70592 876797465.5347099 762845398.0787699 800300519.4911599 894894223.19369 1284707641.17937 1284058217.3696399 1289265609.36528 1206772606.25104 1343451995.20523 1563210368.37512 1646338930.3059 1671411514.37537 1587235215.0877 1700787515.7746599 1850534067.0349898 1886682483.78441 1681911151.6461601 1206411734.6638799 0 84435110.68862 1481246888.8029296 
1288496451.1784601 1162005999.53359 1448621334.97645 1457553535.32353 1719971397.16228 1684478250.0234299 1777086697.79491 1840445191.46975 1883183042.7860599 1672108718.16466 1168467512.5130801 979543947.10079 1046464578.99301 1108067275.18094 1058881798.97056 1139083451.90681 1074377554.60903 962620461.4907501 724533888.95753 1053723400.68829 780203396.33968 592760733.18317 738295152.77677 858407535.85084 933065465.31425 821954029.14304 847280508.76739 804975432.3039299 894214246.12745 1284027664.11313 1295655382.1141598 1256760911.57824 1218369770.99556 1355049159.94975 1569710996.40503 1654552832.37049 1681902128.85945 1598832379.83222 1645944079.38299 1795690630.64332 1831839047.39274 1654460944.73988 1218008899.4083998 84435110.68862 0 1396811778.11431 
108315326.93585 355190175.71074003 624020650.8719599 399130657.61487997 671038818.07236 525603324.04368997 584090300.09909 647392421.89468 690130273.2109901 556011819.34559 752573679.21999 652110840.3359 599067309.05518 523587512.25574994 613578186.8963 669451048.72523 572661751.84166 674522348.0955901 672277889.15678 1001467400.88754 1063635702.10216 1038894054.25352 1040234575.66446 907161743.62515 832503814.16174 1268087350.21339 1654972401.0606701 1533299377.54672 1427178642.81776 1327831424.9405 1261631265.021 1166948939.91298 1184345653.9024 1264909668.5977 1226163100.48018 1311004936.44564 1308211818.8922799 1080357938.24344 1125954268.80529 1173594231.42418 1060979936.94097 1090196014.09621 1183984782.31524 1481246888.80293 1396811778.11431 0 
