95
SantaClara Rockford Riverside Irving Pasadena MorenoValley Norman Sunnyvale Warren SanFrancisco OklahomaCity Cary LasVegas Miami Cincinnati Hampton Olathe Irvine LittleRock HuntingtonBeach Mobile Hartford Dallas Worcester Mesquite Thornton Anchorage Salinas GardenGrove SanAntonio NewHaven Davidson Houston Pomona CorpusChristi SantaClarita Fremont Madison Knoxville SanBernardino Brownsville Corona Surprise NewOrleans SimiValley Greensboro Chicago Denton Raleigh Glendale Tampa Laredo SantaRosa FortCollins SiouxFalls Allentown Killeen Stamford Glasses Fontana Akron Escondido SanJose Lancaster Torrance Elizabeth Anaheim JerseyCity Pikachu Lafayette Huntsville Omaha Garland Atlanta Oxnard Beaumont Vancouver Denver Hayward OWO Mesa Memphis Richmond Waco Ontario Lincoln AnnArbor FortLauderdale Norfolk LouisvilleJefferson Tulsa McAllen GrandPrairie Arlington Plano
0 67655288.4393 141148702.88141 90901502.17352 300063121.0388 378235481.62634 394646759.94251 428758114.82133 401877087.25717 355204752.46583 277860084.32421 252987348.94228 440440613.92812 433133405.60684 402367943.56028 289848677.41421 546981372.56019 687681850.1221501 666702919.57034 784638976.5471 771624039.2425001 828404651.1151 799743819.03212 785369115.29692 767236877.91707 706319482.85514 915320847.47317 1174992043.35484 1153894004.1376798 1376553720.2749 1461773027.40406 1422127556.48127 1525961902.79692 1752148655.62402 1812447798.1445 1733703946.63071 1608970795.07675 1615172113.6851301 1485525564.9884899 1535075762.9513798 1386801265.69657 1147922142.4647398 1038053753.9682 922655198.20107 1002487857.2007499 1135930785.05336 1424848350.2548301 1584710226.7366898 1595039710.8299 1717103976.4528499 1787837772.83217 1694573305.76542 1606611262.34587 1599472965.25443 1581122617.65387 1701261380.4614 1716549932.7119 1773076961.43361 1692229331.30843 1709823592.2980402 1664793963.46005 1629587154.05659 1817767387.0724802 1487932145.31575 1418649566.50827 1543744295.35025 1516882900.04651 1438007819.99852 1450784573.69767 1297769572.76499 1174912339.02421 862735326.40653 894514148.4768499 717423576.10895 727593255.06201 630955277.17899 613384347.84888 754901432.1199601 823567357.83003 868624277.60116 771891636.35235 737478410.8786 676954983.27237 972606811.1459 912231999.86642 1221335114.85642 922082519.48897 1028505652.20825 1202494058.7021298 1335202292.54987 1347980144.02121 1788380723.6847398 1888520652.7061498 1859666183.804 41218579.35906 
67655288.4393 0 101379161.45402 158556790.61282 367163040.57163 443737799.38474 462302048.38181 495858034.35416 469532375.69647 422860040.90513 345515372.76351 320642637.38158 445625455.37868 437472779.39278996 363005740.30012995 357503965.85351 521552997.85442996 648319646.862 627340716.31019 751908419.59602 775963413.02845 812832042.93935 740186632.91952 790553956.74748 776543684.2455 731128842.23007 940130206.8481 1181818344.53865 1160663752.90716 1385860526.60333 1471079833.73249 1385694002.0866 1535268709.12535 1761455461.9524498 1821754604.47293 1743010752.95914 1555716335.08639 1549381248.98161 1432031203.9147 1494815065.72092 1319145977.2572699 1115191585.51366 981772685.50731 889924641.24999 969757300.24967 1103200228.10228 1431674651.43864 1592696312.2674701 1601866012.01371 1723930277.63666 1812549956.85365 1719285489.7869 1631998574.15547 1633288511.91778 1614938164.31722 1735076927.1247501 1750365479.3752499 1839870270.3335302 1726044877.9717798 1759507870.84181 1732449251.8993502 1697242442.4958901 1851582933.73583 1555587433.75505 1486304854.94757 1611399583.7895498 1584538188.4858098 1505663108.43782 1518439862.13697 1365424861.20429 1242567627.46351 930390614.84583 962169436.91615 785078864.54825 795248543.50131 698610565.61829 680484267.38171 822556720.55926 891222646.26933 934126595.35956 837393954.11075 802980728.637 744054902.8052 1040262099.5852 979887288.30572 1288990403.29572 955898066.15232 1062321198.8716 1236309605.36548 1369017839.2132201 1381795690.68456 1797687530.01317 1897827459.03458 1884378367.82548 45887241.21427 
141148702.88141 101379161.45402 0 232050205.05493 441211823.92021 519384184.50775 535795462.82392 569906817.70274 433622735.4208 389677404.98245 261357047.8191 237816725.22179 365898720.70044 336093617.93877 261626578.84611 258779033.93028998 420173836.40041 546940485.40798 525961554.85616994 650529258.142 674584251.57443 723332501.1011 677925361.1115999 710827222.06924 696816949.56726 651402107.55183 860403472.1698601 1096909512.86707 1098402481.0992398 1306133791.9250898 1391353099.05425 1288017838.07617 1455541974.44711 1681728727.27421 1742027869.79469 1663284018.2809 1486698936.6125998 1481062395.28003 1351415846.58339 1400966044.54628 1256884705.4493499 1013812424.0596399 903944035.5631 788545479.79597 868378138.79565 1001821066.6482599 1346765819.76706 1507787480.59589 1516957180.34213 1639021445.9650798 1732823222.17541 1639558755.10866 1552271839.47723 1571253345.85032 1560940540.94733 1681079303.75486 1696367856.0053601 1785872646.96364 1672047254.60189 1705510247.47192 1670947267.47845 1635740458.07499 1797585310.36594 1509863483.49107 1440580904.6835902 1578216947.86687 1554816520.02205 1485287489.60006 1507621353.44661 1332242225.28161 1231749118.77315 897207978.9231501 900667452.49525 754638606.13607 775160521.1518201 681715986.24612 754533050.7302899 811738211.8689001 880404137.57897 978194777.4235799 886348920.42933 869954854.0969099 788108671.0984399 1029443590.89484 969068779.61536 1227488418.87482 901900442.78243 1008323575.50171 1182311981.99559 1315020215.84333 1327798067.31467 1713742804.48594 1814148243.09657 1804651633.14724 142474007.77905 
90901502.17352 158556790.61282 232050205.05493 0 211625878.58098 293637265.82523 328962850.93056 340320872.36351 317495086.44956 347271214.78632 285888356.17561996 262046813.54049 449500078.52633 472804375.75517 493269445.7338 380750179.58773005 637882874.73371 778583352.29567 757604421.74386 821954867.2234 811295009.39083 868075621.26343 797996517.59483 794428579.89513 780418307.39315 701338691.86437 910340056.4824 1177509730.6382298 1127940235.45239 1389735149.75098 1474954456.8801398 1443503886.76191 1539143332.273 1765330085.1001 1825629227.62058 1746885376.1067898 1613526219.7617002 1607191133.65692 1489841088.5900102 1552624950.3962302 1376955861.93258 1185238033.1410398 1039582570.18262 958013552.8487401 1039803747.8770499 1173246675.72966 1427366037.53822 1565010222.3476598 1597557398.1132898 1717687309.67337 1768137768.44314 1671697034.54055 1575914821.2793 1567504286.25629 1549153938.65573 1669292701.4632602 1684581253.71376 1717756646.79778 1649026305.43938 1655984548.1730902 1610954919.3351002 1575748109.9316401 1765187479.24515 1432338657.2841198 1360641546.5127 1481798956.2555299 1443746423.0107498 1382687505.36269 1383665378.67729 1221172128.27031 1119592024.38838 807141838.3749 840675104.3519 638510957.16483 659032872.18058 565588337.2748799 524947105.39106 695210714.06972 768247043.1942 784026061.80005 684592787.8607099 650179562.3869599 588517740.8145499 896054712.6163299 856111127.94535 1167496070.73147 890113840.4908301 996536973.2101101 1170525379.70399 1303233613.5517302 1316011465.02307 1779486489.6835299 1879626418.7049398 1839966179.41497 132120081.53257999 
300063121.0388 367163040.57163 441211823.92021 211625878.58098 0 90009179.0473 117336972.34958 128694993.78253 220311384.95042998 212880516.03204 291523743.16333 288143718.50347 476998094.9358 552243469.23274 627505750.2861 525551730.00116 729047624.88801 891784768.24137 877372962.2230601 923212922.98353 890734102.8684001 893566586.436 848443563.74779 821876970.62361 807916323.80262 707448675.09417 906610973.10877 1133912436.05071 1052578998.69684 1373871430.3669 1479061275.51961 1409094961.29821 1507567677.01314 1738081005.25194 1809765508.2365 1750992194.74626 1647885413.6517801 1677233471.8966 1559883426.82969 1619271527.99926 1446998200.1722598 1285226696.72841 1109600735.54463 1008460599.0016999 1141061803.63718 1258672569.4105 1383768742.9507 1505121356.03904 1548318657.4102 1657745341.09096 1683019619.5238602 1583745428.81977 1484483848.7374802 1492143049.5007398 1473792701.9001799 1550047175.66571 1565110569.56527 1513307517.00513 1509113620.62976 1510696865.00039 1459136130.18555 1435835425.12202 1625274794.43553 1246921080.38213 1172459881.44459 1290404262.00903 1256100570.9784 1178238375.57004 1179990467.78595 1033526276.23796 915142894.59573 621724261.4729099 673523463.2318 453093380.26284 456793230.15884 363902843.35563 313321226.81008 485909357.06993 561603613.39633 574619972.5736799 472966909.27973 438553683.80597997 376891862.23357 692379801.7249899 646809770.94556 1015677281.5819199 787965790.98375 869162388.67907 1031365846.29782 1201085564.04465 1213863415.51599 1719544521.10112 1819684450.12253 1764659314.28016 335217803.7488 
378235481.62634 443737799.38474 519384184.50775 293637265.82523 90009179.0473 0 129740808.39385 165181433.20463 150453289.52117 185702100.6286 307323533.08808 309899824.47398 477057342.86996 573999575.20325 695161893.02494 595951875.15451 750803730.85852 913540874.21188 899129068.1935701 939011333.12718 904090996.76311 917087677.26829 856433265.03065 821985844.23876 807975571.73678 722773868.77683 843039158.65313 1084766574.87188 989007184.2412 1319848110.96827 1430520928.4906898 1359949100.11938 1458421815.83431 1688935144.07311 1755742188.8378701 1702451847.7173398 1647994287.26693 1679251833.75833 1563290292.02475 1626074153.8309703 1450405065.36732 1302294499.0448198 1113031773.61736 1016450300.28456 1156860213.78083 1262103607.48323 1334622881.7718701 1453253111.01362 1492619585.4476101 1599685775.36451 1629381943.75096 1530107753.04687 1430846172.96458 1428571235.0451 1410220887.44454 1473779242.7231398 1485650079.7259798 1424119380.97255 1429653130.79047 1422662595.97269 1370786151.4328399 1356374935.28273 1545814304.59624 1157857356.05575 1083271745.41201 1200510797.58128 1166138216.04451 1089050239.5374599 1090028112.8520598 943563921.30407 825954758.5631499 533741635.83512 586257316.1008999 365110754.62505 378635674.60095 276636696.22473 383495128.35479 401573448.24449 474609777.36897 490388795.97482 393656154.72601 359242929.25225997 308876006.49356 602417446.7910999 562473862.12012 927643012.55422 751180789.27964 820663340.07002 951905356.45853 1140598731.3192701 1150201168.17346 1663845449.13853 1763985378.15994 1712248495.2813 419454060.98539996 
394646759.94251 462302048.38181 535795462.82392 328962850.93056 117336972.34958 129740808.39385 0 44757556.37609 280194097.91502 315442909.02245 408860715.51291 405480690.85305 594335067.28538 660799440.84953 744842722.6356801 642888702.3507401 837603596.5048 1000340739.85816 985928933.83985 1038117626.70307 999290074.4851899 1010903558.78558 965780536.09737 939213942.9731901 925253296.1522 824785647.44375 971687497.42952 1214431319.85394 1117655523.01759 1449588919.36212 1559169267.2670798 1489004207.9619203 1588086560.81637 1818599889.05517 1885482997.23172 1831100186.4937298 1765222386.00136 1794570444.24618 1677220399.17927 1736608500.34884 1564335172.52184 1401400792.62071 1226937707.89421 1125797571.35128 1255966507.35672 1376009541.76008 1464287626.75393 1581901449.79001 1617284601.2413201 1726711284.92208 1759122752.14481 1659848561.4407198 1560586981.35843 1557219573.82149 1538869226.22093 1597791241.1410503 1615390888.11983 1517964369.5313501 1533220085.93003 1516507584.5314898 1464631139.9916399 1478881145.5167398 1672873878.93988 1251702344.61455 1177116733.97081 1279587071.8905199 1259380197.66162 1182895228.0962598 1147941133.9668698 1036805902.9211799 919799747.1219499 629286737.14821 682686924.45537 462310984.20669 472480663.15975004 375842685.27673 430658199.15966 499788840.2177 568454765.92777 558386475.15247 457064694.70391 406022091.57568 438616814.88741 660330467.9059099 657119407.96416 1021488001.11302 879829128.05603 933185646.82954 1081646164.8523798 1234443719.87807 1244046156.7322602 1788510464.93224 1888650393.95365 1841989303.67515 435865339.30157 
428758114.82133 495858034.35416 569906817.70274 340320872.36351 128694993.78253 165181433.20463 44757556.37609 0 308701886.67637 341575509.81457 420218736.94586 416838712.286 605693088.71833 680938463.01527 756200744.06863 654246723.78369 857742618.67054 1020479762.0239 1006067956.00559 1051907916.76606 1019429096.6509299 1022261580.2185299 977138557.5303199 950571964.40614 936611317.58515 836143668.8767 1007140677.26121 1249948008.07651 1153108702.8492799 1485029544.1729 1594622447.0987701 1524457387.79361 1623603249.03894 1854116577.27774 1920923622.0425 1866553366.3254201 1776580407.43431 1805676167.1408901 1688326122.07398 1747966521.7817898 1575440895.41655 1413921690.51094 1238067603.66659 1137155592.78423 1269756797.41971 1387139437.53246 1499804314.9765 1617354629.6216998 1654308030.0050402 1763734713.6858 1794563376.95559 1695289186.2515 1596027606.16921 1592672753.65318 1574322406.05262 1638960675.9277697 1650831512.93061 1562721925.9074402 1577977642.30612 1561265140.90758 1509388696.36773 1521556368.48736 1710995737.80087 1296459900.99064 1221874290.3469 1324344628.26661 1302611393.3913598 1196239435.2928598 1192698690.34296 1080037098.65092 929535122.1249399 674044293.5243 727444480.83146 507068540.58278 517238219.53584003 420600241.65282 442016220.59261 544546396.59379 613212322.30386 560615140.79208 459293360.34352 408250757.21529 474057439.69819003 705088024.282 701876964.34025 1066245557.48911 915282307.88772 977943203.2056301 1117086789.6631598 1279201276.25416 1288803713.1083498 1825533893.69596 1925673822.71737 1877429928.48593 463912797.53133 
401877087.25717 469532375.69647 433622735.4208 317495086.44956 220311384.95042998 150453289.52117 280194097.91502 308701886.67637 0 46672334.79134 198037600.20278 213167217.20359 334929279.80503 464346174.98791 598429285.75455 499219267.88412 641150330.64318 803887473.99654 789475667.97823 802972170.3863399 761962933.69818 774959614.20336 714305201.9657199 679857781.17383 665847508.67185 620432666.65642 703737428.9499 948702388.01389 849705454.5379701 1188499690.9179099 1291219198.7874599 1221054139.4823003 1322357628.97632 1551436572.59444 1624393768.78751 1563150118.0141098 1505866224.2020001 1538512274.02673 1421162228.95982 1483946090.7660398 1308277002.3023899 1166255336.3039799 970903710.5524299 874322237.21963 1020821051.03999 1119975544.4183 1198558694.91388 1313951381.31039 1353317855.7443802 1460384045.6612802 1493852038.76441 1393462253.62613 1302144042.5511 1289269505.34187 1270919157.7413101 1378171698.4063702 1390042535.40921 1403768122.15937 1334045586.4737 1341003829.20741 1295974200.36942 1260767390.96596 1450206760.27947 1114843570.83456 1043146460.0631399 1166255374.2108 1135869156.51761 1067868038.59718 1081475734.42343 913294861.77717 805603499.74997 489646751.92534 525694385.38622004 321015870.71527 341537785.73102 248093250.82532 355080677.872 385094198.21968 454258518.55579 544572042.00278 452726185.00853 436332118.67611 354485935.67764 603297971.87166 542923160.59218 852515351.76579 611879059.57641 718302192.2956901 856297812.14176 1024998832.63731 1037776684.10865 1524543719.4353 1624683648.45671 1578040509.18181 443095666.61623 
355204752.46583 422860040.90513 389677404.98245 347271214.78632 212880516.03204 185702100.6286 315442909.02245 341575509.81457 46672334.79134 0 168787593.323 171363884.7089 291355242.24136 417673840.19657 554187472.1310099 457415935.38943 594477995.85184 757215139.2052 742803333.18689 759398132.82267 718388896.13451 731385576.63969 670731164.40205 636283743.61016 622273471.10818 576858629.0927501 693730457.07673 938695416.14072 839698482.6647999 1178492719.04474 1281212226.91429 1211047167.60913 1312350657.10315 1541429600.72127 1614386796.91434 1553143146.14094 1462292186.63833 1494938236.46306 1377588191.39615 1440372053.2023702 1264702964.73872 1122681298.74031 927329672.98876 830748199.6559601 977247013.47632 1076401506.85463 1188551723.04071 1303944409.4372199 1343310883.87121 1450377073.78811 1483845066.89124 1383455281.75296 1292137070.6779299 1279262533.4687 1260912185.86814 1381050948.6756701 1396339500.9261699 1443528462.47354 1347660597.0985 1354618839.83221 1309589210.99422 1274382401.59076 1463821770.90427 1132727392.84992 1063444814.0424399 1188539542.88442 1165139115.0396 1095610084.61761 1121236074.7375998 942564820.29916 845363840.06414 507530573.9407 539309396.01102 367688205.50661 388210120.52235997 294765585.61666 401753012.66334 425352933.15989006 494018858.86996 591244376.7941201 499398519.79987 483004453.46745 401158270.46898 643058312.18583 582683500.90635 866130362.39059 601872087.70324 708295220.42252 869912822.76656 1014991860.76414 1027769712.2354801 1514536747.56213 1614676676.58354 1568033537.30864 396423331.82489 
277860084.32421 345515372.76351 261357047.8191 285888356.17561996 291523743.16333 307323533.08808 408860715.51291 420218736.94586 198037600.20278 168787593.323 0 24934853.76338 233029702.35706 289034604.49265003 425548236.42709005 313811035.17726 465838760.14792 628575903.5012801 614164097.48297 631689179.8202 627525238.12831 673060036.75539 612405624.51775 562847379.60408 563947931.2238799 431500050.62460995 640501415.24264 907671089.3984699 876033919.8134699 1121398280.50376 1220374447.66184 1182853614.6459699 1270806463.0257802 1496993215.85288 1557292358.3733602 1492305366.88849 1375636721.5491 1414718650.3014998 1318625129.05936 1368175327.0222502 1206377424.85442 994972345.7378399 869004133.10446 769705401.47417 849538060.47385 982980988.3264599 1157527396.29846 1306850142.4124799 1327718756.87353 1449783022.49648 1509977688.50796 1416713221.4412098 1331791830.11534 1350773336.48843 1339607231.67875 1478544149.35327 1493832701.60377 1583337492.56205 1469512100.2003 1502433979.9719403 1457404351.1339502 1422197541.7304902 1595050155.96435 1296320567.14657 1227037988.33909 1332778981.3708 1294726448.12602 1236749918.73671 1268667836.28386 1072152153.38558 998139560.03511 676318167.2637 687124536.15075 519053470.91805 539575385.9338 446130851.0281 553118278.07478 578128653.1308601 646794578.84093 742609642.20556 650761364.40882 634369718.8788899 552523535.88042 794805846.43774 735459220.87732 1013945502.5303202 699365288.3808401 805788421.1001201 979776827.5939999 1112485061.44174 1125262912.91308 1513758555.2259 1613898484.24731 1581806099.47979 319078663.68327 
252987348.94228 320642637.38158 237816725.22179 262046813.54049 288143718.50347 309899824.47398 405480690.85305 416838712.286 213167217.20359 171363884.7089 24934853.76338 0 208094848.59368 264099750.72927 400613382.66371 288876181.41388 440903906.38454 603641049.7379 589229243.7195901 635505123.37199 602590384.36493 648125182.99201 587470770.75437 553023349.96248 539013077.4605 453332133.91286 662333498.53089 929178949.4418 900968773.5768499 1146333134.2671402 1233549226.94749 1204361474.6893 1295741316.7891603 1521928069.61626 1582227212.1367402 1505480146.17414 1379031792.99065 1411677842.81538 1294327797.74847 1357111659.55469 1181442571.09104 998788289.2896299 844069279.34108 747487806.00828 853354004.02564 986796931.8782499 1179035256.34179 1331784996.17586 1349226616.91686 1471290882.53981 1534912542.2713401 1441648075.2045898 1353623913.40359 1351820880.38292 1333470532.78236 1453609295.58989 1468897847.84039 1558402638.79867 1444577246.43692 1478040239.30695 1456303013.6242602 1424773833.1163902 1570115302.2009702 1298896858.53247 1223813890.69983 1357713835.1341798 1319661301.8894 1248535469.23387 1278514532.7535 1097087007.1489599 1002642298.08004 678894458.6496 689700827.5366501 534183087.91885996 554705002.93461 461260468.02891004 568247895.07559 596661227.83917 665327153.54924 757739259.2063701 665893402.21212 649499335.8797 567653152.88123 814366606.8651099 753991795.5856299 1012844165.02063 674430434.61746 780853567.33674 954841973.8306199 1087550207.67836 1100328059.1497 1537755289.78795 1637895218.80936 1606740953.24317 294205928.30134 
440440613.92812 445625455.37868 365898720.70044 449500078.52633 476998094.9358 477057342.86996 594335067.28538 605693088.71833 334929279.80503 291355242.24136 233029702.35706 208094848.59368 0 203894372.55518 340408004.48962 322320112.28827 326480867.42132 500010827.47031003 521388086.27877 468042890.58131 427033653.89315 440030334.39833 379375922.16069 344928501.36880004 330918228.86682 285503386.85139 494504751.46942 761674425.62525 732980732.78048 940235071.2246499 1025454378.35381 1033148266.39457 1089643253.74667 1315830006.57377 1376129149.09425 1297385297.58046 1170936944.39697 1203582994.2217 1086232949.15479 1149016810.96101 973347722.49736 831326056.49895 635974430.7474 539392957.4146 685891771.23496 785046264.61327 1011530732.52524 1163796955.3794901 1180836210.9435701 1290262894.62433 1366924501.47497 1273660034.40822 1186373118.7767901 1205354625.1498802 1196554044.64576 1341280152.6177301 1371845061.7607203 1442715322.8396602 1349213804.43162 1382676797.30165 1360939571.6189601 1334512878.8018 1474751860.1956701 1219776897.87221 1138334644.9036 1299170016.1339002 1270642508.95822 1243615133.88754 1270690191.99493 1081292408.3141298 1004860220.7516501 677549909.17424 616376608.3866999 655945150.5202999 676467065.53605 583022530.63035 585230306.37113 716708175.40125 785374101.11132 879501321.8078101 787655464.81356 771261398.48114 689415215.4826701 902781516.1997001 798955289.2385299 917480723.0153301 563882339.49253 670305472.21181 847152213.72932 975205622.92109 989779964.02477 1352062074.63449 1452202003.6559 1438752912.4468 481659193.28718 
433133405.60684 437472779.39278996 336093617.93877 472804375.75517 552243469.23274 573999575.20325 660799440.84953 680938463.01527 464346174.98791 417673840.19657 289034604.49265003 264099750.72927 203894372.55518 0 136513631.93444 143284728.19263 176804155.65527 339541299.00863 325129492.99032 406282028.39996 338490633.63566 395271245.50826 366610413.42528 390108028.92038 463670050.11327004 441465646.7032 650467011.3212299 871775015.73104 806682825.49964 1049861519.53233 1155489757.53036 1031713074.6790799 1199269702.0543501 1425456454.8814502 1485755597.40193 1427420676.75701 1193718385.77548 1195400321.57409 1078050276.50718 1132958692.28405 965165049.8497499 769565194.3176 619916312.07044 509171169.15494 609494253.59583 757573836.90622 1121631322.63103 1282652983.45986 1291822683.2061 1413886948.82905 1518178876.7511501 1450363060.7237701 1359097121.84354 1378078628.21663 1373257070.9613101 1517983178.93328 1548548088.07627 1593967564.0918999 1553096936.97404 1586559929.84407 1560733135.0006502 1538396011.34422 1678634992.73809 1414057555.4916599 1332615302.5230498 1503053148.67632 1474525641.50064 1447498266.42996 1474573324.53735 1285175540.85655 1208754593.30683 881433041.71666 820259740.92912 743873864.7116799 764395779.72743 685005724.77687 578093067.33356 822006672.1712301 896149499.2941799 995305010.6588099 917072359.9964399 899509621.27673 818832110.66555 1045188952.61005 970777242.8354399 1121363855.55775 758162997.11198 864586129.83126 1041432871.3487699 1151908649.23664 1167213308.78659 1488608307.34991 1588937511.51738 1590128406.91999 474351984.9659 
402367943.56028 363005740.30013 261626578.84611 493269445.73380005 627505750.2861 695161893.02494 744842722.6356801 756200744.06863 598429285.75455 554187472.1310099 425548236.42709 400613382.66371 340408004.48962 136513631.93444 0 112651143.2665 158547257.5543 285313906.56187 264334976.01006 394014579.15853 461805973.92283 466817822.11763 431616439.17322 526621660.85482 600183682.0477101 577979278.63764 786980643.2556701 1008288647.6654801 852093559.1608601 1138845594.20047 1201836091.07014 1031503159.0927 1288253776.72249 1501629881.5473 1537543379.42224 1442881643.93817 1225565799.30581 1224547716.29656 1094865088.34627 1144415286.30916 1002743714.19296 757297745.07617 647429356.57963 532030800.8125 611863459.81218 745306387.6647899 1255811952.48712 1419166615.3943002 1413966916.59124 1523717676.97735 1641751825.24003 1586876692.6582098 1495610753.7779799 1514592260.1510699 1509770702.89575 1654496810.8677197 1685061720.0107098 1730481196.02634 1689610568.90848 1723073561.77851 1697246766.93509 1674909643.27866 1815148624.6725302 1550571187.4261 1469128934.45749 1632883309.80815 1611039273.43508 1578063335.9162502 1605709148.19665 1415732614.06919 1345268225.24127 1017946673.6510999 950816814.14176 880387496.6461201 900909411.6618701 821519356.71131 714606699.268 951138713.5515801 1019804639.2616501 1118960150.62628 1051155470.76308 1034761404.4306599 952915221.43219 1168844092.57752 1107290874.76988 1257877487.49219 894676629.04642 1001099761.7657 1177946503.28321 1288422281.1710799 1303726940.72103 1585516856.98751 1685656786.00892 1715857585.27949 404100586.62516 
289848677.41421 357503965.85351 258779033.93028998 380750179.58773005 525551730.00116 595951875.15451 642888702.3507401 654246723.78369 499219267.88412 457415935.38943 313811035.17726 288876181.41388 322320112.28827 143284728.19263 112651143.2665 0 257132695.14598 397965049.82837 376986119.27655995 494790299.13289 481775361.82829 538555973.70089 509895141.61790997 533392757.11301 606866358.02697 584750374.89583 793751739.51386 1014971323.6447401 949427045.51963 1186449996.0449 1298774485.72299 1132278879.06706 1335858178.56692 1562044931.39402 1622344073.9145 1543657363.91253 1330959977.6034899 1325323436.27092 1195676887.57428 1245227085.53717 1103519434.16732 858073465.05053 748205076.55399 632806520.78686 712639179.78654 846082107.6391499 1264827630.5447302 1425849291.3735602 1435018991.1198 1557083256.7427502 1661375184.6648502 1593647788.9164 1502381850.03617 1521363356.40926 1516541799.1539402 1661267907.1259098 1691832816.2689 1737163872.0056 1671533916.71989 1704996909.58992 1683259683.9072301 1656832991.09007 1797071972.4839401 1542097010.16048 1460654757.19187 1621490128.4221702 1592962621.24649 1537411650.64775 1567390714.16738 1385963188.56284 1291518479.49392 964946509.33013 938696720.67497 820235138.59939 840757053.6151401 747312518.70944 721377795.52619 879593723.46427 948259649.17434 1043791309.8869 951945452.89265 935551386.5602299 853705203.56176 1097299102.49021 1036924291.21073 1239800835.3036 886202451.7808 992625584.50008 1169472326.01759 1295193377.42927 1310498036.9792202 1631804615.2636101 1732133819.43108 1733324714.8336902 331067256.77327 
546981372.56019 521552997.85442996 420173836.40041 637882874.7337099 729047624.88801 750803730.85852 837603596.5048 857742618.67054 641150330.64318 594477995.85184 465838760.14792 440903906.38454 326480867.42132 176804155.65527 158547257.5543 257132695.14598 0 173529960.04899 194907218.85745 237657603.98691 305448998.75121 310460846.94601 278530497.06153 374236132.8303 545251584.25025 611984254.2727101 684366920.5515001 865605265.6022301 699007617.04917 980298336.64617 1048750148.95845 875146183.92108 1129706519.16819 1348543939.43561 1381186404.2506201 1286524668.76655 1073827282.45751 1068190741.12494 938544192.4282999 988094390.3911899 846386739.0213399 600940769.90455 491072381.40801 375673825.64088 455506484.64056 588949412.49317 1102726010.37543 1270100017.02688 1260880974.4795501 1382261201.9268901 1505415091.17315 1447902209.0239298 1348640628.94164 1367622135.31473 1375866638.25653 1570036109.2916398 1600195750.57296 1587797813.96309 1675694671.85294 1709157664.72297 1687420439.04028 1660993746.22312 1801232727.61699 1546257765.2935302 1464815512.3249202 1625650883.5552201 1597123376.37954 1550218562.27506 1582136479.8222098 1385620796.92393 1331341088.17297 1004030776.5955601 942857475.80802 920678020.36695 941199935.3827001 856937674.5361 754897222.98883 980883829.4770701 1049549755.18714 1148705266.55177 1089998922.0808601 1076313776.932 995636266.3208201 1198589208.50301 1125436156.6598501 1243961590.43665 890363206.9138501 996786339.6331301 1173633081.15064 1279623745.00901 1294928404.55896 1463970878.927 1563661127.66398 1577243502.14498 562647844.17946 
687681850.12215 648319646.862 546940485.40798 778583352.2956699 891784768.24137 913540874.2118801 1000340739.85816 1020479762.0238999 803887473.99654 757215139.2052 628575903.5012801 603641049.7379 500010827.47031003 339541299.00863 285313906.56187 397965049.82837 173529960.04899 0 21377258.80846 224219775.1945 233412265.75045 281693293.17015 342895412.20075 431966151.98183 603057709.63869 697454336.90659 745875013.1021199 926804017.57322 763372532.18839 1032639739.9030199 1067371773.0253501 861708355.12867 1172703399.17923 1370951302.46426 1367748575.45821 1273086839.97414 1041227196.4376199 1054752912.33253 924791209.1030099 933696983.40147 832948910.22893 587502941.1121399 477634552.6156 362235996.84847 357355995.70659 575511583.70076 1167090925.5146499 1334464932.1660998 1311325936.32002 1434602605.18374 1569780006.31237 1512095344.91334 1446659451.4713001 1436715252.50211 1440231553.39575 1655501591.17966 1666069267.67333 1648996565.9340801 1753735573.52939 1803183332.45844 1799221229.30713 1729578677.64934 1906193945.54218 1677923250.36097 1596480997.39236 1770893477.56517 1742365970.38949 1715338595.31881 1742413653.4262 1553015869.7453997 1494115649.40933 1149273370.60551 1088100069.8179698 1083415163.72031 1103937078.73606 1024547023.7855 917634366.34219 1154413789.52606 1223079715.23613 1322235226.60076 1256613659.00507 1239050920.28536 1158373409.67418 1372119168.552 1270678750.6697998 1389204184.4466 1022028691.98129 1118454943.53964 1262007870.1157 1337586962.87474 1352891622.42469 1522816033.89888 1611366795.02999 1641608417.2842 677831836.78895 
666702919.57034 627340716.31019 525961554.85617 757604421.74386 877372962.2230601 899129068.1935701 985928933.83985 1006067956.0055901 789475667.97823 742803333.18689 614164097.4829701 589229243.7195901 521388086.27877 325129492.99032 264334976.01006 376986119.27656 194907218.85745 21377258.80846 0 239251006.0902 254789524.55890998 303070551.97861 351878607.07986 447584242.84862995 618599694.26858 706766510.30317 757715030.56983 938953375.6205599 772355727.0675 1049445606.3859999 1082218127.63042 876739586.0243701 1187734630.07493 1385797657.06933 1382779806.35391 1288118070.86984 1062604455.2460799 1069784143.22823 940137594.53159 955074242.20993 847980141.12463 602534172.0078399 492665783.51129997 377267227.74417 378733254.51505 590542814.59646 1176074120.39376 1343448127.04521 1326357167.21572 1451408471.66672 1578763201.19148 1524244702.96068 1454901103.11845 1445698447.3812199 1449214748.2748601 1664484786.05877 1678218625.72067 1661145923.98142 1769120465.6819901 1818568224.61104 1814606121.4597301 1744963569.80194 1921578837.69478 1693013325.26996 1612022982.02225 1765883789.94053 1737356282.76485 1710328907.69417 1737403965.80156 1548006182.1207597 1489105961.78469 1144263682.98087 1083090382.1933298 1069003357.7019999 1089525272.7177498 1010135217.76719 903222560.32388 1143364188.37696 1212030114.08703 1311185625.45166 1242201852.9867601 1224639114.26705 1143961603.65587 1361069567.4029 1265669063.0451598 1384194496.82196 1037570676.61118 1133839835.69224 1277392762.2683 1352971855.02734 1368276514.57729 1534583959.6089299 1626398025.92569 1650591612.1633098 656624106.11441 
784638976.5471001 751908419.59602 650529258.142 821954867.2234 923212922.98353 939011333.12718 1038117626.70307 1051907916.76606 802972170.3863399 759398132.82267 631689179.8202 635505123.37199 468042890.58131 406282028.39996 394014579.15853 494790299.13289 237657603.98691 224219775.1945 239251006.0902 0 67791394.7643 72803242.9591 143360787.92828 245258590.03399 416082544.51282 498764961.84893 553573876.16591 720370078.60189 555163946.01247 810194600.2958 843151997.8308501 637488579.93417 948483623.98473 1146731527.2697601 1143528800.26371 1048867064.77964 836169678.4706 830533137.13803 700886588.44139 750436786.40428 608729135.03443 363283165.91764 253414777.4211 138016221.65397 217848880.65365 351291808.50626 949929513.48139 1117303520.13284 1087106161.12552 1212157465.57652 1349642145.20483 1305661405.94201 1238450865.29538 1234118383.00035 1225440864.29397 1452904721.6779 1459635328.7020001 1442562626.96275 1564399942.66452 1613847701.59357 1609885598.4422603 1540243046.78447 1710540883.5675802 1489600736.00994 1408158483.0413299 1611524293.22925 1599288600.68146 1607896077.07719 1639813994.6243398 1443298311.72606 1395618585.9605 1054228616.0118101 985758973.09804 988988207.38079 968466292.36504 977241545.3516799 870254118.305 1098875267.16818 1172056582.9892 1287466061.63025 1223505558.30038 1217152224.40799 1154663314.85811 1279464084.92036 1175637857.95919 1216425903.60038 834480952.39221 929119312.67477 1072672239.2508299 1148251332.00987 1163555991.55982 1298596258.70438 1387147019.83549 1419858705.65588 779280419.41012 
771624039.2425001 775963413.02845 674584251.57443 811295009.39083 890734102.8684001 904090996.76311 999290074.4851899 1019429096.65093 761962933.69818 718388896.13451 627525238.1283101 602590384.36493 427033653.89315 338490633.63566 461805973.92283 481775361.82829 305448998.75121 233412265.75045 254789524.55890998 67791394.7643 0 56780611.8726 109483146.4503 198553886.23138 369645443.88824 464042071.15613997 512462747.35166997 696557914.9909999 529960266.43794 804771855.43386 850194454.98166 705279974.69847 954180037.9558799 1153773984.42057 1211320195.0280101 1116658459.54394 871245527.4098 883588789.1505799 742812371.3768599 795590437.5664101 656304204.91052 431074560.68193996 288286163.92481 170680535.51928 285640275.41795 419083203.27055997 933678659.7642 1101052666.41565 1091833623.86832 1206734720.71458 1336367740.56192 1281849242.33112 1213247185.72085 1203302986.7516599 1206819287.6453 1422089325.42921 1435823165.09111 1418750463.35186 1520323307.7789402 1569771066.7079902 1565808963.5566802 1496166411.89889 1672781679.7917302 1444510984.6105201 1363068731.64191 1568308111.9486299 1554809726.0012498 1551835981.7859101 1583753899.33306 1387238216.4347801 1337465755.24929 992623476.4454701 929005661.58441 1014780262.48534 1024949941.4384 928311963.55538 900303873.64236 1040000101.8318901 1110447581.5397701 1220079555.57105 1161373211.10014 1165080310.43757 1087276808.7989101 1217855083.47093 1114028856.50976 1170561377.43901 788616426.23084 885042677.78919 1028595604.3652501 1104174697.12429 1119479356.67424 1294923528.31577 1388134646.45167 1408196151.5337498 812842618.6015601 
828404651.1151001 812832042.93935 723332501.1011 868075621.26343 893566586.436 917087677.2682899 1010903558.78558 1022261580.2185299 774959614.20336 731385576.6396899 673060036.75539 648125182.99201 440030334.39833 395271245.50826 466817822.11763 538555973.7008901 310460846.94601 281693293.17015 303070551.97861 72803242.9591 56780611.8726 0 72645410.01983 173242005.31292 344333562.96977997 438730190.23768 487150866.43321 647566835.64279 512717822.09419 750946446.73287 794474325.70282 710291822.89327 900354629.25489 1098053855.1417298 1161066980.41354 1066405244.92947 820941005.3494301 832982267.99818 691183154.0574999 744983916.41401 605697683.7581201 436086408.87674 237035124.99379998 119051318.19992 290652123.61275 386106958.85967 897423142.5427799 1058444803.3716099 1043399722.58431 1152909312.01359 1293970696.6629 1232858162.98291 1180296646.41434 1161315140.04125 1162224169.83419 1380101478.7188 1386832085.7429 1369759384.00365 1491596699.70542 1541044458.63447 1537082355.4831603 1467439803.82537 1637737640.60848 1416797493.0508401 1335355240.08223 1542996231.03017 1529497845.08279 1540672387.26785 1573060410.6267498 1376544727.7284698 1329815003.98837 991697432.3807199 919955391.1259099 1027672817.93266 1037842496.88572 941204519.0027 899377829.57761 1039074057.7671399 1109521537.47502 1232972111.01837 1174265766.54746 1177972865.88489 1100169364.2462301 1216929039.40618 1113102812.44501 1145249496.52055 763304545.31238 856316069.71567 999868996.2917299 1075448089.05077 1090752748.60072 1241151201.58492 1334309237.75068 1365920226.83174 852083662.36922 
799743819.03212 740186632.91952 677925361.1115999 797996517.59483 848443563.74779 856433265.03065 965780536.09737 977138557.5303199 714305201.9657199 670731164.40205 612405624.51775 587470770.75437 379375922.16069 366610413.42528 431616439.17322 509895141.61790997 278530497.06153 342895412.20075 351878607.07986 143360787.92828 109483146.4503 72645410.01983 0 102261624.87618 273353182.53304 367749809.80094004 416170485.99647 606670060.62742 440072412.07436 755274659.05877 789814943.98364 665102661.2537999 903151485.96727 1089608734.4608002 1156407598.69436 1061745863.21029 827107972.3502 828789908.14881 711439863.0819 770827964.25147 598554636.42447 506643953.84591997 261157171.79684 160017035.25391 324039804.22315 410229005.66271 843790805.40062 1011164812.05207 1001945769.50474 1127344881.72671 1246479886.1983402 1191961387.9675398 1123359331.35727 1113415132.3880801 1116931433.28172 1332201471.0656302 1345935310.72753 1328862608.9882798 1424031046.4237401 1473478805.35279 1469516702.2014802 1399874150.54369 1576489418.43653 1348218723.2553198 1266776470.2867098 1472015850.5934298 1458517464.64605 1469692006.83111 1502080030.1900098 1305564347.29173 1257169593.96854 921380839.7566099 847309981.1060799 967122530.75288 973677043.08897 880654231.82292 829061236.9535 968757465.1430299 1039204944.85091 1172421823.83859 1113715479.36768 1117422578.70511 1039619077.06645 1146612446.7820702 1042786219.8209 1074269116.0838099 692324164.8756399 788750416.43399 932303343.01005 1007882435.7690899 1023187095.3190401 1199124450.6013 1299264379.62271 1318308297.17017 786073874.13379 
785369115.2969201 790553956.74748 710827222.0692401 794428579.89513 821876970.62361 821985844.2387601 939213942.9731901 950571964.40614 679857781.17383 636283743.6101601 562847379.60408 553023349.9624801 344928501.36880004 390108028.92038 526621660.85482 533392757.11301 374236132.8303 431966151.98183 447584242.84862995 245258590.03399 198553886.23138 173242005.31292 102261624.87618 0 171091557.65686 265488184.92476 313908861.12029 513239486.16221 510527458.3435 659753490.61195 765381728.60998 688219765.02577 809161673.13397 1035348425.9610701 1095647568.48155 1037312647.83663 826008443.02817 865090371.78057 769082194.43193 838239445.87623 694260272.1932399 608541755.95163 346834973.97129 228851167.17741 419745439.99192 495906807.83716 763095793.0622 924117453.8910301 921589101.69237 1046988213.91434 1159643347.18232 1098530813.5023298 1045969296.9337599 1026987790.5606699 1027896820.35361 1245774129.23822 1252504736.26232 1235432034.5230699 1321769421.54756 1371217180.47661 1367255077.3253002 1297612525.66751 1474227793.56035 1245957098.3791401 1164514845.41053 1369754225.7172499 1356255839.7698698 1367430381.95493 1399818405.31383 1203302722.41555 1165572685.42514 832023565.74664 755713072.56268 899170796.12818 882080134.54557 828673659.3967199 762444591.35279 902140819.54232 972588299.2502 1110836849.89114 1070094231.7633599 1073801331.10079 995997829.46213 1071806904.22154 963125930.0763999 972007491.2076299 590062539.99946 686488791.5578101 830041718.13387 905620810.89291 920925470.44286 1124679006.13982 1225246414.48356 1231592877.35116 826587694.6559801 
