18
SanAntonio AnnArbor SaltLakeCity Rochester Irving Newark Lincoln SterlingHeights OWO AthensClarkeCounty Palmdale SanFrancisco Richmond Mesquite Victorville SanBernardino Stamford Waco
0 1571793853.49232 1946239008.55332 2104482405.88533 2418590479.12082 1572623273.4174 1599506140.45076 1581676813.7982 1776138351.10777 1804930327.33313 1851037243.4478898 2076608615.8941998 1934860982.8818798 1422980063.67491 2591875361.30025 2615797872.2951403 2823908773.6472697 14842410.63233 
1571793853.49232 0 374445155.061 566696297.1830499 867413120.55179 583528383.08466 610411250.11802 592581923.4654601 576784132.17251 547992155.94715 387961489.44471 897203888.33997 945766092.54914 349318469.40979 1273769910.3114898 1297692421.3063798 1598266812.78245 1556951442.8599901 
1946239008.55332 374445155.061 0 192251142.12205 492967965.49079 446458589.96448 473341456.99784 967027078.5264599 887179283.61282 858387307.38746 698356640.88502 1207599039.78028 1320211247.6101398 702321622.42143 1584165061.7517998 1608087572.7466898 1908661964.22276 1931396597.92099 
2104482405.88533 566696297.1830499 192251142.12205 0 535504359.51728 638709732.08653 665592599.11989 1125270475.85847 1079430425.73487 1050638449.50951 890607783.0070701 1399850181.90233 1478454644.94215 894572764.5434799 1776416203.87385 1800338714.86874 2100913106.34481 2089639995.253 
2418590479.12082 867413120.55179 492967965.49079 535504359.51728 0 939426555.45527 966309422.48863 1439378549.09396 1380147249.1036098 1351355272.87825 1191324606.37581 1700567005.27107 1792562718.17764 1195289587.91222 2077133027.2425897 2101055538.2374797 2401629929.71355 2403748068.48849 
1572623273.4174 583528383.08466 446458589.96448 638709732.08653 939426555.45527 0 26882867.03336 593411343.39054 787872880.70011 816664856.92547 684055828.27829 1088343145.48654 946595512.47422 255863032.45695 1507198481.9896102 1531120992.9845002 1835643303.23961 1557780862.78507 
1599506140.45076 610411250.11802 473341456.99784 665592599.11989 966309422.48863 26882867.03336 0 611526843.37238 805988380.6819501 817203627.74737 657172961.24493 1115226012.5199 973478379.50758 271738644.17785 1480315614.9562502 1504238125.9511402 1862526170.27297 1584663729.81843 
1581676813.7982 592581923.4654601 967027078.52646 1125270475.85847 1439378549.09396 593411343.39054 611526843.37238 0 194461537.30957 223253513.53493002 269360429.64969 572465245.92775 714212878.94007 443768133.64805 1155168850.51647 1179091361.51136 1479665752.9874299 1566834403.16587 
1776138351.10777 576784132.17251 887179283.6128199 1079430425.73487 1380147249.10361 787872880.70011 805988380.6819501 194461537.30957 0 28791976.22536 188822642.7278 378003708.61818 519751341.63049996 638229670.95762 1074631063.59458 1098553574.58947 1399127966.0655398 1761295940.47544 
1804930327.33313 547992155.94715 858387307.38746 1050638449.50951 1351355272.8782501 816664856.9254701 817203627.74737 223253513.53493002 28791976.22536 0 160030666.50244 349211732.39282 490959365.40514004 655244703.77469 1045839087.3692199 1069761598.3641099 1370335989.84018 1790087916.7008 
1851037243.4478898 387961489.44471 698356640.88502 890607783.0070701 1191324606.3758101 684055828.27829 657172961.24493 269360429.64969 188822642.7278 160030666.50244 0 509242398.89526 650990031.90758 495214037.27225 885808420.8667799 909730931.8616699 1210305323.33774 1836194832.8155599 
2076608615.8941998 897203888.33997 1207599039.7802799 1399850181.90233 1700567005.27107 1088343145.48654 1115226012.5199 572465245.92775 378003708.61818 349211732.39282 509242398.89526 0 141747633.01232 938699935.74405 1395050819.76204 1418973330.7569299 1719547722.2329998 2061766205.26187 
1934860982.8818798 945766092.54914 1320211247.6101398 1478454644.94215 1792562718.17764 946595512.47422 973478379.50758 714212878.94007 519751341.6305 490959365.40514004 650990031.90758 141747633.01232 0 796952302.73173 1536798452.77436 1560720963.76925 1861295355.2453198 1920018572.2495499 
1422980063.67491 349318469.40979 702321622.42143 894572764.5434799 1195289587.91222 255863032.45695 271738644.17785 443768133.64805 638229670.95762 655244703.77469 495214037.27225 938699935.74405 796952302.73173 0 1381022458.13903 1404944969.13392 1686000093.49712 1408137653.0425801 
2591875361.30025 1273769910.31149 1584165061.7517998 1776416203.8738499 2077133027.24259 1507198481.9896102 1480315614.9562502 1155168850.51647 1074631063.59458 1045839087.3692199 885808420.8667799 1395050819.76204 1536798452.77436 1381022458.13903 0 23922510.99489 622196463.89832 2577032950.66792 
2615797872.29514 1297692421.30638 1608087572.74669 1800338714.86874 2101055538.2374802 1531120992.9845 1504238125.95114 1179091361.51136 1098553574.58947 1069761598.36411 909730931.86167 1418973330.7569299 1560720963.76925 1404944969.13392 23922510.99489 0 598273952.90343 2600955461.66281 
2823908773.64727 1598266812.78245 1908661964.22276 2100913106.34481 2401629929.71355 1835643303.23961 1862526170.27297 1479665752.9874299 1399127966.0655398 1370335989.84018 1210305323.33774 1719547722.2329998 1861295355.2453198 1686000093.49712 622196463.89832 598273952.90343 0 2809066363.0149403 
14842410.63233 1556951442.8599901 1931396597.92099 2089639995.253 2403748068.48849 1557780862.78507 1584663729.81843 1566834403.16587 1761295940.47544 1790087916.7008 1836194832.8155599 2061766205.26187 1920018572.2495499 1408137653.0425801 2577032950.66792 2600955461.6628103 2809066363.01494 0 
