46
28 61 16 63 9 33 4 53 39 7 83 12 92 46 6 84 45 62 3 2 43 59 72 98 42 95 14 57 76 80 22 75 37 20 69 73 0 36 71 79 88 32 17 93 26 18
0 193.118 232.993 427.948 475.045 256.386 548.167 950.4069999999999 747.942 919.042 928.1080000000001 854.0169999999999 881.049 638.79 718.0039999999999 835.909 920.8340000000001 610.961 451.045 441.036 388.402 277.377 236.332 396.548 439.571 415.859 471.03600000000006 399.596 224.35500000000002 383.858 417.086 365.636 664.05 591.267 747.256 550.84 453.398 699.808 840.389 764.775 628.756 1052.078 1343.381 850.6590000000001 275.177 79.074 
193.118 0 205.339 380.081 484.507 410.657 702.438 1096.2949999999998 901.7729999999999 1059.086 1068.454 955.988 1028.826 787.723 806.137 890.201 962.0809999999999 720.009 611.478 569.843 514.433 281.791 240.74599999999998 400.962 505.578 608.977 475.45000000000005 316.426 270.199 484.826 357.888 398.59000000000003 735.826 725.331 845.22 549.594 421.334 848.355 841.409 914.2220000000001 782.587 1196.17 1481.549 918.132 334.203 272.192 
232.993 205.339 0 194.955 413.761 410.961 505.164 930.533 750.204 884.239 875.773 764.973 864.863 622.604 630.671 800.74 912.5050000000001 602.6320000000001 441.062 482.697 453.79699999999997 321.666 280.621 440.837 403.396 437.401 515.325 411.817 248.76299999999998 453.73400000000004 374.99 223.567 540.119 643.361 659.923 438.923 268.635 685.182 893.847 728.456 680.8499999999999 1034.102 1299.43 792.642 299.58500000000004 312.067 
427.948 380.08099999999996 194.955 0 218.806 349.576 376.635 802.004 644.6370000000001 803.648 754.695 753.446 763.125 538.219 531.06 701.1289999999999 721.706 411.833 636.017 627.29 556.131 400.117 359.072 611.0160000000001 355.51099999999997 242.446 430.488 364.428 373.511 293.091 331.457 393.918 490.637 620.1179999999999 564.534 633.8779999999999 355.557 704.792 829.079 591.362 518.749 892.5029999999999 1183.657 650.316 265.615 484.64700000000005 
475.0450000000001 484.507 413.761 218.806 0 218.65900000000002 510.44000000000005 786.888 512.191 642.193 669.079 672.313 544.319 537.735 398.61400000000003 568.683 583.673 273.8 514.4390000000001 549.682 625.513 490.896 463.451 392.21 441.301 461.252 421.27700000000004 254.531 455.66700000000003 358.459 264.35 261.472 298.073 525.764 432.088 617.969 223.11100000000002 572.346 811.979 542.878 338.036 739.7629999999999 1057.648 812.932 431.547 548.034 
256.386 410.657 410.961 349.576 218.65900000000002 0 291.781 694.021 598.502 761.671 712.7180000000001 698.263 762.236 519.977 528.044 698.1129999999999 746.158 437.602 471.53200000000004 513.167 644.788 412.873 453.918 508.654 480.489 367.424 446.31600000000003 395.004 477.632 497.644 362.03299999999996 393.771 514.102 536.7239999999999 557.296 727.173 332.315 704.6450000000001 616.269 672.308 553.985 807.774 1100.263 594.273 531.563 335.46000000000004 
548.167 702.438 505.164 376.635 510.44 291.781 0 425.369 637.239 488.33299999999997 439.38 615.057 743.051 768.778 771.2660000000001 922.248 745.088 435.215 648.691 607.056 834.36 679.43 719.832 800.435 662.594 619.081 632.155 516.027 717.163 632.485 653.8140000000001 685.552 805.883 819.934 849.077 864.5360000000001 624.096 755.929 908.05 924.667 770.7149999999999 546.392 864.277 766.265 626.375 627.241 
950.4069999999999 1096.2949999999998 930.533 802.004 786.888 694.021 425.369 0 274.697 353.05600000000004 304.103 479.78 607.774 633.501 538.126 708.1949999999999 929.278 710.563 951.202 957.04 1170.979 1099.482 1108.0349999999999 924.317 615.006 728.0709999999999 916.1129999999999 941.3960000000001 1111.614 1057.854 923.7170000000001 794.835 675.1089999999999 458.005 439.854 826.222 897.15 1052.7669999999998 846.297 562.125 635.438 521.234 839.119 630.988 1048.536 1029.481 
747.942 901.773 750.204 644.6370000000001 512.191 598.502 637.239 274.697 0 171.1 197.859 355.506 483.5 427.327 514.5169999999999 684.5859999999999 658.689 435.866 676.505 687.216 921.1030000000001 875.222 890.588 696.669 749.4090000000001 636.344 750.893 734.13 880.86 849.862 739.089 631.5260000000001 410.999 183.308 647.3520000000001 551.525 623.474 789.347 571.6 287.428 529.194 339.278 657.163 454.602 837.537 807.602 
919.0419999999999 1059.086 884.239 803.648 642.193 761.671 488.33299999999997 353.05600000000004 171.1 0 48.953 184.406 312.4 378.351 343.417 513.486 698.24 606.966 790.258 831.893 1025.2450000000001 1021.537 1043.796 867.769 611.829 561.202 724.3879999999999 833.23 1034.366 1000.652 833.35 696.4680000000001 344.12 354.408 580.473 685.4309999999999 794.5740000000001 858.058 742.7 458.528 380.288 168.178 486.063 283.502 1006.8520000000001 978.702 
928.108 1068.454 875.773 754.695 669.079 712.7180000000001 439.38 304.103 197.859 48.953 0 175.677 303.671 329.398 331.886 501.95500000000004 649.287 633.725 781.529 786.64 1009.453 1018.6610000000001 1043.376 872.1869999999999 562.876 512.249 675.61 839.599 1036.574 993.532 860.236 723.354 371.006 380.554 607.3589999999999 636.478 767.0 846.527 769.4590000000001 485.28700000000003 331.335 217.131 535.016 326.885 996.406 972.87 
854.0169999999999 955.988 764.973 753.446 672.313 698.263 615.057 479.78 355.506 184.406 175.677 0 127.994 215.227 413.231 564.996 823.342 580.497 605.852 647.487 840.8389999999999 948.793 907.748 728.39 570.915 511.0 539.982 706.728 900.617 817.855 844.352 724.374 454.889 459.246 691.242 675.477 724.7 768.379 636.672 479.356 507.01199999999994 352.584 670.469 431.318 878.6129999999999 857.295 
881.049 1028.826 864.8629999999999 763.1249999999999 544.319 762.236 743.0509999999999 607.774 483.5 312.4 303.671 127.994 0 242.259 440.263 592.028 762.376 452.503 693.142 728.385 937.74 989.881 1007.77 825.153 651.097 538.0319999999999 664.233 798.8499999999999 999.9859999999999 902.778 790.778 751.406 481.92100000000005 486.278 718.2740000000001 718.233 751.732 805.9839999999999 764.666 506.38800000000003 635.006 480.578 798.463 559.312 937.563 923.986 
638.79 787.723 622.604 538.219 537.735 519.977 768.778 633.501 427.327 378.351 329.398 215.227 242.259 0 198.00400000000002 349.769 608.115 651.409 683.175 724.81 744.333 747.6220000000001 788.667 582.894 408.838 295.773 421.974 579.9920000000001 772.345 751.156 644.081 509.147 239.662 244.019 476.015 475.97400000000005 509.473 712.645 733.3530000000001 264.129 492.771 416.795 734.6800000000001 371.552 713.079 717.8639999999999 
718.004 806.137 630.671 531.06 398.614 528.044 771.2660000000001 538.126 514.5169999999999 343.417 331.886 413.231 440.26300000000003 198.00400000000002 0 170.069 428.41499999999996 453.405 691.242 663.723 852.249 755.6890000000001 734.396 636.476 327.165 380.855 568.897 653.145 724.955 757.073 619.556 506.994 437.66600000000005 442.023 674.019 511.26599999999996 507.804 514.641 754.274 462.13300000000004 294.767 511.59499999999997 828.011 449.627 718.004 793.556 
835.909 890.201 800.7399999999999 701.1289999999999 568.6829999999999 698.1129999999999 922.248 708.1949999999999 684.586 513.486 501.95500000000004 564.996 592.028 349.769 170.069 0 258.346 568.219 656.343 697.978 809.442 877.673 836.628 784.636 497.23400000000004 532.62 720.662 597.304 798.4399999999999 689.6700000000001 702.654 677.0630000000001 455.364 593.788 691.717 681.3349999999999 677.8729999999999 407.58 647.213 613.898 464.836 598.107 915.992 598.268 774.3199999999999 914.983 
920.834 962.081 912.505 721.706 583.673 746.158 745.088 929.278 658.689 698.24 649.287 823.342 762.376 608.115 428.41499999999996 258.346 0 309.873 550.512 585.755 795.1099999999999 843.3969999999999 802.352 829.2370000000001 755.5799999999999 790.966 624.9 645.655 843.215 736.839 842.63 788.971 713.71 841.997 489.424 739.194 750.61 663.354 902.9870000000001 872.244 723.182 836.783 1154.6680000000001 847.954 815.921 999.9079999999999 
610.961 720.009 602.6320000000001 411.833 273.8 437.602 435.215 710.563 435.866 606.966 633.725 580.497 452.503 651.409 453.405 568.219 309.873 0 240.639 275.882 485.237 630.4639999999999 653.375 578.965 596.902 503.06899999999996 315.027 456.259 657.395 494.24800000000005 538.1500000000001 490.573 463.60400000000004 619.174 661.1890000000001 429.321 452.212 353.481 593.114 597.669 424.023 775.144 1093.029 890.4680000000001 582.451 690.035 
451.045 611.478 441.062 636.017 514.4390000000001 471.53200000000004 648.691 951.202 676.505 790.258 781.529 605.852 693.142 683.175 691.242 656.343 550.512 240.639 0 41.635 244.598 389.825 430.87 617.896 396.903 509.968 406.38 523.678 557.365 585.601 465.73699999999997 497.732 582.298 700.253 720.494 479.762 396.99699999999996 248.763 488.396 835.5060000000001 609.858 958.436 1245.8609999999999 907.3800000000001 524.327 530.119 
441.036 569.843 482.697 627.29 549.682 513.167 607.056 957.04 687.216 831.893 786.64 647.487 728.385 724.81 663.723 697.9780000000001 585.755 275.882 41.635 0 286.233 431.46 398.819 659.531 438.538 551.6030000000001 364.745 505.977 599.0 543.966 463.868 524.197 623.933 741.888 762.129 521.397 438.63199999999995 290.398 530.0310000000001 807.987 651.4929999999999 954.919 1272.804 949.0150000000001 492.276 520.11 
388.402 514.4330000000001 453.79699999999997 556.131 625.5129999999999 644.788 834.36 1170.979 921.1030000000001 1025.245 1009.453 840.8389999999999 937.74 744.333 852.249 809.442 795.11 485.237 244.598 286.233 0 232.642 273.687 460.71299999999997 634.95 521.885 333.843 500.58900000000006 312.767 411.26 469.532 564.671 770.076 873.4680000000001 731.125 724.36 641.5949999999999 401.862 641.495 870.8009999999999 798.188 1161.128 1477.324 1020.9380000000001 367.144 467.476 
277.37699999999995 281.791 321.66599999999994 400.117 490.896 412.873 679.43 1099.482 875.2220000000001 1021.537 1018.6610000000001 948.793 989.8810000000001 747.6220000000001 755.6890000000001 877.673 843.3969999999999 630.4639999999999 389.825 431.46 232.642 0 41.045 228.071 534.074 573.3689999999999 408.81100000000004 311.51800000000003 327.046 334.766 289.46 426.081 715.0 730.184 784.941 522.499 426.563 634.504 718.014 899.9530000000001 767.673 1164.4170000000001 1466.4180000000001 971.827 134.502 251.966 
236.332 240.74599999999998 280.621 359.072 463.451 453.918 719.832 1108.0349999999999 890.588 1043.796 1043.376 907.748 1007.77 788.667 734.396 836.6279999999999 802.352 653.375 430.87 398.819 273.687 41.045 0 269.116 493.029 532.324 367.766 270.47299999999996 286.001 293.721 330.505 437.861 732.711 736.442 818.131 481.454 385.51800000000003 637.811 759.059 881.24 801.4870000000001 1182.465 1496.067 1009.3879999999999 93.457 210.921 
396.548 400.96200000000005 440.837 611.016 392.21 508.654 800.435 924.317 696.669 867.769 872.1869999999999 728.39 825.153 582.894 636.476 784.636 829.2370000000001 578.965 617.896 659.531 460.71299999999997 228.071 269.116 0 309.311 422.376 610.418 539.5889999999999 452.44 513.01 517.531 399.637 670.567 539.994 744.021 750.5699999999999 577.485 862.575 637.147 739.271 577.483 999.6890000000001 1299.6190000000001 954.446 362.573 475.622 
439.571 505.578 403.396 355.51099999999997 441.301 480.48900000000003 662.594 615.006 749.409 611.829 562.876 570.915 651.097 408.838 327.165 497.23400000000004 755.58 596.902 396.903 438.538 634.95 534.074 493.029 309.311 0 113.065 301.10699999999997 337.65000000000003 496.951 633.794 331.252 179.829 361.256 588.947 597.6089999999999 677.002 282.144 645.666 498.726 461.981 389.368 727.681 1045.566 667.4680000000001 433.53 466.391 
415.859 608.9770000000001 437.401 242.446 461.252 367.424 619.081 728.0709999999999 636.344 561.202 512.249 511.0 538.032 295.773 380.855 532.62 790.966 503.06899999999996 509.968 551.6030000000001 521.885 573.3689999999999 532.324 422.376 113.065 0 188.042 354.788 532.239 535.537 348.308 292.894 248.191 475.882 484.544 658.825 395.209 668.8530000000001 586.633 348.916 276.303 659.25 977.135 554.403 508.06100000000004 494.933 
471.03600000000006 475.45 515.325 430.488 421.27700000000004 446.31600000000003 632.155 916.1129999999999 750.893 724.3879999999999 675.61 539.982 664.233 421.974 568.897 720.662 624.9 315.027 406.38 364.745 333.843 408.81100000000004 367.766 610.4179999999999 301.10699999999997 188.042 0 166.746 360.964 530.287 383.837 478.976 436.233 663.924 672.586 744.348 583.251 480.81100000000004 398.591 536.958 464.345 832.3 1150.185 687.095 338.631 550.11 
399.596 316.426 411.817 364.428 254.531 395.004 516.027 941.3960000000001 734.13 833.23 839.599 706.728 798.8499999999999 579.9920000000001 653.145 597.304 645.655 456.259 523.678 505.977 500.58900000000006 311.518 270.47299999999996 539.5889999999999 337.65000000000003 354.788 166.746 0 201.136 377.28 217.091 312.23 552.604 743.37 592.705 616.801 477.64200000000005 622.043 565.337 703.704 588.15 986.396 1304.281 771.068 177.016 396.048 
224.35500000000002 270.199 248.76299999999998 373.511 455.66700000000003 477.632 717.163 1111.614 880.86 1034.366 1036.574 900.617 999.986 772.345 724.955 798.44 843.215 657.395 557.365 599.0 312.767 327.046 286.001 452.44 496.951 532.239 360.964 201.136 0 214.627 367.344 455.999 753.74 762.8330000000001 793.841 501.098 403.65599999999995 610.116 759.5550000000001 881.155 779.753 1187.532 1491.141 972.204 192.544 241.486 
383.858 484.82599999999996 453.734 293.091 358.459 497.644 632.485 1057.854 849.862 1000.6519999999999 993.532 817.855 902.778 751.156 757.073 689.6700000000001 736.839 494.24800000000005 585.601 543.966 411.26 334.766 293.721 513.01 633.794 535.537 530.287 377.28 214.627 0 472.81500000000005 574.664 656.5319999999999 693.187 673.779 628.873 478.999 660.032 666.66 740.07 695.658 1098.222 1416.107 943.4069999999999 200.264 304.784 
417.086 357.888 374.99 331.457 264.35 362.033 653.8140000000001 923.7170000000001 739.0889999999999 833.35 860.236 844.352 790.778 644.081 619.556 702.654 842.63 538.1500000000001 465.73699999999997 463.868 469.532 289.46 330.505 517.531 331.252 348.308 383.837 217.091 367.344 472.81500000000005 0 151.423 489.23 689.893 651.4340000000001 558.86 451.88200000000006 714.5 678.364 697.2239999999999 602.386 1001.1179999999999 1247.233 902.711 318.66600000000005 423.86400000000003 
365.636 398.59000000000003 223.567 393.918 261.472 393.771 685.552 794.835 631.5260000000001 696.4680000000001 723.354 724.374 751.406 509.147 506.994 677.063 788.971 490.573 497.732 524.197 564.671 426.081 437.861 399.637 179.829 292.894 478.976 312.23 455.999 574.664 151.423 0 352.348 549.639 588.701 647.5150000000001 398.223 746.495 678.5550000000001 641.81 569.197 864.6460000000001 1113.1779999999999 767.777 466.44000000000005 286.562 
664.05 735.826 540.119 490.637 298.073 514.102 805.883 675.1089999999999 410.999 344.12 371.006 454.889 481.921 239.662 437.666 455.364 713.71 463.60400000000004 582.298 623.933 770.076 715.0 732.711 670.567 361.256 248.191 436.233 552.604 753.74 656.5319999999999 489.23 352.348 0 227.691 236.353 715.636 518.0029999999999 751.542 822.543 503.79100000000005 524.494 512.298 791.23 611.2139999999999 728.203 638.9100000000001 
591.267 725.331 643.361 620.1179999999999 525.764 536.7239999999999 819.934 458.005 183.308 354.408 380.554 459.246 486.278 244.019 442.023 593.788 841.997 619.174 700.253 741.888 873.4680000000001 730.184 736.442 539.994 588.947 475.882 663.924 743.37 762.8330000000001 693.187 689.893 549.639 227.691 0 464.044 719.9929999999999 517.131 834.485 594.852 470.736 564.713 522.586 759.625 615.571 724.1759999999999 624.294 
747.256 845.22 659.923 564.534 432.088 557.296 849.077 439.854 647.352 580.473 607.3589999999999 691.242 718.274 476.015 674.019 691.717 489.424 661.1890000000001 720.494 762.129 731.125 784.941 818.131 744.021 597.6089999999999 484.544 672.586 592.705 793.841 673.779 651.4340000000001 588.701 236.353 464.044 0 483.091 515.015 918.0740000000001 920.05 740.144 560.886 748.651 1027.583 847.567 769.721 744.297 
550.84 549.594 438.923 633.878 617.9689999999999 727.173 864.5360000000001 826.222 551.525 685.4309999999999 636.478 675.477 718.2330000000001 475.97400000000005 511.26599999999996 681.3349999999999 739.194 429.321 479.762 521.397 724.36 522.499 481.454 750.57 677.002 658.825 744.3480000000001 616.801 501.098 628.873 558.86 647.5150000000001 715.6360000000001 719.993 483.091 0 394.85799999999995 728.525 751.827 740.1030000000001 729.778 771.4979999999999 1041.709 734.604 518.97 624.168 
453.398 421.334 268.635 355.557 223.11100000000002 332.315 624.096 897.15 623.474 794.5740000000001 767.0 724.7 751.732 509.473 507.804 677.8729999999999 750.61 452.212 396.99699999999996 438.63199999999995 641.595 426.56300000000005 385.51800000000003 577.485 282.144 395.209 583.251 477.64200000000005 403.656 478.999 451.882 398.223 518.0029999999999 517.131 515.015 394.85799999999995 0 427.021 666.654 652.068 558.437 926.268 1244.153 768.163 478.975 532.472 
699.808 848.355 685.182 704.792 572.346 704.6450000000001 755.929 1052.7669999999998 789.347 858.058 846.527 768.379 805.9839999999999 712.645 514.641 407.58 663.354 353.481 248.763 290.398 401.862 634.504 637.811 862.575 645.666 668.8530000000001 480.81100000000004 622.043 610.116 660.032 714.5 746.495 751.542 834.485 918.0740000000001 728.525 427.021 0 239.633 708.857 777.504 1005.687 1315.501 964.268 731.268 758.848 
840.389 841.409 893.847 829.0790000000001 811.979 616.269 908.05 846.297 571.6 742.7 769.4590000000001 636.672 764.666 733.3530000000001 754.274 647.213 902.9870000000001 593.114 488.396 530.0310000000001 641.495 718.014 759.059 637.147 498.726 586.633 398.591 565.337 759.5550000000001 666.66 678.364 678.5550000000001 822.543 594.852 920.05 751.827 666.654 239.633 0 469.224 858.688 793.4380000000001 1075.868 803.394 737.222 761.315 
764.775 914.2220000000001 728.456 591.362 542.8779999999999 672.3080000000001 924.667 562.125 287.428 458.528 485.28700000000003 479.356 506.38800000000003 264.129 462.13300000000004 613.898 872.244 597.669 835.5060000000001 807.987 870.8009999999999 899.9530000000001 881.24 739.271 461.981 348.916 536.958 703.704 881.155 740.07 697.2239999999999 641.81 503.79100000000005 470.736 740.144 740.1030000000001 652.068 708.857 469.224 0 625.219 626.706 938.111 635.681 856.977 843.8489999999999 
628.756 782.587 680.8499999999999 518.749 338.036 553.985 770.7149999999999 635.438 529.194 380.288 331.335 507.01199999999994 635.006 492.771 294.767 464.836 723.182 424.023 609.858 651.4929999999999 798.1880000000001 767.673 801.4870000000001 577.483 389.368 276.303 464.345 588.15 779.753 695.658 602.386 569.197 524.494 564.713 560.886 729.778 558.437 777.504 858.688 625.219 0 433.334 751.219 658.22 765.1659999999999 707.8299999999999 
1052.078 1196.17 1034.1019999999999 892.5029999999999 739.7629999999999 807.774 546.392 521.234 339.278 168.178 217.131 352.584 480.578 416.795 511.59499999999997 598.107 836.783 775.144 958.4359999999999 954.919 1161.128 1164.417 1182.465 999.6890000000001 727.681 659.25 832.3 986.396 1187.532 1098.222 1001.1179999999999 864.646 512.298 522.586 748.6510000000001 771.4979999999999 926.268 1005.6869999999999 793.4380000000001 626.706 433.334 0 317.885 343.727 1129.874 1122.817 
1343.381 1481.549 1299.43 1183.657 1057.648 1100.263 864.277 839.1189999999999 657.163 486.063 535.016 670.469 798.4630000000001 734.6800000000001 828.011 915.992 1154.6680000000001 1093.029 1245.8609999999999 1272.804 1477.324 1466.4180000000001 1496.067 1299.6190000000001 1045.566 977.135 1150.185 1304.281 1491.141 1416.107 1247.233 1113.1779999999999 791.23 759.625 1027.583 1041.709 1244.153 1315.501 1075.868 938.111 751.219 317.885 0 571.631 1432.366 1383.697 
850.6590000000001 918.132 792.642 650.316 812.932 594.273 766.265 630.988 454.602 283.502 326.885 431.318 559.312 371.552 449.627 598.268 847.954 890.468 907.38 949.015 1020.9380000000001 971.827 1009.388 954.446 667.4680000000001 554.403 687.095 771.068 972.204 943.407 902.711 767.777 611.214 615.571 847.567 734.604 768.163 964.268 803.394 635.681 658.22 343.727 571.631 0 915.931 823.488 
275.177 334.203 299.585 265.615 431.547 531.5630000000001 626.375 1048.536 837.537 1006.8520000000001 996.406 878.6129999999999 937.563 713.079 718.004 774.3199999999999 815.921 582.451 524.327 492.276 367.144 134.502 93.457 362.573 433.53 508.06100000000004 338.631 177.016 192.544 200.264 318.66600000000005 466.44000000000005 728.203 724.1759999999999 769.721 518.97 478.975 731.268 737.222 856.9770000000001 765.1659999999999 1129.874 1432.366 915.931 0 219.032 
79.074 272.192 312.067 484.64700000000005 548.034 335.46000000000004 627.241 1029.481 807.602 978.702 972.87 857.295 923.986 717.8639999999999 793.556 914.983 999.9079999999999 690.035 530.119 520.11 467.476 251.966 210.921 475.622 466.391 494.933 550.11 396.048 241.486 304.784 423.86400000000003 286.562 638.9100000000001 624.294 744.297 624.168 532.472 758.848 761.315 843.8489999999999 707.8299999999999 1122.817 1383.697 823.488 219.032 0 
