50
87 98 57 53 66 96 64 58 70 54 55 93 85 73 89 56 59 97 83 99 86 76 82 50 71 61 84 88 62 69 79 74 60 90 68 72 92 65 52 94 63 81 91 75 80 77 27 26 46 13
0 6044.0 11214.0 12475.0 13700.0 12040.0 6434.0 11444.0 8454.0 13581.0 11101.0 9605.0 12151.0 6800.0 11858.0 11867.0 11918.0 6865.0 12025.0 11883.0 12462.0 8768.0 12837.0 15459.0 10726.0 10115.0 12615.0 13534.0 12140.0 11678.0 11283.0 12701.0 7583.0 13223.0 15775.0 10892.0 8730.0 8928.0 12047.0 16109.0 14202.0 12559.0 12273.0 11029.0 13346.0 11799.0 13286.0 14469.0 10771.0 5225.0 
6044.0 0 5170.0 7926.0 13045.0 8902.0 12478.0 13272.0 11905.0 13132.0 15790.0 12854.0 12841.0 12844.0 12093.0 12955.0 9892.0 12484.0 7324.0 11686.0 6418.0 11994.0 15165.0 11227.0 13951.0 14242.0 14703.0 13511.0 13008.0 8748.0 12163.0 13030.0 10497.0 12965.0 12160.0 7461.0 14489.0 10080.0 12282.0 13292.0 13003.0 11810.0 9073.0 8137.0 14524.0 14505.0 9128.0 14500.0 9601.0 5460.0 
11214.0 5170.0 0 5648.0 9876.0 11754.0 14846.0 11967.0 8935.0 15553.0 15261.0 14967.0 15359.0 11962.0 12559.0 14210.0 13407.0 14021.0 12494.0 12116.0 11503.0 9333.0 9995.0 6057.0 11444.0 11338.0 14820.0 12141.0 13557.0 13918.0 13775.0 15083.0 14672.0 10629.0 12791.0 7212.0 9319.0 7299.0 12285.0 16157.0 17398.0 10097.0 6571.0 13307.0 14120.0 10304.0 14148.0 10847.0 14771.0 10630.0 
12475.0 7926.0 5648.0 0 5119.0 8679.0 13672.0 12390.0 12525.0 14871.0 11329.0 9319.0 14529.0 11986.0 6911.0 12073.0 15035.0 10864.0 9955.0 6468.0 11106.0 12122.0 10199.0 11705.0 10897.0 9862.0 15164.0 12015.0 13882.0 12328.0 15522.0 15299.0 10429.0 11405.0 13190.0 12860.0 13795.0 8785.0 11384.0 13000.0 15663.0 11045.0 12219.0 9372.0 15333.0 9931.0 13270.0 10401.0 15936.0 10926.0 
13700.0 13045.0 9876.0 5119.0 0 5571.0 9463.0 12565.0 14189.0 12420.0 12369.0 14438.0 9941.0 15292.0 12030.0 10467.0 12206.0 12753.0 10911.0 11587.0 7362.0 12938.0 6709.0 11165.0 5778.0 11859.0 10463.0 13558.0 11854.0 9089.0 11413.0 12519.0 11449.0 9829.0 15632.0 15178.0 13405.0 12878.0 10890.0 16210.0 10544.0 5926.0 9144.0 12332.0 13148.0 15050.0 15484.0 13455.0 12502.0 16045.0 
12040.0 8902.0 11754.0 8679.0 5571.0 0 5606.0 9755.0 14089.0 10211.0 13653.0 13603.0 11480.0 13252.0 14317.0 11705.0 11223.0 16276.0 14866.0 14059.0 12933.0 13065.0 12280.0 12465.0 9548.0 12203.0 16034.0 13019.0 14310.0 8662.0 10403.0 14028.0 12734.0 13099.0 14081.0 9607.0 13123.0 11255.0 15452.0 16158.0 10492.0 11338.0 5984.0 11083.0 15145.0 14587.0 15438.0 13502.0 16968.0 11827.0 
6434.0 12478.0 14846.0 13672.0 9463.0 5606.0 0 5010.0 8483.0 14795.0 13720.0 7997.0 10111.0 13234.0 8711.0 12814.0 15065.0 13299.0 11606.0 13443.0 12890.0 11730.0 13905.0 10182.0 9942.0 14071.0 13152.0 14043.0 11681.0 5244.0 5453.0 9711.0 13133.0 7493.0 15268.0 9055.0 14601.0 10726.0 12643.0 12444.0 13088.0 11880.0 10331.0 11843.0 14185.0 11483.0 10147.0 12611.0 11362.0 11659.0 
11444.0 13272.0 11967.0 12390.0 12565.0 9755.0 5010.0 0 5734.0 13151.0 10044.0 13007.0 14509.0 14272.0 12873.0 11601.0 14850.0 12849.0 7689.0 12967.0 11227.0 12263.0 10220.0 10648.0 14799.0 16145.0 10962.0 9033.0 14036.0 9274.0 10463.0 11316.0 12302.0 6662.0 15361.0 9907.0 11621.0 8606.0 16673.0 16405.0 13550.0 9257.0 14611.0 15663.0 15707.0 7296.0 11888.0 7601.0 10349.0 13258.0 
8454.0 11905.0 8935.0 12525.0 14189.0 14089.0 8483.0 5734.0 0 7417.0 12086.0 12950.0 12324.0 13180.0 14157.0 15734.0 14223.0 15107.0 12744.0 12404.0 11481.0 9085.0 13805.0 13986.0 11154.0 11679.0 13745.0 8438.0 11716.0 12720.0 13217.0 13285.0 11477.0 12396.0 13257.0 12822.0 11258.0 7514.0 14148.0 14612.0 14846.0 11591.0 13001.0 11562.0 11507.0 11003.0 14088.0 13335.0 11839.0 7524.0 
13581.0 13132.0 15553.0 14871.0 12420.0 10211.0 14795.0 13151.0 7417.0 0 6268.0 11991.0 10517.0 9721.0 13824.0 10742.0 9958.0 8555.0 13370.0 16437.0 11996.0 6420.0 12842.0 15726.0 15297.0 9216.0 14305.0 11942.0 6288.0 11976.0 12203.0 15098.0 11900.0 17540.0 13764.0 14435.0 6945.0 11378.0 12509.0 13095.0 7429.0 10850.0 13746.0 12044.0 9650.0 13967.0 14562.0 11103.0 11850.0 11496.0 
11101.0 15790.0 15261.0 11329.0 12369.0 13653.0 13720.0 10044.0 12086.0 6268.0 0 5723.0 10933.0 11778.0 16070.0 13400.0 13648.0 12678.0 12548.0 14928.0 11573.0 9579.0 16001.0 16225.0 12564.0 13230.0 10526.0 14428.0 12556.0 11645.0 13503.0 16687.0 11983.0 16706.0 13456.0 10625.0 12697.0 7962.0 13134.0 12332.0 12130.0 10458.0 15603.0 16061.0 9815.0 13755.0 9421.0 13237.0 7290.0 12317.0 
9605.0 12854.0 14967.0 9319.0 14438.0 13603.0 7997.0 13007.0 12950.0 11991.0 5723.0 0 5210.0 10561.0 14833.0 13041.0 16441.0 11388.0 10021.0 15253.0 14042.0 8466.0 13558.0 10502.0 12154.0 10244.0 6135.0 9595.0 12359.0 5922.0 9904.0 12742.0 12761.0 15490.0 15272.0 13523.0 12366.0 12121.0 13321.0 13135.0 15603.0 15224.0 12007.0 13385.0 6998.0 12866.0 13859.0 9561.0 13013.0 12882.0 
12151.0 12841.0 15359.0 14529.0 9941.0 11480.0 10111.0 14509.0 12324.0 10517.0 10933.0 5210.0 0 5351.0 10191.0 10451.0 12478.0 15686.0 12918.0 12518.0 9175.0 13676.0 12167.0 12222.0 13419.0 15232.0 11169.0 11600.0 10324.0 7187.0 11972.0 14807.0 14511.0 10972.0 14405.0 12594.0 12433.0 10440.0 10666.0 11721.0 11133.0 15867.0 10999.0 12503.0 9813.0 12829.0 14289.0 13612.0 15179.0 14343.0 
6800.0 12844.0 11962.0 11986.0 15292.0 13252.0 13234.0 14272.0 13180.0 9721.0 11778.0 10561.0 5351.0 0 5075.0 9846.0 14590.0 13287.0 14177.0 13674.0 14526.0 13273.0 13240.0 13900.0 11996.0 12146.0 11800.0 11838.0 6184.0 12538.0 13199.0 14053.0 9160.0 14800.0 10430.0 7243.0 10676.0 5666.0 5315.0 9309.0 14975.0 16339.0 11540.0 16801.0 11022.0 7478.0 15343.0 8261.0 10224.0 11708.0 
11858.0 12093.0 12559.0 6911.0 12030.0 14317.0 8711.0 12873.0 14157.0 13824.0 16070.0 14833.0 10191.0 5075.0 0 6441.0 11948.0 13471.0 11282.0 12070.0 13800.0 15257.0 14237.0 12308.0 6921.0 13002.0 12109.0 6802.0 11259.0 13153.0 11208.0 8991.0 12481.0 14895.0 12116.0 12318.0 13922.0 10741.0 8867.0 10840.0 13362.0 13409.0 15612.0 13050.0 8422.0 9594.0 11940.0 5272.0 11219.0 6633.0 
11867.0 12955.0 14210.0 12073.0 10467.0 11705.0 12814.0 11601.0 15734.0 10742.0 13400.0 13041.0 10451.0 9846.0 6441.0 0 5507.0 10560.0 8117.0 8413.0 13610.0 12586.0 10950.0 11030.0 13138.0 14145.0 14823.0 12045.0 13719.0 8498.0 7658.0 12808.0 10316.0 12595.0 13417.0 11867.0 10721.0 13474.0 15161.0 12817.0 10691.0 6968.0 12150.0 7691.0 14078.0 6367.0 9180.0 9984.0 10997.0 11777.0 
11918.0 9892.0 13407.0 15035.0 12206.0 11223.0 15065.0 14850.0 14223.0 9958.0 13648.0 16441.0 12478.0 14590.0 11948.0 5507.0 0 5053.0 8182.0 11823.0 11643.0 14207.0 8079.0 11515.0 12028.0 13682.0 10803.0 8370.0 14024.0 12233.0 9612.0 9997.0 12771.0 11187.0 16180.0 13868.0 12301.0 13530.0 13743.0 14223.0 15435.0 12475.0 9980.0 12757.0 12121.0 7554.0 5021.0 10827.0 10014.0 7555.0 
6865.0 12484.0 14021.0 10864.0 12753.0 16276.0 13299.0 12849.0 15107.0 8555.0 12678.0 11388.0 15686.0 13287.0 13471.0 10560.0 5053.0 0 5160.0 9680.0 10144.0 14975.0 13132.0 8594.0 6975.0 10596.0 5750.0 6669.0 10237.0 13207.0 12127.0 10866.0 13018.0 12274.0 16067.0 11495.0 11551.0 15793.0 11570.0 10466.0 11887.0 14839.0 12980.0 9682.0 14388.0 12341.0 7708.0 12837.0 14728.0 12090.0 
12025.0 7324.0 12494.0 9955.0 10911.0 14866.0 11606.0 7689.0 12744.0 13370.0 12548.0 10021.0 12918.0 14177.0 11282.0 8117.0 8182.0 5160.0 0 5278.0 9159.0 14735.0 14242.0 11688.0 12135.0 13434.0 10910.0 11829.0 14159.0 13400.0 9469.0 5706.0 10636.0 14351.0 11915.0 10025.0 13919.0 12131.0 10421.0 12824.0 10699.0 10856.0 9554.0 10670.0 15328.0 7181.0 11411.0 11645.0 12173.0 11285.0 
11883.0 11686.0 12116.0 6468.0 11587.0 14059.0 13443.0 12967.0 12404.0 16437.0 14928.0 15253.0 12518.0 13674.0 12070.0 8413.0 11823.0 9680.0 5278.0 0 5268.0 10017.0 11300.0 13829.0 12463.0 12447.0 12838.0 11685.0 11584.0 9561.0 11569.0 10984.0 12930.0 12001.0 8318.0 13318.0 11938.0 13191.0 15699.0 14049.0 10425.0 13429.0 8075.0 8571.0 13572.0 7114.0 6802.0 12635.0 10890.0 12031.0 
12462.0 6418.0 11503.0 11106.0 7362.0 12933.0 12890.0 11227.0 11481.0 11996.0 11573.0 14042.0 9175.0 14526.0 13800.0 13610.0 11643.0 10144.0 9159.0 5268.0 0 5576.0 11998.0 12450.0 13140.0 9093.0 12400.0 7093.0 12747.0 10507.0 13828.0 14865.0 14067.0 15429.0 9911.0 11001.0 13122.0 14183.0 11812.0 13428.0 11334.0 13288.0 11815.0 10422.0 8304.0 12382.0 12070.0 13881.0 12747.0 10752.0 
8768.0 11994.0 9333.0 12122.0 12938.0 13065.0 11730.0 12263.0 9085.0 6420.0 9579.0 8466.0 13676.0 13273.0 15257.0 12586.0 14207.0 14975.0 14735.0 10017.0 5576.0 0 6422.0 12525.0 16052.0 13506.0 14601.0 12669.0 9570.0 11998.0 8252.0 13402.0 16160.0 18545.0 14102.0 11959.0 7546.0 10673.0 12721.0 8264.0 9951.0 12687.0 14427.0 6906.0 12948.0 9858.0 14675.0 14633.0 12430.0 13993.0 
12837.0 15165.0 9995.0 10199.0 6709.0 12280.0 13905.0 10220.0 13805.0 12842.0 16001.0 13558.0 12167.0 13240.0 14237.0 10950.0 8079.0 13132.0 14242.0 11300.0 11998.0 6422.0 0 6103.0 11490.0 14992.0 12243.0 14847.0 11008.0 10978.0 13644.0 15440.0 14817.0 12123.0 13444.0 15516.0 12458.0 16106.0 15546.0 14679.0 10546.0 11761.0 10379.0 13328.0 14166.0 12684.0 10085.0 9501.0 11410.0 13952.0 
15459.0 11227.0 6057.0 11705.0 11165.0 12465.0 10182.0 10648.0 13986.0 15726.0 16225.0 10502.0 12222.0 13900.0 12308.0 11030.0 11515.0 8594.0 11688.0 13829.0 12450.0 12525.0 6103.0 0 5387.0 11468.0 12861.0 13167.0 15354.0 10379.0 14470.0 12128.0 11422.0 14214.0 12479.0 13269.0 8781.0 13356.0 12219.0 14734.0 16485.0 10493.0 9436.0 8579.0 8063.0 12348.0 12267.0 14636.0 15606.0 15745.0 
10726.0 13951.0 11444.0 10897.0 5778.0 9548.0 9942.0 14799.0 11154.0 15297.0 12564.0 12154.0 13419.0 11996.0 6921.0 13138.0 12028.0 6975.0 12135.0 12463.0 13140.0 16052.0 11490.0 5387.0 0 6081.0 10988.0 7780.0 12669.0 6232.0 11474.0 6741.0 9330.0 14970.0 15315.0 10643.0 14168.0 11197.0 13631.0 16170.0 13338.0 9300.0 13580.0 13330.0 7413.0 15458.0 12495.0 10147.0 11651.0 13554.0 
10115.0 14242.0 11338.0 9862.0 11859.0 12203.0 14071.0 16145.0 11679.0 9216.0 13230.0 10244.0 15232.0 12146.0 13002.0 14145.0 13682.0 10596.0 13434.0 12447.0 9093.0 13506.0 14992.0 11468.0 6081.0 0 5302.0 10609.0 15058.0 12078.0 12741.0 12822.0 13718.0 12783.0 9808.0 16065.0 9534.0 8660.0 11116.0 10089.0 15591.0 7177.0 12531.0 13583.0 13494.0 15514.0 13026.0 13099.0 12529.0 15340.0 
12615.0 14703.0 14820.0 15164.0 10463.0 16034.0 13152.0 10962.0 13745.0 14305.0 10526.0 6135.0 11169.0 11800.0 12109.0 14823.0 10803.0 5750.0 10910.0 12838.0 12400.0 14601.0 12243.0 12861.0 10988.0 5302.0 0 5307.0 10961.0 12057.0 14411.0 9755.0 13162.0 12505.0 10317.0 10763.0 13807.0 13962.0 13765.0 15391.0 14761.0 9089.0 14443.0 11539.0 13133.0 12817.0 7724.0 10469.0 9732.0 12689.0 
13534.0 13511.0 12141.0 12015.0 13558.0 13019.0 14043.0 9033.0 8438.0 11942.0 14428.0 9595.0 11600.0 11838.0 6802.0 12045.0 8370.0 6669.0 11829.0 11685.0 7093.0 12669.0 14847.0 13167.0 7780.0 10609.0 5307.0 0 5654.0 12091.0 9511.0 13552.0 11906.0 8798.0 13343.0 10922.0 8500.0 13510.0 12090.0 16895.0 15254.0 14276.0 15114.0 7870.0 13172.0 15734.0 5650.0 12074.0 15039.0 13202.0 
12140.0 13008.0 13557.0 13882.0 11854.0 14310.0 11681.0 14036.0 11716.0 6288.0 12556.0 12359.0 10324.0 6184.0 11259.0 13719.0 14024.0 10237.0 14159.0 11584.0 12747.0 9570.0 11008.0 15354.0 12669.0 15058.0 10961.0 5654.0 0 6437.0 7648.0 12682.0 11260.0 14452.0 15451.0 10588.0 9718.0 11850.0 11499.0 12322.0 10971.0 14219.0 9460.0 13524.0 11775.0 10080.0 11304.0 8839.0 13094.0 7548.0 
11678.0 8748.0 13918.0 12328.0 9089.0 8662.0 5244.0 9274.0 12720.0 11976.0 11645.0 5922.0 7187.0 12538.0 13153.0 8498.0 12233.0 13207.0 13400.0 9561.0 10507.0 11998.0 10978.0 10379.0 6232.0 12078.0 12057.0 12091.0 6437.0 0 5242.0 9999.0 13076.0 12737.0 15327.0 13200.0 11616.0 11294.0 7399.0 11649.0 10103.0 12440.0 14646.0 9366.0 9125.0 10367.0 9171.0 14416.0 10568.0 12661.0 
11283.0 12163.0 13775.0 15522.0 11413.0 10403.0 5453.0 10463.0 13217.0 12203.0 13503.0 9904.0 11972.0 13199.0 11208.0 7658.0 9612.0 12127.0 9469.0 11569.0 13828.0 8252.0 13644.0 14470.0 11474.0 12741.0 14411.0 9511.0 7648.0 5242.0 0 5150.0 9115.0 12946.0 11615.0 7958.0 13820.0 13963.0 12641.0 14632.0 10324.0 7585.0 10446.0 13002.0 8732.0 14025.0 6687.0 9631.0 11657.0 15042.0 
12701.0 13030.0 15083.0 15299.0 12519.0 14028.0 9711.0 11316.0 13285.0 15098.0 16687.0 12742.0 14807.0 14053.0 8991.0 12808.0 9997.0 10866.0 5706.0 10984.0 14865.0 13402.0 15440.0 12128.0 6741.0 12822.0 9755.0 13552.0 12682.0 9999.0 5150.0 0 5118.0 8992.0 8574.0 13108.0 10036.0 15046.0 10660.0 9482.0 11737.0 10474.0 11818.0 16376.0 10881.0 12887.0 11837.0 5939.0 11886.0 15624.0 
7583.0 10497.0 14672.0 10429.0 11449.0 12734.0 13133.0 12302.0 11477.0 11900.0 11983.0 12761.0 14511.0 9160.0 12481.0 10316.0 12771.0 13018.0 10636.0 12930.0 14067.0 16160.0 14817.0 11422.0 9330.0 13718.0 13162.0 11906.0 11260.0 13076.0 9115.0 5118.0 0 5640.0 10570.0 9064.0 11617.0 13152.0 6857.0 12180.0 6619.0 14718.0 12554.0 12150.0 5763.0 13513.0 15327.0 11057.0 14730.0 12673.0 
13223.0 12965.0 10629.0 11405.0 9829.0 13099.0 7493.0 6662.0 12396.0 17540.0 16706.0 15490.0 10972.0 14800.0 14895.0 12595.0 11187.0 12274.0 14351.0 12001.0 15429.0 18545.0 12123.0 14214.0 14970.0 12783.0 12505.0 8798.0 14452.0 12737.0 12946.0 8992.0 5640.0 0 8699.0 14704.0 14565.0 12496.0 10920.0 13148.0 11324.0 13040.0 10658.0 16668.0 10879.0 12884.0 10242.0 11275.0 10024.0 9505.0 
15775.0 12160.0 12791.0 13190.0 15632.0 14081.0 15268.0 15361.0 13257.0 13764.0 13456.0 15272.0 14405.0 10430.0 12116.0 13417.0 16180.0 16067.0 11915.0 8318.0 9911.0 14102.0 13444.0 12479.0 15315.0 9808.0 10317.0 13343.0 15451.0 15327.0 11615.0 8574.0 10570.0 8699.0 0 6925.0 9610.0 11824.0 15745.0 15576.0 9910.0 11854.0 13484.0 16889.0 13734.0 10688.0 12540.0 9990.0 6166.0 11712.0 
10892.0 7461.0 7212.0 12860.0 15178.0 9607.0 9055.0 9907.0 12822.0 14435.0 10625.0 13523.0 12594.0 7243.0 12318.0 11867.0 13868.0 11495.0 10025.0 13318.0 11001.0 11959.0 15516.0 13269.0 10643.0 16065.0 10763.0 10922.0 10588.0 13200.0 7958.0 13108.0 9064.0 14704.0 6925.0 0 9083.0 12354.0 10287.0 13392.0 12538.0 12783.0 12725.0 11944.0 14827.0 9146.0 14645.0 11912.0 13091.0 12352.0 
8730.0 14489.0 9319.0 13795.0 13405.0 13123.0 14601.0 11621.0 11258.0 6945.0 12697.0 12366.0 12433.0 10676.0 13922.0 10721.0 12301.0 11551.0 13919.0 11938.0 13122.0 7546.0 12458.0 8781.0 14168.0 9534.0 13807.0 8500.0 9718.0 11616.0 13820.0 10036.0 11617.0 14565.0 9610.0 9083.0 0 5010.0 10591.0 12246.0 11583.0 11135.0 11579.0 8165.0 12488.0 12280.0 13068.0 9994.0 12048.0 11206.0 
8928.0 10080.0 7299.0 8785.0 12878.0 11255.0 10726.0 8606.0 7514.0 11378.0 7962.0 12121.0 10440.0 5666.0 10741.0 13474.0 13530.0 15793.0 12131.0 13191.0 14183.0 10673.0 16106.0 13356.0 11197.0 8660.0 13962.0 13510.0 11850.0 11294.0 13963.0 15046.0 13152.0 12496.0 11824.0 12354.0 5010.0 0 8486.0 13809.0 16132.0 10673.0 9501.0 13175.0 13934.0 9073.0 13502.0 13927.0 13751.0 12526.0 
12047.0 12282.0 12285.0 11384.0 10890.0 15452.0 12643.0 16673.0 14148.0 12509.0 13134.0 13321.0 10666.0 5315.0 8867.0 15161.0 13743.0 11570.0 10421.0 15699.0 11812.0 12721.0 15546.0 12219.0 13631.0 11116.0 13765.0 12090.0 11499.0 7399.0 12641.0 10660.0 6857.0 10920.0 15745.0 10287.0 10591.0 8486.0 0 5323.0 10846.0 13530.0 15437.0 15982.0 11897.0 12793.0 14663.0 13576.0 12368.0 6822.0 
16109.0 13292.0 16157.0 13000.0 16210.0 16158.0 12444.0 16405.0 14612.0 13095.0 12332.0 13135.0 11721.0 9309.0 10840.0 12817.0 14223.0 10466.0 12824.0 14049.0 13428.0 8264.0 14679.0 14734.0 16170.0 10089.0 15391.0 16895.0 12322.0 11649.0 14632.0 9482.0 12180.0 13148.0 15576.0 13392.0 12246.0 13809.0 5323.0 0 5666.0 11986.0 13001.0 12050.0 17220.0 9109.0 14195.0 14084.0 15688.0 11698.0 
14202.0 13003.0 17398.0 15663.0 10544.0 10492.0 13088.0 13550.0 14846.0 7429.0 12130.0 15603.0 11133.0 14975.0 13362.0 10691.0 15435.0 11887.0 10699.0 10425.0 11334.0 9951.0 10546.0 16485.0 13338.0 15591.0 14761.0 15254.0 10971.0 10103.0 10324.0 11737.0 6619.0 11324.0 9910.0 12538.0 11583.0 16132.0 10846.0 5666.0 0 8414.0 11725.0 10961.0 12382.0 8576.0 12379.0 14440.0 10535.0 13919.0 
12559.0 11810.0 10097.0 11045.0 5926.0 11338.0 11880.0 9257.0 11591.0 10850.0 10458.0 15224.0 15867.0 16339.0 13409.0 6968.0 12475.0 14839.0 10856.0 13429.0 13288.0 12687.0 11761.0 10493.0 9300.0 7177.0 9089.0 14276.0 14219.0 12440.0 7585.0 10474.0 14718.0 13040.0 11854.0 12783.0 11135.0 10673.0 13530.0 11986.0 8414.0 0 5354.0 6406.0 12793.0 13076.0 14002.0 14077.0 11295.0 13778.0 
12273.0 9073.0 6571.0 12219.0 9144.0 5984.0 10331.0 14611.0 13001.0 13746.0 15603.0 12007.0 10999.0 11540.0 15612.0 12150.0 9980.0 12980.0 9554.0 8075.0 11815.0 14427.0 10379.0 9436.0 13580.0 12531.0 14443.0 15114.0 9460.0 14646.0 10446.0 11818.0 12554.0 10658.0 13484.0 12725.0 11579.0 9501.0 15437.0 13001.0 11725.0 5354.0 0 9103.0 10616.0 12804.0 10433.0 11719.0 11575.0 11021.0 
11029.0 8137.0 13307.0 9372.0 12332.0 11083.0 11843.0 15663.0 11562.0 12044.0 16061.0 13385.0 12503.0 16801.0 13050.0 7691.0 12757.0 9682.0 10670.0 8571.0 10422.0 6906.0 13328.0 8579.0 13330.0 13583.0 11539.0 7870.0 13524.0 9366.0 13002.0 16376.0 12150.0 16668.0 16889.0 11944.0 8165.0 13175.0 15982.0 12050.0 10961.0 6406.0 9103.0 0 6387.0 9837.0 13520.0 14788.0 16416.0 13597.0 
13346.0 14524.0 14120.0 15333.0 13148.0 15145.0 14185.0 15707.0 11507.0 9650.0 9815.0 6998.0 9813.0 11022.0 8422.0 14078.0 12121.0 14388.0 15328.0 13572.0 8304.0 12948.0 14166.0 8063.0 7413.0 13494.0 13133.0 13172.0 11775.0 9125.0 8732.0 10881.0 5763.0 10879.0 13734.0 14827.0 12488.0 13934.0 11897.0 17220.0 12382.0 12793.0 10616.0 6387.0 0 10158.0 14385.0 10039.0 15986.0 15055.0 
11799.0 14505.0 10304.0 9931.0 15050.0 14587.0 11483.0 7296.0 11003.0 13967.0 13755.0 12866.0 12829.0 7478.0 9594.0 6367.0 7554.0 12341.0 7181.0 7114.0 12382.0 9858.0 12684.0 12348.0 15458.0 15514.0 12817.0 15734.0 10080.0 10367.0 14025.0 12887.0 13513.0 12884.0 10688.0 9146.0 12280.0 9073.0 12793.0 9109.0 8576.0 13076.0 12804.0 9837.0 10158.0 0 12575.0 11885.0 6579.0 12125.0 
13286.0 9128.0 14148.0 13270.0 15484.0 15438.0 10147.0 11888.0 14088.0 14562.0 9421.0 13859.0 14289.0 15343.0 11940.0 9180.0 5021.0 7708.0 11411.0 6802.0 12070.0 14675.0 10085.0 12267.0 12495.0 13026.0 7724.0 5650.0 11304.0 9171.0 6687.0 11837.0 15327.0 10242.0 12540.0 14645.0 13068.0 13502.0 14663.0 14195.0 12379.0 14002.0 10433.0 13520.0 14385.0 12575.0 0 15693.0 13212.0 12576.0 
14469.0 14500.0 10847.0 10401.0 13455.0 13502.0 12611.0 7601.0 13335.0 11103.0 13237.0 9561.0 13612.0 8261.0 5272.0 9984.0 10827.0 12837.0 11645.0 12635.0 13881.0 14633.0 9501.0 14636.0 10147.0 13099.0 10469.0 12074.0 8839.0 14416.0 9631.0 5939.0 11057.0 11275.0 9990.0 11912.0 9994.0 13927.0 13576.0 14084.0 14440.0 14077.0 11719.0 14788.0 10039.0 11885.0 15693.0 0 5947.0 11493.0 
10771.0 9601.0 14771.0 15936.0 12502.0 16968.0 11362.0 10349.0 11839.0 11850.0 7290.0 13013.0 15179.0 10224.0 11219.0 10997.0 10014.0 14728.0 12173.0 10890.0 12747.0 12430.0 11410.0 15606.0 11651.0 12529.0 9732.0 15039.0 13094.0 10568.0 11657.0 11886.0 14730.0 10024.0 6166.0 13091.0 12048.0 13751.0 12368.0 15688.0 10535.0 11295.0 11575.0 16416.0 15986.0 6579.0 13212.0 5947.0 0 5546.0 
5225.0 5460.0 10630.0 10926.0 16045.0 11827.0 11659.0 13258.0 7524.0 11496.0 12317.0 12882.0 14343.0 11708.0 6633.0 11777.0 7555.0 12090.0 11285.0 12031.0 10752.0 13993.0 13952.0 15745.0 13554.0 15340.0 12689.0 13202.0 7548.0 12661.0 15042.0 15624.0 12673.0 9505.0 11712.0 12352.0 11206.0 12526.0 6822.0 11698.0 13919.0 13778.0 11021.0 13597.0 15055.0 12125.0 12576.0 11493.0 5546.0 0 
