23
10 24 0 13 8 22 17 4 14 5 6 1 16 7 21 18 2 19 23 15 12 30 42
0 5071.0 10405.0 19649.0 13269.0 9966.0 9181.0 12321.0 18092.0 19160.0 15282.0 13140.0 6073.0 14637.0 10989.0 11534.0 13132.0 16155.0 18343.0 18853.0 12283.0 13315.0 5273.0 
5071.0 0 5334.0 14578.0 11977.0 14806.0 11871.0 17392.0 18448.0 15091.0 10211.0 16164.0 11144.0 18999.0 14306.0 16605.0 15713.0 13523.0 15569.0 17874.0 17074.0 15221.0 7970.0 
10405.0 5334.0 0 9244.0 15488.0 10243.0 15293.0 21392.0 19598.0 15731.0 10771.0 16724.0 16478.0 14217.0 18849.0 16652.0 19821.0 18857.0 17200.0 15738.0 14998.0 15525.0 13304.0 
19649.0 14578.0 9244.0 0 11732.0 15053.0 18928.0 21103.0 21993.0 12347.0 14347.0 20300.0 23545.0 14981.0 18648.0 19805.0 12037.0 20104.0 18846.0 19083.0 18520.0 18513.0 15941.0 
13269.0 11977.0 15488.0 11732.0 0 6085.0 7196.0 11676.0 13521.0 15565.0 16033.0 18161.0 18976.0 12617.0 6916.0 13173.0 14990.0 17131.0 15734.0 12033.0 9965.0 14441.0 11842.0 
9966.0 14806.0 10243.0 15053.0 6085.0 0 5050.0 11736.0 16319.0 15203.0 11548.0 14840.0 12891.0 8129.0 11207.0 9254.0 13161.0 13870.0 15987.0 16223.0 13902.0 10685.0 11334.0 
9181.0 11871.0 15293.0 18928.0 7196.0 5050.0 0 6686.0 12457.0 13540.0 15072.0 14053.0 15254.0 7630.0 13078.0 14304.0 11601.0 13371.0 15916.0 16597.0 11856.0 15735.0 9961.0 
12321.0 17392.0 21392.0 21103.0 11676.0 11736.0 6686.0 0 5771.0 16639.0 14693.0 12506.0 17332.0 14316.0 14798.0 16290.0 12213.0 15843.0 14606.0 18790.0 17055.0 13252.0 13361.0 
18092.0 18448.0 19598.0 21993.0 13521.0 16319.0 12457.0 5771.0 0 10868.0 15875.0 18277.0 16569.0 14728.0 17791.0 16203.0 12231.0 20379.0 13858.0 18506.0 12207.0 19023.0 16938.0 
19160.0 15091.0 15731.0 12347.0 15565.0 15203.0 13540.0 16639.0 10868.0 0 5068.0 9117.0 13561.0 9451.0 15152.0 16063.0 12693.0 10031.0 15754.0 12824.0 17123.0 10452.0 14939.0 
15282.0 10211.0 10771.0 14347.0 16033.0 11548.0 15072.0 14693.0 15875.0 5068.0 0 5953.0 14134.0 10848.0 14528.0 10995.0 12455.0 11641.0 10686.0 8563.0 16654.0 5384.0 13796.0 
13140.0 16164.0 16724.0 20300.0 18161.0 14840.0 14053.0 12506.0 18277.0 9117.0 5953.0 0 10078.0 16277.0 16303.0 15370.0 12955.0 17594.0 16639.0 14516.0 13956.0 11337.0 9585.0 
6073.0 11144.0 16478.0 23545.0 18976.0 12891.0 15254.0 17332.0 16569.0 13561.0 14134.0 10078.0 0 8564.0 14265.0 8977.0 16745.0 11496.0 16765.0 16077.0 11566.0 11868.0 11346.0 
14637.0 18999.0 14217.0 14981.0 12617.0 8129.0 7630.0 14316.0 14728.0 9451.0 10848.0 16277.0 8564.0 0 5701.0 8602.0 15122.0 5741.0 10927.0 8967.0 13782.0 10436.0 12419.0 
10989.0 14306.0 18849.0 18648.0 6916.0 11207.0 13078.0 14798.0 17791.0 15152.0 14528.0 16303.0 14265.0 5701.0 0 6257.0 10061.0 11399.0 13269.0 14668.0 15822.0 9144.0 6718.0 
11534.0 16605.0 16652.0 19805.0 13173.0 9254.0 14304.0 16290.0 16203.0 16063.0 10995.0 15370.0 8977.0 8602.0 6257.0 0 7768.0 10168.0 16128.0 15035.0 12485.0 10826.0 8647.0 
13132.0 15713.0 19821.0 12037.0 14990.0 13161.0 11601.0 12213.0 12231.0 12693.0 12455.0 12955.0 16745.0 15122.0 10061.0 7768.0 0 9381.0 14468.0 17191.0 12650.0 12723.0 15409.0 
16155.0 13523.0 18857.0 20104.0 17131.0 13870.0 13371.0 15843.0 20379.0 10031.0 11641.0 17594.0 11496.0 5741.0 11399.0 10168.0 9381.0 0 6521.0 9633.0 17124.0 11823.0 10882.0 
18343.0 15569.0 17200.0 18846.0 15734.0 15987.0 15916.0 14606.0 13858.0 15754.0 10686.0 16639.0 16765.0 10927.0 13269.0 16128.0 14468.0 6521.0 0 5346.0 14114.0 5302.0 13183.0 
18853.0 17874.0 15738.0 19083.0 12033.0 16223.0 16597.0 18790.0 18506.0 12824.0 8563.0 14516.0 16077.0 8967.0 14668.0 15035.0 17191.0 9633.0 5346.0 0 8768.0 5538.0 16250.0 
12283.0 17074.0 14998.0 18520.0 9965.0 13902.0 11856.0 17055.0 12207.0 17123.0 16654.0 13956.0 11566.0 13782.0 15822.0 12485.0 12650.0 17124.0 14114.0 8768.0 0 14306.0 9104.0 
13315.0 15221.0 15525.0 18513.0 14441.0 10685.0 15735.0 13252.0 19023.0 10452.0 5384.0 11337.0 11868.0 10436.0 9144.0 10826.0 12723.0 11823.0 5302.0 5538.0 14306.0 0 10712.0 
5273.0 7970.0 13304.0 15941.0 11842.0 11334.0 9961.0 13361.0 16938.0 14939.0 13796.0 9585.0 11346.0 12419.0 6718.0 8647.0 15409.0 10882.0 13183.0 16250.0 9104.0 10712.0 0 
