32
A4 A12 A5 A20 A21 A24 A25 A29 A37 A30 A45 A46 A49 A50 A54 A62 A55 A70 A71 A74 A75 A79 A87 A80 A95 A96 A99 A90 A65 A40 A15 A0
0 38.0 10.0 113.0 117.0 104.0 247.0 259.0 297.0 269.0 372.0 376.0 363.0 429.0 441.0 479.0 451.0 480.0 484.0 471.0 328.0 316.0 308.0 306.0 221.0 225.0 212.0 281.0 476.0 294.0 35.0 12.0 
38.0 0 28.0 105.0 109.0 96.0 239.0 251.0 289.0 261.0 364.0 368.0 355.0 421.0 433.0 471.0 443.0 518.0 522.0 509.0 366.0 354.0 346.0 344.0 259.0 263.0 250.0 319.0 468.0 286.0 27.0 50.0 
10.0 28.0 0 103.0 107.0 94.0 237.0 249.0 287.0 259.0 362.0 366.0 353.0 419.0 431.0 469.0 441.0 490.0 494.0 481.0 338.0 326.0 318.0 316.0 231.0 235.0 222.0 291.0 466.0 284.0 25.0 22.0 
113.0 105.0 103.0 0 12.0 9.0 152.0 164.0 202.0 174.0 277.0 281.0 268.0 334.0 346.0 384.0 356.0 459.0 463.0 450.0 441.0 429.0 421.0 419.0 334.0 338.0 325.0 394.0 381.0 199.0 78.0 125.0 
117.0 109.0 107.0 12.0 0 13.0 156.0 168.0 206.0 178.0 281.0 285.0 272.0 338.0 350.0 388.0 360.0 463.0 467.0 454.0 445.0 433.0 425.0 423.0 338.0 342.0 329.0 398.0 385.0 203.0 82.0 129.0 
104.0 96.0 94.0 9.0 13.0 0 143.0 155.0 193.0 165.0 268.0 272.0 259.0 325.0 337.0 375.0 347.0 450.0 454.0 441.0 432.0 420.0 412.0 410.0 325.0 329.0 316.0 385.0 372.0 190.0 69.0 116.0 
247.0 239.0 237.0 152.0 156.0 143.0 0 12.0 50.0 22.0 125.0 129.0 116.0 182.0 194.0 232.0 204.0 307.0 311.0 298.0 441.0 453.0 491.0 463.0 468.0 472.0 459.0 488.0 229.0 47.0 212.0 259.0 
259.0 251.0 249.0 164.0 168.0 155.0 12.0 0 38.0 10.0 113.0 117.0 104.0 170.0 182.0 220.0 192.0 295.0 299.0 286.0 429.0 441.0 479.0 451.0 480.0 484.0 471.0 476.0 217.0 35.0 224.0 271.0 
297.0 289.0 287.0 202.0 206.0 193.0 50.0 38.0 0 28.0 105.0 109.0 96.0 162.0 174.0 212.0 184.0 287.0 291.0 278.0 421.0 433.0 471.0 443.0 518.0 522.0 509.0 468.0 209.0 27.0 262.0 309.0 
269.0 261.0 259.0 174.0 178.0 165.0 22.0 10.0 28.0 0 103.0 107.0 94.0 160.0 172.0 210.0 182.0 285.0 289.0 276.0 419.0 431.0 469.0 441.0 490.0 494.0 481.0 466.0 207.0 25.0 234.0 281.0 
372.0 364.0 362.0 277.0 281.0 268.0 125.0 113.0 105.0 103.0 0 12.0 9.0 75.0 87.0 125.0 97.0 200.0 204.0 191.0 334.0 346.0 384.0 356.0 459.0 463.0 450.0 381.0 122.0 78.0 337.0 384.0 
376.0 368.0 366.0 281.0 285.0 272.0 129.0 117.0 109.0 107.0 12.0 0 13.0 79.0 91.0 129.0 101.0 204.0 208.0 195.0 338.0 350.0 388.0 360.0 463.0 467.0 454.0 385.0 126.0 82.0 341.0 388.0 
363.0 355.0 353.0 268.0 272.0 259.0 116.0 104.0 96.0 94.0 9.0 13.0 0 66.0 78.0 116.0 88.0 191.0 195.0 182.0 325.0 337.0 375.0 347.0 450.0 454.0 441.0 372.0 113.0 69.0 328.0 375.0 
429.0 421.0 419.0 334.0 338.0 325.0 182.0 170.0 162.0 160.0 75.0 79.0 66.0 0 12.0 50.0 22.0 125.0 129.0 116.0 259.0 271.0 309.0 281.0 384.0 388.0 375.0 306.0 47.0 135.0 394.0 441.0 
441.0 433.0 431.0 346.0 350.0 337.0 194.0 182.0 174.0 172.0 87.0 91.0 78.0 12.0 0 38.0 10.0 113.0 117.0 104.0 247.0 259.0 297.0 269.0 372.0 376.0 363.0 294.0 35.0 147.0 406.0 453.0 
479.0 471.0 469.0 384.0 388.0 375.0 232.0 220.0 212.0 210.0 125.0 129.0 116.0 50.0 38.0 0 28.0 105.0 109.0 96.0 239.0 251.0 289.0 261.0 364.0 368.0 355.0 286.0 27.0 185.0 444.0 491.0 
451.0 443.0 441.0 356.0 360.0 347.0 204.0 192.0 184.0 182.0 97.0 101.0 88.0 22.0 10.0 28.0 0 103.0 107.0 94.0 237.0 249.0 287.0 259.0 362.0 366.0 353.0 284.0 25.0 157.0 416.0 463.0 
480.0 518.0 490.0 459.0 463.0 450.0 307.0 295.0 287.0 285.0 200.0 204.0 191.0 125.0 113.0 105.0 103.0 0 12.0 9.0 152.0 164.0 202.0 174.0 277.0 281.0 268.0 199.0 78.0 260.0 515.0 468.0 
484.0 522.0 494.0 463.0 467.0 454.0 311.0 299.0 291.0 289.0 204.0 208.0 195.0 129.0 117.0 109.0 107.0 12.0 0 13.0 156.0 168.0 206.0 178.0 281.0 285.0 272.0 203.0 82.0 264.0 519.0 472.0 
471.0 509.0 481.0 450.0 454.0 441.0 298.0 286.0 278.0 276.0 191.0 195.0 182.0 116.0 104.0 96.0 94.0 9.0 13.0 0 143.0 155.0 193.0 165.0 268.0 272.0 259.0 190.0 69.0 251.0 506.0 459.0 
328.0 366.0 338.0 441.0 445.0 432.0 441.0 429.0 421.0 419.0 334.0 338.0 325.0 259.0 247.0 239.0 237.0 152.0 156.0 143.0 0 12.0 50.0 22.0 125.0 129.0 116.0 47.0 212.0 394.0 363.0 316.0 
316.0 354.0 326.0 429.0 433.0 420.0 453.0 441.0 433.0 431.0 346.0 350.0 337.0 271.0 259.0 251.0 249.0 164.0 168.0 155.0 12.0 0 38.0 10.0 113.0 117.0 104.0 35.0 224.0 406.0 351.0 304.0 
308.0 346.0 318.0 421.0 425.0 412.0 491.0 479.0 471.0 469.0 384.0 388.0 375.0 309.0 297.0 289.0 287.0 202.0 206.0 193.0 50.0 38.0 0 28.0 105.0 109.0 96.0 27.0 262.0 444.0 343.0 296.0 
306.0 344.0 316.0 419.0 423.0 410.0 463.0 451.0 443.0 441.0 356.0 360.0 347.0 281.0 269.0 261.0 259.0 174.0 178.0 165.0 22.0 10.0 28.0 0 103.0 107.0 94.0 25.0 234.0 416.0 341.0 294.0 
221.0 259.0 231.0 334.0 338.0 325.0 468.0 480.0 518.0 490.0 459.0 463.0 450.0 384.0 372.0 364.0 362.0 277.0 281.0 268.0 125.0 113.0 105.0 103.0 0 12.0 9.0 78.0 337.0 515.0 256.0 209.0 
225.0 263.0 235.0 338.0 342.0 329.0 472.0 484.0 522.0 494.0 463.0 467.0 454.0 388.0 376.0 368.0 366.0 281.0 285.0 272.0 129.0 117.0 109.0 107.0 12.0 0 13.0 82.0 341.0 519.0 260.0 213.0 
212.0 250.0 222.0 325.0 329.0 316.0 459.0 471.0 509.0 481.0 450.0 454.0 441.0 375.0 363.0 355.0 353.0 268.0 272.0 259.0 116.0 104.0 96.0 94.0 9.0 13.0 0 69.0 328.0 506.0 247.0 200.0 
281.0 319.0 291.0 394.0 398.0 385.0 488.0 476.0 468.0 466.0 381.0 385.0 372.0 306.0 294.0 286.0 284.0 199.0 203.0 190.0 47.0 35.0 27.0 25.0 78.0 82.0 69.0 0 259.0 441.0 316.0 269.0 
476.0 468.0 466.0 381.0 385.0 372.0 229.0 217.0 209.0 207.0 122.0 126.0 113.0 47.0 35.0 27.0 25.0 78.0 82.0 69.0 212.0 224.0 262.0 234.0 337.0 341.0 328.0 259.0 0 182.0 441.0 488.0 
294.0 286.0 284.0 199.0 203.0 190.0 47.0 35.0 27.0 25.0 78.0 82.0 69.0 135.0 147.0 185.0 157.0 260.0 264.0 251.0 394.0 406.0 444.0 416.0 515.0 519.0 506.0 441.0 182.0 0 259.0 306.0 
35.0 27.0 25.0 78.0 82.0 69.0 212.0 224.0 262.0 234.0 337.0 341.0 328.0 394.0 406.0 444.0 416.0 515.0 519.0 506.0 363.0 351.0 343.0 341.0 256.0 260.0 247.0 316.0 441.0 259.0 0 47.0 
12.0 50.0 22.0 125.0 129.0 116.0 259.0 271.0 309.0 281.0 384.0 388.0 375.0 441.0 453.0 491.0 463.0 468.0 472.0 459.0 316.0 304.0 296.0 294.0 209.0 213.0 200.0 269.0 488.0 306.0 47.0 0 
