15
A4 A12 A5 A20 A21 A24 A25 A29 A37 A30 A45 A46 A49 A40 A0
0 38.0 10.0 113.0 117.0 104.0 225.0 237.0 275.0 247.0 221.0 225.0 212.0 272.0 12.0 
38.0 0 28.0 105.0 109.0 96.0 217.0 229.0 267.0 239.0 259.0 263.0 250.0 264.0 50.0 
10.0 28.0 0 103.0 107.0 94.0 215.0 227.0 265.0 237.0 231.0 235.0 222.0 262.0 22.0 
113.0 105.0 103.0 0 12.0 9.0 130.0 142.0 180.0 152.0 255.0 259.0 246.0 177.0 125.0 
117.0 109.0 107.0 12.0 0 13.0 134.0 146.0 184.0 156.0 259.0 263.0 250.0 181.0 129.0 
104.0 96.0 94.0 9.0 13.0 0 121.0 133.0 171.0 143.0 246.0 250.0 237.0 168.0 116.0 
225.0 217.0 215.0 130.0 134.0 121.0 0 12.0 50.0 22.0 125.0 129.0 116.0 47.0 237.0 
237.0 229.0 227.0 142.0 146.0 133.0 12.0 0 38.0 10.0 113.0 117.0 104.0 35.0 249.0 
275.0 267.0 265.0 180.0 184.0 171.0 50.0 38.0 0 28.0 105.0 109.0 96.0 27.0 287.0 
247.0 239.0 237.0 152.0 156.0 143.0 22.0 10.0 28.0 0 103.0 107.0 94.0 25.0 259.0 
221.0 259.0 231.0 255.0 259.0 246.0 125.0 113.0 105.0 103.0 0 12.0 9.0 78.0 209.0 
225.0 263.0 235.0 259.0 263.0 250.0 129.0 117.0 109.0 107.0 12.0 0 13.0 82.0 213.0 
212.0 250.0 222.0 246.0 250.0 237.0 116.0 104.0 96.0 94.0 9.0 13.0 0 69.0 200.0 
272.0 264.0 262.0 177.0 181.0 168.0 47.0 35.0 27.0 25.0 78.0 82.0 69.0 0 269.0 
12.0 50.0 22.0 125.0 129.0 116.0 237.0 249.0 287.0 259.0 209.0 213.0 200.0 269.0 0 
