48
L63 L89 L39 L8 L56 L69 L25 L95 L94 L16 L31 L66 L52 L11 L67 L36 L6 L51 L10 L19 L29 L98 L15 L85 L57 L26 L12 L30 L82 L3 L35 L18 L75 L23 L87 L46 L97 L92 L5 L21 L91 L83 L50 L1 L41 L80 L2 Soda
0 20.6867 42.152829999999994 42.488690000000005 44.21136 51.58124 55.60767 50.758669999999995 48.159729999999996 41.66833 45.71085 41.14389 44.70181 42.90854 49.54025 34.47951 43.583960000000005 22.3658 44.78733 44.18647 42.79639 34.83152 44.053309999999996 47.01757 32.98161 45.2421 36.42485 36.55031 44.47068 47.672470000000004 47.458870000000005 26.55096 44.61753 44.197050000000004 43.35006 48.2868 32.7742 23.17644 52.14878 43.46808 45.011219999999994 40.945229999999995 48.936589999999995 46.8043 55.003919999999994 42.485150000000004 47.317800000000005 21.08255 
20.6867 0 21.97801 43.41219 23.52466 46.56217 48.22945 54.80097 47.818560000000005 54.63947 50.798519999999996 46.28813 34.52451 49.75269 50.84422 45.80925 24.59715 43.052499999999995 45.65565 23.51498 43.806740000000005 37.64375 48.972350000000006 26.33087 28.46751 44.07525 46.30815 50.528909999999996 51.94685 56.948679999999996 53.42911 30.59326 23.93083 49.021519999999995 54.398939999999996 45.40823 33.07445 43.86314 52.8805 45.53642 47.484700000000004 47.789379999999994 43.6666 60.84265 35.93051 42.377520000000004 36.33407 41.76925 
42.152829999999994 21.97801 0 21.43418 42.66414 27.3013 52.44804 52.4997 46.14832 55.98049 50.35492 35.66231 49.75341 28.44695 48.76653 51.98769 46.57516 57.37789000000001 44.73753 45.492990000000006 49.722049999999996 51.74211 45.41952 48.30888 49.59389 36.78801 24.33014 45.12032000000001 33.81042 34.97067 45.40687 38.26302 45.90884 50.16534 46.28648 24.48858 49.79176 49.665279999999996 36.52618 44.834289999999996 38.56458 26.17487 53.64761 42.69207 47.12558 49.92232 48.62674 50.024820000000005 
42.488690000000005 43.41219 21.43418 0 21.22996 33.6649 43.79363 54.28853 50.60218 43.38454 53.61924 42.8601 45.43991 48.340239999999994 51.05795 44.775409999999994 35.45574 45.69639 52.87845 50.54074 45.22231 57.50088 32.71591 53.01673 50.30542 42.56429 45.76432 24.93148 23.00523 29.54294 51.32222 33.3973 45.51058999999999 51.5957 45.06627 27.91069 56.136939999999996 44.35737 25.04341 27.75076 37.91962 36.19264 43.39196 21.25789 46.17003 48.334540000000004 51.3301 43.67606 
44.21136 23.52466 42.66414 21.22996 0 23.12393 45.072140000000005 51.129099999999994 29.37222 49.55713 32.38928 48.55873 32.342 54.29725 46.91068 23.54545 44.757549999999995 52.60291 57.117509999999996 47.039640000000006 32.27059 51.19386 50.373540000000006 49.43382 29.27475 41.21327 48.13347 46.16144 44.23519 38.40487 47.83076 43.72716 47.45549 47.711569999999995 32.76065 44.076170000000005 42.60162 23.12741 46.27337 48.98072 47.6276 47.73802 37.48328 42.487849999999995 59.455169999999995 42.909040000000005 51.0287 42.83198 
51.58124 46.56217 27.3013 33.6649 23.12393 0 25.24725 46.63633 52.49615 50.82274 54.54476 49.62823 50.338750000000005 55.02311 38.78395 32.36152 45.9577 59.05391 56.38915 51.771609999999995 35.28181 30.39741 30.55427 53.195750000000004 52.39868 54.80368 51.4617 56.35165 56.67013 33.05018 29.99527 38.77675 43.652820000000006 46.27604 55.88458 51.78988 48.08072 46.25134 50.81851 29.39826 36.71069 53.476169999999996 46.73259 35.42569 51.32097 28.74399 58.46044 46.52832 
55.60767 48.22945 52.44804 43.79363 45.072140000000005 25.24725 0 21.38908 43.14596 50.98536 54.74293 50.150850000000005 52.45212 43.319900000000004 45.893519999999995 53.55113 47.624979999999994 46.97424 60.050399999999996 50.64694 38.7446 45.50199 51.743480000000005 32.92962 49.158339999999995 34.36844 47.71758 52.78682 36.30333 46.13467 50.90216 45.59679 31.60664 31.4693 56.59128 27.95946 22.83347 44.638149999999996 25.57126 35.46588 50.699 46.45036 44.66981 22.53574 27.56921 45.98044 36.93488 42.78675 
50.758669999999995 54.80097 52.4997 54.28853 51.129099999999994 46.63633 21.38908 0 21.75688 42.71469 52.103359999999995 53.06975 58.40646 60.82869 62.18068 46.85827 55.196380000000005 35.00623 54.75656 48.87795 57.34505 56.871120000000005 49.26916 38.2635 54.52719 50.53115 43.57506 54.80594000000001 31.96345 24.74559 47.04356 24.20771 45.524429999999995 52.85838 37.50372 28.01112 38.8118 56.73412 46.96034 56.85496 56.94548 46.50033 46.59334 43.92482 26.49008 25.85033 46.78163 48.02526 
48.159729999999996 47.818560000000005 46.14832 50.60218 29.37222 52.49615 43.14596 21.75688 0 20.95781 41.76566 50.069 46.14584 63.33538 52.968379999999996 52.91767 33.4395 25.79393 48.21546 27.14486 47.436620000000005 46.896559999999994 49.98599 47.336290000000005 50.730869999999996 42.24892 21.81818 47.446600000000004 48.91793 23.97564 31.07985 45.20445 23.88773 52.00425 59.2606 49.768 51.76451 52.499629999999996 49.209270000000004 42.58152 48.88216 48.93051 49.2798 33.88913 48.24696 26.56716 44.00809 54.838930000000005 
41.66833 54.63947 55.98049 43.38454 49.55713 50.82274 50.98536 42.71469 20.95781 0 20.80785 42.03974 31.58024 42.715819999999994 51.52229 64.40185 51.82123 46.75174 55.10589 48.10267 42.96573 25.93875 44.52776 49.93213 29.77306 54.64622 42.77599 50.81428 45.36653 44.93344999999999 20.82747 43.36138 44.84554 60.60457 44.245909999999995 31.49191 57.27627 45.35958 47.01748 21.62371 49.91911 45.44134 56.60354 54.846940000000004 46.43433 44.93712 49.09054 33.88112 
45.71085 50.798519999999996 50.35492 53.61924 32.38928 54.54476 54.74293 52.103359999999995 41.76566 20.80785 0 21.3122 42.22023 21.90797 42.227549999999994 52.920649999999995 58.42809 53.23469 50.831019999999995 43.14237 22.85061 43.44752 23.99049 46.63197 50.58091 42.994429999999994 49.68682 38.98945 33.20485 58.14714 41.63532 37.5176 26.86769 43.62636 45.23294 28.49853 36.46842 53.28025 29.17167 38.23636 61.37375 28.65238 52.10286 46.81503 50.7889 26.25303 28.28269 24.6283 
41.14389 46.28813 35.66231 42.8601 48.55873 49.62823 50.150850000000005 53.06975 50.069 42.03974 21.3122 0 20.90803 43.220169999999996 45.3558 49.58494 42.99511 48.41696 53.359049999999996 44.88984 44.16281 47.8756 44.75668 48.752520000000004 47.7605 47.61106 52.305009999999996 43.94879 21.1063 46.048590000000004 48.16224 42.83694 26.18127 25.41882 35.986 33.59808 48.70526 44.83514 47.03346 32.28731 45.71459 41.6486 30.79066 52.92473 42.42456 46.71067 23.46496 29.63203 
44.70181 34.52451 49.75341 45.43991 32.342 50.338750000000005 52.45212 58.40646 46.14584 31.58024 42.22023 20.90803 0 22.91496 43.234539999999996 48.86928 59.12166 47.17006 53.987840000000006 46.25823 41.567859999999996 49.86775 30.81175 29.71304 49.87211 44.001419999999996 45.38595 32.54802 42.01433 52.72377 52.40771 46.39486 47.0893 41.43427 46.23993 48.60916 46.92514 46.00045 56.08143 52.28998 50.86687 62.55663 51.69869 55.55346 57.5305 50.28902 42.98368 46.53337 
42.90854 49.75269 28.44695 48.340239999999994 54.29725 55.02311 43.319900000000004 60.82869 63.33538 42.715819999999994 21.90797 43.220169999999996 22.91496 0 20.31958 43.68481 46.142759999999996 47.494029999999995 45.9221 43.865219999999994 44.758579999999995 34.26974 45.89846 51.39304 35.19038 21.08646 41.5172 47.08086 55.11282 58.59592 49.58079 59.42557 48.77566 21.71839 23.32497 49.89529 44.532129999999995 45.606489999999994 51.07964 43.586929999999995 47.13314 43.06715 52.22922 42.39286 51.41299 48.161 50.190659999999994 44.14036 
49.54025 50.84422 48.76653 51.05795 46.91068 38.78395 45.893519999999995 62.18068 52.968379999999996 51.52229 42.227549999999994 45.3558 43.234539999999996 20.31958 0 23.36523 44.57733 27.17445 25.60252 47.74319 41.189679999999996 43.333619999999996 29.58878 52.23026 44.07864 41.40604 50.0325 55.04978 57.005 55.61349 50.84154 46.015789999999996 57.96472 42.03797 24.69808 55.05086 49.47525 49.296369999999996 42.491479999999996 29.89858 57.00249 56.88764 36.09067 48.001760000000004 56.387190000000004 44.92863 52.126450000000006 49.336380000000005 
34.47951 45.80925 51.98769 44.775409999999994 23.54545 32.36152 53.55113 46.85827 52.91767 64.40185 52.920649999999995 49.58494 48.86928 43.68481 23.36523 0 21.2121 42.430260000000004 48.967749999999995 44.1107 36.60496 47.026830000000004 52.95401 58.00241 44.667919999999995 46.358360000000005 36.28506 51.03636 58.79071 52.92214 45.48641 22.65056 43.96728 24.16612 48.06331 44.5998 52.776939999999996 35.93224 50.46852 53.26381 55.45917 44.94318 45.03619 31.01539 53.86072 47.45089 45.22448 46.57996 
43.583960000000005 24.59715 46.57516 35.45574 44.757549999999995 45.9577 47.624979999999994 55.196380000000005 33.4395 51.82123 58.42809 42.99511 59.12166 46.142759999999996 44.57733 21.2121 0 21.21816 43.63969 24.47337 44.76513 62.240899999999996 37.44362 45.85124 53.06466 46.61661 50.07590999999999 55.28282 37.57861 57.41514 50.35302 33.39442 48.52798 24.42437 51.432069999999996 37.38737 31.56484 38.12324 29.25642 44.855779999999996 44.42042 42.37223 43.062129999999996 45.65666 38.28445 47.50099 46.17016 42.85786 
22.3658 43.052499999999995 57.37789000000001 45.69639 52.60291 59.05391 46.97424 35.00623 25.79393 46.75174 53.23469 48.41696 47.17006 47.494029999999995 27.17445 42.430260000000004 21.21816 0 22.42153 33.74292 31.32289 51.9198 53.728750000000005 52.51075 32.35168 38.14314 47.61211 54.06 57.90263 49.76957 53.46115 47.52592 49.68166 45.64253 50.85485 48.146860000000004 52.783 45.54224 50.47458 53.63937 59.46627 54.93527 44.98992 24.4385 49.35064 30.30992 24.952 43.448350000000005 
44.78733 45.65565 44.73753 52.87845 57.117509999999996 56.38915 60.050399999999996 54.75656 48.21546 55.10589 50.831019999999995 53.359049999999996 53.987840000000006 45.9221 25.60252 48.967749999999995 43.63969 22.42153 0 22.14067 42.43243 53.247910000000005 53.80648 58.15872 52.046279999999996 50.05001 36.15241 51.55095 54.95326 30.01097 34.27842 31.45054 52.76726 28.5811 37.03893 33.73843 55.79478 33.9901 61.56301 55.501099999999994 58.52629 32.51374 22.56839 44.70246 35.16485 45.16829 47.37353 26.20272 
44.18647 23.51498 45.492990000000006 50.54074 47.039640000000006 51.771609999999995 50.64694 48.87795 27.14486 48.10267 43.14237 44.88984 46.25823 43.865219999999994 47.74319 44.1107 24.47337 33.74292 22.14067 0 20.29176 40.888670000000005 32.68878 49.84585 44.58231 43.98292 47.127970000000005 48.35879 55.25914 49.1964 42.43002 45.5523 47.44581 44.026740000000004 46.656009999999995 44.81072 41.74169 45.42477 48.695989999999995 46.86793 48.411069999999995 44.345079999999996 23.16667 44.25618 48.59582 23.02762 49.67592 41.34992 
42.79639 43.806740000000005 49.722049999999996 45.22231 32.27059 35.28181 38.7446 57.34505 47.436620000000005 42.96573 22.85061 44.16281 41.567859999999996 44.758579999999995 41.189679999999996 36.60496 44.76513 31.32289 42.43243 20.29176 0 20.59691 25.25031 47.89179 44.454499999999996 23.69116 26.83621 50.428529999999995 56.05546 49.96378 22.13826 44.974109999999996 47.78116 34.40536 48.30568 48.47734 48.11407 48.21119 42.86734 42.40042 51.59706 38.29549 43.45843 23.96442 48.87656 43.319379999999995 41.786159999999995 44.592439999999996 
34.83152 37.64375 51.74211 57.50088 51.19386 30.39741 45.50199 56.871120000000005 46.896559999999994 25.93875 43.44752 47.8756 49.86775 34.26974 43.333619999999996 47.026830000000004 62.240899999999996 51.9198 53.247910000000005 40.888670000000005 20.59691 0 27.30797 49.94945 46.59844 44.288070000000005 33.1433 57.56958 58.421440000000004 51.98384 31.02691 53.21037 53.11291 46.94287 54.03138 47.72685 50.25217 28.44749 45.01128 30.09932 58.58622 50.2322 30.82474 44.56133 54.10638 31.02079 48.34621 47.96104 
44.053309999999996 48.972350000000006 45.41952 32.71591 50.373540000000006 30.55427 51.743480000000005 49.26916 49.98599 44.52776 23.99049 44.75668 30.81175 45.89846 29.58878 52.95401 37.44362 53.728750000000005 53.80648 32.68878 25.25031 27.30797 0 22.64148 42.80055 45.39305 52.08652 48.225629999999995 55.721140000000005 56.328630000000004 37.16512 32.97538 31.82674 53.15943 50.70955 52.48902 48.61618 55.75546 48.29782 22.90405 43.79531 44.21192 53.0158 38.08843 26.79841 23.41883 52.273179999999996 48.618790000000004 
47.01757 26.33087 48.30888 53.01673 49.43382 53.195750000000004 32.92962 38.2635 47.336290000000005 49.93213 46.63197 48.752520000000004 29.71304 51.39304 52.23026 58.00241 45.85124 52.51075 58.15872 49.84585 47.89179 49.94945 22.64148 0 20.15907 32.70593 35.02064 55.18888 37.41291 62.355199999999996 51.421589999999995 44.765280000000004 23.44856 54.89817000000001 28.06807 58.42085 52.46574 56.945660000000004 27.97332 44.384479999999996 21.15383 58.58525 35.59033 54.012330000000006 49.439890000000005 46.06031 53.66283 57.89928 
32.98161 28.46751 49.59389 50.30542 29.27475 52.39868 49.158339999999995 54.52719 50.730869999999996 29.77306 50.58091 47.7605 49.87211 35.19038 44.07864 44.667919999999995 53.06466 32.35168 52.046279999999996 44.58231 44.454499999999996 46.59844 42.80055 20.15907 0 24.87316 34.14182 57.74765 57.571979999999996 54.0711 50.600530000000006 30.31948 43.60763 35.25665 38.43916 54.915319999999994 32.30667 49.39319 45.756299999999996 51.396770000000004 41.3129 44.839330000000004 31.42075 38.12345 54.43433 50.216 48.13001 53.29125 
45.2421 44.07525 36.78801 42.56429 41.21327 54.80368 34.36844 50.53115 42.24892 54.64622 42.994429999999994 47.61106 44.001419999999996 21.08646 41.40604 46.358360000000005 46.61661 38.14314 50.05001 43.98292 23.69116 44.288070000000005 45.39305 32.70593 24.87316 0 20.43074 46.05916 36.07427 57.37128 45.82942 51.516310000000004 49.306039999999996 22.19224 44.411429999999996 41.89566 41.81415 24.52003 49.36793 51.8878 46.84013 51.326260000000005 43.440470000000005 21.3064 45.398830000000004 42.121570000000006 47.72361 42.04451 
36.42485 46.30815 24.33014 45.76432 48.13347 51.4617 47.71758 43.57506 21.81818 42.77599 49.68682 52.305009999999996 45.38595 41.5172 50.0325 36.28506 50.07590999999999 47.61211 36.15241 47.127970000000005 26.83621 33.1433 52.08652 35.02064 34.14182 20.43074 0 25.62842 31.19871 36.94054 48.97447 52.1131 45.70591 42.62298 54.86786 46.601259999999996 48.73435 44.95077 48.13236 47.06825 48.03187 48.08022 48.20289 35.31967 43.16655 41.66934 43.1578 44.25062 
36.55031 50.528909999999996 45.12032000000001 24.93148 46.16144 56.35165 52.78682 54.80594000000001 47.446600000000004 50.81428 38.98945 43.94879 32.54802 47.08086 55.04978 51.03636 55.28282 54.06 51.55095 48.35879 50.428529999999995 57.56958 48.225629999999995 55.18888 57.74765 46.05916 25.62842 0 22.84249 47.78478 51.631190000000004 51.36819 55.32196 30.85845 46.56501 52.842169999999996 54.82311 46.13621 27.21556 29.19057 47.2087 45.117549999999994 28.98256 35.34686 43.49487 53.27045 53.502250000000004 38.56952 
44.47068 51.94685 33.81042 23.00523 44.23519 56.67013 36.30333 31.96345 48.91793 45.36653 33.20485 21.1063 42.01433 55.11282 57.005 58.79071 37.57861 57.90263 54.95326 55.25914 56.05546 58.421440000000004 55.721140000000005 37.41291 57.571979999999996 36.07427 31.19871 22.84249 0 24.94229 53.346959999999996 37.01004 47.28757 46.52512 34.39069 49.76726 59.1368 48.16193 48.048640000000006 50.75599 58.566739999999996 59.197869999999995 50.5543 35.77242 52.80426 52.86804 44.57126 32.54202 
47.672470000000004 56.948679999999996 34.97067 29.54294 38.40487 33.05018 46.13467 24.74559 23.97564 44.93344999999999 58.14714 46.048590000000004 52.72377 58.59592 55.61349 52.92214 57.41514 49.76957 30.01097 49.1964 49.96378 51.98384 56.328630000000004 62.355199999999996 54.0711 57.37128 36.94054 47.78478 24.94229 0 28.40467 48.9533 47.86337 51.36444 45.90025 52.75671 56.472390000000004 38.06942 47.94023 48.68477 64.48152999999999 53.01854 52.57936 50.800830000000005 29.53022 50.5428 67.13759 51.49898 
47.458870000000005 53.42911 45.40687 51.32222 47.83076 29.99527 50.90216 47.04356 31.07985 20.82747 41.63532 48.16224 52.40771 49.58079 50.84154 45.48641 50.35302 53.46115 34.27842 42.43002 22.13826 31.02691 37.16512 51.421589999999995 50.600530000000006 45.82942 48.97447 51.631190000000004 53.346959999999996 28.40467 0 22.83585 44.15257 53.74789 43.16231 34.52585 48.230760000000004 55.36226 33.15286 42.45118 51.68347 24.61387 45.22148 46.10268 47.30234 47.366119999999995 45.40977 48.662000000000006 
26.55096 30.59326 38.26302 33.3973 43.72716 38.77675 45.59679 24.20771 45.20445 43.36138 37.5176 42.83694 46.39486 59.42557 46.015789999999996 22.65056 33.39442 47.52592 31.45054 45.5523 44.974109999999996 53.21037 32.97538 44.765280000000004 30.31948 51.516310000000004 52.1131 51.36819 37.01004 48.9533 22.83585 0 21.31672 46.81668 45.04311 47.2256 45.90951 32.52641 48.86061 49.230760000000004 56.1768 22.29262 22.38563 44.5197 50.4735 24.80033 22.57392 47.63351 
44.61753 23.93083 45.90884 45.51058999999999 47.45549 43.652820000000006 31.60664 45.524429999999995 23.88773 44.84554 26.86769 26.18127 47.0893 48.77566 57.96472 43.96728 48.52798 49.68166 52.76726 47.44581 47.78116 53.11291 31.82674 23.44856 43.60763 49.306039999999996 45.70591 55.32196 47.28757 47.86337 44.15257 21.31672 0 32.6226 38.34608 50.68588 51.0865 51.29993 51.42188 53.8311 36.39038 38.32231 43.702349999999996 54.14238 56.94960999999999 46.11705 43.890640000000005 51.316860000000005 
44.197050000000004 49.021519999999995 50.16534 51.5957 47.711569999999995 46.27604 31.4693 52.85838 52.00425 60.60457 43.62636 25.41882 41.43427 21.71839 42.03797 24.16612 24.42437 45.64253 28.5811 44.026740000000004 34.40536 46.94287 53.15943 54.89817000000001 35.25665 22.19224 42.62298 30.85845 46.52512 51.36444 53.74789 46.81668 32.6226 0 27.0077 44.51584 47.98048 45.12989 53.68079 50.93065 54.58079 29.13402 51.14949 43.49864 29.6946 51.00591 41.65257 51.954930000000004 
43.35006 54.398939999999996 46.28648 45.06627 32.76065 55.88458 56.59128 37.50372 59.2606 44.245909999999995 45.23294 35.986 46.23993 23.32497 24.69808 48.06331 51.432069999999996 50.85485 37.03893 46.656009999999995 48.30568 54.03138 50.70955 28.06807 38.43916 44.411429999999996 54.86786 46.56501 34.39069 45.90025 43.16231 45.04311 38.34608 27.0077 0 30.35278 58.57903 47.041309999999996 45.39984 46.14438 49.2219 54.471199999999996 44.62925 60.368520000000004 35.45638 54.474959999999996 52.585210000000004 48.95859 
48.2868 45.40823 24.48858 27.91069 44.076170000000005 51.78988 27.95946 28.01112 49.768 31.49191 28.49853 33.59808 48.60916 49.89529 55.05086 44.5998 37.38737 48.146860000000004 33.73843 44.81072 48.47734 47.72685 52.48902 58.42085 54.915319999999994 41.89566 46.601259999999996 52.842169999999996 49.76726 52.75671 34.52585 47.2256 50.68588 44.51584 30.35278 0 28.22625 45.91387 36.2798 47.59709 56.159189999999995 45.04767 44.43408 37.10599 54.5012 52.661410000000004 43.432900000000004 47.37999 
32.7742 33.07445 49.79176 56.136939999999996 42.60162 48.08072 22.83347 38.8118 51.76451 57.27627 36.46842 48.70526 46.92514 44.532129999999995 49.47525 52.776939999999996 31.56484 52.783 55.79478 41.74169 48.11407 50.25217 48.61618 52.46574 32.30667 41.81415 48.73435 54.82311 59.1368 56.472390000000004 48.230760000000004 45.90951 51.0865 47.98048 58.57903 28.22625 0 21.80468 48.40473 55.63978 48.228480000000005 23.61689 50.6974 45.369209999999995 50.402680000000004 25.19735 49.529889999999995 42.01683 
23.17644 43.86314 49.665279999999996 44.35737 23.12741 46.25134 44.638149999999996 56.73412 52.499629999999996 45.35958 53.28025 44.83514 46.00045 45.606489999999994 49.296369999999996 35.93224 38.12324 45.54224 33.9901 45.42477 48.21119 28.44749 55.75546 56.945660000000004 49.39319 24.52003 44.95077 46.13621 48.16193 38.06942 55.36226 32.52641 51.29993 45.12989 47.041309999999996 45.91387 21.80468 0 28.97234 54.36611 56.77324 45.42157 41.547160000000005 45.82643 55.84698 47.002030000000005 48.398070000000004 44.25899 
52.14878 52.8805 36.52618 25.04341 46.27337 50.81851 25.57126 46.96034 49.209270000000004 47.01748 29.17167 47.03346 56.08143 51.07964 42.491479999999996 50.46852 29.25642 50.47458 61.56301 48.695989999999995 42.86734 45.01128 48.29782 27.97332 45.756299999999996 49.36793 48.13236 27.21556 48.048640000000006 47.94023 33.15286 48.86061 51.42188 53.68079 45.39984 36.2798 48.40473 28.97234 0 25.39377 49.12715 53.376090000000005 38.99462 33.58979 47.33965 33.80618 26.28669 50.99857 
43.46808 45.53642 44.834289999999996 27.75076 48.98072 29.39826 35.46588 56.85496 42.58152 21.62371 38.23636 32.28731 52.28998 43.586929999999995 29.89858 53.26381 44.855779999999996 53.63937 55.501099999999994 46.86793 42.40042 30.09932 22.90405 44.384479999999996 51.396770000000004 51.8878 47.06825 29.19057 50.75599 48.68477 42.45118 49.230760000000004 53.8311 50.93065 46.14438 47.59709 55.63978 54.36611 25.39377 0 30.4695 43.626689999999996 45.70684 38.94499 46.23676 46.32288 49.316230000000004 43.05378 
45.011219999999994 47.484700000000004 38.56458 37.91962 47.6276 36.71069 50.699 56.94548 48.88216 49.91911 61.37375 45.71459 50.86687 47.13314 57.00249 55.45917 44.42042 59.46627 58.52629 48.411069999999995 51.59706 58.58622 43.79531 21.15383 41.3129 46.84013 48.03187 47.2087 58.566739999999996 64.48152999999999 51.68347 56.1768 36.39038 54.58079 49.2219 56.159189999999995 48.228480000000005 56.77324 49.12715 30.4695 0 38.29007 56.74416 54.41978 56.279920000000004 48.5359 50.626810000000006 36.74545 
40.945229999999995 47.789379999999994 26.17487 36.19264 47.73802 53.476169999999996 46.45036 46.50033 48.93051 45.44134 28.65238 41.6486 62.55663 43.06715 56.88764 44.94318 42.37223 54.93527 32.51374 44.345079999999996 38.29549 50.2322 44.21192 58.58525 44.839330000000004 51.326260000000005 48.08022 45.117549999999994 59.197869999999995 53.01854 24.61387 22.29262 38.32231 29.13402 54.471199999999996 45.04767 23.61689 45.42157 53.376090000000005 43.626689999999996 38.29007 0 27.47274 47.67687 28.18088 47.09295 33.48762 53.280680000000004 
48.936589999999995 43.6666 53.64761 43.39196 37.48328 46.73259 44.66981 46.59334 49.2798 56.60354 52.10286 30.79066 51.69869 52.22922 36.09067 45.03619 43.062129999999996 44.98992 22.56839 23.16667 43.45843 30.82474 53.0158 35.59033 31.42075 43.440470000000005 48.20289 28.98256 50.5543 52.57936 45.22148 22.38563 43.702349999999996 51.14949 44.62925 44.43408 50.6974 41.547160000000005 38.99462 45.70684 56.74416 27.47274 0 22.13407 44.80474 29.59697 43.52002 43.63275 
46.8043 60.84265 42.69207 21.25789 42.487849999999995 35.42569 22.53574 43.92482 33.88913 54.846940000000004 46.81503 52.92473 55.55346 42.39286 48.001760000000004 31.01539 45.65666 24.4385 44.70246 44.25618 23.96442 44.56133 38.08843 54.012330000000006 38.12345 21.3064 35.31967 35.34686 35.77242 50.800830000000005 46.10268 44.5197 54.14238 43.49864 60.368520000000004 37.10599 45.369209999999995 45.82643 33.58979 38.94499 54.41978 47.67687 22.13407 0 24.91214 51.73104 49.3905 43.91118 
55.003919999999994 35.93051 47.12558 46.17003 59.455169999999995 51.32097 27.56921 26.49008 48.24696 46.43433 50.7889 42.42456 57.5305 51.41299 56.387190000000004 53.86072 38.28445 49.35064 35.16485 48.59582 48.87656 54.10638 26.79841 49.439890000000005 54.43433 45.398830000000004 43.16655 43.49487 52.80426 29.53022 47.30234 50.4735 56.94960999999999 29.6946 35.45638 54.5012 50.402680000000004 55.84698 47.33965 46.23676 56.279920000000004 28.18088 44.80474 24.91214 0 41.52861 61.668499999999995 34.90139 
42.485150000000004 42.377520000000004 49.92232 48.334540000000004 42.909040000000005 28.74399 45.98044 25.85033 26.56716 44.93712 26.25303 46.71067 50.28902 48.161 44.92863 47.45089 47.50099 30.30992 45.16829 23.02762 43.319379999999995 31.02079 23.41883 46.06031 50.216 42.121570000000006 41.66934 53.27045 52.86804 50.5428 47.366119999999995 24.80033 46.11705 51.00591 54.474959999999996 52.661410000000004 25.19735 47.002030000000005 33.80618 46.32288 48.5359 47.09295 29.59697 51.73104 41.52861 0 47.37425 42.61268 
47.317800000000005 36.33407 48.62674 51.3301 51.0287 58.46044 36.93488 46.78163 44.00809 49.09054 28.28269 23.46496 42.98368 50.190659999999994 52.126450000000006 45.22448 46.17016 24.952 47.37353 49.67592 41.786159999999995 48.34621 52.273179999999996 53.66283 48.13001 47.72361 43.1578 53.502250000000004 44.57126 67.13759 45.40977 22.57392 43.890640000000005 41.65257 52.585210000000004 43.432900000000004 49.529889999999995 48.398070000000004 26.28669 49.316230000000004 50.626810000000006 33.48762 43.52002 49.3905 61.668499999999995 47.37425 0 52.91099 
21.08255 41.76925 50.024820000000005 43.67606 42.83198 46.52832 42.78675 48.02526 54.838930000000005 33.88112 24.6283 29.63203 46.53337 44.14036 49.336380000000005 46.57996 42.85786 43.448350000000005 26.20272 41.34992 44.592439999999996 47.96104 48.618790000000004 57.89928 53.29125 42.04451 44.25062 38.56952 32.54202 51.49898 48.662000000000006 47.63351 51.316860000000005 51.954930000000004 48.95859 47.37999 42.01683 44.25899 50.99857 43.05378 36.74545 53.280680000000004 43.63275 43.91118 34.90139 42.61268 52.91099 0 
