99
L62 L183 L49 L150 L172 L24 L121 L145 L103 L13 L117 L54 L119 L69 L135 L163 L166 L191 L86 L61 L23 L34 L44 L159 L27 L171 L151 L92 L114 L157 L50 L102 L113 L190 L158 L108 L168 L101 L67 L149 L176 L124 L11 L12 L84 L25 L70 L4 L98 L83 L177 L52 L173 L97 L130 L174 L37 L90 L81 L189 L194 L188 L79 L186 L122 L193 L85 L32 L5 L93 L192 L167 L198 L43 L21 L115 L63 L35 L68 L143 L164 L132 L133 L169 L76 L99 L89 L14 L74 L0 L45 L22 L75 L116 L60 L107 L126 L106 Soda
0 21.16673 41.38196 48.05775 50.82427 46.452439999999996 43.80077 43.85047 45.08766 45.2528 44.3384 50.435990000000004 43.84052 44.06675 37.33544 42.61197 44.564350000000005 28.61689 35.17129 35.18039 43.62478 43.96877 24.29815 44.71241 36.2056 46.65562 50.576480000000004 37.46889 23.88672 42.01485 51.47601 56.26314000000001 44.305409999999995 48.261269999999996 43.78393 25.34027 26.62355 45.20803 46.71586 37.0507 36.09428 52.11124 46.18479 46.11547 44.35597 35.93787 46.55373 45.60687 45.23924 49.71273 28.92259 46.50967 50.197140000000005 38.06993 38.39699 47.5989 45.79945 43.73166 43.20415 28.86829 47.58606 44.61309 51.82025 46.54195 48.485209999999995 43.43246 27.41533 43.7893 45.67743 50.05393 41.53845 24.67595 33.29362 35.61962 46.093379999999996 35.80151 43.69724 36.40154 43.61234 51.39132 47.33103 46.58682 48.04522 41.61891 23.09137 46.82435 46.4801 43.249750000000006 44.3921 50.18427 42.93201 21.48844 42.37402 36.82358 22.71389 46.92242 22.03361 29.41105 21.331 
21.16673 0 20.21523 42.46132 51.3016 48.032759999999996 41.85908 44.19401 38.87238 43.318 50.41293 46.57129 48.03242 42.76055 41.74857 28.32241 23.72305 44.91921 42.60786 42.46022 22.45805 42.893429999999995 44.627390000000005 46.67372 41.06557 25.48889 29.40975 37.00759 42.4168 20.84812 41.150220000000004 44.40084 44.01378 41.01529 43.44014 45.52214 40.881820000000005 44.53548 54.29028 42.62868 22.04512 44.1112 26.54999 41.8926 35.58789 36.10623 36.49387 41.39063 45.03142 46.73143 43.218720000000005 45.55754 47.36334 42.24669 50.206869999999995 45.454769999999996 45.728790000000004 38.08897 42.7613 31.48469 47.399879999999996 42.84153 31.84732 45.72983 42.37366 45.92313 42.00461 22.62257 42.86654 45.27586 44.18029 44.88638 24.99155 46.35607 25.43226 43.790949999999995 22.53051 25.48927 48.29435 46.76531 46.25281 25.42009 40.95529 20.45218 29.01766 41.93485 47.83385 42.36714 47.786699999999996 37.08679 25.64056 42.65517 27.13455 44.55962 27.92755 42.57301 43.20034 47.14102 42.497730000000004 
41.38196 20.21523 0 22.24609 42.28734 46.309740000000005 45.88798 48.32902 44.41234 44.95631 48.59042 28.13351 44.78015 31.78107 33.77463 43.85883 43.93828 48.35536 42.10132 50.656639999999996 42.67328 50.6399 46.79063 44.82728 44.13484 33.16599 45.67111 49.38468 41.633250000000004 41.06335 44.97504 24.18561 47.02214 42.60794 40.93791 44.65562 45.89261 44.84086 47.71656 25.97368 42.26035 48.68151 37.13948 44.5711 43.61761 37.37614 45.09205 24.76532 42.2384 49.97355 46.42706 26.06128 29.4884 40.98926 42.75395 51.15533 29.80422 44.73236 50.16269 41.512 48.911519999999996 49.09164 45.861760000000004 25.5146 36.03938 52.836079999999995 52.35118 42.8378 46.978049999999996 43.1297 42.022909999999996 48.25251 41.49939 41.33014 45.64749 43.76505 41.5202 43.97307 30.21446 50.95822 40.18079 45.63531999999999 33.20106 40.66741 47.59064 23.85766 30.87043 49.57052 31.10455 42.43928 23.77684 37.35211 46.5305 42.75748 40.65576 40.27575 40.18343 38.37897 22.3317 
48.05775 42.46132 22.24609 0 20.04125 43.418440000000004 51.35797 51.11184 44.146770000000004 22.71022 43.24835 42.37492 44.67169 52.585539999999995 48.71436 47.692840000000004 47.522310000000004 47.15809 28.46976 50.796189999999996 48.25668 46.922979999999995 33.51066 44.81752 44.98058 28.92464 31.40726 44.65941 33.77883 40.5711 44.98154 45.35341 52.81224 51.23523 44.20978 49.939409999999995 45.77993 47.558949999999996 26.9498 44.908280000000005 43.485910000000004 56.99346 47.20728 42.63538 48.216210000000004 28.14655 40.43565 20.10892 42.317800000000005 51.337990000000005 49.569990000000004 47.76898 46.048469999999995 34.47848 20.50786 40.77113 28.11612 48.22852 47.9615 47.568920000000006 43.31176 45.18918 44.27608 44.518190000000004 31.05964 44.73558 51.49494 38.88391 52.66587 51.785430000000005 35.19606 45.70151 28.17688 43.76852 26.29485 46.64501 37.23125 21.72698 44.9667 54.23969 45.60078 44.26703 44.9951 34.07142 49.296859999999995 44.55857 43.438 46.77575 41.5824 20.19319 38.57013 26.56931 43.64359 51.555989999999994 45.24913 42.78903 43.994020000000006 44.504850000000005 44.57779 
50.82427 51.3016 42.28734 20.04125 0 23.37719 44.102019999999996 46.14358 25.806 42.75147 44.681020000000004 45.05685 24.63044 44.663669999999996 41.28233 45.11408 47.00036 47.52648 48.51101 42.3899 49.89445 37.60661 37.49251 50.199160000000006 42.366249999999994 48.96589 47.942409999999995 49.21595 50.28879 30.45348 24.94029 45.98897 44.98153000000001 45.33399 24.16853 44.816810000000004 45.07188 41.9696 46.99105 47.0938 30.58869 47.64385 48.38935 24.32759 44.80176 44.48531 44.28879 40.15017 59.18391 48.949380000000005 47.54674 42.17963 48.3425 48.13362 40.54911 53.588350000000005 48.15737 45.09354 49.06546 35.8944 45.86282 52.56412 44.8241 24.47694 45.122749999999996 28.51415 47.45415 51.155919999999995 49.08683 32.17304 31.97826 48.71525 48.21813 45.26088 43.97576 45.271209999999996 50.44696999999999 41.76823 51.07167 43.16586 48.83193 49.50484 55.892610000000005 47.55319 52.20469 45.04103 42.00478 49.61911 51.17695 40.234440000000006 37.15755 29.33583 49.41581 41.33829 41.006 56.259789999999995 45.91885 52.51528 47.81438 
46.452439999999996 48.032759999999996 46.309740000000005 43.418440000000004 23.37719 0 20.72483 40.754940000000005 44.30397 48.47416 40.54358 44.66887 48.00763 28.7035 49.355729999999994 44.6271 48.26656 43.84468 45.94278 40.477509999999995 28.76552 49.169 48.586870000000005 50.62318 40.403369999999995 28.12292 46.826679999999996 44.00378 38.94513 47.15052 45.12182 51.663529999999994 47.175070000000005 40.70735 31.60532 48.61874 49.21965 47.39536 41.02119 46.68828 46.234089999999995 43.962050000000005 42.210620000000006 47.70478 47.056020000000004 45.4041 47.957080000000005 44.68542 48.813230000000004 48.63559 53.18766 41.12943 26.91832 35.31561 51.57494 49.10868 40.776889999999995 49.93894 44.713930000000005 51.11437 54.804249999999996 48.0111 41.1423 20.79514 25.96463 47.43288 48.87339 27.77873 48.0227 47.41659 40.9419 38.95748 28.41373 21.88369 42.807500000000005 50.13957 48.0138 28.77348 30.13525 45.535489999999996 49.38879 47.7715 49.482699999999994 50.59458 56.77897 52.043859999999995 30.56331 45.70206 33.54241 48.132729999999995 46.63673 30.55761 51.44319 43.34089 46.06082 43.085390000000004 43.5285 33.91788 49.6899 
43.80077 41.85908 45.88798 51.35797 44.102019999999996 20.72483 0 20.03011 40.46387 44.16243 46.921679999999995 53.74725 46.289559999999994 40.78178 46.66068 49.443709999999996 42.23909 42.88524 44.30384 24.55871 43.0248 44.98322 47.75114000000001 37.43251 24.72798 34.28715 43.180279999999996 23.27895 43.67371 44.94543 48.18526 33.10823 44.20033 32.37389 20.96824 41.61652 28.49482 44.71378 48.862880000000004 42.82602 47.76271 42.2809 21.48579 45.54755 31.66364 24.67927 41.21625 31.88569 41.95427 46.33403 40.62559 20.4046 20.82418 40.93379 30.85011 42.579750000000004 48.332499999999996 46.18866 43.10373 46.31452 43.760549999999995 46.020030000000006 46.94301 41.51997 34.93967 47.41842 45.78944 45.66175 45.254310000000004 57.26599 45.08282 27.209 47.21825 42.60852 41.8125 29.41474 45.817679999999996 47.808229999999995 35.11564 33.97985 37.78634 46.06676 42.12861 43.77194 49.49511 45.005160000000004 51.28814 48.03075 41.10713 47.74517 36.91973 45.42583 45.38632 42.97868 46.74328 43.05496 42.71856 53.084649999999996 52.1243 
43.85047 44.19401 48.32902 51.11184 46.14358 40.754940000000005 20.03011 0 20.43376 34.86311 46.37844 43.62339 46.70007 33.15571 49.557559999999995 34.85648 46.372780000000006 29.95256 47.64358 42.99686 22.99469 29.37234 32.41071 46.55703 44.758089999999996 45.94818 46.91387 43.30906 46.42372 52.63952999999999 47.19879 47.772149999999996 45.9945 47.256240000000005 40.99835 48.61847 48.52493 44.524 28.83277 37.96536 49.88889 49.19356 41.5159 29.56589 48.915580000000006 44.709379999999996 48.72392 51.915800000000004 54.911339999999996 43.57714 52.12101 40.434709999999995 40.85429 51.70152 31.37481 22.54964 43.90075 44.07438 23.07362 43.07501 48.25641 44.40681 47.53501 44.65523 43.8844 43.66696 43.885130000000004 25.63164 45.87561 43.96495 43.43522 45.423019999999994 45.80333 49.1785 48.86282 46.60022 48.3346 44.98757 28.08866 48.83242 44.475139999999996 48.05037 22.0985 23.74183 48.51296 47.400729999999996 51.613240000000005 47.221509999999995 44.4324 48.35284 32.67039 28.59231 49.47789 48.14203 46.782740000000004 28.84074 45.61935 44.6237 33.90923 
45.08766 38.87238 44.41234 44.146770000000004 25.806 44.30397 40.46387 20.43376 0 21.43655 29.59405 24.31578 36.98064 52.87743 44.63253 23.5059 43.76275 33.479 47.986509999999996 47.380480000000006 43.42845 46.77926 45.446039999999996 44.29014 45.59273 25.51442 37.18341 49.72467 33.56674 52.720020000000005 37.19054 48.27316 48.11867 47.825010000000006 45.8527 30.89127 49.437650000000005 48.94166 41.60564 44.36397 47.2478 46.559380000000004 25.76427 44.29239 48.60698 46.1693 49.42993 37.92972 44.0073 23.14338 44.085300000000004 27.59829 44.7748 33.88122 30.05537 42.9834 42.44573 47.72661 43.50738 50.11714 48.002480000000006 45.33811 45.85414 50.282939999999996 49.55394 51.6969 43.24291 42.13198 45.4379 45.16042 38.75408 46.907920000000004 49.67527 45.37006 31.83905 47.80497 51.365660000000005 48.400090000000006 48.52242 46.86457 24.04138 27.61661 42.53226 44.17559 54.522800000000004 50.419700000000006 47.85938 55.40411 46.48161 47.22298 30.23291 44.62943 45.464349999999996 50.44925 30.50912 44.40532 49.236959999999996 42.441320000000005 48.407039999999995 
45.2528 43.318 44.95631 22.71022 42.75147 48.47416 44.16243 34.86311 21.43655 0 20.53813 40.99504 43.66554 44.75849 46.86009 44.94245 48.098079999999996 30.18381 50.88401 44.41543 30.64506 43.45201 31.76134 43.13932 47.93587 46.95097 34.46131 45.02236 31.45958 47.32132 41.4253 32.34133 46.96785 49.58515 49.414559999999994 28.76628 43.377849999999995 44.16094 49.187439999999995 42.75405 45.89584 48.79575 29.30283 45.17071 27.17043 48.49144 42.97098 22.64425 32.83997 44.579930000000004 46.41854 45.250060000000005 23.33825 43.363299999999995 38.64958 48.489779999999996 41.86551 33.66689 51.92863 43.64562 36.09038 23.90156 44.280190000000005 45.171260000000004 41.90002 46.680040000000005 29.3558 20.69543 40.939400000000006 45.54254 23.98865 45.83406 45.63709 28.38426 43.92661 42.72171 45.305859999999996 44.437200000000004 43.22533 48.54652 22.89056 21.55681 50.93947 48.691190000000006 51.12215 44.70326 43.18593 47.61735 29.70684 36.32142 44.662760000000006 40.30641 48.51244 45.49192 22.53891 41.34692 35.56313 44.52567 28.13414 
44.3384 50.41293 48.59042 43.24835 44.681020000000004 40.54358 46.921679999999995 46.37844 29.59405 20.53813 0 20.45691 32.30807 44.118399999999994 42.40178 43.757999999999996 44.1849 47.209540000000004 62.36571000000001 40.64735 48.64389 28.20851 26.4776 44.37294 40.57321 44.992760000000004 43.586560000000006 44.69934 51.70342 49.33868 43.34698 36.32789 29.61034 35.38524 44.05511 24.0997 44.50796 45.66063 45.42827 44.66094 46.40393 47.480459999999994 49.00598 47.38042 34.71355 50.29631 46.696079999999995 43.182379999999995 21.93355 42.797470000000004 49.170429999999996 45.521469999999994 42.93478 22.82517 43.15188 47.61662 49.99177 43.79249 45.34888 51.74843 44.561769999999996 33.57403 50.11466 46.81313 43.592 48.74901 44.26429 41.23356 50.14142 47.44318 44.52678 50.533770000000004 43.31635 21.32817 42.25198 47.87094999999999 49.14592 38.74074 42.418009999999995 47.88595 43.42869 41.608109999999996 49.65254 51.964969999999994 50.262190000000004 46.161159999999995 22.6478 44.55209 42.27784 47.747969999999995 45.87433 36.19099 33.28702 43.40078 43.07704 47.13642 22.30479 31.63722 35.96056 
50.435990000000004 46.57129 28.13351 42.37492 45.05685 44.66887 53.74725 43.62339 24.31578 40.99504 20.45691 0 20.42641 40.45964 48.11445 34.85564 23.72799 43.870850000000004 48.296710000000004 29.18854 29.77136 48.66542 46.93451 47.125569999999996 44.410430000000005 24.56702 23.12965 43.48568 49.84173 44.979169999999996 24.67707 45.725750000000005 38.65374 45.00248 46.55982 44.55661 34.55156 40.73898 45.37236 24.20403 36.37998 44.86177 48.31039 51.057140000000004 44.402069999999995 42.036699999999996 49.871629999999996 48.98055 42.390460000000004 24.48919 44.87034 45.562479999999994 41.289370000000005 21.17976 41.50647 44.731300000000005 41.459900000000005 27.21813 24.89197 37.69864 43.80806 47.93424 45.482479999999995 36.06404 27.35015 45.48531 46.21873 46.238789999999995 45.50068 26.98627 28.73266 44.51122 48.918009999999995 41.78508 23.00761 44.45355 44.90025 41.645430000000005 28.50042 49.24418 27.23395 21.1512 47.909710000000004 47.20109 46.00962 45.79445 43.10471 46.16115 29.82515 47.14777 45.27457 47.66309 45.10846 48.12826 27.7221 49.123850000000004 42.761700000000005 35.02294 43.392219999999995 
43.84052 48.03242 44.78015 44.67169 24.63044 48.00763 46.289559999999994 46.70007 36.98064 43.66554 32.30807 20.42641 0 20.03323 40.68546 44.56622 24.30937 41.79374 51.772769999999994 49.61495 46.51314 46.0283 46.548190000000005 43.05012 23.98402 44.06233 43.55606 46.96064 44.95631 37.92555 43.79545 52.99878 46.00627 56.438719999999996 47.1412 41.8735 40.88947 20.31257 32.4919 42.183170000000004 45.324960000000004 46.31755 43.80121 47.599149999999995 42.9313 21.61029 42.221000000000004 42.640060000000005 37.15613 32.16052 47.678709999999995 45.18243 48.609880000000004 36.43341 53.30064 50.39546 42.08581 21.97341 42.97417 43.074740000000006 42.777640000000005 48.50387 45.56428 33.12342 47.050110000000004 50.183229999999995 50.00694 43.77808 25.07427 45.312349999999995 23.75846 24.08481 45.06621 51.459289999999996 43.434020000000004 35.40589 46.98962 43.82582 43.30794 43.36874 44.68706 38.49058 48.469800000000006 46.78426 35.11657 44.2612 54.26097 46.74253 50.25156 49.59313 44.09188 48.8483 54.481489999999994 48.70964 21.12663 44.78202 29.81448 43.42632 27.66713 
44.06675 42.76055 31.78107 52.585539999999995 44.663669999999996 28.7035 40.78178 33.15571 52.87743 44.75849 44.118399999999994 40.45964 20.03323 0 20.65223 41.778859999999995 44.342600000000004 37.43285 47.449510000000004 41.7965 46.34409 25.99507 41.44726 49.01773 44.017250000000004 49.86591 50.873509999999996 41.578230000000005 25.77255 45.2947 24.9926 45.32106 31.85443 44.05729 51.89281 41.36122 20.95296 40.3458 42.41679 48.63473 38.00401 32.4223 28.894 41.69725 46.80145 41.643519999999995 41.10089000000001 46.33167 42.22025 50.17182 40.89157 36.3472 50.725570000000005 42.83791 53.45638 55.601079999999996 50.95649 35.9699 49.11777 45.43446 41.91547 42.52816 52.01584 49.498639999999995 43.63573 46.35234 41.69124 44.25584 24.01187 45.53211 43.79169 44.11804 47.09841 48.23073 46.23774 48.60239 47.89562 44.935900000000004 48.627979999999994 53.27715 45.67613 42.774 45.79294 55.985780000000005 45.67232 45.382509999999996 56.0697 48.6986 41.37311 53.224940000000004 50.543440000000004 48.347750000000005 45.6523 42.30172 41.159859999999995 56.743359999999996 41.91175 46.55592 43.58019 
37.33544 41.74857 33.77463 48.71436 41.28233 49.355729999999994 46.66068 49.557559999999995 44.63253 46.86009 42.40178 48.11445 40.68546 20.65223 0 21.12663 41.38348 43.217969999999994 26.79728 42.011570000000006 43.31537 46.6473 43.69892 47.00456 47.63053 46.00635 36.05072 43.275760000000005 46.42478 27.41308 45.64483 51.91221 46.923730000000006 48.452830000000006 51.83864 43.88335 41.35307 22.32242 21.76456 44.06483 44.63365 46.022679999999994 47.70625 41.91312 50.13444 45.63881 25.0281 45.35483 42.95108 45.00075 43.64547 49.836420000000004 46.06686 42.71794 50.83172 45.926019999999994 41.67668 50.479969999999994 29.47921 24.78223 44.796369999999996 44.68675 35.48458 55.831739999999996 42.84491 30.40723 43.05798 45.134420000000006 24.89045 25.50611 46.167069999999995 29.23149 47.296 29.068 25.58551 46.44589 44.37059 48.93141 44.66084 47.62514 46.98935 47.05052 50.27682 50.5624 27.79838 46.13877 41.626450000000006 31.59073 32.69411 47.79099 42.47564 42.250159999999994 42.627359999999996 22.11915 40.62767 42.02605 44.357389999999995 27.71247 46.14206 
42.61197 28.32241 43.85883 47.692840000000004 45.11408 44.6271 49.443709999999996 34.85648 23.5059 44.94245 43.757999999999996 34.85564 44.56622 41.778859999999995 21.12663 0 20.25685 41.45301 47.92391 44.461169999999996 43.54411 45.51147 45.311679999999996 44.26384 35.3438 46.38436 48.508030000000005 46.182109999999994 45.32296 45.6133 45.82819 44.71561 47.76016 46.297650000000004 43.08868 49.22743 41.53078 42.169219999999996 42.891189999999995 32.4638 47.300470000000004 25.23439 37.54164 20.78649 30.0633 46.13166 45.935140000000004 43.31295 21.82445 42.68837 44.00564 42.09134 47.23897 47.60686 29.70509 41.90116 20.55005 40.66245 45.131299999999996 43.19024 33.75013 44.4631 42.98386 46.291219999999996 27.64598 43.06755 22.65367 41.55091 45.54573 41.80966 44.716179999999994 34.04089 26.16937 47.66444 46.71214 47.9844 45.20991 46.52011 45.84603 26.49851 35.14959 40.85875 44.531130000000005 47.118790000000004 32.62859 41.49993 28.20038 42.69001 22.97571 44.36492 48.553129999999996 21.12353 42.00911 43.245779999999996 30.01751 20.89942 43.87314000000001 24.17916 44.35762 
44.564350000000005 23.72305 43.93828 47.522310000000004 47.00036 48.26656 42.23909 46.372780000000006 43.76275 48.098079999999996 44.1849 23.72799 24.30937 44.342600000000004 41.38348 20.25685 0 21.19616 35.06709 34.04431 45.61837 46.41311 45.98004 41.751819999999995 48.29339 44.23466 44.14523 46.91798 26.11374 44.57117 46.84959 34.56376 27.50331 43.99729 22.83183 43.25626 46.04057 42.67733 35.1101 47.932019999999994 45.49194 36.33509 42.59561 32.10786 29.15621 45.91966 49.58714 49.31062 42.0813 23.00838 42.20027 21.83449 30.86488 44.90775 31.943 27.71383 40.8069 46.28278 48.61996 37.55694 41.45868 24.20625 44.58488 32.27655 45.90802 45.459410000000005 42.910520000000005 46.34562 43.07305 21.55281 43.106700000000004 48.045159999999996 46.42622 31.34427 42.0594 34.17661 46.25356 47.5424 48.96917 44.067009999999996 45.66838 44.879189999999994 24.27428 44.17523 34.43244 50.59527 44.337450000000004 22.43316 43.23256 27.32912 49.36361 41.38038 45.32935 24.40027 45.436 41.15627 35.3745 44.436009999999996 24.10077 
28.61689 44.91921 48.35536 47.15809 47.52648 43.84468 42.88524 29.95256 33.479 30.18381 47.209540000000004 43.870850000000004 41.79374 37.43285 43.217969999999994 41.45301 21.19616 0 20.7002 43.02663 47.98164 47.49119 47.6648 41.523179999999996 41.72201 23.0385 42.03819 45.83534 47.3099 46.857839999999996 44.742549999999994 47.14605 31.25129 45.349090000000004 44.02799 43.0421 42.05807 21.48117 42.1451 41.88093 45.56043 23.49435 21.39945 45.46121 48.34219 27.02118 47.63189 47.474940000000004 44.81507 35.78667 41.53604 43.030649999999994 52.06104 37.21883 48.142070000000004 44.43927 46.26229 58.92353 48.72943 28.72804 46.037409999999994 42.57732 43.396699999999996 23.04954 44.728 47.332080000000005 42.346729999999994 44.09442 47.211780000000005 26.78842 47.01111 28.06764 50.19342 41.78705 20.86324 42.30918 49.036860000000004 49.51469 41.839749999999995 48.163349999999994 44.38149 44.94109 33.06688 45.848910000000004 28.72662 45.79228 45.38346 43.62932 37.95933 48.525279999999995 43.74605 41.19959 42.96409 30.81813 42.34399 49.78016 47.55788 43.83119 45.29693 
35.17129 42.60786 42.10132 28.46976 48.51101 45.94278 44.30384 47.64358 47.986509999999996 50.88401 62.36571000000001 48.296710000000004 51.772769999999994 47.449510000000004 26.79728 47.92391 35.06709 20.7002 0 22.32643 42.328599999999994 50.94068 44.50045 24.08619 44.16579 43.738699999999994 50.483180000000004 30.12715 50.06568 34.76178 49.43199 44.13499 48.6125 26.98047 42.68493 48.15136 45.5292 42.18137 48.561840000000004 52.86599 34.13377 33.53154 30.60566 46.60877 49.39519 47.30773000000001 45.27627 38.26686 43.388329999999996 53.82431 50.581999999999994 53.46132 50.65563 47.76858 27.44187 47.70514 50.927319999999995 52.041470000000004 44.71384 28.22118 48.23532 29.77303 50.15166 43.74974 49.437129999999996 45.765699999999995 50.23946 52.70592 51.68773 47.48862 46.1392 36.55707 51.70878 48.94218 41.56344 46.889579999999995 52.66588 48.813199999999995 52.1048 49.21007 44.33495 50.12678 25.54508 46.04819 49.42682 48.3878 47.688289999999995 25.784 47.14005 48.66295 43.60367 47.54531 55.599779999999996 47.038700000000006 40.63592 40.48303 47.168639999999996 35.13525 44.26887 
35.18039 42.46022 50.656639999999996 50.796189999999996 42.3899 40.477509999999995 24.55871 42.99686 47.380480000000006 44.41543 40.64735 29.18854 49.61495 41.7965 42.011570000000006 44.461169999999996 34.04431 43.02663 22.32643 0 20.00217 37.96308 28.69363 46.41262 37.4954 43.089659999999995 43.98091 47.83766 46.66247 47.40766 27.10556 45.66959 48.0313 40.81112 45.52695 43.61103 23.20277 29.58256 48.747330000000005 43.62665 44.936859999999996 46.113240000000005 46.0445 43.94706 38.47263 49.23798 40.75783 44.789190000000005 51.1425 32.06732 34.92025 44.96331 45.38289 42.49485 43.75046 48.53843 51.29185 33.01588 22.38741 34.11917 37.62825 41.41429 56.201139999999995 47.72005 40.89188 42.98075 40.892610000000005 48.0686 43.46479 45.41809 42.18224 42.430499999999995 42.810810000000004 44.13408 46.00909 24.56315 45.823589999999996 52.15246 29.83478 50.1445 28.99386 45.02381 47.87151 34.5767 47.92213 30.21126 29.3708 48.09825 49.57184 45.98726 43.58321 49.03664 37.62228 42.067530000000005 41.735240000000005 46.61929 24.84221 44.296 30.28489 
43.62478 22.45805 42.67328 48.25668 49.89445 28.76552 43.0248 22.99469 43.42845 30.64506 48.64389 29.77136 46.51314 46.34409 43.31537 43.54411 45.61837 47.98164 42.328599999999994 20.00217 0 20.43538 40.919399999999996 47.28986999999999 31.02238 43.568659999999994 41.751760000000004 45.304159999999996 46.56771 43.30617 25.54704 25.66742 47.66655 47.25524 57.51913 48.90714 28.49888 49.075779999999995 49.39255 46.08109 44.50317 26.19887 45.268559999999994 42.253389999999996 37.29209 51.16332 54.61041 52.02588 34.11523 44.61212999999999 43.80682 45.013999999999996 37.21822 37.92649 27.74882 28.53626 31.28968 51.40208 33.49447 49.780739999999994 43.22674000000001 21.41212 41.79075 45.21707 20.88971 41.695080000000004 20.89044 30.3219 50.565870000000004 49.951570000000004 44.273740000000004 22.42833 22.80864 44.79682 47.89031 44.56532 41.932900000000004 44.87432 49.14887 30.22388 43.02958 31.24959 45.09319 34.33404 44.11783 46.66442 47.68357 48.733419999999995 45.603790000000004 43.05781 30.53228 46.43829 48.26711 50.28761 49.65311 45.24008 44.84438 45.38114 43.70437 
43.96877 42.893429999999995 50.6399 46.922979999999995 37.60661 49.169 44.98322 29.37234 46.77926 43.45201 28.20851 48.66542 46.0283 25.99507 46.6473 45.51147 46.41311 47.49119 50.94068 37.96308 20.43538 0 20.48402 26.85449 46.93409 46.08187 45.11213 49.3806 28.57636 50.61775 44.72697 46.1028 30.89576 48.88096 54.696619999999996 45.626400000000004 46.94803 47.327 36.74191 49.0621 41.934650000000005 45.80574 46.74937 40.99895 50.49687 30.72794 46.96514 50.32058 45.04067 24.17675 23.37144 24.57862 46.837469999999996 44.404650000000004 43.10261 29.60601 24.96142 45.058800000000005 52.44596 36.00163 37.21757 25.6325 46.01113 44.06015 41.32509 34.40249 41.32582 47.590410000000006 44.836780000000005 43.530370000000005 43.56975 42.86371 21.10334 43.09152 45.94406 48.880579999999995 30.92409 49.0947 41.77972 50.65926 22.73788 45.270120000000006 51.11636 45.97139 25.53421 44.965410000000006 42.45039 28.5485 29.02426 41.33811 30.56917 43.60808 46.49772 42.06379 47.489959999999996 49.566050000000004 47.135999999999996 29.45686 49.78268 
24.29815 44.627390000000005 46.79063 33.51066 37.49251 48.586870000000005 47.75114000000001 32.41071 45.446039999999996 31.76134 26.4776 46.93451 46.548190000000005 41.44726 43.69892 45.311679999999996 45.98004 47.6648 44.50045 28.69363 40.919399999999996 20.48402 0 20.41426 40.49386 25.59785 28.85314 49.20917 47.557680000000005 38.92013 47.88659 44.50863 27.89583 47.90844 51.299260000000004 45.87675 44.23189 44.22762 47.93228 56.292829999999995 44.09427 47.060460000000006 26.26535 25.02585 38.42248 43.39372 53.22404 45.12286 42.85365 44.66077 43.85546 45.06264 51.47833 45.59676 44.89993 48.26934 26.91823 24.57478 32.69843 48.005219999999994 53.87151 44.97147 44.82685 48.34962 45.72373 35.49656 45.951499999999996 49.21807 49.78509 53.508840000000006 41.896829999999994 44.13234 41.587360000000004 47.805769999999995 48.30986 51.36379 49.26978 50.126050000000006 52.53406 52.29821 40.66302 47.22693 45.99048 25.48737 29.89736 45.73929 33.54335 43.281099999999995 49.50828 53.70385 43.29039 45.786590000000004 26.20901 21.57977 47.01204 29.08203 43.07179 47.20646 44.74023 
44.71241 46.67372 44.82728 44.81752 50.199160000000006 50.62318 37.43251 46.55703 44.29014 43.13932 44.37294 47.125569999999996 43.05012 49.01773 47.00456 44.26384 41.751819999999995 41.523179999999996 24.08619 46.41262 47.28986999999999 26.85449 20.41426 0 20.0796 40.15791 31.70517 48.25268 44.36573 40.29705 45.14305 24.09437 44.32605 49.32475 37.91506 44.54983 44.54142 42.008700000000005 48.51796 46.15369 49.047219999999996 40.91884 20.12373 44.065889999999996 40.84504 38.92599 32.80978 24.7086 22.43939 42.00799 26.49581 33.60528 48.41881 49.43201 46.58423 28.84913 36.86636 34.016 29.76139 45.77491 42.0945 45.778040000000004 36.11387 44.044470000000004 46.080169999999995 43.45839 42.3879 45.101290000000006 42.347660000000005 43.97416 42.537670000000006 48.04918 32.40266 45.51583 49.809169999999995 51.59475 52.67076 43.68278 43.3698 44.70283 20.24876 44.4409 42.430930000000004 43.96698 28.75102 40.35678 42.894180000000006 22.86684 44.22289 46.771069999999995 46.97009 36.70213 45.12752999999999 41.994029999999995 31.60957 29.37421 23.87102 50.34573 47.09562 
36.2056 41.06557 44.13484 44.98058 42.366249999999994 40.403369999999995 24.72798 44.758089999999996 45.59273 47.93587 40.57321 44.410430000000005 23.98402 44.017250000000004 47.63053 35.3438 48.29339 41.72201 44.16579 37.4954 31.02238 46.93409 40.49386 20.0796 0 20.07831 40.28662 44.37122 42.64674 20.21745 40.519549999999995 44.17397 43.38311 40.73698 45.69622 42.33864 24.46182 44.29659 45.17558 47.1197 46.26372 41.117670000000004 20.32256 40.99062 20.76544 42.08645 24.53458 44.715050000000005 42.51899 42.491659999999996 46.57541 45.13258 45.55216 47.30948 42.790639999999996 48.92873 51.4722 45.95743 49.84099 44.774119999999996 45.42433 48.76365 44.04527 47.378640000000004 42.71812 46.25519 43.177080000000004 45.45371 43.39757 45.076679999999996 45.67355 34.31949 44.421850000000006 43.79267 29.72957 47.148979999999995 35.48909 44.910489999999996 46.089650000000006 48.60914 37.78259 43.89752 49.51233 42.88872 44.01016 20.27718 42.42327 42.946439999999996 51.10321 40.59536 40.78586 48.9625 31.86213 49.35241 43.84554 48.70327 43.0878 31.84446 46.77168 
46.65562 25.48889 33.16599 28.92464 48.96589 28.12292 34.28715 45.94818 25.51442 46.95097 44.992760000000004 24.56702 44.06233 49.86591 46.00635 46.38436 44.23466 23.0385 43.738699999999994 43.089659999999995 43.568659999999994 46.08187 25.59785 40.15791 20.07831 0 20.20831 40.56434 44.93036 36.29887 30.66311 28.754 43.56091 22.31059 43.47605 38.50567 44.54013 44.51967 45.12543 47.11123 26.52767 46.532849999999996 35.19983 44.94437 40.84375 46.321780000000004 33.50733 31.37508 43.27727 22.41335 41.949 45.36711 42.43033 32.47215 49.432500000000005 44.56765 36.86927 38.89455 44.6972 24.69581 44.709950000000006 47.19976 51.45735 34.88421 41.07036 46.511700000000005 46.6959 48.11146 47.069950000000006 48.900459999999995 42.74222 31.15941 50.48044 30.27998 26.30202 47.74796 44.62388 48.74497 51.14718 54.917950000000005 45.073350000000005 45.71822 43.31352 22.81041 46.08679 40.35549 22.34496 44.24925 44.910340000000005 29.16653 20.70755 48.050039999999996 33.63802 46.648669999999996 44.50489 42.54575 46.79145 22.2052 46.39534999999999 
50.576480000000004 29.40975 45.67111 31.40726 47.942409999999995 46.826679999999996 43.180279999999996 46.91387 37.18341 34.46131 43.586560000000006 23.12965 43.55606 50.873509999999996 36.05072 48.508030000000005 44.14523 42.03819 50.483180000000004 43.98091 41.751760000000004 45.11213 28.85314 31.70517 40.28662 20.20831 0 20.35603 35.71315 43.362719999999996 42.23137 46.18913 23.3526 42.5189 51.85836 46.001459999999994 49.3866 32.16394 27.89763 40.9644 22.5138 44.57988 37.81013 44.312529999999995 42.38942 47.809110000000004 46.03036 43.36868 48.75197 42.621660000000006 21.74069 42.10647 36.03698 44.30941 41.61619 45.36892 46.66721 44.32704 48.02162 44.904120000000006 46.67644 43.50697 38.50327 45.189409999999995 20.86205 42.3303 43.27638 47.10561 26.86164 30.95031 43.29573 35.06021 48.834990000000005 46.98303 26.05922 47.505160000000004 42.894760000000005 53.134240000000005 50.502790000000005 48.17604 40.937380000000005 43.82158 44.12716 43.01872 45.24469 24.69032 42.55327 45.51769 50.54406 41.48683 28.75822 55.014849999999996 48.160070000000005 41.53907 50.85175 28.56382 51.68188 42.41351 51.18482 
37.46889 37.00759 49.38468 44.65941 49.21595 44.00378 23.27895 43.30906 49.72467 45.02236 44.69934 43.48568 46.96064 41.578230000000005 43.275760000000005 46.182109999999994 46.91798 45.83534 30.12715 47.83766 45.304159999999996 49.3806 49.20917 48.25268 44.37122 40.56434 20.35603 0 20.80424 43.23353 36.56952 56.38718 43.70863 37.3023 44.24719 26.56871 45.286590000000004 48.129639999999995 45.54172 49.16955 42.86983 42.66038 44.76474 26.67139 47.14556 46.429249999999996 48.95792 28.63119 38.06276 46.26509 42.096720000000005 43.68355 44.10312999999999 44.67183 24.34512 44.60839 43.77425 43.78714 47.41567 28.42875 48.22254 37.57368 36.1392 52.227059999999994 41.21808 34.74741 40.822289999999995 50.04334 47.21767 51.306340000000006 43.84961 22.87583 45.00161 48.41908 46.05151 43.799170000000004 22.53873 43.97146 43.65967 46.42696 47.65769 23.46555 38.36402 48.22408 49.81973 29.42818 34.25275 47.39663 43.15182 24.46622 46.83388 47.63932 43.719480000000004 29.46026 48.40172 42.930930000000004 47.476389999999995 48.94531 47.25833 
23.88672 42.4168 41.633250000000004 33.77883 50.28879 38.94513 43.67371 46.42372 33.56674 31.45958 51.70342 49.84173 44.95631 25.77255 46.42478 45.32296 26.11374 47.3099 50.06568 46.66247 46.56771 28.57636 47.557680000000005 44.36573 42.64674 44.93036 35.71315 20.80424 0 22.42929 37.54548 44.62115 45.59495 41.65339 26.12026 28.49354 46.72551 36.59108 29.45991 51.760180000000005 35.47325 47.81491 48.6037 47.475629999999995 49.469409999999996 44.553079999999994 44.18434 42.02873 49.16703 49.122119999999995 43.85682 31.53223 35.9983 48.76842 45.14936 33.09041 42.64059 22.9829 43.98366 49.23299 52.3271 47.79078 52.73038 46.14508 44.92996 29.23725 45.38892 30.76948 49.78442 43.365269999999995 23.04537 43.68007 42.96352 43.945269999999994 47.70059 47.222939999999994 42.98433 44.492149999999995 22.85543 27.5046 44.54948 44.26979 31.81642 48.88496 46.97809 42.572950000000006 37.37055 26.59239 29.79969 42.70065 44.9164 37.0857 42.91133 44.22161 46.60061 43.91437 41.64756 43.58239 45.21772 
42.01485 20.84812 41.06335 40.5711 30.45348 47.15052 44.94543 52.63952999999999 52.720020000000005 47.32132 49.33868 44.979169999999996 37.92555 45.2947 27.41308 45.6133 44.57117 46.857839999999996 34.76178 47.40766 43.30617 50.61775 38.92013 40.29705 20.21745 36.29887 43.362719999999996 43.23353 22.42929 0 20.3021 24.5498 23.16566 21.03975 30.63324 50.922830000000005 44.67927 49.504009999999994 36.08058 47.692049999999995 30.4521 25.38562 40.540009999999995 52.407889999999995 40.98289 48.10134 44.75203 43.60582 46.19233 48.64062 47.285340000000005 47.5206 44.20989 48.217600000000004 55.14859 50.18857 46.07321 45.41219 44.42727 33.71652 47.60908 48.326620000000005 45.51321 46.82803 22.50067 43.764269999999996 22.95963 43.470690000000005 27.64865 47.83462 32.61108 45.88623 45.83967 28.01051 36.71913 51.73592 33.06188 46.33739 45.28472 28.39169 45.09877 25.76451 47.06166 41.3003 45.05775 40.49463 32.69488 31.05734 31.34461 20.37791 22.48711 49.29267 45.171279999999996 46.358720000000005 29.08939 48.38569 49.65532 47.45033 49.80744 
51.47601 41.150220000000004 44.97504 44.98154 24.94029 45.12182 48.18526 47.19879 37.19054 41.4253 43.34698 24.67707 43.79545 24.9926 45.64483 45.82819 46.84959 44.742549999999994 49.43199 27.10556 25.54704 44.72697 47.88659 45.14305 40.519549999999995 30.66311 42.23137 36.56952 37.54548 20.3021 0 21.04868 31.5522 41.34185 38.79122 43.17884 25.06777 44.74413 28.91701 42.37398 45.51577 45.68772 48.70485 41.83082 47.20399999999999 50.55822 43.251850000000005 46.89773 34.24362 46.52533 45.17005 44.293409999999994 56.44229 45.85683 43.7997 48.07328 47.392939999999996 36.89079 24.12517 32.68493 43.91505 46.211330000000004 45.755089999999996 48.86613 42.802769999999995 44.71851 43.26173 51.72312 44.23777 27.53252 45.47924 47.564260000000004 32.26656 23.23813 44.16194 42.34164 48.4992 46.82602 44.32797 48.69379 43.12089 45.82827 49.34788 46.434290000000004 44.85036 21.11738 45.96243 48.222049999999996 49.22918 40.680009999999996 42.78921 41.58137 52.9708 44.243430000000004 46.12307 48.35705 34.84988 47.38853 35.9015 
56.26314000000001 44.40084 24.18561 45.35341 45.98897 51.663529999999994 33.10823 47.772149999999996 48.27316 32.34133 36.32789 45.725750000000005 52.99878 45.32106 51.91221 44.71561 34.56376 47.14605 44.13499 45.66959 25.66742 46.1028 44.50863 24.09437 44.17397 28.754 46.18913 56.38718 44.62115 24.5498 21.04868 0 22.83653 44.46856 42.97158 37.77891 46.11645 43.631550000000004 49.96569 49.38427 44.79366 49.93542 44.2181 46.89542 49.42076 34.80674 44.87529 47.9889 43.846959999999996 25.78794 46.72986 50.24689 45.94252 52.75457 50.45303 48.88006 53.98983 48.35718 45.17385 52.46888 34.00554 47.07954 54.95842 47.753550000000004 25.6989 47.16715 46.557860000000005 53.03676 52.19845 32.96251 48.036559999999994 48.095749999999995 48.476060000000004 44.28681 44.71764 48.29365 47.58191 47.80642 54.40007 43.68625 43.413380000000004 50.314310000000006 46.73253 51.56441 44.72862 32.43232 47.87304 46.96121 44.75159 44.927710000000005 43.89032 34.7747 44.95134 47.33556 42.68943 53.46858 46.945589999999996 46.610389999999995 44.55552 
44.305409999999995 44.01378 47.02214 52.81224 44.98153000000001 47.175070000000005 44.20033 45.9945 48.11867 46.96785 29.61034 38.65374 46.00627 31.85443 46.923730000000006 47.76016 27.50331 31.25129 48.6125 48.0313 47.66655 30.89576 27.89583 44.32605 43.38311 43.56091 23.3526 43.70863 45.59495 23.16566 31.5522 22.83653 0 21.63203 28.50576 46.492490000000004 46.611450000000005 26.33835 47.00228 42.653369999999995 45.8664 48.55128 48.22179 45.81979 44.04675 45.161559999999994 51.9286 48.95098 46.399150000000006 46.73729 40.09374 43.81366 51.03783 48.80988 47.92345 54.12256 47.034729999999996 34.7277 53.545190000000005 42.225030000000004 25.97568 28.56433 34.07031 27.09476 40.21607 50.849689999999995 30.12026 48.92982000000001 46.176190000000005 44.42705 46.93457 31.79867 44.7726 25.29138 33.88265 46.00582 24.74538 46.178110000000004 42.61219 43.912310000000005 24.07729 48.26943 23.896 33.61664 21.89209 45.62507 44.65849 49.93647 43.20015 43.54357 45.652770000000004 41.972030000000004 50.2611 46.979690000000005 38.64889 51.43815 46.936189999999996 44.603629999999995 33.98187 
48.261269999999996 41.01529 42.60794 51.23523 45.33399 40.70735 32.37389 47.256240000000005 47.825010000000006 49.58515 35.38524 45.00248 56.438719999999996 44.05729 48.452830000000006 46.297650000000004 43.99729 45.349090000000004 26.98047 40.81112 47.25524 48.88096 47.90844 49.32475 40.73698 22.31059 42.5189 37.3023 41.65339 21.03975 41.34185 44.46856 21.63203 0 21.16546 38.50015 50.02551 47.97038 50.044380000000004 34.13073 44.83247 45.14691 50.436859999999996 42.88889 22.41472 43.70035 33.65611 40.62722 52.60583 44.72394 42.45531 26.48085 45.67163 27.17785 47.50456 51.26677 49.25811 47.13548 45.823530000000005 38.86033 47.60771 44.59675 30.61384 45.9541 37.12822 29.21766 43.99938 34.93217 47.65871 36.06434 43.41688 42.41736 43.93821 42.36813 42.26514 42.26814 29.00992 45.847049999999996 45.22967 45.602689999999996 45.709320000000005 46.5194 44.017520000000005 23.51441 43.524119999999996 41.171440000000004 32.99378 51.8127 30.62109 41.29914 43.01814 49.26648 45.503479999999996 43.43132 50.12914000000001 46.54317 42.62225 44.51579 44.4388 
43.78393 43.44014 40.93791 44.20978 24.16853 31.60532 20.96824 40.99835 45.8527 49.414559999999994 44.05511 46.55982 47.1412 51.89281 51.83864 43.08868 22.83183 44.02799 42.68493 45.52695 57.51913 54.696619999999996 51.299260000000004 37.91506 45.69622 43.47605 51.85836 44.24719 26.12026 30.63324 38.79122 42.97158 28.50576 21.16546 0 20.64828 41.05654 42.20921 43.63789 55.296189999999996 52.233990000000006 47.31552 42.45403 45.44536 30.8234 45.64751 47.788489999999996 52.853930000000005 51.18672 31.97231 45.71901 41.37284 34.37162 48.34331 29.77031 50.03358 54.06434 49.10316 41.54477 47.9963 51.99204 47.03808 28.86457 36.94707 52.76088 50.38312 52.5152 55.511669999999995 54.82421 44.384640000000005 46.5865 48.17724 57.19846 43.395129999999995 42.162949999999995 21.10268 31.97674 51.413669999999996 48.49271 53.62486 47.124629999999996 38.56473 45.6044 30.94836 50.39785 42.70974 46.19681 45.26499 46.11137 50.16095 42.44026 46.13286 25.24728 29.71949 41.23937 52.05148 21.75032 53.3885 34.12498 
25.34027 45.52214 44.65562 49.939409999999995 44.816810000000004 48.61874 41.61652 48.61847 30.89127 28.76628 24.0997 44.55661 41.8735 41.36122 43.88335 49.22743 43.25626 43.0421 48.15136 43.61103 48.90714 45.626400000000004 45.87675 44.54983 42.33864 38.50567 46.001459999999994 26.56871 28.49354 50.922830000000005 43.17884 37.77891 46.492490000000004 38.50015 20.64828 0 20.40826 21.56093 22.98961 45.28988 45.95684 47.56591 47.24921 41.15255 43.23004 47.75092 27.14021 44.51605 43.01268 46.01265 25.07073 21.42177 30.80181 31.22447 44.39384 51.64382 43.636970000000005 49.332 52.79051 47.80953 37.17443 51.17541 47.89962 37.45189 45.88956 45.858639999999994 52.7556 45.026439999999994 34.17593 36.47023 45.589259999999996 34.26413 38.66395 42.55249 33.64268 29.71615 49.10744 49.41856 47.39435 43.86014 35.82549 42.229299999999995 54.21787 51.361689999999996 30.15062 22.06146 45.354169999999996 38.3237 44.92548 46.384969999999996 50.02168 46.443 45.89556 30.9967 43.02654 47.53639 20.90768 53.81873 46.67127 
26.62355 40.881820000000005 45.89261 45.77993 45.07188 49.21965 28.49482 48.52493 49.437650000000005 43.377849999999995 44.50796 34.55156 40.88947 20.95296 41.35307 41.53078 46.04057 42.05807 45.5292 23.20277 28.49888 46.94803 44.23189 44.54142 24.46182 44.54013 49.3866 45.286590000000004 46.72551 44.67927 25.06777 46.11645 46.611450000000005 50.02551 41.05654 20.40826 0 20.5769 41.24083 35.30154 45.46239 34.9079 44.78438 20.74429 41.21846 52.82316 42.55417 25.67101 47.37147 48.58783 27.64591 41.830029999999994 42.95727 22.84766 38.95699 45.05927 42.12974 51.05856 45.590180000000004 40.97665000000001 20.96251 42.77713 42.94166 48.49677 41.97816 25.45038 46.25502 44.04241 30.40789 51.72641 54.40784 46.30922 45.20364 46.85033 47.72137 42.28826 45.57009 46.772639999999996 49.640550000000005 47.31018 46.01318 21.82104 46.71968 47.076589999999996 24.71936 41.45773 49.64993 27.74564 49.101690000000005 46.58181 44.22931 27.76585 41.76061 46.97586 47.216809999999995 48.221419999999995 41.31594 46.419799999999995 45.88879 
