100
location53 location9 location94 location72 location47 location18 location44 location69 location55 location31 location71 location28 location73 location10 location51 location7 location48 location14 location33 location68 location60 location100 location3 location36 location59 location52 location12 location64 location23 location32 location49 location46 location75 location50 location29 location13 location80 location87 location79 location17 location82 location41 location74 location56 location85 location25 location62 location65 location22 location11 location34 location77 location45 location81 location57 location66 location63 location5 location93 location6 location95 location1 location54 location89 location8 location24 location97 location99 location42 location92 location38 location30 location19 location70 location2 location16 location90 location21 location96 location26 location88 location58 location39 location43 location15 location83 location76 location78 location86 location67 location61 location91 location84 location37 location35 location20 location119 location4 location40 Soda
0 509337613.69905 1009628338.0604401 1044583480.8014 1116333032.67113 1141008212.64178 1097634039.93718 592483140.62065 1024647563.14273 1164099492.6929498 1202088457.39346 1249907807.22259 1073112846.1517799 1026147472.64575 1117441305.89889 1049408248.6761601 1140681545.2800002 706984286.56689 1052103907.3934901 1156001362.19181 1071355124.0055299 1268329411.97473 1033210098.4606199 1091087976.52068 751352456.04512 807541835.98612 866744884.68301 1198499517.14396 737675112.10053 1132486457.45403 1034499319.0927501 1292285936.35202 1162471320.54753 1092124864.98751 1146356620.7824001 1108731138.97687 1145977578.0767698 797156869.97806 1028485487.54021 1096114246.94154 1102215967.11936 515781999.9889 1048085083.24991 927233282.5876 1050262059.55795 1040081093.87713 1221584750.33237 1115220474.77581 1215556071.0474799 1152236965.25156 1029786521.85332 1170748484.3806 1053030921.00524 1269177550.01029 1043728891.97419 1311473242.28165 1035279656.27001 1147837157.12452 1124787802.81154 657936821.4062 1111250200.57529 1025836158.47996 652082650.55464 527936500.53462 1113005081.68492 1067759480.1271 1227127634.00592 747301753.82947 526814305.55612 1049467875.16961 1043531041.63394 536108674.21133 1119747942.33335 1041744679.2679 509706005.10744 1128882071.2798 931090411.87141 1166596630.86255 1127589975.40178 1153277380.05674 1157723182.3846698 1296684315.2802 1242013602.74309 1097258571.3516102 769355098.67484 1273234074.47295 1207187224.25841 975862958.00909 1178915007.93811 1266090037.61779 1123583312.10989 1228563771.74367 1067163552.8601401 1181127702.03868 1160251008.01611 1215921630.39125 1146414080.23611 1114086630.9377599 1211395456.31608 553817334.43545 
509337613.69905 0 500290724.36139 1035815084.68693 1045236391.5501101 1195114976.50497 1153918276.38425 1083939048.58707 1076403888.81198 665918334.36616 1053883108.8552599 929962035.67929 1121920082.4872599 1064516162.59938 1091463224.9184499 540070634.97711 1065273029.5001 1151984503.73006 1081828051.85913 1233886776.73548 1099644546.28434 1049070111.48153 523872484.76157 1036391198.3741 1094873062.95772 1091851936.9605799 1184287030.11985 1119758515.9222002 1172653202.61005 1180425822.18277 1174720804.2878501 1052196550.46367 1421433056.7178302 1065460828.93188 1166017187.18666 1103721925.44467 1093130820.0220299 1102172109.1620998 1287256143.90014 975007713.82202 1361068759.04606 1025119613.68795 1266779547.21764 1172432065.2474198 1072341579.30321 1332179153.6754398 1026133259.5181301 1032415672.60173 1164464701.73378 1086109411.08372 1205867698.01333 1203100918.64925 1037513106.4794 1050663948.7789099 534391278.27514 1076059265.39103 681176520.15799 1141627142.83231 1079938319.6714401 1135443697.479 1085670113.23462 516498544.78091 1066887534.30861 1037274114.23367 1088092146.56734 1068316134.88662 1147412272.80517 833494573.33359 1036151919.25517 1257683559.46499 1061823991.45267 1045446287.91038 912870687.67279 1167910084.6458502 768558797.03414 1044989027.99171 1058088237.19725 977121817.6335 1123799947.56066 1069449659.44899 1083474567.6546001 1141967170.62177 1159230830.31059 1258810667.42133 1073090423.3838 1174523261.47452 1161092766.06078 1049251588.1690199 1146040327.86965 1143846103.71824 1262050402.93007 1145355171.98314 1087913688.89496 1101188776.93928 1195819472.6340399 1021125898.60884 672984155.30585 959819954.08439 1056867618.77878 1063154948.1345 
1009628338.0604401 500290724.36139 0 535524360.32554 907437235.91708 1137747210.0377002 1179113132.91219 1178040170.0477 1113131046.20292 1166209058.72755 1143091712.89795 1276194970.36434 745170212.57931 1138882168.08664 921726039.6776 1040361359.3385 1152711388.3274 651693779.36867 1092905955.82544 1119291655.06377 1180584367.74795 1155131811.9896798 723794629.16 1098032566.49001 594582338.59633 1112302995.4967 927060778.72336 733306260.98246 976899194.00456 1128704049.81082 1092520955.97851 599946233.8332 1104486251.2329 1126000760.43676 1119981472.72737 603431201.08328 1112146707.41285 1193254769.19242 1206247130.32165 778761217.1306 1125601327.22438 1227960864.5483499 1148538534.87746 672141340.88603 1171507949.7746701 1176566781.12565 1238272226.3106098 977111480.70312 1200197497.94344 757642769.9215 1069532623.75949 1064556933.97469 1136669369.44152 634090399.66872 1034682002.6365299 1163534143.33498 1127835640.16309 810727476.36224 842742710.98971 635152973.11761 1156078752.24055 1016789269.1423 1042505324.4308801 1163533588.95126 1131967415.46648 1119417900.44401 647121548.44378 1116945068.97991 1099862750.09631 760268635.92837 1113620288.95326 905405501.64444 1173736192.04006 1081490781.17407 549452107.01361 576619686.64681 1045746606.3371301 1160646480.4977899 802527424.6073 1192579476.69589 798524320.53143 1144570849.03598 1165154755.33246 1157066696.5820699 1255531607.81424 1128386034.08995 1204861075.0623899 696283862.53895 1156131159.64952 643555379.35685 1100770301.40875 1278549388.7526598 1168604832.6504 715299106.48243 1148818113.21651 1072344846.59165 1141827448.94482 895008697.53165 1070206469.16606 1060341058.4606299 
1044583480.8014 1035815084.68693 535524360.32554 0 501958160.73194 1006244794.6426499 1146201502.22922 698533698.78232 1128859714.61574 824496578.78287 832691651.63903 957355244.19352 1069774634.72388 1131762625.6055598 630832366.87066 959267755.01106 1224662671.8544002 1058767517.03416 1009037809.04567 1202462644.35761 1145118937.1364598 1180832841.20294 901996557.74853 639376843.24751 1039454516.5879099 1110892381.34216 1226477319.1364 1152903313.7092 1365686498.55682 1236948462.31883 892684709.43556 1061864893.8133299 1187770350.7372499 1321654256.57546 1103290522.43458 1138955561.40882 1202628035.5626898 1218987110.95341 1152743285.1738 1230470796.8566198 1104116952.48729 1035295866.1781 970669763.5951 1202089110.11375 1077577161.73175 836381573.45148 742575535.11906 620061662.90874 1150541727.94543 1269816810.38656 1086901233.1422 1088165130.73947 932048244.10559 1089797566.0076 1120688253.9562101 1231026877.19315 822888529.13015 1082098567.90418 1158206364.09939 1119139109.29481 1138565302.7490902 976201100.80238 1169506967.55336 935430515.69511 686066095.55379 612376222.45177 1084140204.84334 581420708.65437 600578118.68705 1113850931.1869001 906157596.45422 563423776.38513 677004360.31358 1051761090.80053 566820716.39632 1112144046.9723501 805340094.16635 1006480854.00328 566166663.5913 1088270741.97274 1097935356.21361 817853426.12012 896859593.55542 917597196.4882 1084909330.86634 592861673.76441 1196873075.03805 1089419158.26013 978581147.18796 739541381.29863 1171712186.20896 1068892707.54988 698271355.41226 1167969710.89644 1106804618.07276 1151267260.0792298 900459925.99035 643753947.5948 1130068140.83406 893459417.28093 
1116333032.67113 1045236391.5501101 907437235.91708 501958160.73194 0 504286633.91071 1060903778.0644699 661389184.59849 1088643190.80027 1187307748.9226 1018507846.8102901 706328943.16443 1164910326.73321 1106463828.8224201 1132790527.6025999 1201841129.3629599 1158194608.0279999 810397061.10706 932620530.21038 1217286579.8516798 1156173072.7172198 1337161621.5276198 1189999246.41577 1040946583.74965 537496355.85597 1055217012.75634 938081160.90912 659105261.80695 1090541033.7238 1065083587.9059501 1103570922.49382 1229343759.32214 1249383004.36764 1119253188.39978 1239124619.655 1195548346.52737 1136121064.26798 1145162353.40805 1285633231.39988 775931891.91263 692959396.7127 1066842495.60515 801640118.80653 1119443243.7934 1116225034.1029 1070385321.1974201 1166078765.15659 1075405916.84768 1188109714.26381 1151238003.6763 1122245388.05695 1103637446.45876 607459146.35276 611396977.51019 820488326.46068 1295673247.59302 1084015055.48236 580140407.17224 809918096.37083 729946657.51702 693742279.84918 528737846.7692 1079126836.2969 1132553566.82338 761567614.52372 1114334383.1837099 587269068.53118 1083378869.3863099 733468064.91313 1226424159.0407 1104814235.6986198 627704294.73949 760461689.5397 864344787.01248 1068778877.1282599 1149439509.33815 987540776.05564 1165855326.5999799 903429925.72167 1112439903.69494 595977195.48167 1102055160.24587 631257473.59176 1110408886.98251 1123943232.61711 1094819834.49635 1101646147.91931 713515712.69813 1158279629.85794 1157378034.7727299 1072532167.54849 1253075414.71426 683210431.75341 1113428078.92757 1091732130.47615 1172981906.07962 771502396.12814 883546655.99262 948486827.03213 1085881591.9056 
1141008212.64178 1195114976.50497 1137747210.0377002 1006244794.6426499 504286633.91071 0 556617144.15376 798214824.24729 1078458809.50965 1041194385.98034 645905696.42397 917079977.64094 1134386680.4739099 996297926.53024 1049137839.51486 1303929985.72491 1220164194.4016 1110774134.87379 1185604339.81874 712999945.94097 1112589670.36195 1024853969.9021299 685712612.50506 1139448514.39152 671452191.59035 1189172848.49072 1089995756.62275 602525383.16848 664671226.18761 1140727367.81254 1104671187.22295 996462378.41402 1155548340.20598 1112982523.30343 1208177906.7016199 1033336747.4091 1128374666.45043 1081727780.53554 1204917482.09499 1179270604.84987 988398496.03231 1216009999.74814 827871542.1855 893529659.75118 1104821779.53406 1071894073.14306 1146344694.82316 1077172851.6108599 1248493665.1961598 1184454687.5339298 617958754.14624 599350812.54805 1105764090.72757 1115683611.4208999 1169879156.75181 887054304.73314 914130567.83536 1084427041.08295 777156519.11173 956642700.77002 1125323294.02487 1033024480.67991 1019766004.13878 1201036265.98067 1041721893.76204 1065040074.25636 1091555702.44189 1170363018.88324 705709875.92589 1225684047.75529 1139436779.62581 632014412.2032 1131140629.46541 1105337679.64741 1138039270.89212 961846597.50481 1203653558.1892 1168959356.28026 1177036156.32086 1128319293.58668 1095884134.63608 597768526.33516 1135544107.50247 1053397234.7577599 673279949.84492 1257351540.66706 1192761237.17691 765519951.42749 1130765455.2356 653091400.86202 732498014.14982 758749062.31516 1177014947.8429601 1096863041.29348 1027933530.38672 1144491764.60357 1191183471.25404 1123802948.31995 1160643906.73839 1321654574.21202 
1097634039.93718 1153918276.38425 1179113132.91219 1146201502.22922 1060903778.0644699 556617144.15376 0 505150899.31653 1020331993.92961 1116538129.66228 1159917018.51741 1108794294.10518 577769536.32015 637776813.05154 1138707071.78644 1168395435.3557 1053349303.97588 1091234897.81039 1129330236.3471298 1046821253.4662399 1388114673.09649 1158665394.4974298 633467767.77747 613895266.51222 674477873.86719 1165907083.8056102 1342323867.6879902 1111167275.83984 1040977804.79216 1247122015.12122 1207573606.97382 1137332270.29764 1237492427.7627 1211220622.4268 1067210676.2384 1126331837.24838 1188213642.76318 1065972233.12307 1314973964.7646298 1338494014.98167 1374098639.52111 891965636.29553 1025659443.8094101 514091182.4322 1015150445.33436 1104937433.76866 1133559090.50704 634570084.3423 1165050149.3789902 680121756.74844 1140775900.98141 1134831254.67091 1108503030.62463 1135799668.61288 619526998.10911 885803960.16206 1113231855.59208 1178501450.95719 1216624183.97243 1351288671.3277202 1176697164.99495 1124936129.29809 671982435.20225 1138277983.3454099 1120731932.4159298 1395961181.43264 1244953698.6101599 1100902002.58502 1124068076.91581 887160306.77175 1211597834.88581 1188631556.3569598 1190339293.25935 1110883556.80151 1182380014.20646 1155712048.37778 1035287171.95637 653621708.41134 1188583794.90894 1219223502.8821301 1188746320.16436 1154385670.48892 1139232917.51298 585441605.0056 1130800287.3776 1259658981.30849 1165911581.88218 1199025431.60216 865633718.69813 1188717133.44872 1210306779.78454 1141231530.43955 1387875319.31922 540245897.13972 1047148020.91643 1302789299.28191 1257063257.0889401 1197735455.16081 888764712.28646 1220204916.10871 
592483140.62065 1083939048.58707 1178040170.0477 698533698.78232 661389184.59849 798214824.24729 505150899.31653 0 515181094.61308 769018602.37122 1041270465.7409501 714249303.04774 1082920435.6366801 788752714.9 1162882964.64653 1073400799.18234 548198404.65935 1062907884.37887 1140152829.41509 1187512229.23473 1188715996.054 1208269634.03717 1049395211.92707 536876498.31454 1040326726.20822 1143437903.30089 1115775376.80056 606016376.52331 1111624695.63113 1203598517.42561 1126333541.42448 1125374734.60385 1204522504.4015899 1152717868.56691 1113805269.8072 998920835.18221 950269142.6175 642818265.84086 1142852489.76502 1132721985.10013 1203084699.57759 1089605114.53581 759455492.38154 1019242081.74873 614097448.88971 1093147940.1280801 645712890.77299 1082101432.0785398 1087558798.25698 576075253.81185 1142571187.19954 1107158607.57165 1158221504.4995 874539386.48305 1093823942.01958 1136716352.83222 1247267559.88539 1241529591.77073 1108602380.02375 1057241453.14904 1287639417.6986098 1075086438.64415 1138053694.44139 633127084.02888 1043115285.54664 1248085430.91647 1245874577.81268 743155081.62371 1093292753.13707 1131311410.8608701 837329645.4702 1128250834.23633 1095856716.20017 1061270496.09506 1102189145.72809 1031456217.9156699 530136272.63984 1140988506.64467 746798141.98885 1119135418.9257998 871252917.20842 1170594072.72579 847316990.84462 1090592504.32213 1193030672.10512 1228872445.89484 1124408766.84997 1098937347.64583 956884952.05859 1295735291.7470798 1094200304.44951 636080631.12302 1169329134.08398 1045396796.45625 643519308.40165 1185672850.8362598 1115009658.44206 1170747986.4966202 618912315.69543 1146300475.0561 
1024647563.14273 1076403888.81198 1113131046.20292 1128859714.61574 1088643190.80027 1078458809.50965 1020331993.92961 515181094.61308 0 547193131.30779 1059811475.00032 600249160.65465 1131273918.43968 1249533413.90364 1054891902.7667599 1234961401.57696 1063379499.2724301 772516028.02364 1136380141.20783 1176109292.61093 1076630101.09927 1243964812.29337 998381475.0004 1052057592.92762 922039147.38832 1126499207.7826 1144199294.9583402 774523539.84861 770464918.60788 1133354068.2230601 1037547409.98032 1225890253.68413 1208851324.10495 912468411.12314 1202340561.77811 896949489.86859 1083428174.94464 1157999360.45394 710399688.87358 983056177.70174 1161085675.31683 1057358117.97031 1239780738.7476401 1209351849.95348 1129278543.50279 1043129184.7646999 1160893985.38607 1089548646.35783 1157785142.15836 1091256348.42493 1099299537.46313 591977512.95857 1063560503.1087999 1325919932.85421 1054761042.4205799 627662507.67795 1158157751.51532 849018940.78952 1246713165.50909 1252114407.55405 1129076912.4847798 559905344.03107 1110294333.55877 1063785716.2297399 1125533958.7463 1013857612.24557 1164578230.87379 1258336176.2367902 746426450.78912 1247298905.6805902 1190144757.90694 1275530061.32131 1293596792.68871 893478236.90244 1270998212.4444098 634348471.64272 1045317367.25292 1204795026.0697 802289030.43791 1173201949.53861 1040528057.86808 1174664177.34644 1197429347.1203 643638034.61292 1126695355.58719 1095556943.95013 1298554929.59718 983072220.36528 1189447127.11981 1269138128.5053601 1243113329.28624 782427213.55377 1067909500.8415 1144595576.18944 712818181.28891 1241741700.78936 952901000.12773 1086354575.05533 1134093410.30851 1160979865.24645 
1164099492.6929498 665918334.36616 1166209058.72755 824496578.78287 1187307748.9226 1041194385.98034 1116538129.66228 769018602.37122 547193131.30779 0 512618343.69253 1015726856.74339 1121532622.38202 1229216673.22575 1222757299.8287702 1100555870.03078 741248897.66721 1075402509.286 1206192296.2382798 1155948031.0064702 1253619953.70107 752931292.22359 1047044585.3877299 1154981231.51397 1123166916.61006 605446259.70969 1106253405.59524 874161350.83902 1038597170.3814 1063423014.24174 1117984605.96354 1135874904.83866 1101878255.40118 1124741105.62937 1058678790.3621 1028537297.9745 1184139892.89565 1027556779.5371699 1206014140.81917 1174994465.28834 1165361459.83013 1125528703.87012 1099792395.49774 1125307914.59017 958629431.79524 1211742389.36519 1105012398.4562302 553172826.10449 1060933012.93018 1077919403.00712 1108775451.4131799 601453426.90862 816398342.34973 1256375912.23914 1053008364.1008301 1054761910.50911 1104699969.71578 1117843949.74188 1026789350.03151 1054168229.0665 1273039732.0524101 1092131513.64776 1125551709.87937 1255847867.66965 1286474267.82513 964466677.189 1184876649.5650501 1127523273.3181 1197086617.59511 1185539538.10029 1171888207.0190601 1102514902.54909 1189976026.88729 656921775.11047 1175843505.9770298 1159153853.2437801 1125915832.07774 731558926.17299 1047548209.9906499 802673932.59454 928986910.47651 1059530473.7532399 1186850915.55772 1150843076.57393 644737468.40787 1181686540.33466 934221126.36556 1068747868.3323901 925922698.45757 804179389.08785 695920197.97845 1088536690.1020498 520716369.53371 1101080874.09219 791431196.94906 1219264594.50814 1085999003.9028401 1038297515.54859 772488542.26664 1126304838.22994 
1202088457.39346 1053883108.8552599 1143091712.89795 832691651.63903 1018507846.8102901 645905696.42397 1159917018.51741 1041270465.7409501 1059811475.00032 512618343.69253 0 503108513.05086 1034133270.83589 725190000.34261 1069845677.6041 1144400627.68049 619198233.1575 1133907712.87702 712250315.08732 1078968645.00714 1159823607.37451 1103764013.44187 940172485.87694 1106464470.70216 669263594.46098 756478698.3348 788973281.04599 1065532183.81043 1232633976.3287 1052670080.4554701 1113052355.1251101 1058195292.5968301 589259911.70865 1058872110.4962199 675680499.91214 1191732345.9345 1073899217.04935 514938435.84464 1014972659.7688 1119440798.80076 1066935646.2390101 1069532385.13753 1135153948.57973 774281810.83846 726595735.93684 1079866753.82871 1065662370.69599 1065791169.79702 1019657427.79997 1226287610.8032799 1118105515.87423 1114071770.60115 1148843156.65055 1056662690.91207 540390020.4083 714405844.58122 1196482194.57092 1224740735.14468 1093236217.04771 1043960266.84967 1253096281.33058 981743297.63374 1066528248.45003 827095413.32054 1029834099.2472701 864272391.00221 1077889176.02839 959398023.0594 1021789606.88754 693631710.24611 1147627185.35461 915254370.9832 1136166935.88648 1047989309.7956901 1255704163.89915 1110140811.44855 1071854794.64483 1069891952.7957201 534929866.29812 1057033944.67956 1037034834.82091 630250001.20696 1064939057.06878 1242176125.5875201 1157355812.1004 1180522003.60768 1031743615.45804 1108258991.06401 1104708006.26712 1298997097.28599 1065307915.77002 1151353914.1163 1033334713.2262399 1061029511.63729 1209117370.01031 1060655009.7867 617676743.33376 938801540.62614 653229056.41763 808918955.34681 
1249907807.22259 929962035.67929 1276194970.36434 957355244.19352 706328943.16443 917079977.64094 1108794294.10518 714249303.04774 600249160.65465 1015726856.74339 503108513.05086 0 531024757.78503 1037192191.26325 1318169512.19876 1170363633.68185 1122306746.20836 1128936161.75048 1091901876.59579 575860131.95628 1078198107.32368 1128528354.76209 794797723.39368 1087618619.4612298 1172372107.51184 1117930606.83763 1292081794.09685 1205069971.0339398 1203893268.27097 1292360998.72037 1155793562.78637 1235439624.96418 1092368424.75951 1131964786.26529 1139263568.7987099 1110927791.00016 1268098825.0893102 1018046948.8955 1224699254.7005901 1155781094.1322498 1079236389.4123302 1176444963.4232302 1310548917.04653 1040099049.68969 1179048681.2577 1175568458.00302 1082886092.42542 1049617498.138 1325455369.7715101 813971825.32638 1118113112.7481298 1192226673.61322 1188214622.7098699 849130493.59089 1043498533.4591601 948806657.19024 1296124788.41805 1143607733.67799 1216946183.7223701 1145984403.70361 1129952386.45983 1148214146.19565 597825156.66795 1102751767.08046 1148491977.84163 811386336.68292 1146897822.89589 1054157224.0499 1077323298.38069 1112394807.81179 1236791996.51995 1144950344.79318 903908995.9012 1064138778.2663901 1338164355.06816 1234597632.29737 1238633099.12285 1078846803.0745602 1038038379.34898 572952788.88396 1163092355.70538 1133358514.25782 1114137172.0956001 1157071619.6177201 1188283076.92222 1386100864.38973 836974054.38562 1224219593.2363 772015334.717 1344932943.91364 1436149618.77023 1197119240.5635 1220830511.15195 848450704.05432 1313067341.9435601 818769621.4862 614057571.83165 1123578176.6265101 1156337569.46849 844546010.95691 
1073112846.1517799 1121920082.4872599 745170212.57931 1069774634.72388 1164910326.73321 1134386680.4739099 577769536.32015 1082920435.6366801 1131273918.43968 1121532622.38202 1034133270.83589 531024757.78503 0 506167433.47822 1007097692.21312 841105052.62827 1125109629.78806 1129980914.26687 858171814.25525 1106884889.7413101 1090839359.04507 1063989550.74592 1046811111.31603 711329195.62559 956865142.05224 588137547.48546 1088944693.37101 1188429731.76354 1013611409.4643099 1148445727.70148 1168773524.43656 958527880.32146 863025289.23215 1079611242.8534799 1171547774.70488 1117954862.17112 1144339793.1731899 1175881143.11687 1098463707.0824099 1219985672.90186 1162711293.48502 1016532906.13507 1151230601.65043 1091860718.75235 1192711219.87882 1080971365.5928001 1077578379.03734 655588080.96308 1186068145.9997702 1153584288.35079 587088354.9631 1094410379.46766 863588873.3712 577032209.64457 1093304880.14834 1183189094.6627898 1054763891.30955 612582975.89296 1128027600.44312 1119853407.79774 598927628.6748 953497958.34684 1058090385.56285 1132040113.04054 1057637793.27904 1130163833.79485 1025851962.45384 523132466.26487 546298540.59566 1068952110.20915 1055295774.9901199 1061481072.94491 668257042.16581 533114020.48136 1065152694.64182 1183571130.0928402 1151331887.43257 547822045.28953 1082784131.78713 1103977546.6689901 905195441.20922 1191337020.3106499 1114634562.09778 1163211141.3257499 748140156.39924 1140326900.4231799 588142045.56203 1096719258.08547 920601632.62595 1209735130.0695 1258805458.0412698 1147664199.5511298 1176702057.5229 1118015433.4598699 1149504871.46237 1113621365.42043 870362828.07654 1183502830.77719 1084335837.38015 924209021.64845 
1026147472.64575 1064516162.59938 1138882168.08664 1131762625.6055598 1106463828.8224201 996297926.53024 637776813.05154 788752714.9 1249533413.90364 1229216673.22575 725190000.34261 1037192191.26325 506167433.47822 0 500930258.7349 846906845.42121 688372123.53479 623813480.78865 566335030.3437 1082376774.98321 1203239994.43276 1015167223.75309 540643677.83781 1053162391.45034 1116251050.63321 1029243105.11632 704547054.63645 1013052295.09391 507443975.98609 1018566123.01208 1201008337.13724 903163391.57137 772173198.58399 573443809.37526 985702654.98046 1096013368.72874 1228674490.84336 669713709.63865 1091421306.45711 1022043354.64835 1097894794.9913 510365472.65685 1042668555.91786 1066184996.31917 1092390410.86908 1167822735.84084 1028756052.04451 901780269.44992 1173681976.36301 1069495021.31756 502999087.92987 1010321112.43443 1085237851.42228 1083199643.1227899 797527656.0522 677021661.18457 581227900.80153 1085102549.11165 976757380.12621 1113678395.57391 1105095062.15302 1123063961.58725 1087244271.64355 1136538940.95112 551470359.80082 1115299494.76048 1235785730.6371 1029299899.7430899 891389867.4559 921334271.04903 845729387.81039 749548374.08457 1118966160.6164 878319888.44932 1023079604.67575 1167951829.5555 1059388534.09936 1053989478.76775 1099114887.0180202 916220897.58982 1074686796.48485 1199939760.52119 923374597.54437 1110223661.68523 1060246902.7530401 847255123.02075 1035533986.97539 1159290864.05894 1081927819.08456 1162721521.49508 1053542862.0757799 1090081046.81915 1213147033.36881 1126629047.2323499 1163608297.90852 1029532098.3872 1018796083.9065001 1074534411.96106 1089871776.0113502 1195119073.6195002 
1117441305.89889 1091463224.9184499 921726039.6776 630832366.87066 1132790527.6025999 1049137839.51486 1138707071.78644 1162882964.64653 1054891902.7667599 1222757299.8287702 1069845677.6041 1318169512.19876 1007097692.21312 500930258.7349 0 551392589.94134 1076594984.46433 1124743739.52355 1067265289.0786 1247153762.2942 1110316304.79349 1230355652.0184798 1041573936.57271 1270209210.1181698 882186777.29316 1399907434.19353 1205477313.37135 1187144682.71601 1008374234.72099 984663915.86206 1206992984.59651 927292725.97301 1153274974.63752 1074374068.1101599 1177339142.1508899 1154533091.14543 1086250083.4235 1170643968.37355 1242352791.6979198 1177667148.4805 1073071299.49635 1011295731.39175 1184085363.89782 1160455878.85465 1244529976.96328 1201479252.7342901 1221424046.07602 669584473.72428 1176913105.49692 1097431366.0479498 1003929346.66477 753523625.16686 1117135733.77208 1134488683.94419 1151842876.53074 600194510.32249 882885253.10601 828851810.59747 681072847.06741 1163830227.2314 790648454.47628 1161400580.07962 1145532649.76382 1210511256.39505 1052400618.53572 907854503.57267 1153817091.25816 1109750538.30736 690187625.21117 1158542049.1234899 1178124991.86168 1194256143.25579 1307836727.1842399 1154856976.74696 906582915.03414 809744171.50481 1154951306.4811502 823464344.576 610857781.52789 803592412.56217 1043170488.0782499 784827482.5042 1130810150.3536901 1111987680.86133 980647689.22138 1223694040.6350698 1232740079.45618 1267474447.46597 748138997.94128 1223731522.8307 1282359476.69547 1238035053.64027 1125394088.88153 1169580162.95033 662678039.17362 1159845921.5156598 1280938138.23909 1139929805.7186098 1173951477.13327 1072965489.42597 
1049408248.6761601 540070634.97711 1040361359.3385 959267755.01106 1201841129.3629599 1303929985.72491 1168395435.3557 1073400799.18234 1234961401.57696 1100555870.03078 1144400627.68049 1170363633.68185 841105052.62827 846906845.42121 551392589.94134 0 525202394.52299 1039911874.24251 1160887118.42537 1061911886.6746299 559573911.30723 1060262572.7847099 1063943119.73868 874426521.35906 1167245777.9437299 1114245509.9921598 887708614.34123 1174053621.73624 1148174675.16221 1179911693.8232799 1142988716.73017 1102378724.46749 1292447901.72089 740514314.95789 625946552.20955 1142496823.85364 1128645214.86864 1240195296.3025799 814015980.23623 1260835402.31215 1164372959.28971 1264623865.5169702 1105277885.82198 1226161697.40421 1105405987.0197601 1238235861.20728 1175821725.43717 1204928481.62295 1057522320.5517399 546038776.10661 1112534709.4943 1227404734.8078399 1108287837.67169 1073279814.66648 1074461913.25225 1151587100.26383 1221247155.1351 1174691550.54886 1091012048.19027 1164663057.30305 1163098832.65384 1023850369.8057001 594140059.82248 1099066670.23499 1200277667.72709 1161344313.8664498 1061077444.55499 558357948.36602 1090429898.70933 917388501.44767 1234336800.4738898 1096706555.04606 949378012.55775 1165496597.09579 1058967863.32867 1078053435.70826 647706664.75677 876255630.27056 909743234.3557 910256719.2883 1124515144.81688 1147598062.5894299 1272531344.9516 718740032.44422 1135645920.58943 1420059578.52181 1194157173.77733 1076661634.2961001 908726656.79828 1160109943.9206 1104968734.92643 686642463.69893 1269380897.37131 1321355349.57142 1210326801.67591 1085552499.1939201 1174870711.6280499 1119893079.78104 1165682627.99872 1144458406.92272 
1140681545.2800002 1065273029.5001 1152711388.3274 1224662671.8544002 1158194608.0279999 1220164194.4016 1053349303.97588 548198404.65935 1063379499.2724301 741248897.66721 619198233.1575 1122306746.20836 1125109629.78806 688372123.53479 1076594984.46433 525202394.52299 0 514709479.71952 892047444.40901 639313824.57538 1084776305.83022 964376900.09572 594857875.36256 1083315585.22263 1200538383.14914 1167119990.80569 1392919178.17124 1049000105.50389 1125865226.49313 1165401226.18893 1150855174.1652899 577176329.9445 1081716347.3442 1242717797.08603 1151148946.7325401 915273636.63608 1114134747.2342901 1134136669.00214 1177921941.99174 1097533024.0112 1349063244.12279 1124572286.7762299 1238642553.60724 1091853195.0977101 1148738045.88597 1139181796.24517 940139137.93502 1121851621.19163 1084252770.95359 992011615.25926 1191371211.4646602 1284103916.80205 1050656389.91629 548077420.14349 567831105.61532 1119479471.82357 1197453892.9167 834256195.81732 604311525.92766 771085220.44545 1148588365.01949 1118354771.39395 1119342454.34547 896250574.74016 1185767200.09274 699887026.25712 1237273661.532 1083560342.88901 785125899.64956 1157374941.3187199 955966638.33457 811346015.12921 547658311.54082 640294202.5728 1172332876.7332602 1086058889.87291 1078334677.29919 955697661.84877 1071708322.5597899 683705799.7047 1179898077.35262 622395668.06644 960604568.24026 1151663547.2545 1232780861.21821 1080959267.6255798 683362958.14885 1138687536.75892 1283507429.2673101 811386661.103 579766340.40344 1178794999.32332 921458187.99049 1135151500.0258799 1191717713.0609999 1167113741.67131 1066148504.09354 1207816891.03649 1153256288.4351902 1098140241.44837 
706984286.56689 1151984503.73006 651693779.36867 1058767517.03416 810397061.10706 1110774134.87379 1091234897.81039 1062907884.37887 772516028.02364 1075402509.286 1133907712.87702 1128936161.75048 1129980914.26687 623813480.78865 1124743739.52355 1039911874.24251 514709479.71952 0 528639579.35348 1044681323.99299 1035650836.73388 610064853.45776 1033639708.21593 1185642652.43861 819901159.25467 1308298282.75223 1044049626.06162 534290625.78437 1039898944.89219 1217558333.43161 1193594772.55164 619915928.33085 1047481980.879 1197257290.16391 1117391822.61652 1193208390.6354098 1060139909.06632 1129024766.06906 663212462.27222 1140272622.39755 1177260422.38971 1112123826.69832 779134637.44733 577143715.37819 1054694959.87886 1178972353.83268 1113381858.26704 1067132276.58483 1068694166.85005 557210622.40492 762177215.84781 1144704912.61827 1067828956.59821 1062786899.8630099 1082540585.3348398 1207831204.8150702 1205041381.59018 1093993712.43628 1119021005.64718 782226295.86409 663584499.33314 819684736.72269 1051017252.25583 1234920787.10151 1170264202.53887 606435067.57921 1131967421.03632 629247924.84735 1161319875.19066 1142890573.65341 1100400466.24634 683718249.64955 681907485.90822 1054991205.8805699 787169986.07767 1228313466.01548 736425446.099 1093532142.5121799 1125014843.24046 1198415279.42422 1075614684.07516 1046125596.58144 899708116.16165 1072528210.69501 1123986057.1810899 566249787.90606 1065423962.60341 1291148976.29808 1076832856.76173 1295249158.7255201 1094475820.12296 1218476884.47854 776380877.23776 1047898857.10534 1110034733.1528 652404261.95179 1138981651.01672 1255002820.53586 1112834540.94026 631164686.0425 
1052103907.3934901 1081828051.85913 1092905955.82544 1009037809.04567 932620530.21038 1185604339.81874 1129330236.3471298 1140152829.41509 1136380141.20783 1206192296.2382798 712250315.08732 1091901876.59579 858171814.25525 566335030.3437 1067265289.0786 1160887118.42537 892047444.40901 528639579.35348 0 516041744.63951 636904964.08906 1137593625.56654 1106978708.18151 1055542304.76495 1116801162.46807 1284241628.8631 1207454083.4443898 787288827.6824 636571247.60102 1147693394.6270099 1069865141.70484 1023382418.92522 518842401.52552 1070775988.2885201 1110810949.02667 1051109403.6833899 1242138293.8078399 1183289726.9423 1164880867.38382 1098149534.7318 1135963810.82375 1042816292.77019 969474076.24237 1027114643.4275401 526055380.52538 1027081087.31136 1142574633.19081 1118816949.54149 1089225589.6854699 1085850201.7584 977396490.10221 1093278281.00684 852418683.11906 1141734390.75963 1191314037.08879 1066548628.7048 741523945.23193 1217264741.08268 1073987345.85294 1220316249.17202 1143985711.74143 1210240085.47056 1077620742.32023 953913978.83473 1117805390.14452 1135074646.9326901 1153665452.74856 1157887504.20083 1145228801.2752 801596439.74001 1128378314.15984 1040208765.872 552631130.2727 1075492522.97229 543453848.81183 1180103589.6135201 1244986356.72208 1192782342.41804 939336277.64296 1213969482.88724 1167221926.4481301 1103722962.60678 889554987.96964 543888631.34153 1089247313.71353 874276965.75535 536784383.24993 1045361595.77337 1228680352.97071 1237440996.7024298 665204923.49545 689837305.12506 1125344395.2108002 1214875545.7430701 1189868498.8155398 1087102871.79823 1071121322.8254199 1132145168.46509 1047356982.09255 966073175.05289 
1156001362.19181 1233886776.73548 1119291655.06377 1202462644.35761 1217286579.8516798 712999945.94097 1046821253.4662399 1187512229.23473 1176109292.61093 1155948031.0064702 1078968645.00714 575860131.95628 1106884889.7413101 1082376774.98321 1247153762.2942 1061911886.6746299 639313824.57538 1044681323.99299 516041744.63951 0 502337975.3674 1003026636.84488 769925964.74297 1282444678.3555 993800883.75841 1246050204.73228 1279627237.7397099 1135616855.70244 1108785993.96445 1132373814.61183 1103419092.3244 858754872.53812 1034884146.16503 1057637218.39736 802856140.71192 535067659.04388 1043783165.37345 667247982.30279 648839122.74431 1189090357.57908 1107137023.34988 1088549594.69636 1044298332.41125 532730071.03404 811812741.13112 827741642.30601 1154614777.25372 602775204.90198 1057444228.3129901 1260223544.99296 1223113002.76868 1118767768.93311 612354490.75359 1114933460.52639 1207144930.1907 1100400295.32992 849270916.17117 1118679973.1087701 1243625350.5030398 1189268426.46982 1238484933.9141798 1096779414.70358 1099189609.89703 691667382.16231 1254092227.5384898 1258543883.13549 1143346937.04007 1161259006.979 629187056.63569 568137026.07926 951092167.85731 1181887005.46646 1068672874.91221 1119908500.73364 829691947.32798 1277953538.74907 1102430891.80328 676740597.77853 636295980.76631 910443371.37672 767334791.00414 1244366952.27871 721918998.09888 784594455.04696 1132105911.8491602 912876941.11412 1052826127.8894401 945059944.80783 734573975.22416 1102874007.9807699 1090112590.65318 1091022843.94719 925939131.70935 1150683252.88968 1039930725.69105 1150499811.23451 603065395.91736 1214700064.97613 1210723199.31469 1137983043.4967 
1071355124.0055299 1099644546.28434 1180584367.74795 1145118937.1364598 1156173072.7172198 1112589670.36195 1388114673.09649 1188715996.054 1076630101.09927 1253619953.70107 1159823607.37451 1078198107.32368 1090839359.04507 1203239994.43276 1110316304.79349 559573911.30723 1084776305.83022 1035650836.73388 636904964.08906 502337975.3674 0 500688661.47748 1025886288.1974399 1206554037.73253 1241464327.18095 1258455182.5964699 1303703866.01854 1158291277.1044302 840930955.7917 881738836.38468 1167015802.29031 755562401.84335 1104143303.1833 995625001.14452 761333203.16868 1037405634.4112799 1136301408.16567 1169585957.67019 799638555.27083 794076655.9137 604799047.98248 1166013114.39096 1149472879.50418 1035068046.4014399 1083187251.98313 1279648166.44379 1239311263.2256598 984191528.34128 1208759229.05399 1105612687.4138398 1164243727.51926 1055127204.54398 548713926.36446 1051292896.13726 1123820385.51537 1271815335.34719 1053006169.1633 871305702.98294 843206689.81934 697291845.1812 1177749755.52545 1069728488.06295 1145027844.3178601 1073808346.83508 1298023691.07719 977211557.78209 1445048030.63009 948361465.74096 544540818.44941 1067194388.0629 1236468574.40189 1403349023.43744 813954213.68438 1081334605.10388 1180358812.9008899 1361966155.20794 1207280576.0640001 1107110106.61168 1138633956.13371 1195774029.59529 1100929205.28532 1376395197.3811698 1154456934.31617 1180793595.43059 1149300578.39125 1164616287.04492 1025664935.51231 517087722.98887 593961531.27601 600536032.61337 587774615.28578 1115707949.16218 1186574957.04952 1275801420.82863 1219220841.60354 1202918673.8018 1105403371.28476 929776272.00605 1116258867.5794902 635645068.1293 
1268329411.97473 1049070111.48153 1155131811.9896798 1180832841.20294 1337161621.5276198 1024853969.9021299 1158665394.4974298 1208269634.03717 1243964812.29337 752931292.22359 1103764013.44187 1128528354.76209 1063989550.74592 1015167223.75309 1230355652.0184798 1060262572.7847099 964376900.09572 610064853.45776 1137593625.56654 1003026636.84488 500688661.47748 0 525197626.71996 906034762.47171 1061041898.83083 1023674503.50605 1178779662.12401 1078273852.31843 572665533.21061 1083787680.2366 1128864422.37727 555185578.15648 1059725595.55618 1131247570.54311 1207891932.44074 704173629.48743 746832837.4032 1041105346.60124 541071122.67708 592626607.35589 878946525.93876 1176873276.01085 1200264324.40645 1187208568.83595 1126747294.09795 1080676930.38283 958747947.10467 560771178.2942 752804570.39079 1128456290.69137 978228671.32978 1169860200.80859 729702475.17486 1164520925.0977101 648248254.59394 771126673.86971 1251105406.82918 1144381447.00481 1331454565.0504098 1112165279.8811202 888157800.41737 1228820191.03975 772750853.87585 1138313814.58656 1188923561.42084 1130828308.47212 1156466378.92667 1239312778.30511 1045229479.9268899 871505181.51818 1219792612.6079202 1139882978.8586798 1185787227.45814 842607077.80423 814537488.57331 1217999045.63419 1211935923.97368 643439958.27354 760596655.51088 1137102150.8264499 1333927485.60223 1148220078.4369102 1158372973.20172 722059301.73659 1138877164.99503 1176314641.36382 1078593655.16247 1017776384.4663501 1094650192.75349 1101224694.0908499 569071963.88986 1178201694.79879 1183623277.88097 1108679226.2819 1203445111.0662498 921796454.44433 1176567631.28901 1138769444.4573002 1138828461.2183099 1136333729.60678 
1033210098.4606199 523872484.76157 723794629.16 901996557.74853 1189999246.41577 685712612.50506 633467767.77747 1049395211.92707 998381475.0004 1047044585.3877299 940172485.87694 794797723.39368 1046811111.31603 540643677.83781 1041573936.57271 1063943119.73868 594857875.36256 1033639708.21593 1106978708.18151 769925964.74297 1025886288.1974399 525197626.71996 0 512518713.61253 1015968941.50621 1119080118.59888 1245190732.47426 1144632488.53445 1048087653.8239 1084370131.94155 1124164328.11338 1080383204.87644 1304028987.06795 1114087487.21307 1275447433.4871402 1140601714.23174 1086837089.86349 1210357387.47646 1066268749.39704 1117824234.07585 1314787893.73314 1051009150.49466 1093761153.10298 1147558950.20967 1197002703.05015 1243894169.9807801 1108408167.1373 1085968805.01416 1155863580.07417 957458323.94626 991706717.01498 1285063425.0531101 996184843.10663 1142935295.50605 1058263763.03671 1136831850.61559 1121871578.63934 1056291102.73388 1143753800.23935 1140783210.53718 858800809.57542 1034390544.32869 992149130.25424 1251069877.84683 1092114037.63863 1271212950.00181 1204222084.62338 1198297772.11733 1199804162.31254 975793173.95874 1164844331.34046 1142219844.3248699 1142516186.90338 1026633281.9823 1149272296.4021 1198839055.97407 816530071.71442 904940072.24665 1139537872.66428 1155229312.05677 1101641952.01966 1017767672.68317 971941356.27959 1100753256.52946 1166339209.33678 963151203.18481 1106532643.6433802 1212801979.0889702 952931694.7148 1338804013.36708 1094269590.60982 988485294.03062 1293213821.01154 1138865989.3017 1081676809.25453 1162934854.9367 999371268.72821 705919238.82272 613630834.49835 654475395.78169 
