24
loc39 loc41 loc20 loc14 loc23 loc7 loc29 loc19 loc6 loc31 loc30 loc35 loc17 loc22 loc33 loc42 loc28 loc25 loc46 loc36 loc4 loc32 loc21 loc44
0 50.0 51.0 54.0 60.0 103.0 77.0 104.0 89.0 51.0 92.0 104.0 92.0 65.0 52.0 76.0 64.0 76.0 96.0 76.0 97.0 75.0 93.0 53.0 
50.0 0 55.0 104.0 62.0 69.0 116.0 65.0 76.0 101.0 115.0 90.0 97.0 107.0 96.0 86.0 62.0 64.0 84.0 76.0 57.0 77.0 91.0 79.0 
51.0 55.0 0 51.0 85.0 52.0 61.0 53.0 72.0 62.0 97.0 55.0 110.0 84.0 82.0 85.0 108.0 107.0 59.0 76.0 109.0 106.0 64.0 70.0 
54.0 104.0 51.0 0 61.0 75.0 91.0 87.0 69.0 84.0 94.0 77.0 92.0 77.0 73.0 70.0 64.0 67.0 77.0 64.0 99.0 70.0 59.0 107.0 
60.0 62.0 85.0 61.0 0 52.0 74.0 94.0 90.0 98.0 66.0 86.0 70.0 110.0 86.0 52.0 68.0 94.0 89.0 70.0 74.0 82.0 110.0 57.0 
103.0 69.0 52.0 75.0 52.0 0 53.0 60.0 64.0 67.0 108.0 60.0 83.0 95.0 82.0 58.0 70.0 85.0 77.0 60.0 110.0 75.0 65.0 56.0 
77.0 116.0 61.0 91.0 74.0 53.0 0 51.0 58.0 54.0 57.0 60.0 60.0 81.0 90.0 73.0 99.0 108.0 74.0 99.0 81.0 94.0 66.0 89.0 
104.0 65.0 53.0 87.0 94.0 60.0 51.0 0 50.0 82.0 62.0 103.0 81.0 89.0 86.0 57.0 62.0 96.0 55.0 52.0 101.0 64.0 111.0 88.0 
89.0 76.0 72.0 69.0 90.0 64.0 58.0 50.0 0 54.0 107.0 97.0 61.0 76.0 89.0 88.0 71.0 65.0 60.0 102.0 74.0 95.0 61.0 90.0 
51.0 101.0 62.0 84.0 98.0 67.0 54.0 82.0 54.0 0 53.0 94.0 114.0 60.0 73.0 103.0 74.0 82.0 85.0 80.0 80.0 114.0 112.0 75.0 
92.0 115.0 97.0 94.0 66.0 108.0 57.0 62.0 107.0 53.0 0 50.0 82.0 108.0 80.0 50.0 54.0 51.0 66.0 89.0 63.0 61.0 95.0 90.0 
104.0 90.0 55.0 77.0 86.0 60.0 60.0 103.0 97.0 94.0 50.0 0 57.0 60.0 71.0 58.0 91.0 77.0 94.0 59.0 86.0 78.0 84.0 89.0 
92.0 97.0 110.0 92.0 70.0 83.0 60.0 81.0 61.0 114.0 82.0 57.0 0 64.0 107.0 66.0 111.0 96.0 76.0 95.0 77.0 73.0 71.0 85.0 
65.0 107.0 84.0 77.0 110.0 95.0 81.0 89.0 76.0 60.0 108.0 60.0 64.0 0 54.0 58.0 77.0 109.0 91.0 62.0 81.0 86.0 52.0 57.0 
52.0 96.0 82.0 73.0 86.0 82.0 90.0 86.0 89.0 73.0 80.0 71.0 107.0 54.0 0 54.0 111.0 94.0 93.0 116.0 110.0 63.0 74.0 91.0 
76.0 86.0 85.0 70.0 52.0 58.0 73.0 57.0 88.0 103.0 50.0 58.0 66.0 58.0 54.0 0 57.0 87.0 90.0 87.0 97.0 79.0 70.0 84.0 
64.0 62.0 108.0 64.0 68.0 70.0 99.0 62.0 71.0 74.0 54.0 91.0 111.0 77.0 111.0 57.0 0 52.0 104.0 63.0 80.0 77.0 83.0 89.0 
76.0 64.0 107.0 67.0 94.0 85.0 108.0 96.0 65.0 82.0 51.0 77.0 96.0 109.0 94.0 87.0 52.0 0 52.0 98.0 81.0 85.0 71.0 60.0 
96.0 84.0 59.0 77.0 89.0 77.0 74.0 55.0 60.0 85.0 66.0 94.0 76.0 91.0 93.0 90.0 104.0 52.0 0 71.0 95.0 78.0 90.0 112.0 
76.0 76.0 76.0 64.0 70.0 60.0 99.0 52.0 102.0 80.0 89.0 59.0 95.0 62.0 116.0 87.0 63.0 98.0 71.0 0 50.0 116.0 72.0 60.0 
97.0 57.0 109.0 99.0 74.0 110.0 81.0 101.0 74.0 80.0 63.0 86.0 77.0 81.0 110.0 97.0 80.0 81.0 95.0 50.0 0 80.0 76.0 110.0 
75.0 77.0 106.0 70.0 82.0 75.0 94.0 64.0 95.0 114.0 61.0 78.0 73.0 86.0 63.0 79.0 77.0 85.0 78.0 116.0 80.0 0 65.0 95.0 
93.0 91.0 64.0 59.0 110.0 65.0 66.0 111.0 61.0 112.0 95.0 84.0 71.0 52.0 74.0 70.0 83.0 71.0 90.0 72.0 76.0 65.0 0 53.0 
53.0 79.0 70.0 107.0 57.0 56.0 89.0 88.0 90.0 75.0 90.0 89.0 85.0 57.0 91.0 84.0 89.0 60.0 112.0 60.0 110.0 95.0 53.0 0 
