37
Nro8QqD7 BR KtvQaJqCJTRpXM8ZI vJxAK1LaHyuu4yFNeul 6DVIvuGfPs2BU Mu wBJRoqVxn1t 6yeW7sat9rvd llx2p lt1a5E0H ImSpax GPeb cYPTdnJWL wcmx8dhmsO nWkakNi6Qt9d4g o3refHnx4qioqHztqMYE zzYmU5YFhvp1 VNvsbB7eWJcAK0fU akZmiQ7tmX KTvdjgP8tvhZu1m FGQD6P frNA534JEvY4f G50hiUpVStHCMrd l HwQeXpOEZHQ3s hVfqebryM4wN A67f K0A9bbVLm9atwTf Plmj0j MBLHuIgjJIXs m 7Q zI L vAIBd1Ae a5oWSrhkZ1i lyenDXSN
0 129.87686 155.89398 262.99184 388.81487 299.04682 392.53662 446.29534 540.31263 558.12723 551.00363 551.66113 612.10865 663.48926 724.69649 749.74157 826.03874 822.00061 687.17683 686.23611 777.34484 905.47943 899.80701 819.43465 710.42938 756.5029099999999 624.05208 590.2042 640.09593 523.7712 339.28962 445.28755 482.05258000000003 552.86979 714.05952 837.11892 288.53423 
129.87686 0 141.30194 199.16074 368.14807 294.59294 419.66296 472.33992 528.14858 537.44767 516.61625 501.49334 577.00347 611.51124 682.81764 708.65559 813.3034600000001 810.5144799999999 689.8534 696.48546 781.33564 843.84892 808.03775 719.21346 620.05564 652.3381 515.83428 509.46448 561.89424 450.31544 216.5453 320.32163 355.18587 423.02364 584.24738 731.71374 391.44859 
155.89398 141.30194 0 179.33767 352.64713 283.5842 413.00121 466.75993 505.78355 520.49304 496.78969 478.67421 557.39573 589.17315 661.63585 687.57036 796.22673 793.91687 676.7212999999999 684.47425 767.81769 820.13639 782.24217 691.84174 595.7381399999999 624.85358 488.78267 483.55765 536.0302800000001 425.56433 188.04521 299.13208 341.71264 400.82415 561.79178 704.14345 402.57297 
262.99184 199.16074 179.33767 0 181.56842 231.0903 274.82358 320.14059 328.98784 342.76085 317.45551 302.3326 378.13225 414.00121 483.6569 509.49485 618.39227 616.4194 505.14651 517.11991 595.92785 650.79797 642.44066 565.72166 453.26372 506.06324 386.89792 335.56425 381.61012 264.31988 190.67927 373.11887 414.43285000000003 426.25333 569.6455 591.25967 376.33167000000003 
388.81487 368.14807 352.64713 181.56842 0 93.2309 180.41951 171.45262 191.26015999999998 171.0117 173.83747 184.66456 224.61077 289.42186 345.54972 363.34694 445.29084 442.36641 340.47395 338.1198 416.71093 534.45299 590.77238 540.10393 417.2052 497.25356999999997 418.30611 288.20132 321.88507 217.51173999999997 338.7226 531.86464 574.56244 557.42623 683.64464 583.12434 368.4196 
299.04682 294.59294 283.5842 231.0903 93.2309 0 139.80701 186.76188 241.98597999999998 259.23927 257.98885 277.22081000000003 317.49331 380.9265 432.23373 456.35622 528.3581 524.64464 396.58164 401.94651 487.9877 626.67695 670.08175 610.87233 488.55916 561.61375 465.3171 359.55528 399.42208 286.62345 317.59758999999997 505.88932 549.43061 553.13651 693.20219 648.3533 292.48077 
392.53662 419.66296 413.00121 274.82358 180.41951 139.80701 0 53.75872 205.91452999999998 226.07128 257.03755 305.0 302.65492 389.03085 413.57466 433.41501000000005 452.86311 447.17436000000004 301.66372 295.67719 389.03213 625.3527 718.68352 677.68208 553.81348 639.36531 565.25569 428.57205 456.2324 360.28461 454.99121 645.48431 689.00218 688.27376 822.41109 724.29 263.79727 
446.29534 472.33992 466.75993 320.14059 171.45262 186.76188 53.75872 0 183.34939 202.2004 245.15301 302.20026 301.14336000000003 373.6964 387.66264 405.35047 407.45478 401.18325 252.72317 244.01844 338.21295 601.77404 712.76925 679.5859 556.36753 646.32035 582.99228 435.61451 457.6833 371.34485 497.28610000000003 689.4557 732.61445 725.40902 854.78535 729.59852 312.60997 
540.31263 528.14858 505.78355 328.98784 191.26015999999998 241.98597999999998 205.91452999999998 183.34939 0 20.24846 125.01539 140.29255 135.75524 191.00262 208.82768 229.37043 290.76451 288.19611 185.23499 208.12496 273.37927 420.74339 534.74199 511.76948 390.56498 488.27287 459.23192 285.22357 294.01531 242.42693 466.80403 656.01991 696.76712 658.31679 763.5071300000001 566.84884 468.01709 
558.12723 537.44767 520.49304 342.76085 171.0117 259.23927 226.07128 202.2004 20.24846 0 106.35057 160.54101 115.54042999999999 192.36230999999998 188.66107 209.12197 275.85808 273.65855 179.62739 205.80087 263.79727 403.09612 519.06415 499.03307 379.02111 477.60339 447.68851 277.71388 283.34608 233.89314 479.61662 662.96078 704.20002 661.5565 763.29831 555.30497 488.24866000000003 
551.00363 516.61625 496.78969 317.45551 173.83747 257.98885 257.03755 245.15301 125.01539 106.35057 0 70.60453 125.44397000000001 148.01990999999998 174.56804 199.0402 308.65029 308.31153 235.70121 265.0 314.41374 385.87277 471.58938 441.37843999999996 319.69048 417.27774 385.54377 215.41588 223.02018 173.04624 432.13077 615.43481 654.82364 606.73882 704.18182 495.97434 519.2149300000001 
551.66113 501.49334 478.67421 302.3326 184.66456 277.22081000000003 305.0 302.20026 140.29255 160.54101 70.60453 0 100.60318 112.08925 209.62308 210.34258 355.94285 357.23132 302.04966 333.36167 379.15047000000004 359.37302 413.69675 378.53774 254.16727 349.20624 319.85958 144.93102 156.55351 106.40489 389.66652 565.93795 603.07628 546.96306 637.22288 429.91743 550.94283 
612.10865 577.00347 557.39573 378.13225 224.61077 317.49331 302.65492 301.14336000000003 135.75524 115.54042999999999 125.44397000000001 100.60318 0 95.21029 145.38952999999998 138.92804 255.83784 256.62814 209.97381 245.08987000000002 282.1961 322.81574 442.63077 430.00116 314.55365 416.47519 405.34123 230.41267 233.65439 205.8276 485.42044 664.56753 702.83142 647.23566 734.79054 488.92126 564.38728 
663.48926 611.51124 589.17315 414.00121 289.42186 380.9265 389.03085 373.6964 191.00262 192.36230999999998 148.01990999999998 112.08925 95.21029 0 106.37842 110.30866 288.58621 292.48761 288.68322 327.00153 340.42473 247.28377 347.57014 346.15384 239.88214 333.13211 351.41005 176.9548 155.87234 192.57014 488.10684 652.15412 687.15455 616.28321 686.95857 401.21441 646.32035 
724.69649 682.81764 661.63585 483.6569 345.54972 432.23373 413.57466 387.66264 208.82768 188.66107 174.56804 209.62308 145.38952999999998 106.37842 0 26.01922 208.21383 213.28385 271.27065 283.10599 275.77164 214.74171 389.1662 393.71182 298.96488 398.9787 428.5443 262.2556 231.94827 276.2917 570.32009 737.79817 773.13388 702.48843 769.0175 458.0393 676.8447699999999 
749.74157 708.65559 687.57036 509.49485 363.34694 456.35622 433.41501000000005 405.35047 229.37043 209.12197 199.0402 210.34258 138.92804 110.30866 26.01922 0 193.1269 199.06832 269.5663 285.59062 269.45315 200.26233 380.57982 405.59643000000005 313.1597 413.33426 448.00645000000003 284.31848 251.46173 294.09182 595.90939 762.40999 797.4616 725.38596 788.26962 468.74052 697.0581 
826.03874 813.3034600000001 796.22673 618.39227 445.29084 528.3581 452.86311 407.45478 290.76451 275.85808 308.65029 355.94285 255.83784 288.58621 208.21383 193.1269 0 92.94354 160.12495 186.81542 112.76968 340.75102 559.58288 592.94951 506.15116 604.82146 635.56323 465.54101 439.06833 457.13893 740.78106 920.36352 958.41797 898.61505 973.69862 658.3810699999999 703.65901 
822.00061 810.51448 793.91687 616.4194 442.36641 524.64464 447.17436000000004 401.18325 288.19611 273.65855 308.31153 357.23132 256.62814 292.48761 213.28385 199.06832 92.94354 0 156.86761 178.21616 102.9563 344.37189 567.56674 600.0255199999999 512.1059 610.77819 639.12753 468.47181 443.40726 459.30815 740.29791 921.16882 959.44255 900.99532 977.34899 665.3269799999999 696.82207 
687.17683 689.8534 676.7212999999999 505.14651 340.47395 396.58164 301.66372 252.72317 185.23499 179.62739 235.70121 302.04966 209.97381 288.68322 271.27065 269.5663 160.12495 156.86761 0 40.4475 91.48224 437.03204 621.4636 627.6464 519.35643 621.13847 614.55756 440.06931 434.52067 408.09432 651.55967 841.18989 881.9212 841.0 938.93823 689.65571 545.18609 
686.23611 696.48546 684.47425 517.11991 338.1198 401.94651 295.67719 244.01844 208.12496 205.80087 265.0 333.36167 245.08987000000002 327.00153 283.10599 285.59062 186.81542 178.21616 40.4475 0 95.18929 476.65606 661.9111 666.57933 556.86354 658.61445 648.7384 475.33988 468.62746 438.01833999999997 670.25518 861.30424 903.26847 866.44175 968.50658 728.20395 528.24615 
777.34484 781.33564 767.81769 595.92785 416.71093 487.9877 389.03213 338.21295 273.37927 263.79727 314.41374 379.15047000000004 282.1961 340.42473 275.77164 269.45315 112.76968 102.9563 91.48224 95.18929 0 438.98975 649.16254 669.47218 570.27186 671.72167 680.64969 505.88932 490.76471 482.24994 738.82407 926.75805 967.34045 920.96688 1011.85078 733.64433 623.10593 
905.47943 843.84892 820.13639 650.79797 534.45299 626.67695 625.3527 601.77404 420.74339 403.09612 385.87277 359.37302 322.81574 247.28377 214.74171 200.26233 340.75102 344.37189 437.03204 476.65606 438.98975 0 248.68454 323.66854 294.73039 362.62653 458.62839 348.2815 297.00168 395.18224 692.26551 828.30429 856.35623 760.76015 783.10791 382.22878000000003 887.03157 
899.80701 808.03775 782.24217 642.44066 590.77238 670.08175 718.68352 712.76925 534.74199 519.06415 471.58938 413.69675 442.63077 347.57014 389.1662 380.57982 559.58288 567.56674 621.4636 661.9111 649.16254 248.68454 0 108.00463 189.80967 191.58555 317.38863000000003 314.00637 270.66215 385.91839 615.13814 700.68823 718.71691 604.11919 585.24696 151.00331 958.87695 
819.43465 719.21346 691.84174 565.72166 540.10393 610.87233 677.68208 679.5859 511.76948 499.03307 441.37843999999996 378.53774 430.00116 346.15384 393.71182 405.59643 592.94951 600.0255199999999 627.6464 666.57933 669.47218 323.66854 108.00463 0 124.91997 125.34649 214.46782000000002 252.24789 221.98423 324.72142 518.86222 594.45521 611.49407 496.17033 481.05827 128.05637000000002 903.11683 
710.42938 620.05564 595.7381399999999 453.26372 417.2052 488.55916 553.81348 556.36753 390.56498 379.02111 319.69048 254.16727 314.55365 239.88214 298.96488 313.1597 506.15116 512.1059 519.35643 556.86354 570.27186 294.73039 189.80967 124.91997 0 101.92154 164.2011 129.00388 111.67423 201.94306 433.55392 543.04512 567.70767 466.95824 493.32342 176.28386 780.20831 
756.5029099999999 652.3381 624.85358 506.06324 497.25356999999997 561.61375 639.36531 646.32035 488.27287 477.60339 417.27774 349.20624 416.47519 333.13211 398.9787 413.33426 604.82146 610.77819 621.13847 658.61445 671.72167 362.62653 191.58555 125.34649 101.92154 0 142.86357 215.08512 194.25756 279.97321 449.16033 527.18227 540.70325 427.05737 423.48137 86.76405 853.93735 
624.05208 515.83428 488.78267 386.89792 418.30611 465.3171 565.25569 582.99228 459.23192000000006 447.68851 385.54377 319.85958 405.34123 351.41005 428.5443 448.00645000000003 635.56323 639.12753 614.55756 648.7384 680.64969 458.62839 317.38863000000003 214.46782000000002 164.2011 142.86357 0 174.92856 196.59603 231.68725 308.31082 385.53274999999996 408.2653 302.83989 340.4732 216.30072 752.31709 
590.2042 509.46448 483.55765 335.56425 288.20132 359.55528 428.57205 435.61451 285.22357 277.71388 215.41588 144.93102 230.41267 176.9548 262.2556 284.31848 465.54101 468.47181 440.06931 475.33988 505.88932 348.2815 314.00637 252.24789 129.00388 215.08512 174.92856 0 83.09449000000001 96.33949 343.98401 487.9877 520.01731 449.94300999999996 515.40176 295.74651 651.30731 
640.09593 561.89424 536.0302800000001 381.61012 321.88507 399.42208 456.2324 457.6833 294.01531 283.34608 223.02018 156.55351 233.65439 155.87234 231.94827 251.46173 439.06833 443.40726 434.52067 468.62746 490.76471 297.00168 270.66215 221.98423 111.67423 194.25756 196.59603 83.09449000000001 0 117.29024 395.9255 535.00841 565.60057 481.03342 537.0692300000001 273.43738 689.01124 
523.7712 450.31544 425.56433 264.31988 217.51173999999997 286.62345 360.28461 371.34485 242.42693 233.89314 173.04624 106.40489 205.8276 192.57014 276.2917 294.09182 457.13893 459.30815 408.09432 438.01833999999997 482.24994 395.18224 385.91839 324.72142 201.94306 279.97321 231.68725 96.33949 117.29024 0 305.01475 468.70566 504.62362 441.98906 531.13558 365.89206 578.50843 
339.28962 216.5453 188.04521 190.67927 338.7226 317.59758999999997 454.99121 497.28610000000003 466.80403 479.61662 432.13077 389.66652 485.42044 488.10684 570.32009 595.90939 740.78106 740.29791 651.55967 670.25518 738.82407 692.26551 615.13814 518.86222 433.55392 449.16033 308.31082 343.98401 395.9255 305.01475 0 193.19679 236.1292 243.82166 397.04534 524.21847 539.33478 
445.28755 320.32163 299.13208 373.11887 531.86464 505.88932 645.48431 689.4557 656.01991 662.96078 615.43481 565.93795 664.56753 652.15412 737.79817 762.40999 920.36352 921.16882 841.18989 861.30424 926.75805 828.30429 700.68823 594.45521 543.04512 527.18227 385.53274999999996 487.9877 535.00841 468.70566 193.19679 0 43.56604 131.71181 283.98944 578.52986 697.3352400000001 
482.05258000000003 355.18587 341.71264 414.43285000000003 574.56244 549.43061 689.00218 732.61445 696.76712 704.20002 654.82364 603.07628 702.83142 687.15455 773.13388 797.4616 958.41797 959.44255 881.9212 903.26847 967.34045 856.35623 718.71691 611.49407 567.70767 540.70325 408.2653 520.01731 565.60057 504.62362 236.1292 43.56604 0 175.27785 288.67186000000004 590.93253 738.5479 
552.86979 423.02364 400.82415 426.25333 557.42623 553.13651 688.27376 725.40902 658.31679 661.5565 606.73882 546.96306 647.23566 616.28321 702.48843 725.38596 898.61505 900.99532 841.0 866.44175 920.96688 760.76015 604.11919 496.17033 466.95824 427.05737 302.83989 449.94300999999996 481.03342 441.98906 243.82166 131.71181 175.27785 0 206.06787 470.3892 781.46337 
714.05952 584.24738 561.79178 569.6455 683.64464 693.20219 822.41109 854.78535 763.5071300000001 763.29831 704.18182 637.22288 734.79054 686.95857 769.0175 788.26962 973.69862 977.34899 938.93823 968.50658 1011.85078 783.10791 585.24696 481.05827 493.32342 423.48137 340.4732 515.40176 537.0692300000001 531.13558 397.04534 283.98944 288.67186000000004 206.06787 0 444.53736000000004 936.38012 
837.11892 731.71374 704.14345 591.25967 583.12434 648.3533 724.29 729.59852 566.84884 555.30497 495.97434 429.91743 488.92126 401.21441 458.0393 468.74052 658.3810699999999 665.3269799999999 689.65571 728.20395 733.64433 382.22878000000003 151.00331 128.05637000000002 176.28386 86.76405 216.30072 295.74651 273.43738 365.89206 524.21847 578.52986 590.93253 470.3892 444.53736000000004 0 940.7014 
288.53423 391.44859 402.57297 376.33167000000003 368.4196 292.48077 263.79727 312.60997000000003 468.01709 488.24866000000003 519.2149300000001 550.94283 564.38728 646.32035 676.8447699999999 697.0581 703.65901 696.82207 545.18609 528.24615 623.10593 887.03157 958.87695 903.11683 780.20831 853.93735 752.31709 651.30731 689.01124 578.50843 539.33478 697.3352400000001 738.5479 781.46337 936.38012 940.7014 0 
