49
f4f0866d5e97488aa802 87ecc0a3a59f407c9b3d e73af41069ed4943a52c 6e67d80aec8b4fc0a0f4 e0cb3963860e4d049310 12424155e29a4ad09224 5042f23712404074ac94 5c8da1e70e304c18a2e4 3f86be020a0e43e4b1ff ab6a4a3d324a4e118998 9a007b07478f49ea8ad1 dcee8e551d34480d82e2 008aafd1b0ec4150aacc 4da00804134d4fc9a85c 863d51b71d174e18a8b2 e9189c39d6f9459fb82b 950cb52e3a1446d9af98 365700b51db445e3a31a 5a90ec8096c2423fb598 ebbbcdcdb3554877aeb0 e0d6bb0c69d74ec5a7c2 00ab75eeae43479b93a1 95119be28c194159a1ee f911fa4d522a4357aa0b f451d0f96c4e44e5a7a2 ced33625aef44e049e40 bc0a76f3195549949d49 d8981e847a1946839e08 a1480b86aa6b4e8ab46b ac82fe0455c04a6fbc21 4aadb3216b4343adbebd cc5f406e2dcd46bebe75 6c5164d75c654b6e9e3b bbb11a04c8a343348a26 268fc1cec41445e9ae4c ce0b9987a99a4073beab 1733e0b32fcb468e9db5 3b86319574304aac82c1 6ea877c3766c4669a150 113cbb314b8c423e99ac 728908ec3cef4db29934 a72944b166b948ed8afb e3697cd0e4bb4631b60b 68b5e6aea12140d2bb26 c1b06ccaa4874b00a961 a5e69939e9704f81a60e 7a06c0a05152448791da bb70a9f783b44f29aa76 6a5e7697411b4a5f9bee
0 19185.0 31549.0 34067.0 72983.0 97686.0 76337.0 94416.0 88186.0 85074.0 68023.0 104184.0 122611.0 79025.0 92436.0 100981.0 90561.0 87590.0 117057.0 101999.0 101696.0 95031.0 106566.0 115890.0 105494.0 85850.0 64014.0 86658.0 111241.0 114967.0 119880.0 67221.0 78461.0 87891.0 81594.0 82647.0 98298.0 91229.0 92872.0 104493.0 57541.0 92904.0 82062.0 66100.0 103613.0 114815.0 89910.0 85503.0 34668.0 
19185.0 0 50734.0 53252.0 79963.0 103018.0 95522.0 106718.0 107371.0 104259.0 87208.0 100371.0 123746.0 59840.0 73251.0 97328.0 86908.0 94739.0 97872.0 116803.0 108934.0 89448.0 94096.0 112262.0 92935.0 105035.0 83199.0 98447.0 123030.0 126756.0 135471.0 86406.0 97646.0 107076.0 100779.0 74130.0 105531.0 110414.0 103638.0 85308.0 76726.0 73719.0 101247.0 85285.0 84428.0 99578.0 70725.0 66318.0 53853.0 
31549.0 50734.0 0 30054.0 72511.0 89733.0 89864.0 90403.0 102094.0 101074.0 93900.0 114570.0 124898.0 75483.0 74568.0 105665.0 95245.0 92274.0 93998.0 97986.0 117203.0 125640.0 97358.0 94169.0 86585.0 95145.0 64175.0 66032.0 90615.0 94341.0 125720.0 80748.0 90090.0 75404.0 69103.0 95284.0 81660.0 104756.0 88859.0 122569.0 89090.0 90381.0 50513.0 79627.0 130642.0 118646.0 110874.0 106467.0 48195.0 
34067.0 53252.0 30054.0 0 46397.0 63619.0 76882.0 60349.0 82465.0 79851.0 64213.0 100374.0 118801.0 85567.0 62618.0 97916.0 92369.0 102888.0 104027.0 67932.0 114084.0 98928.0 104056.0 93660.0 71427.0 65297.0 80059.0 79195.0 103778.0 103268.0 126571.0 83266.0 79006.0 88436.0 84267.0 65230.0 64231.0 91774.0 58805.0 113955.0 86163.0 108815.0 50673.0 66645.0 117660.0 91286.0 80820.0 76413.0 35213.0 
72983.0 79963.0 72511.0 46397.0 0 27016.0 64511.0 86669.0 90551.0 89190.0 72139.0 108300.0 126188.0 101531.0 91690.0 56392.0 45972.0 62677.0 99658.0 103537.0 125930.0 98143.0 80823.0 84193.0 97025.0 78610.0 47640.0 57500.0 82083.0 66665.0 109185.0 69205.0 89988.0 102780.0 103134.0 86294.0 106688.0 73192.0 105202.0 78089.0 49560.0 89890.0 88735.0 81271.0 90795.0 58631.0 110319.0 105912.0 38315.0 
97686.0 103018.0 89733.0 63619.0 27016.0 0 37495.0 93044.0 80028.0 90942.0 89361.0 104832.0 107396.0 91766.0 85578.0 83408.0 72988.0 89693.0 113579.0 83650.0 115191.0 80485.0 68395.0 75822.0 110974.0 95361.0 64391.0 67958.0 92541.0 39649.0 103386.0 96221.0 96289.0 81603.0 93494.0 96921.0 98283.0 61535.0 97232.0 86733.0 66782.0 76669.0 110352.0 91380.0 96163.0 49717.0 94037.0 89630.0 65331.0 
76337.0 95522.0 89864.0 76882.0 64511.0 37495.0 0 58512.0 80628.0 86811.0 61556.0 67337.0 85764.0 110530.0 110731.0 111386.0 100966.0 113710.0 108021.0 66095.0 113726.0 102213.0 105890.0 113317.0 88687.0 104375.0 92772.0 102632.0 119649.0 77144.0 119226.0 102015.0 96986.0 101119.0 100470.0 85984.0 86886.0 99030.0 104115.0 80240.0 64501.0 87973.0 103613.0 84625.0 129655.0 87212.0 78983.0 74576.0 53193.0 
94416.0 106718.0 90403.0 60349.0 86669.0 93044.0 58512.0 0 22116.0 53176.0 56284.0 70277.0 101137.0 87255.0 99805.0 84930.0 74510.0 57805.0 76347.0 34421.0 82052.0 87458.0 83611.0 82827.0 79150.0 82783.0 51813.0 61673.0 61137.0 89982.0 111011.0 58352.0 79135.0 72198.0 101950.0 72953.0 62422.0 51972.0 100465.0 116751.0 117378.0 81858.0 86885.0 101905.0 110580.0 89915.0 47309.0 42902.0 91407.0 
88186.0 107371.0 102094.0 82465.0 90551.0 80028.0 80628.0 22116.0 0 31060.0 49869.0 86030.0 96925.0 93033.0 107488.0 102409.0 91989.0 79921.0 98463.0 56537.0 71652.0 95743.0 83505.0 104943.0 87706.0 98922.0 73929.0 83789.0 69509.0 105088.0 88895.0 36236.0 57019.0 71705.0 94810.0 81509.0 84538.0 51434.0 91156.0 104753.0 108502.0 68842.0 109001.0 88889.0 118665.0 83830.0 69425.0 65018.0 81502.0 
85074.0 104259.0 101074.0 79851.0 89190.0 90942.0 86811.0 53176.0 31060.0 0 31123.0 67284.0 77796.0 93809.0 107220.0 94402.0 94601.0 92196.0 104646.0 62720.0 68932.0 88552.0 60270.0 90962.0 70036.0 74535.0 88659.0 75346.0 50763.0 96043.0 113989.0 61330.0 63543.0 48857.0 76789.0 63839.0 91932.0 82494.0 112646.0 105495.0 89756.0 79106.0 92610.0 105712.0 113020.0 66574.0 75608.0 71201.0 62756.0 
68023.0 87208.0 93900.0 64213.0 72139.0 89361.0 61556.0 56284.0 49869.0 31123.0 0 36161.0 54588.0 76758.0 90169.0 99109.0 109529.0 111005.0 129906.0 90705.0 64373.0 83825.0 91393.0 87631.0 78225.0 99599.0 76438.0 86298.0 69572.0 100975.0 91376.0 86105.0 94666.0 79980.0 56248.0 93684.0 88619.0 99274.0 111416.0 124304.0 108565.0 47983.0 94401.0 88661.0 116398.0 92054.0 90352.0 85945.0 45705.0 
104184.0 100371.0 114570.0 100374.0 108300.0 104832.0 67337.0 70277.0 86030.0 67284.0 36161.0 0 60369.0 84127.0 97538.0 92538.0 82118.0 79147.0 116128.0 103081.0 100534.0 89606.0 101090.0 93412.0 81459.0 105380.0 92293.0 114937.0 105733.0 130442.0 109510.0 121403.0 130827.0 116141.0 92409.0 114306.0 94400.0 122249.0 117197.0 124359.0 124911.0 84144.0 130227.0 124822.0 108715.0 79370.0 96133.0 91726.0 81866.0 
122611.0 123746.0 124898.0 118801.0 126188.0 107396.0 85764.0 101137.0 96925.0 77796.0 54588.0 60369.0 0 63906.0 86855.0 90636.0 80216.0 77245.0 114226.0 108720.0 65933.0 108033.0 106270.0 111839.0 106539.0 110108.0 108439.0 89988.0 114571.0 110103.0 98133.0 103926.0 83143.0 68457.0 110836.0 116262.0 110441.0 124688.0 92223.0 85449.0 132333.0 96439.0 117583.0 143249.0 122763.0 86174.0 114560.0 110153.0 100293.0 
79025.0 59840.0 75483.0 85567.0 101531.0 91766.0 110530.0 87255.0 93033.0 93809.0 76758.0 84127.0 63906.0 0 22949.0 58247.0 55559.0 52588.0 89569.0 96932.0 91207.0 81732.0 85613.0 77785.0 42633.0 71399.0 89674.0 108234.0 101886.0 122568.0 108437.0 111312.0 95233.0 80949.0 74648.0 52356.0 94136.0 88984.0 76593.0 69819.0 68427.0 80809.0 62858.0 107952.0 68184.0 98274.0 93834.0 89427.0 76520.0 
92436.0 73251.0 74568.0 62618.0 91690.0 85578.0 110731.0 99805.0 107488.0 107220.0 90169.0 97538.0 86855.0 22949.0 0 35298.0 45718.0 42000.0 78981.0 109571.0 99919.0 91188.0 99024.0 82896.0 56044.0 84810.0 88362.0 98222.0 78937.0 125227.0 109782.0 101471.0 94574.0 79888.0 73503.0 64493.0 98872.0 111933.0 93322.0 92768.0 81838.0 58531.0 39909.0 105321.0 81595.0 109373.0 107245.0 102838.0 62365.0 
100981.0 97328.0 105665.0 97916.0 56392.0 83408.0 111386.0 84930.0 102409.0 94402.0 99109.0 92538.0 90636.0 58247.0 35298.0 0 10420.0 27125.0 64106.0 106032.0 96664.0 69294.0 97576.0 111583.0 91342.0 95986.0 65016.0 68222.0 43639.0 96531.0 82974.0 66173.0 86956.0 101642.0 104830.0 99791.0 121364.0 96646.0 91368.0 72337.0 105952.0 93829.0 75207.0 116146.0 55243.0 76007.0 124527.0 120120.0 94707.0 
90561.0 86908.0 95245.0 92369.0 45972.0 72988.0 100966.0 74510.0 91989.0 94601.0 109529.0 82118.0 80216.0 55559.0 45718.0 10420.0 0 16705.0 53686.0 95612.0 86244.0 79714.0 87779.0 101163.0 93883.0 85566.0 54596.0 64456.0 54059.0 92765.0 72554.0 55753.0 76536.0 91222.0 94410.0 107915.0 110944.0 86226.0 80948.0 61917.0 95532.0 84896.0 85627.0 105726.0 44823.0 65587.0 115177.0 110770.0 84287.0 
87590.0 94739.0 92274.0 102888.0 62677.0 89693.0 113710.0 57805.0 79921.0 92196.0 111005.0 79147.0 77245.0 52588.0 42000.0 27125.0 16705.0 0 36981.0 78907.0 102949.0 92300.0 97677.0 98192.0 77178.0 96120.0 52366.0 69380.0 70764.0 97689.0 69583.0 72458.0 93241.0 97740.0 91439.0 103597.0 108310.0 84809.0 89932.0 58946.0 102298.0 68191.0 81909.0 122431.0 61528.0 82292.0 105114.0 100707.0 100992.0 
117057.0 97872.0 93998.0 104027.0 99658.0 113579.0 108021.0 76347.0 98463.0 104646.0 129906.0 116128.0 114226.0 89569.0 78981.0 64106.0 53686.0 36981.0 0 41926.0 89557.0 58114.0 62762.0 80928.0 97072.0 101691.0 89347.0 101011.0 107745.0 98950.0 106564.0 109439.0 114150.0 99464.0 93163.0 90875.0 117795.0 78012.0 126913.0 95927.0 135475.0 86625.0 78160.0 127157.0 98509.0 98908.0 74367.0 69960.0 84201.0 
101999.0 116803.0 97986.0 67932.0 103537.0 83650.0 66095.0 34421.0 56537.0 62720.0 90705.0 103081.0 108720.0 96932.0 109571.0 106032.0 95612.0 78907.0 41926.0 0 47631.0 95041.0 91194.0 115486.0 95218.0 93792.0 68681.0 78541.0 95558.0 100412.0 106992.0 89702.0 94467.0 79781.0 105098.0 72602.0 90933.0 86393.0 89882.0 109092.0 115571.0 99341.0 94468.0 109179.0 118577.0 72131.0 54892.0 50485.0 103145.0 
101696.0 108934.0 117203.0 114084.0 125930.0 115191.0 113726.0 82052.0 71652.0 68932.0 64373.0 100534.0 65933.0 91207.0 99919.0 96664.0 86244.0 102949.0 89557.0 47631.0 0 60452.0 88734.0 101511.0 92742.0 63976.0 107730.0 107971.0 107381.0 86790.0 115887.0 107888.0 106790.0 92104.0 89602.0 91354.0 117250.0 109983.0 102974.0 118263.0 87441.0 112356.0 106584.0 102399.0 106942.0 71981.0 95262.0 90855.0 99496.0 
95031.0 89448.0 125640.0 98928.0 98143.0 80485.0 102213.0 87458.0 95743.0 88552.0 83825.0 89606.0 108033.0 81732.0 91188.0 69294.0 79714.0 92300.0 58114.0 95041.0 60452.0 0 28282.0 58974.0 90090.0 67367.0 74249.0 69145.0 74647.0 40836.0 88951.0 59507.0 79854.0 65168.0 68371.0 74992.0 103475.0 89018.0 109653.0 102371.0 84892.0 78201.0 89166.0 105612.0 88174.0 41728.0 56497.0 52090.0 109968.0 
106566.0 94096.0 97358.0 104056.0 80823.0 68395.0 105890.0 83611.0 83505.0 60270.0 91393.0 101090.0 106270.0 85613.0 99024.0 97576.0 87779.0 97677.0 62762.0 91194.0 88734.0 28282.0 0 30692.0 65844.0 76937.0 45967.0 55827.0 69065.0 69118.0 97335.0 47269.0 68052.0 75862.0 65983.0 69410.0 106340.0 93666.0 117079.0 105881.0 86610.0 74847.0 88554.0 114854.0 82592.0 36146.0 84779.0 80372.0 83422.0 
115890.0 112262.0 94169.0 93660.0 84193.0 75822.0 113317.0 82827.0 104943.0 90962.0 87631.0 93412.0 111839.0 77785.0 82896.0 111583.0 101163.0 98192.0 80928.0 115486.0 101511.0 58974.0 30692.0 0 35152.0 63918.0 76659.0 86519.0 99757.0 99810.0 124716.0 77961.0 98744.0 100089.0 93788.0 83849.0 85027.0 93459.0 95276.0 109850.0 74117.0 44155.0 67793.0 136363.0 113284.0 66838.0 104821.0 100414.0 93407.0 
105494.0 92935.0 86585.0 71427.0 97025.0 110974.0 88687.0 79150.0 87706.0 70036.0 78225.0 81459.0 106539.0 42633.0 56044.0 91342.0 93883.0 77178.0 97072.0 95218.0 92742.0 90090.0 65844.0 35152.0 0 28766.0 72520.0 82380.0 106963.0 97380.0 96606.0 98574.0 102927.0 88241.0 81940.0 48697.0 90477.0 94160.0 80146.0 94720.0 97314.0 45355.0 48768.0 105605.0 101279.0 81471.0 69669.0 65262.0 74382.0 
85850.0 105035.0 95145.0 65297.0 78610.0 95361.0 104375.0 82783.0 98922.0 74535.0 99599.0 105380.0 110108.0 71399.0 84810.0 95986.0 85566.0 96120.0 101691.0 93792.0 63976.0 67367.0 76937.0 63918.0 28766.0 0 43754.0 53614.0 78197.0 81923.0 100349.0 95012.0 95855.0 81169.0 82174.0 77463.0 68009.0 65394.0 102646.0 117220.0 126080.0 70821.0 77534.0 94138.0 124348.0 95736.0 98435.0 94028.0 62706.0 
64014.0 83199.0 64175.0 80059.0 47640.0 64391.0 92772.0 51813.0 73929.0 88659.0 76438.0 92293.0 108439.0 89674.0 88362.0 65016.0 54596.0 52366.0 89347.0 68681.0 107730.0 74249.0 45967.0 76659.0 72520.0 43754.0 0 22644.0 47227.0 50953.0 61545.0 77829.0 98612.0 100013.0 106431.0 99694.0 89163.0 82028.0 121126.0 90140.0 97200.0 97162.0 73259.0 112092.0 99419.0 67255.0 81569.0 77162.0 80660.0 
86658.0 98447.0 66032.0 79195.0 57500.0 67958.0 102632.0 61673.0 83789.0 75346.0 86298.0 114937.0 89988.0 108234.0 98222.0 68222.0 64456.0 69380.0 101011.0 78541.0 107971.0 69145.0 55827.0 86519.0 82380.0 53614.0 22644.0 0 24583.0 28309.0 84189.0 81892.0 102675.0 88338.0 96692.0 77263.0 89751.0 63061.0 109815.0 107154.0 107060.0 79778.0 83119.0 115880.0 109279.0 66742.0 91429.0 87022.0 84448.0 
111241.0 123030.0 90615.0 103778.0 82083.0 92541.0 119649.0 61137.0 69509.0 50763.0 69572.0 105733.0 114571.0 101886.0 78937.0 43639.0 54059.0 70764.0 107745.0 95558.0 107381.0 74647.0 69065.0 99757.0 106963.0 78197.0 47227.0 24583.0 0 52892.0 108772.0 100290.0 114306.0 99620.0 112348.0 101846.0 98487.0 87644.0 134044.0 115976.0 128205.0 104361.0 107702.0 140463.0 98882.0 82511.0 80888.0 76481.0 101205.0 
114967.0 126756.0 94341.0 103268.0 66665.0 39649.0 77144.0 89982.0 105088.0 96043.0 100975.0 130442.0 110103.0 122568.0 125227.0 96531.0 92765.0 97689.0 98950.0 100412.0 86790.0 40836.0 69118.0 99810.0 97380.0 81923.0 50953.0 28309.0 52892.0 0 63737.0 100343.0 101390.0 86704.0 86055.0 84372.0 87759.0 91370.0 134142.0 126382.0 106431.0 108087.0 111428.0 92391.0 129010.0 82564.0 97333.0 92926.0 103607.0 
119880.0 135471.0 125720.0 126571.0 109185.0 103386.0 119226.0 111011.0 88895.0 113989.0 91376.0 109510.0 98133.0 108437.0 109782.0 82974.0 72554.0 69583.0 106564.0 106992.0 115887.0 88951.0 97335.0 124716.0 96606.0 100349.0 61545.0 84189.0 108772.0 63737.0 0 52659.0 73442.0 88128.0 78573.0 61341.0 64408.0 101253.0 100350.0 107357.0 101242.0 87619.0 119267.0 152276.0 117377.0 97024.0 119645.0 115238.0 109320.0 
67221.0 86406.0 80748.0 83266.0 69205.0 96221.0 102015.0 58352.0 36236.0 61330.0 86105.0 121403.0 103926.0 111312.0 101471.0 66173.0 55753.0 72458.0 109439.0 89702.0 107888.0 59507.0 47269.0 77961.0 98574.0 95012.0 77829.0 81892.0 100290.0 100343.0 52659.0 0 20783.0 35469.0 73236.0 80906.0 59071.0 52518.0 69810.0 72035.0 95905.0 105078.0 100254.0 107532.0 94040.0 47594.0 105142.0 100735.0 76100.0 
78461.0 97646.0 90090.0 79006.0 89988.0 96289.0 96986.0 79135.0 57019.0 63543.0 94666.0 130827.0 83143.0 95233.0 94574.0 86956.0 76536.0 93241.0 114150.0 94467.0 106790.0 79854.0 68052.0 98744.0 102927.0 95855.0 98612.0 102675.0 114306.0 101390.0 73442.0 20783.0 0 14686.0 62489.0 101689.0 74543.0 73301.0 90593.0 92818.0 116688.0 117019.0 79471.0 86749.0 114823.0 68377.0 107355.0 102948.0 55317.0 
87891.0 107076.0 75404.0 88436.0 102780.0 81603.0 101119.0 72198.0 71705.0 48857.0 79980.0 116141.0 68457.0 80949.0 79888.0 101642.0 91222.0 97740.0 99464.0 79781.0 92104.0 65168.0 75862.0 100089.0 88241.0 81169.0 100013.0 88338.0 99620.0 86704.0 88128.0 35469.0 14686.0 0 47803.0 88784.0 88057.0 87987.0 105279.0 107504.0 111214.0 102333.0 64785.0 96179.0 103681.0 57235.0 92669.0 88262.0 64747.0 
81594.0 100779.0 69103.0 84267.0 103134.0 93494.0 100470.0 101950.0 94810.0 76789.0 56248.0 92409.0 110836.0 74648.0 73503.0 104830.0 94410.0 91439.0 93163.0 105098.0 89602.0 68371.0 65983.0 93788.0 81940.0 82174.0 106431.0 96692.0 112348.0 86055.0 78573.0 73236.0 62489.0 47803.0 0 40981.0 46233.0 83078.0 90192.0 104766.0 63411.0 99485.0 58484.0 126739.0 103116.0 79429.0 103963.0 99556.0 84014.0 
82647.0 74130.0 95284.0 65230.0 86294.0 96921.0 85984.0 72953.0 81509.0 63839.0 93684.0 114306.0 116262.0 52356.0 64493.0 99791.0 107915.0 103597.0 90875.0 72602.0 91354.0 74992.0 69410.0 83849.0 48697.0 77463.0 99694.0 77263.0 101846.0 84372.0 61341.0 80906.0 101689.0 88784.0 40981.0 0 41780.0 78625.0 96486.0 122175.0 104392.0 86085.0 71271.0 90935.0 120540.0 75274.0 66765.0 62358.0 47979.0 
98298.0 105531.0 81660.0 64231.0 106688.0 98283.0 86886.0 62422.0 84538.0 91932.0 88619.0 94400.0 110441.0 94136.0 98872.0 121364.0 110944.0 108310.0 117795.0 90933.0 117250.0 103475.0 106340.0 85027.0 90477.0 68009.0 89163.0 89751.0 98487.0 87759.0 64408.0 59071.0 74543.0 88057.0 46233.0 41780.0 0 39783.0 76027.0 90601.0 107654.0 90724.0 86927.0 120375.0 101567.0 105774.0 106727.0 102320.0 88943.0 
91229.0 110414.0 104756.0 91774.0 73192.0 61535.0 99030.0 51972.0 51434.0 82494.0 99274.0 122249.0 124688.0 88984.0 111933.0 96646.0 86226.0 84809.0 78012.0 86393.0 109983.0 89018.0 93666.0 93459.0 94160.0 65394.0 82028.0 63061.0 87644.0 91370.0 101253.0 52518.0 73301.0 87987.0 83078.0 78625.0 39783.0 0 63814.0 106389.0 82004.0 86962.0 106981.0 99517.0 131049.0 100112.0 89607.0 94014.0 56561.0 
92872.0 103638.0 88859.0 58805.0 105202.0 97232.0 104115.0 100465.0 91156.0 112646.0 111416.0 117197.0 92223.0 76593.0 93322.0 91368.0 80948.0 89932.0 126913.0 89882.0 102974.0 109653.0 117079.0 95276.0 80146.0 102646.0 121126.0 109815.0 134044.0 134142.0 100350.0 69810.0 90593.0 105279.0 90192.0 96486.0 76027.0 63814.0 0 55150.0 128711.0 71159.0 109478.0 122456.0 88492.0 100552.0 61970.0 57563.0 94018.0 
104493.0 85308.0 122569.0 113955.0 78089.0 86733.0 80240.0 116751.0 104753.0 105495.0 124304.0 124359.0 85449.0 69819.0 92768.0 72337.0 61917.0 58946.0 95927.0 109092.0 118263.0 102371.0 105881.0 109850.0 94720.0 117220.0 90140.0 107154.0 115976.0 126382.0 107357.0 72035.0 92818.0 107504.0 104766.0 122175.0 90601.0 106389.0 55150.0 0 73561.0 85733.0 115116.0 129249.0 103066.0 93483.0 89647.0 85240.0 116404.0 
57541.0 76726.0 89090.0 86163.0 49560.0 66782.0 64501.0 117378.0 108502.0 89756.0 108565.0 124911.0 132333.0 68427.0 81838.0 105952.0 95532.0 102298.0 135475.0 115571.0 87441.0 84892.0 86610.0 74117.0 97314.0 126080.0 97200.0 107060.0 128205.0 106431.0 101242.0 95905.0 116688.0 111214.0 63411.0 104392.0 107654.0 82004.0 128711.0 73561.0 0 81294.0 89959.0 123641.0 127073.0 99887.0 88912.0 93319.0 87875.0 
92904.0 73719.0 90381.0 108815.0 89890.0 76669.0 87973.0 81858.0 68842.0 79106.0 47983.0 84144.0 96439.0 80809.0 58531.0 93829.0 84896.0 68191.0 86625.0 99341.0 112356.0 78201.0 74847.0 44155.0 45355.0 70821.0 97162.0 79778.0 104361.0 108087.0 87619.0 105078.0 117019.0 102333.0 99485.0 86085.0 90724.0 86962.0 71159.0 85733.0 81294.0 0 86156.0 117829.0 119075.0 110993.0 95618.0 94096.0 93688.0 
82062.0 101247.0 50513.0 50673.0 88735.0 110352.0 103613.0 86885.0 109001.0 92610.0 94401.0 130227.0 117583.0 62858.0 39909.0 75207.0 85627.0 81909.0 78160.0 94468.0 106584.0 89166.0 88554.0 67793.0 48768.0 77534.0 73259.0 83119.0 107702.0 111428.0 119267.0 100254.0 79471.0 64785.0 58484.0 71271.0 86927.0 106981.0 109478.0 115116.0 89959.0 86156.0 0 93376.0 120098.0 102081.0 106170.0 101763.0 50420.0 
66100.0 85285.0 79627.0 66645.0 81271.0 91380.0 84625.0 101905.0 88889.0 105712.0 88661.0 124822.0 143249.0 107952.0 105321.0 116146.0 105726.0 122431.0 127157.0 109179.0 102399.0 105612.0 114854.0 136363.0 105605.0 94138.0 112092.0 115880.0 140463.0 92391.0 152276.0 107532.0 86749.0 96179.0 126739.0 90935.0 120375.0 99517.0 122456.0 129249.0 123641.0 117829.0 93376.0 0 90277.0 136723.0 95561.0 91154.0 42956.0 
103613.0 84428.0 130642.0 117660.0 90795.0 96163.0 129655.0 110580.0 118665.0 113020.0 116398.0 108715.0 122763.0 68184.0 81595.0 55243.0 44823.0 61528.0 98509.0 118577.0 106942.0 88174.0 82592.0 113284.0 101279.0 124348.0 99419.0 109279.0 98882.0 129010.0 117377.0 94040.0 114823.0 103681.0 103116.0 120540.0 101567.0 131049.0 88492.0 103066.0 127073.0 119075.0 120098.0 90277.0 0 46446.0 122989.0 118582.0 82447.0 
114815.0 99578.0 118646.0 91286.0 58631.0 49717.0 87212.0 89915.0 83830.0 66574.0 92054.0 79370.0 86174.0 98274.0 109373.0 76007.0 65587.0 82292.0 98908.0 72131.0 71981.0 41728.0 36146.0 66838.0 81471.0 95736.0 67255.0 66742.0 82511.0 82564.0 97024.0 47594.0 68377.0 57235.0 79429.0 75274.0 105774.0 100112.0 100552.0 93483.0 99887.0 110993.0 102081.0 136723.0 46446.0 0 98225.0 93818.0 95787.0 
89910.0 70725.0 110874.0 80820.0 110319.0 94037.0 78983.0 47309.0 69425.0 75608.0 90352.0 96133.0 114560.0 93834.0 107245.0 124527.0 115177.0 105114.0 74367.0 54892.0 95262.0 56497.0 84779.0 104821.0 69669.0 98435.0 81569.0 91429.0 80888.0 97333.0 119645.0 105142.0 107355.0 92669.0 103963.0 66765.0 106727.0 89607.0 61970.0 89647.0 88912.0 95618.0 106170.0 95561.0 122989.0 98225.0 0 4407.0 75834.0 
85503.0 66318.0 106467.0 76413.0 105912.0 89630.0 74576.0 42902.0 65018.0 71201.0 85945.0 91726.0 110153.0 89427.0 102838.0 120120.0 110770.0 100707.0 69960.0 50485.0 90855.0 52090.0 80372.0 100414.0 65262.0 94028.0 77162.0 87022.0 76481.0 92926.0 115238.0 100735.0 102948.0 88262.0 99556.0 62358.0 102320.0 94014.0 57563.0 85240.0 93319.0 94096.0 101763.0 91154.0 118582.0 93818.0 4407.0 0 80241.0 
34668.0 53853.0 48195.0 35213.0 38315.0 65331.0 53193.0 91407.0 81502.0 62756.0 45705.0 81866.0 100293.0 76520.0 62365.0 94707.0 84287.0 100992.0 84201.0 103145.0 99496.0 109968.0 83422.0 93407.0 74382.0 62706.0 80660.0 84448.0 101205.0 103607.0 109320.0 76100.0 55317.0 64747.0 84014.0 47979.0 88943.0 56561.0 94018.0 116404.0 87875.0 93688.0 50420.0 42956.0 82447.0 95787.0 75834.0 80241.0 0 
