46
65 67 46 8 16 68 82 44 93 50 51 29 31 75 69 53 25 33 14 72 81 15 56 12 35 43 39 32 28 21 6 40 62 37 36 54 86 87 9 90 89 58 84 22 57 0
0 25.71804 58.920739999999995 62.98531 82.94355999999999 76.41013 61.22336 61.2815 85.85871 75.49943 84.76787 100.43796 67.04166000000001 95.56507 85.32374 79.16277 95.1874 80.88445 47.43909 43.68318 71.17649 81.63192000000001 86.91377000000001 88.69158999999999 84.61064 79.02475000000001 85.06999 83.73770999999999 87.35389 50.46694 72.67686 80.03769 75.44443 88.48822 102.90423 89.67369 101.60045 94.23465999999999 90.59379 102.60807 98.59801 73.95773 85.21101 44.518339999999995 49.75553 31.15976 
25.71804 0 33.2027 52.951 70.90251 84.65556000000001 85.09876 85.15690000000001 78.30322000000001 84.31416 99.87964 102.77189999999999 80.00316 105.7425 94.13847 77.46388 75.64106 83.47991999999999 56.25382 52.49791 79.99122 85.38249 80.10064 94.58704 89.86997 63.69593 92.29065 90.62031 78.66229 72.9214 67.35462 55.17534 86.24958000000001 77.05727999999999 103.01332 63.95565 75.88241 88.00932 97.396 121.22146000000001 124.31604999999999 71.10516 82.35844 61.97138 60.560680000000005 55.035160000000005 
58.920739999999995 33.2027 0 22.72096 37.69981 67.17184 98.90212 93.18884 79.29957 84.36563 89.1593 85.52837 73.33804 85.33414 79.72946 44.26118 51.87681 50.27722 68.86766 65.11175 75.89409 69.75688 75.03873 84.95277 88.5765 89.55253 59.54059 60.55079 75.5281 84.85996 92.40192 88.37804 94.65605 47.60986 69.81062 91.06099 104.08032 97.31402 90.46238 97.55221 98.01044 37.90246 49.155739999999994 67.41356 71.07173 74.43995000000001 
62.98531 52.951 22.72096 0 19.95825 44.45088 76.18116 78.85765 61.55801 61.64467 72.98044 62.80741 65.55373 93.25086 102.45042000000001 66.98214 74.59777 72.99818 66.61548 76.21182 98.61505 90.21484 95.49669 64.05182 75.32647 67.52797 42.52132 40.85098 75.42026 62.139 69.68096 82.5098 74.03967 70.33082 89.49213 72.81017 81.54179 88.51055 84.85103 104.21042 90.23719 50.88932 62.1426 57.10187 48.35077 56.08958 
82.94355999999999 70.90251 37.69981 19.95825 0 35.0524 66.78268 81.49804 41.59976 52.89453 92.93869000000001 82.5943 68.97478 97.49819 90.33315999999999 78.08811 89.26573 76.77521 83.19225 90.80305 113.5939 87.19261 92.47446000000001 80.28650999999999 69.01186 62.98403 62.47957 60.80923 80.63747 63.3611 68.56902 78.19713 69.52845 85.30967 72.70935 69.98541 81.91217 75.15168 73.41484 119.77001999999999 110.19543999999999 70.84756999999999 67.40653 42.67778 43.83955 75.34702 
76.41013 84.65556000000001 67.17184 44.45088 35.0524 0 31.73028 69.67717 76.65216000000001 87.94693000000001 95.52625 84.70121 77.90521 97.55141 82.26059 56.47845 63.56658 97.79675 69.96 71.78002000000001 114.71882000000001 93.05394 98.33579 56.97133 45.69668 49.36407 86.9722 85.30186 77.67881 85.65246 33.51662 46.34546 48.35388 102.27125 99.7235 84.96512 78.23094 85.68668 98.9145 99.54607 106.38153 43.60741 32.35413 35.97036 26.6546 72.32387 
61.22336 85.09876 98.90212000000001 76.18116 66.78268 31.73028 0 37.94689 80.78619 113.69393 120.72501 116.43149 97.29853 125.82194 113.99087 88.20873 88.26222 112.57124999999999 85.63359 78.88268 109.37098999999999 117.58906 122.87091000000001 86.89784 77.42696000000001 81.09434999999999 103.37464 104.57523 48.267269999999996 78.40259 54.06326 64.20763000000001 57.14873 111.06609999999999 103.96482 103.86784 93.37861000000001 90.47514000000001 98.27071000000001 115.69232 129.66555 75.33769 64.08440999999999 67.70063999999999 58.384879999999995 67.1169 
61.2815 85.15690000000001 93.18884 78.85765 81.49804 69.67717 37.94689 0 42.8393 86.59980999999999 91.32176 90.76446 89.12484 97.63401999999999 92.64051 88.65646 72.63183 76.68971 49.88981 69.023 93.20256 84.73636 85.47516 99.01604 94.83336 60.5837 93.49073 91.82039 82.4323 94.64606 44.50262 48.26313 73.53483 96.63269 79.98419 87.81501999999999 99.74177999999999 52.52825 60.32382 102.25867 91.72367 70.95904 82.21232 38.82026 48.136019999999995 67.17504 
85.85871 78.30322000000001 79.29957 61.55801 41.59976 76.65216000000001 80.78619 42.8393 0 43.76051 85.91113 113.26464 101.4565 110.90358 88.34538 73.85332 89.87795 49.02446 86.46571 93.20108 120.69439 106.36895 105.40808999999999 76.76013999999999 65.48549 99.73515 104.07933 102.40899 107.65258 104.96086 62.08023 74.90907 80.41368 126.90943 114.30910999999999 103.44362 109.20223 83.47829 89.20962 96.29945000000001 110.27268000000001 76.71368 87.96696 64.04054 54.724779999999996 60.99358 
75.49943 84.31416 84.36563 61.64467 52.89453 87.94693000000001 113.69393 86.59980999999999 43.76051 0 42.15062 70.45768 57.69599 86.21940000000001 91.08113 78.12649 64.6302 65.50082 51.38475 49.44057 76.93388 62.60844 61.64758 55.05648 66.33113 86.23713000000001 91.16544 89.49510000000001 93.68705 100.26447999999999 105.84074 102.64333 106.1023 120.01556000000001 88.94196 78.68860000000001 65.44172 101.5564 96.31917 112.77581 126.74904000000001 104.34906 107.97432 95.57231 95.01615000000001 83.33778 
84.76787 99.87964 89.1593 72.98044 92.93869000000001 95.52625 120.72501 91.32176 85.91113 42.15062 0 29.57139 55.48249 72.13513 86.4366 63.19206 57.67575 91.77073999999999 72.63284 91.59119000000001 49.82731 67.15023000000001 61.86838 61.10422 49.82957 58.82839 72.05407 70.38373 83.58874 74.89979 97.15059000000001 97.81965 86.53332 82.66529 99.36603 54.64523 67.89211 78.76252 84.69454999999999 119.34196 109.37095 78.13254 89.38582000000001 84.00492 86.9148 72.83877 
100.43796 102.77189999999999 85.52837 62.80741 82.5943 84.70121 116.43149 90.76446 113.26464 70.45768 29.57139 0 35.2316 63.75501 81.94444999999999 88.89144999999999 85.92660000000001 94.18586 61.38968 82.76991000000001 79.39869999999999 62.14511 67.42696000000001 63.06488 73.32562999999999 39.07597 77.4684 76.75655 84.73118 104.47118 77.67175 68.24826 74.7033 102.73597 88.21364 52.44994 64.3767 100.06562 56.99114 103.34631999999999 90.05596 80.65708 91.59668 64.28095 59.91776 70.42885 
67.04166000000001 80.00316000000001 73.33804 65.55373 68.97478 77.90521 97.29853 89.12484 101.4565 57.69599 55.48249 35.2316 0 28.52341 51.08161 69.59637000000001 74.01465999999999 81.04181 44.22202 61.67848 89.17179 95.47139 100.75324 59.7962 48.52155 28.54114 70.6876 72.35794 53.707409999999996 86.51858 86.06508 90.00569 88.22885 69.69015999999999 85.56029 87.68154 93.75483999999999 117.0877 74.65356 112.16179 98.18856 59.74116 70.99444 78.10431 76.46334 71.00996 
95.56507 105.7425 85.33414 93.25086 97.49819 97.55141 125.82194 97.63401999999999 110.90358 86.21940000000001 72.13513 63.75501 28.52341 0 22.5582 41.07296 57.09759 81.41762 54.22737 70.86891 98.36222000000001 88.25324 82.97139 82.42572 71.15107 57.06455 95.78797 96.15795 82.23082 66.30191 107.09818000000001 114.45901 81.19451 98.21356999999999 106.19836000000001 79.65932 92.9062 127.57389 90.12003999999999 128.69261 126.71197000000001 68.23598 79.48926 78.93966 79.71064 98.02316 
85.32374 94.13847 79.72946 102.45042000000001 90.33315999999999 82.26059 113.99087 92.64051 88.34538 91.08113 86.4366 81.94444999999999 51.08161 22.5582 0 39.70326 55.72789 80.19194999999999 42.7507 59.26488 86.75819 78.29814999999999 79.02398 59.86752 48.59287 42.86848 86.35162 84.68128 90.05185 88.86011 84.53998 91.90081 90.00358 106.52848 102.61968999999999 88.30318 93.74118 106.09778 84.05553 127.46694 135.13363 72.35951 61.10623 56.38146 65.68665 93.4202 
79.16277 77.46388 44.26118 66.98214 78.08811 56.47845 88.20873 88.65646 73.85332 78.12649 63.19206 88.89144999999999 69.59637000000001 41.07296 39.70326 0 16.02463 47.05155 71.18402 67.42811 94.92142 68.16298 66.49277000000001 88.65156 84.0102 82.57174 67.23593 65.56559 89.14142 96.30615 85.23523 91.23335 90.71866 91.87104 102.86420000000001 68.81276 80.7773 86.50093000000001 78.81845 94.32654 103.91857999999999 65.61569 72.80259 55.714 65.02976 89.18251000000001 
95.1874 75.64106 51.87681 74.59777 89.26573 63.56658 88.26222 72.63183 89.87795 64.6302 57.67575 85.92660000000001 74.01465999999999 57.09759 55.72789 16.02463 0 46.71248 71.83562 83.45274 107.50306 76.33385 77.52023 92.05977 99.17692 98.3283 57.11191 55.44157 99.20579 103.78789 86.67007 95.58645 77.8132 87.15505 109.42125 58.95121 71.8143 78.03084 75.8536 93.98747 96.37091000000001 68.27514 71.27413 60.067099999999996 52.1243 81.91729 
80.88445 83.47991999999999 50.27722 72.99818 76.77521 97.79675 112.57125 76.68971 49.02446 65.50082 91.77073999999999 94.18586 81.04181 81.41762 80.19194999999999 47.05155 46.71248 0 37.44125 57.59885 85.09216 85.45536 90.73721 60.72449 71.99914 67.42322 68.37854 69.61855 67.81886 105.64014 64.28013 77.10897 109.13767000000001 97.88708 79.2585 88.10412000000001 92.60048 118.57083 40.18516 47.27499 61.24822 78.41109 67.15781 88.27577 88.30213 61.14077 
47.43909 56.25382 68.86766 66.61548 83.19225 69.96 85.63359 49.88981 86.46571 51.38475 72.63284 61.38968 44.22202 54.22737 42.7507 71.18402 71.83562 37.44125 0 21.38023 48.87354 91.76059 92.72836 79.19125 89.90686 70.13451 43.60092 41.93058 89.3375 72.20414 80.61662 74.88901 84.5237 83.71268 90.67013 100.09015000000001 112.01691000000001 100.81171 72.6216 84.71624 98.68947 91.16726 79.91398 51.09539 58.8348 55.53555 
43.68318 52.49791 65.11175 76.21182 90.80305 71.78002000000001 78.88268 69.023 93.20107999999999 49.44057 91.59119000000001 82.76991 61.67848 70.86891 59.26488 67.42811 83.45274 57.59885 21.38023 0 42.9388 89.64814000000001 84.36629 82.94623 84.41782 78.92083 59.34919 57.67885 88.52635 52.44959 90.17882 86.67242 88.8888 86.73067 93.61603000000001 80.4858 93.73268 97.47967 65.21737 98.38231 112.35554 69.78703 58.53375 72.47562 63.1999 51.77964 
71.17649 79.99122 75.89409 98.61505000000001 113.5939 114.71882 109.37098999999999 93.20256 120.69439 76.93388 49.82731 79.39869999999999 89.17179 98.36222000000001 86.75819 94.92142 107.50306 85.09216 48.87354 42.9388 0 63.074799999999996 67.2359 110.93153 99.65688 108.6557 86.84249999999999 85.17215999999999 116.76776 92.71494 98.93016000000001 105.20152000000002 106.56866 103.21458 121.10934 104.47254 117.71942 128.58983 96.35900000000001 125.87562 139.11971 112.72583 101.47255 99.96893 90.69321 79.27295000000001 
81.63192000000001 85.38249 69.75688 90.21484 87.19261 93.05394 117.58906 84.73636 106.36895 62.60844 67.15023000000001 62.14511 95.47139 88.25324 78.29814999999999 68.16298 76.33385 85.45536 91.76059 89.64814000000001 63.074799999999996 0 5.28185 59.80326 70.32185 93.35052 62.55221 63.90221 86.6228 64.48287 101.99165 98.87896 84.73644 108.80911 95.65096 94.92926 82.85207 87.09361000000001 95.43206 128.53857 116.40126000000001 83.78703 95.04031 91.54392 87.90912 50.47216 
86.91377 80.10064 75.03873 95.49669 92.47446000000001 98.33579 122.87091 85.47516 105.40808999999999 61.64758 61.86838 67.42696000000001 100.75324 82.97139 79.02398 66.49277000000001 77.52023 90.73721 92.72836 84.36629 67.2359 5.28185 0 55.56607 66.12597 92.70669 67.83406000000001 69.18406 87.00169 62.65201 96.7098 104.16081000000001 88.89753999999999 104.04842000000001 99.57910000000001 89.79941 77.76731 81.81176 100.71391000000001 133.19175 121.68311 82.11681999999999 93.3701 89.8038 82.62727 55.75401 
88.69158999999999 94.58704 84.95277 64.05182 80.28650999999999 56.97133 86.89784 99.01604 76.76013999999999 55.05648 61.10422 63.06488 59.7962 82.42572 59.86752 88.65156 92.05977 60.72449 79.19125 82.94623 110.93153 59.80326 55.56607 0 11.27465 40.58546 69.02054 68.87681 38.63057 62.54942 84.92905 83.82612 53.89157 87.82177 44.01303 64.26764 76.1944 109.91210000000001 67.93743 107.99948 120.0034 57.22928 68.48256 60.19578 53.06287 77.45191 
84.61064 89.86997 88.5765 75.32647 69.01186 45.69668 77.42696000000001 94.83336 65.48549 66.33113 49.82957 73.32562999999999 48.52155 71.15107 48.59287 84.0102 99.17692 71.99914 89.90686 84.41782 99.65688 70.32185 66.12597 11.27465 0 34.24966 72.12336 70.94434 49.90522 66.97278 79.2133 92.04214 42.61692 76.54712 54.02682 75.54229 87.46905 113.24280999999999 74.7792 119.27413 131.27805 68.50393 78.05081 63.526489999999995 64.33752 67.61695 
79.02475 63.69593 89.55253 67.52797 62.98403 49.36407 81.09434999999999 60.5837 99.73515 86.23713000000001 58.82839 39.07597 28.54114 57.06455 42.86848 82.57174 98.3283 67.42322 70.13451 78.92083 108.6557 93.35052 92.70669 40.58546 34.24966 0 45.45739 47.12773 65.6905 94.03654 80.44557999999999 81.31932 76.86658 63.660000000000004 62.0057 73.04383 65.2137 98.36606 91.91769 114.69821 125.28913 78.93361999999999 81.7182 85.33443 76.01867 59.65038 
85.06999 92.29065 59.54059 42.52132 62.47957 86.9722 103.37464 93.49073 104.07933 91.16544 72.05407 77.4684 70.6876 95.78797 86.35162 67.23593 57.11191 68.37854 43.60092 59.34919 86.8425 62.55221 67.83406000000001 69.02054 72.12336 45.45739 0 1.67034 55.72608 87.88425000000001 78.97488 72.35571 114.04436 70.28193 73.48278 104.73015000000001 110.67108999999999 92.9403 61.15702 107.5122 117.82369 68.63723 79.89051 94.55614 88.35546 86.47775 
83.73770999999999 90.62031 60.55079 40.85098 60.80923 85.30186 104.57523 91.82039 102.40899 89.49510000000001 70.38373 76.75655 72.35794 96.15795 84.68128 65.56559 55.44157 69.61855 41.93058 57.67885 85.17215999999999 63.90221 69.18406 68.87681 70.94434 47.12773 1.67034 0 57.396420000000006 89.08416 77.30454 71.40192 113.56126 70.53699 72.44206 103.05981 112.34142999999999 91.26996 61.7768 108.13198 116.15334999999999 70.30757 81.56085 93.02597 89.20175 88.14809 
87.35389 78.66229 75.5281 75.42026 80.63747 77.67881 48.267269999999996 82.4323 107.65258 93.68705 83.58874 84.73118 53.707409999999996 82.23082 90.05185 89.14142 99.20579 67.81886 89.3375 88.52635 116.76776000000001 86.6228 87.00169 38.63057 49.90522 65.6905 55.72608 57.396420000000006 0 41.33616 65.79333 62.62592000000001 62.35349 92.74591 55.69755 64.03483 56.25068 91.60901000000001 65.48769 108.29294 94.31971 92.05901 103.31229 43.61204 52.9278 68.05329 
50.46694 72.9214 84.85996 62.139 63.3611 85.65246 78.40259 94.64606 104.96086 100.26447999999999 74.89979 104.47118 86.51858 66.30191 88.86011 96.30615 103.78789 105.64014 72.20414 52.44959 92.71494 64.48287 62.65201 62.54942 66.97278 94.03654 87.88425000000001 89.08416 41.33616 0 52.13584 54.06134 92.48881 92.20333 65.10773999999999 86.05294 76.74933 112.92066 98.72181 101.21923000000001 87.24600000000001 103.9859 110.98334 77.59327 75.00684 63.70128 
72.67686 67.35462 92.40192 69.68096 68.56902 33.51662 54.06326 44.50262 62.08023 105.84074 97.15059000000001 77.67175 86.06508 107.09818 84.53998 85.23523 86.67007 64.28013 80.61662 90.17882 98.93016 101.99165 96.7098 84.92905 79.2133 80.44557999999999 78.97488 77.30454 65.79333 52.13584 0 12.82884 44.85754 73.07063000000001 79.71524000000001 58.274 70.20076 74.42346 94.52912 66.02945 80.00268 77.12403 65.87075 29.52123 38.83699 86.37484 
80.03769 55.17534 88.37804 82.5098 78.19713 46.34546 64.20763000000001 48.26313 74.90907 102.64333 97.81965 68.24826 90.00569 114.45901 91.90081 91.23335 95.58645 77.10897 74.88901 86.67242 105.20152 98.87896 104.16081000000001 83.82612 92.04214 81.31932 72.35571 71.40192 62.62592000000001 54.06134 12.82884 0 51.1289 79.34199000000001 77.52297 60.61801 72.54477 69.60785 88.53504 72.30081 86.27404 74.67263 78.69959 35.51935 44.83511 92.2829 
75.44443 86.24958000000001 94.65605 74.03967 69.52845 48.35388 57.14873 73.53483 80.41368 106.1023 86.53332 74.7033 88.22885 81.19451 90.00358 90.71866 77.8132 109.13767 84.5237 88.8888 106.56866 84.73644 88.89753999999999 53.89157 42.61692 76.86658 114.04436 113.56126 62.35349 92.48881 44.85754 51.1289 0 53.91737 86.64647 83.12053 89.45312 84.72098 104.14473000000001 102.61359 116.58682 77.23516 80.70801 35.00466 25.6889 89.05194 
88.48822 77.05727999999999 47.60986 70.33082 85.30967 102.27125 111.0661 96.63269 126.90943 120.01556 82.66529 102.73597000000001 69.69015999999999 98.21356999999999 106.52848 91.87104 87.15505 97.88708 83.71268 86.73067 103.21458 108.80911 104.04842000000001 87.82177 76.54712 63.660000000000004 70.28193 70.53699 92.74591 92.20333 73.07063000000001 79.34199000000001 53.91737 0 48.73608 51.97643 63.903189999999995 99.59210999999999 87.2725 115.35304 129.32627 85.49922 96.70705 72.92235 79.60627 94.38176 
102.90423 103.01332 69.81062 89.49213 72.70935 99.7235 103.96482 79.98419 114.30911 88.94196 99.36603 88.21364 85.56029 106.19836000000001 102.61968999999999 102.86420000000001 109.42125 79.2585 90.67013 93.61603000000001 121.10934 95.65096 99.57910000000001 44.01303 54.02682 62.0057 73.48278 72.44206 55.69755 65.10773999999999 79.71524000000001 77.52297 86.64647 48.73608 0 50.47004 63.71692 88.9439 62.62226 92.84805 106.82128 78.17381 86.77104 68.81145 78.11663999999999 88.76764 
89.67369 63.95565 91.06099 72.81017 69.98541 84.96512 103.86784 87.81502 103.44362 78.68860000000001 54.64523 52.44994 87.68154 79.65932 88.30318 68.81276 58.95121 88.10412 100.09015 80.4858 104.47254 94.92926 89.79941 64.26764 75.54229 73.04383 104.73015 103.05981 64.03483 86.05294 58.274 60.61801 83.12053 51.97643 50.47004 0 13.246879999999999 48.9358 47.91896 64.69673 78.66996 66.04399000000001 77.29727000000001 48.99476 58.31052 73.93088 
101.60045 75.88241 104.08032 81.54179 81.91217 78.23094 93.37861000000001 99.74178 109.20223 65.44172 67.89211 64.3767 93.75484 92.9062 93.74118 80.7773 71.8143 92.60048 112.01691 93.73268 117.71942 82.85207 77.76731 76.1944 87.46905 65.2137 110.67108999999999 112.34142999999999 56.25068 76.74933 70.20076 72.54477 89.45312 63.903189999999995 63.716919999999995 13.246879999999999 0 50.48588 59.84572 76.62349 90.59672 77.97075000000001 89.22403000000001 60.92152 63.76422 87.17776 
94.23465999999999 88.00932 97.31402 88.51055 75.15168 85.68668 90.47514000000001 52.52825 83.47829 101.5564 78.76252 100.06562 117.0877 127.57389 106.09778 86.50093000000001 78.03084 118.57083 100.81171 97.47967 128.58983 87.09361000000001 81.81176 109.91210000000001 113.24280999999999 98.36606 92.9403 91.26996 91.60901000000001 112.92066 74.42346 69.60785 84.72098 99.59210999999999 88.9439 48.9358 50.48588 0 95.53464 112.31241 126.28564 103.65572 114.909 49.71632 59.03208 116.28187 
90.59379 97.396 90.46238 84.85103 73.41484 98.9145 98.27071000000001 60.32382 89.20962 96.31917 84.69454999999999 56.99114 74.65356 90.12003999999999 84.05553 78.81845 75.8536 40.18516 72.6216 65.21737 96.35900000000001 95.43206 100.71391000000001 67.93743 74.7792 91.91769 61.15702 61.7768 65.48769 98.72181 94.52912 88.53504 104.14473000000001 87.2725 62.62226 47.91896 59.84572 95.53464 0 46.35518 60.32841 87.42033 98.67361000000001 81.34756 88.20108 94.87277 
102.60807 121.22146000000001 97.55221 104.21042 119.77001999999999 99.54607 115.69232 102.25867 96.29945000000001 112.77581 119.34196 103.34631999999999 112.16179 128.69261 127.46694 94.32654 93.98747 47.27499 84.71624 98.38231 125.87562 128.53857 133.19175 107.99948 119.27413 114.69821 107.5122 108.13198 108.29294 101.21923000000001 66.02945 72.30081 102.61359 115.35304 92.84805 64.69673 76.62349 112.31241 46.35518 0 13.97323 73.98353 78.72457 92.21759 97.64301999999999 85.5856 
98.59801 124.31605 98.01044 90.23719 110.19543999999999 106.38153 129.66555 91.72367 110.27268000000001 126.74904000000001 109.37095 90.05596 98.18856 126.71197 135.13362999999998 103.91857999999999 96.37091000000001 61.24822 98.68947 112.35554 139.11971 116.40126000000001 121.68311000000001 120.0034 131.27805 125.28913 117.82368999999998 116.15334999999999 94.31971 87.24600000000001 80.00268 86.27404 116.58681999999999 129.32627 106.82128 78.66996 90.59672 126.28564 60.32841 13.97323 0 62.77412 74.0274 106.19081999999999 111.61625 86.04469999999999 
73.95773 71.10516 37.90246 50.88932 70.84756999999999 43.60741 75.33769000000001 70.95904 76.71368 104.34906 78.13254 80.65708 59.74116 68.23598 72.35951 65.61569 68.27514 78.41109 91.16726000000001 69.78703 112.72583 83.78703 82.11681999999999 57.22928 68.50393 78.93361999999999 68.63723 70.30757 92.05901 103.9859 77.12403 74.67263 77.23516 85.49922 78.17381 66.04399 77.97075 103.65572 87.42033 73.98353 62.77412 0 11.25328 77.95463 68.63887 47.43864 
85.21101 82.35844 49.155739999999994 62.1426 67.40653 32.35413 64.08440999999999 82.21232 87.96696 107.97432 89.38582000000001 91.59668 70.99444 79.48926 61.10623 72.80259 71.27413 67.15781 79.91398000000001 58.53375 101.47255 95.04031 93.37010000000001 68.48256 78.05081 81.7182 79.89051 81.56085 103.31228999999999 110.98334 65.87075 78.69959 80.70801 96.70705 86.77104 77.29727 89.22403 114.90899999999999 98.67361 78.72457 74.0274 11.25328 0 68.32449 59.00873 58.691919999999996 
44.518339999999995 61.97138 67.41356 57.10187 42.67778 35.97036 67.70063999999999 38.82026 64.04054 95.57231 84.00492 64.28095 78.10431 78.93966 56.38146 55.714 60.067099999999996 88.27577 51.09539 72.47562 99.96893 91.54392 89.8038 60.19578 63.526489999999995 85.33443 94.55614 93.02597 43.61204 77.59327 29.52123 35.51935 35.00466 72.92235 68.81145 48.99476 60.92152 49.71632 81.34756 92.21759 106.19082 77.95463 68.32449 0 9.31576 66.56555 
49.75553 60.560680000000005 71.07173 48.35077 43.83955 26.6546 58.384879999999995 48.136019999999995 54.724779999999996 95.01615000000001 86.9148 59.91776 76.46334 79.71064 65.68665 65.02976 52.1243 88.30213 58.8348 63.1999 90.69321 87.90912 82.62727 53.06287 64.33752 76.01867 88.35546 89.20175 52.9278 75.00684 38.83699 44.83511 25.6889 79.60627 78.11663999999999 58.31052 63.76422 59.03208 88.20108 97.64301999999999 111.61625 68.63887 59.00873 9.31576 0 63.36304 
31.15976 55.035160000000005 74.43995000000001 56.08958 75.34702 72.32387 67.1169 67.17504 60.99358 83.33778 72.83877 70.42885 71.00996 98.02316 93.4202 89.18251000000001 81.91729 61.14077 55.53555 51.77964 79.27295000000001 50.47216 55.75401 77.45191 67.61695 59.65038 86.47775 88.14809 68.05329 63.70128 86.37484 92.2829 89.05194 94.38176 88.76764 73.93088 87.17776 116.28187 94.87277 85.5856 86.04469999999999 47.43864 58.691919999999996 66.56555 63.36304 0 
