22
42 37 44 35 18 11 19 30 15 27 28 23 38 33 14 17 6 4 2 9 32 0
0 28.09725 50.717789999999994 71.83531 58.443419999999996 64.80996 63.93161 98.55426 70.98838 47.07425 47.18064 72.35663 94.27418 54.9323 50.89125 89.17271 68.67607 63.64408 38.984899999999996 91.45165 74.56079 4.39613 
28.09725 0 22.62054 91.1403 77.74840999999999 61.70986 60.99895 74.62861 68.45788 66.37924 66.48563 82.69101 111.34768 74.23729 63.859179999999995 85.74309 86.27026 54.96621 58.28989 76.74988 99.76044 23.70112 
50.717789999999994 22.62054 0 70.74298 100.36894999999998 84.3304 83.61949 97.24914999999999 91.07842 87.21723999999999 86.60851 83.82007 95.26522 96.85782999999999 86.47971999999999 94.49615 108.89079999999998 77.58675 80.91042999999999 99.37042 97.75872 46.321659999999994 
71.83531 91.14030000000001 70.74298 0 31.7404 58.68468 58.96854 93.59119 67.8027 96.93617 97.41361 82.26103 76.38467 82.77913 86.13805 57.79028 84.02786 81.71470000000001 85.0139 82.85937 105.25185 67.43918000000001 
58.443419999999996 77.74840999999999 100.36894999999998 31.7404 0 35.70334 36.32267 70.94532000000001 79.74694 81.29893 80.6902 58.54803 50.36243 68.32106 96.50573 87.97801 71.80719 64.32895 53.2735 51.118970000000004 91.27282 54.04729 
64.80996 61.70986 84.3304 58.68468 35.70334 0 0.87835 35.501 69.93845 61.55903 60.97981 72.00388 84.29362 57.462599999999995 84.22144 66.18441 44.15742 71.50906 81.91433 50.95371 88.21334999999999 65.89282 
63.93161 60.99895 83.61949 58.96854 36.32267 0.87835 0 34.62265 69.27907 60.98532 60.89336 72.88222999999999 85.17197 56.58425 83.89024 65.7927 44.36589 72.09398 82.31713 50.51113 87.335 65.29571 
98.55426 74.62861 97.24914999999999 93.59119 70.94532000000001 35.501 34.62265 0 37.60804 86.84954 87.34213 94.69592 105.99844999999999 91.20689999999999 76.38692 100.41534999999999 78.98854 94.0207 116.93978000000001 85.13378 98.23776 98.32973 
70.98837999999999 68.45788 91.07842 67.8027 79.74694 69.93845 69.27907 37.60804 0 56.56266 57.17139 57.08788 85.74455 62.09538 81.97854 91.02142 99.34718 67.78906 94.58612 81.69394 113.47146000000001 66.59224999999999 
47.07425 66.37924 87.21723999999999 96.93617 81.29893 61.55903 60.98532 86.84954 56.56266 0 0.60873 37.01262 61.14202 91.93558 59.96441 43.47498 46.542950000000005 51.23127 46.443 45.69436 90.7175 42.67812 
47.18064 66.48563 86.60851 97.41361 80.6902 60.97981 60.89336 87.34213 57.17139 0.60873 0 37.62135 61.750750000000004 92.54431 60.57314 42.86625 45.93422 50.62254 46.58588 46.303090000000005 90.10877 42.78451 
72.35663 82.69101 83.82007 82.26103 58.54803 72.00388 72.88222999999999 94.69592 57.08788 37.01262 37.62135 0 28.65667 74.99159 89.25203 46.1708 46.22784 73.65708 83.45562 58.44586 74.31906 76.75276 
94.27418 111.34768 95.26522 76.38467 50.36243 84.29362 85.17197 105.99844999999999 85.74455 61.14202 61.750750000000004 28.65667 0 46.33492 80.38053 74.82747 74.88451 101.23096000000001 103.63593 55.456810000000004 95.61066 91.51461 
54.9323 74.23729 96.85783 82.77913 68.32106 57.462599999999995 56.58425 91.20689999999999 62.09538 91.93558 92.54431 74.99159 46.33492 0 34.04561 84.62610000000001 100.95014 95.73129 61.39513 91.21207 126.55436 50.53617 
50.89125 63.859179999999995 86.47971999999999 86.13805 96.50573 84.22144 83.89024 76.38692 81.97854 59.96441 60.57314 89.25203 80.38053000000001 34.04561 0 50.58049 67.22469 61.68568 57.06283 96.50299 102.74365 46.49512 
89.17271 85.74309 94.49615 57.79028 87.97801 66.18441 65.7927 100.41534999999999 91.02142 43.47498 42.86625 46.1708 74.82747 84.62610000000001 50.58049 0 26.23758 30.77688 70.53729 60.16425 103.04273 84.77658 
68.67607 86.27026 108.89079999999998 84.02786 71.80719 44.15742 44.36589 78.98854 99.34718 46.542950000000005 45.93422 46.22784 74.88451 100.95014 67.22469 26.23758 0 43.9645 44.29971 76.71882 117.80964000000002 67.65135 
63.64408 54.96621 77.58675 81.71470000000001 64.32895 71.50906 72.09398 94.0207 67.78906 51.23127 50.62254 73.65708 101.23096 95.73129 61.68568 30.77688 43.9645 0 57.35412 79.11148 109.57459 59.24795 
38.984899999999996 58.28989 80.91042999999999 85.0139 53.2735 81.91433 82.31713 116.93978000000001 94.58612 46.443 46.58588 83.45562 103.63593 61.39513 57.06283 70.53729 44.29971 57.35412 0 70.45495 86.49694 34.58877 
91.45165 76.74988 99.37042 82.85937000000001 51.118970000000004 50.95371 50.51113 85.13378 81.69394 45.69436 46.303090000000005 58.44586 55.456810000000004 91.21207 96.50299 60.16425 76.71882 79.11148 70.45495 0 53.39553 87.05552 
74.56079 99.76044 97.75872 105.25184999999999 91.27282 88.21334999999999 87.335 98.23776 113.47146000000001 90.7175 90.10877 74.31906 95.61066 126.55436 102.74365 103.04273 117.80964 109.57459 86.49694 53.39553 0 76.05932 
4.39613 23.70112 46.321659999999994 67.43918000000001 54.04729 65.89282 65.29571 98.32973 66.59224999999999 42.67812 42.78451 76.75276 91.51461 50.53617 46.49512 84.77658 67.65135 59.24795 34.58877 87.05552 76.05932 0 
