12
36 12 43 42 44 48 47 49 29 46 35 1
0 948.75672 7011.579229999999 7476.959199999999 8724.89344 8775.14281 9735.371 10442.37189 6998.08559 15769.78986 10286.5213 10337.569679999999 
948.75672 0 6062.822509999999 6528.202479999999 7776.1367199999995 7826.386089999999 8786.61428 9561.533019999999 6049.328869999999 15878.92097 9759.64668 9388.81296 
7011.579229999999 6062.822509999999 0 492.36725 1740.3014899999998 1790.5508599999998 2750.77905 3525.69779 13.49364 9843.08574 10572.25359 11467.38534 
7476.959199999999 6528.202479999999 492.36725 0 2205.68146 2255.93083 3216.15902 3991.07776 478.87361 10091.58663 11064.62084 11932.765309999999 
8724.89344 7776.1367199999995 1740.3014899999998 2205.68146 0 3503.86507 4464.09326 5239.012 1726.80785 10684.23894 12257.93386 13180.69955 
8775.14281 7826.386089999999 1790.5508599999998 2255.93083 3503.86507 0 4514.34263 5289.26137 1777.05722 11402.95538 12362.80445 13230.948919999999 
9735.371 8786.61428 2750.77905 3216.15902 4464.09326 4514.34263 0 6249.48956 2737.28541 12566.87751 11368.92909 14191.17711 
10442.37189 9561.533019999999 3525.69779 3991.07776 5239.012 5289.26137 6249.48956 0 3512.20415 10083.18283 13559.22049 14966.09585 
6998.08559 6049.328869999999 13.49364 478.87361 1726.80785 1777.05722 2737.28541 3512.20415 0 9829.5921 10585.74723 11453.8917 
15769.78986 15878.92097 9843.08574 10091.58663 10684.23894 11402.95538 12566.87751 10083.18283 9829.5921 0 10211.82194 21283.4838 
10286.5213 9759.64668 10572.25359 11064.620840000001 12257.93386 12362.804450000001 11368.92909 13559.22049 10585.74723 10211.82194 0 19148.45964 
10337.569679999999 9388.81296 11467.38534 11932.76531 13180.69955 13230.94892 14191.17711 14966.09585 11453.8917 21283.4838 19148.45964 0 
