48
61 17 29 67 75 65 55 81 91 71 77 83 13 43 9 1 5 57 59 19 7 41 93 35 73 49 33 69 34 87 27 39 47 51 85 10 3 99 89 97 15 21 79 25 23 95 45 2
0 939.6409 1592.7143999999998 2467.0256 3211.3032 4090.3126 4409.3933 5293.5906 5973.6019 6895.0871 7446.7439 7127.1894 8199.7949 6606.9062 7228.319600000001 5911.6506 4949.3313 5720.0794000000005 4679.6207 3735.7276 3490.0315 3009.6566 2972.8858 4000.8144 2967.7331 2157.8814 2177.4409 1860.0801 1541.9546 1713.7288 1058.4597 4440.2141 7678.2633 8747.3334 9706.600699999999 9239.465 8798.2078 7495.7543000000005 5998.2686 4982.32 7795.8808 8871.7341 8625.1367 8595.5869 7074.5218 6207.6413 4335.4928 815.8756 
939.6409 0 653.0735 1527.3847 3120.7222 3547.7477 4183.1551 5056.4228 5550.1428 6509.331 6924.8963 6593.3914 7651.5023 5890.632 6450.1264 5149.4646 4080.5483 4855.8086 3911.7675 2871.4568 3095.6535 2947.1467000000002 2036.509 3067.0787 2144.212 1837.344 1529.8698 1981.3624 1605.3367 1570.4856 1998.1006000000002 3876.6173 6991.8413 7911.4784 8850.060300000001 8384.5931 7879.7737 6609.688 5079.152 4271.054099999999 6856.2399 7935.4825 7685.4958 7707.4573 6304.661700000001 5478.5645 3445.577 900.1571 
1592.7143999999998 653.0735 0 874.3112 2467.6487 3164.4398 3530.0816 4419.7693 5022.6345 5886.7526 6358.8288 6032.8674 7099.3984 5528.9396 6067.4392 4999.2394 3734.0715 4520.3877 3518.7555 2623.6313 2442.58 2922.9548999999997 2179.9128 3188.2575 2554.496 2490.4175 1682.5935 1916.718 2175.2667 2223.5591 2651.1741 3324.1091 6524.6776 7600.7179 8562.5578 8101.0656 7738.394 6417.5891 4950.6238 4041.7331999999997 6889.4145 7995.586 7797.3053 7932.0063 6626.0145 5921.0162 3711.4833 1388.0076 
2467.0256 1527.3847 874.3112 0 1607.7195 2290.1286 2704.6013 3545.4581 4148.3233 5076.3314 5623.3417 5306.552299999999 6380.942 4914.4819 5625.9572 4557.7918 2859.7603 4620.7126 3497.4326 2908.6585 2549.3962 2087.8431 2614.4292 3525.6095 3428.8072 3354.1237 2453.7418 2766.1041 3049.5779 2375.5172 2108.4385 3220.0516000000002 5970.3295 7239.1249 8228.2443 7864.2401 7617.8714 6291.667799999999 4895.9191 3922.1239 6979.035100000001 8143.3089 8013.7378 8292.0704 7338.4839 6569.125599999999 4190.419 2238.5364 
3211.3032 3120.7222 2467.6487 1607.7195 0 1947.8154 2496.8374 2198.93 3466.8599 4054.7243 4701.5761 4428.9607 5483.5384 4599.6576 5474.6755 4232.346 2439.5034 4456.8204000000005 3469.9229 3327.0487 3628.165 3258.0757 4076.9284000000002 4759.4037 4752.3805 4952.4899 4046.9071 4373.451 4521.3768 3579.6788 2991.9881 2679.6931 5439.7 7186.6627 8197.624899999999 7784.8087 8043.914200000001 6724.502200000001 5520.7248 4688.9302 7751.9196 8963.4001 8937.7929 9406.9783 8506.4146 8018.7571 5652.9182 3768.5542 
4090.3126 3547.7477 3164.4398 2290.1286 1947.8154 0 1584.9356 2476.3822 2069.4736 3027.9698 3390.8212 3050.4905 4116.8233 2724.9413 3612.1603999999998 2284.5306 2482.4374 2509.005 3008.4912 1993.7166 2540.9809 2814.532 3312.0406 3695.1705 4349.0642 5150.0494 3963.9092 4571.218800000001 5144.4996 4663.2548 4351.6611 2738.1385999999998 3683.6809 5251.7365 6262.2541 5838.6218 6096.0988 4776.6868 3813.8996 3085.6223 6079.1212 7232.3593 7332.3355 7941.1169 7390.8068 7161.4991 4598.0255 4350.8909 
4409.3933 4183.1551 3530.0816 2704.6013 2496.8374 1584.9356 0 891.4466 1860.3876 2747.4846 3489.5917 3255.9739 4268.5343 3824.8859 4687.6069 3607.9074 1809.3294 3987.5377 3019.4509 3502.4884 3976.0062 3727.5479 4592.9563 5214.221100000001 5491.2368 6020.4991 5025.6659 5354.2376 5638.4988 4833.8947 4275.3497 1697.9332 4432.3075 6401.5027 7402.812 7020.9443 7521.6371 6242.234100000001 5323.8062 4669.2877 7589.0278 8797.4769 8867.8301 9521.7717 8896.4645 8574.4295 6007.8415 4918.0892 
5293.5906 5056.4228 4419.7693 3545.4581 2198.93 2476.3822 891.4466 0 1298.0035 1856.038 2927.2075999999997 2670.3202 3616.8412 3586.308 4547.3501 3851.0292 2512.069 4475.477800000001 3352.1947 4255.4157 4867.4528 4433.6227 5326.2554 5785.8514 6266.6014 6844.0006 5768.2401 6207.6641 6529.9454000000005 5719.9148 5140.5093 2242.467 4421.6715 6237.5134 7192.7903 6842.2351 7567.5651 6364.210300000001 5625.6048 5102.4654 7864.138 9059.2459 9191.0143 9949.8997 9483.488 9242.7581 6665.2926 5783.8328 
5973.6019 5550.1428 5022.6345 4148.3233 3466.8599 2069.4736 1860.3876 1298.0035 0 959.1882 1629.2041 1395.5863 2411.1664 3290.8893 4251.9313999999995 3474.5733 3669.717 3352.555 2817.6036 3878.9597999999996 4510.5372 4423.8247 5334.2369 5563.7272 6346.3375 7219.522999999999 6033.0729 6598.6604 7118.9491 6483.0379 6018.0303 1823.2973 3146.9376 4992.4232 5947.7842 5617.25 6707.0303 5360.3228 4896.6109 4563.7355 7042.1717 8192.2996 8395.8621 9297.5154 9084.8904 9011.2784 6458.4761 6327.7226 
6895.0871 6509.331 5886.7526 5076.3314 4054.7243 3027.9698 2747.4846 1856.038 959.1882 0 1181.0572 1521.3879 1963.0194999999999 3007.2120999999997 3938.6013999999996 3576.5519 4272.6238 4026.3205 3663.2936 4780.7557 5399.9227 5383.0129 6290.3012 6457.355 7292.0424 8169.3262 6991.879 7557.848599999999 8059.338 7399.143 6896.9533 2782.4855 2749.8033 5125.897800000001 5998.1018 5726.1366 7087.2333 5827.1593 5567.2656 5522.923699999999 7609.4142 8731.4661 9078.3444 9967.2442 9896.845 9891.4632 7349.6136 7272.893 
7446.7439 6924.8963 6358.8288 5623.3417 4701.5761 3390.8212 3489.5917 2927.2075999999997 1629.2041 1181.0572 0 340.3307 781.9623 2071.2817 2757.5442 2778.0765 4574.5959 3799.217 3530.3586 4771.8719 5403.4493 5474.368 6342.9195 6346.072 7379.9431 8484.1076 7232.1328 7793.7225 8524.5887 7992.2123 7580.3824 3048.279 1664.4428 4040.5373 4875.1657 4644.5787 5941.967699999999 5011.3186 5015.6655 5034.4593 6888.7889 7949.5381 8274.3823 9352.1388 9516.777 9646.7035 7204.1768 7715.4995 
7127.1894 6593.3914 6032.8674 5306.552299999999 4428.9607 3050.4905 3255.9739 2670.3202 1395.5863 1521.3879 340.3307 0 1075.8299 1895.3029999999999 2856.3451 2687.8247 4373.9036 3571.9604 3270.8583 4539.7338 5157.8703000000005 5279.446 6003.2602 6005.7413 7040.2004 8144.6854 6892.7106 7453.3918 8194.534599999999 7678.8533 7280.7226 2716.8106 1751.3513 3961.8809 4840.6555 4586.9961 5975.3242 4805.6996 4736.0917 4720.5069 6662.3075 7738.4277 8044.0672 9096.5172 9216.8438 9328.4346 6875.5385 7385.5323 
8199.7949 7651.5023 7099.3984 6380.942 5483.5384 4116.8233 4268.5343 3616.8412 2411.1664 1963.0194999999999 781.9623 1075.8299 0 2396.1304 2851.0253 3205.3109 4901.272199999999 3961.4447 4132.9264 5401.8019 6007.5494 6222.6173 6984.475 6884.937 7998.7017 9219.2303 7968.5405 8476.8004 9254.3098 8753.6576 8355.3864 3777.2596 2446.4051 3827.5457 4838.6847 4452.6609 5848.6999 5107.5334 5337.7854 5488.6681 7037.9464 8046.6193 8410.5865 9562.2364 9886.9395 10099.6905 7722.2686 8444.5482 
6606.9062 5890.632 5528.9396 4914.4819 4599.6576 2724.9413 3824.8859 3586.308 3290.8893 3007.2120999999997 2071.2817 1895.3029999999999 2396.1304 0 961.0421 2283.4211 3466.0045 2649.9722 2010.1841 3245.9502 3836.7044 4066.7656 4806.3163 4568.0652 5831.555 7140.0018 5888.4613 6487.6054 7490.4882 7289.999099999999 7022.9204 2382.7306 1134.3659 2656.3691 3667.5081 3275.8926 4080.0212 3042.2961 2959.1168 3419.7765 4857.5646 5936.4558 6227.6424 7282.0758 7495.52 7710.5834 5386.8943 6680.4082 
7228.319600000001 6450.1264 6067.4392 5625.9572 5474.6755 3612.1603999999998 4687.6069 4547.3501 4251.9313999999995 3938.6013999999996 2757.5442 2856.3451 2851.0253 961.0421 0 1327.6298 3148.0215 1688.9301 2548.6989 3643.1076 4163.588 4463.923 5108.1103 4678.7285 6067.4772 7518.1557999999995 6293.006 6888.7736 7990.6936 7864.4702 7732.5718 3343.7727 2095.408 1718.7708 2727.5727 2343.886 3184.4235 2267.26 2647.8478 3113.8828 4187.1935 5204.7303 5562.4344 6718.064 7180.3583 7544.2949 5406.5503 7227.598 
5911.6506 5149.4646 4999.2394 4557.7918 4232.346 2284.5306 3607.9074 3851.0292 3474.5733 3576.5519 2778.0765 2687.8247 3205.3109 2283.4211 1327.6298 0 1820.3917 2397.2141 2977.2586 2420.1921 2995.7116 3234.3123 4004.1217 3713.1379 4969.2 6321.156 5073.017400000001 5675.2418 6727.2005 6544.7372 6404.942 2130.4242 1978.625 3046.4006 3987.0754 3671.5158 4063.9659 2717.2584 2275.1512 2889.8106 4351.0486 5508.6246 5724.6045 6685.9801 6740.671 6897.1334 4533.9194 5914.6736 
4949.3313 4080.5483 3734.0715 2859.7603 2439.5034 2482.4374 1809.3294 2512.069 3669.717 4272.6238 4574.5959 4373.9036 4901.272199999999 3466.0045 3148.0215 1820.3917 0 2179.2476 3302.5307000000003 3547.5075 3207.067 2726.6921 3632.0189 3875.3148 4653.006 5614.2609 4565.8571 4946.7421 5680.7602 5229.6269 4926.1933 3259.3264 3110.5692 4747.6582 5758.7972 5345.3053 5721.3476 4433.3659 3562.4476 3030.119 5827.6692 7038.2543000000005 7125.947 7878.8369999999995 7475.9094 7335.725 5208.0087 4870.2051 
5720.0794000000005 4855.8086 4520.3877 4620.7126 4456.8204000000005 2509.005 3987.5377 4475.477800000001 3352.555 4026.3205 3799.217 3571.9604 3961.4447 2649.9722 1688.9301 2397.2141 2179.2476 0 1123.2831 1984.3518 2615.9292 2799.0945 3419.1802 3638.7747 4456.203799999999 5832.1239 4637.1771 5207.7559 6347.2074 6313.7631 6272.2261 2444.8008 2636.6602 3080.3302 4044.4965 3705.4453999999996 3587.0938 2381.142 1566.1247999999998 2058.1571 3699.6617 4886.0349 5084.5607 5948.7307 5965.4798 6138.6589 3978.6966 5572.2841 
4679.6207 3911.7675 3518.7555 3497.4326 3469.9229 3008.4912 3019.4509 3352.1947 2817.6036 3663.2936 3530.3586 3270.8583 4132.9264 2010.1841 2548.6989 2977.2586 3302.5307000000003 1123.2831 0 1268.8755 1900.4529000000002 2089.6909 2852.4607 2822.1272 3884.5244 5135.6191 3883.6443 4480.1473 5480.3041 5316.0559 5210.3751 1321.5177 3144.55 4203.6133 5167.7796 4828.7285 4693.283 3379.0272999999997 2316.1667 2572.5235000000002 4580.7297 5790.2003 5868.5816 6598.4886 6275.878699999999 6283.1973 3704.9335 4678.8991 
3735.7276 2871.4568 2623.6313 2908.6585 3327.0487 1993.7166 3502.4884 4255.4157 3878.9597999999996 4780.7557 4771.8719 4539.7338 5401.8019 3245.9502 3643.1076 2420.1921 3547.5075 1984.3518 1268.8755 0 631.5774 820.8154 1583.9296 1711.7327 2620.9532 3901.0082 2652.8253 3257.3095 4400.4592 4386.7885 4444.6255 2094.8227 4380.3161 5055.3503 5978.6035 5680.4655 5149.17 3802.4625 2383.0101 1418.1019 4529.7173 5686.1784 5666.964599999999 6094.1136 5551.7110999999995 5177.9043 2604.3089 3587.9323 
3490.0315 3095.6535 2442.58 2549.3962 3628.165 2540.9809 3976.0062 4867.4528 4510.5372 5399.9227 5403.4493 5157.8703000000005 6007.5494 3836.7044 4163.588 2995.7116 3207.067 2615.9292 1900.4529000000002 631.5774 0 480.3749 1391.0126 2343.3101 1994.8506 3354.5678 2319.5398999999998 2732.3625 3935.97 4113.9739 4289.3971 2726.4001000000003 4971.0703 5466.0823 6365.4261 5898.0001 5330.7861 4060.1692000000003 2618.9048000000003 2049.6793 4452.186 5603.6296 5464.462 5800.3452 4931.6015 5022.8367 2967.0024000000003 3198.7754 
3009.6566 2947.1467000000002 2922.9548999999997 2087.8431 3258.0757 2814.532 3727.5479 4433.6227 4423.8247 5383.0129 5474.368 5279.446 6222.6173 4066.7656 4463.923 3234.3123 2726.6921 2799.0945 2089.6909 820.8154 480.3749 0 910.6377 1941.2074 1926.8692 3090.3697 1839.165 2440.9295 3603.4328 3658.7398 3809.0222 2915.6381 5201.1315 5840.3397 6760.4924 6293.8294 5793.1816 4486.0977 2996.7923 1972.6634 4931.416 6084.0045 5929.3795 6280.7201 5252.8203 4846.8816 2486.6275 2790.9059 
2972.8858 2036.509 2179.9128 2614.4292 4076.9284000000002 3312.0406 4592.9563 5326.2554 5334.2369 6290.3012 6342.9195 6003.2602 6984.475 4806.3163 5108.1103 4004.1217 3632.0189 3419.1802 2852.4607 1583.9296 1391.0126 910.6377 0 1030.5697 1037.0236 2678.7655 2457.569 1850.2594 3278.7135 3606.9946 3927.5648 3510.9396 5940.6822 6338.2999 7201.766 6735.0869 5986.0632 4755.2262 3234.6892 2234.5451 4852.3553 5898.9735 5654.5346 5802.0887 4727.103 4113.706700000001 1575.9898 2743.5704 
4000.8144 3067.0787 3188.2575 3525.6095 4759.4037 3695.1705 5214.221100000001 5785.8514 5563.7272 6457.355 6346.072 6005.7413 6884.937 4568.0652 4678.7285 3713.1379 3875.3148 3638.7747 2822.1272 1711.7327 2343.3101 1941.2074 1030.5697 0 1531.3589 3189.178 2183.0614 2708.5528 4104.9961 4603.9574 4958.1345 3806.3863 5668.0314 5718.9741 6494.1637 6031.5379 5147.5139 3939.9056 2428.2014 3129.8346 3821.7856 4871.6233 4624.7283 4771.519 3923.3179 3466.3286 2606.5595000000003 3544.6267 
2967.7331 2144.212 2554.496 3428.8072 4752.3805 4349.0642 5491.2368 6266.6014 6346.3375 7292.0424 7379.9431 7040.2004 7998.7017 5831.555 6067.4772 4969.2 4653.006 4456.203799999999 3884.5244 2620.9532 1994.8506 1926.8692 1037.0236 1531.3589 0 1675.71 2326.6288 2887.283 2730.6709 3474.2855 4015.2989 4547.9632 6947.7156 7198.0448 8023.368 7562.8968 6614.3266 5471.2645 3956.3562 3058.209 5353.1445 6158.9254 5812.1545 5988.8176 4318.8418 3366.5202 2613.0134 2292.1154 
2157.8814 1837.344 2490.4175 3354.1237 4952.4899 5150.0494 6020.4991 6844.0006 7219.522999999999 8169.3262 8484.1076 8144.6854 9219.2303 7140.0018 7518.1557999999995 6321.156 5614.2609 5832.1239 5135.6191 3901.0082 3354.5678 3090.3697 2678.7655 3189.178 1675.71 0 1251.9748 1859.2844 1281.2045 2395.7997 3197.6678 5441.9707 8274.3677 8769.1551 9620.6614 9155.0713 8284.685 7119.3317 5592.4133 4733.919 7010.9636 7779.6459 7392.6261 7115.4866 5368.2163 4273.0544 3157.0298 1352.6827 
2177.4409 1529.8698 1682.5935 2453.7418 4046.9071 3963.9092 5025.6659 5768.2401 6033.0729 6991.879 7232.1328 6892.7106 7968.5405 5888.4613 6293.006 5073.017400000001 4565.8571 4637.1771 3883.6443 2652.8253 2319.5398999999998 1839.165 2457.569 2183.0614 2326.6288 1251.9748 0 607.3096 2006.4305 2524.943 3047.4662 4238.2949 7022.8272 7584.6783 8455.124 8004.7024 7238.6236 6017.1954 4481.3753 3495.5894 5995.1033 7004.347 6696.4926 6945.878000000001 5087.5213 4285.287 3240.0913 1361.5653 
1860.0801 1981.3624000000002 1916.718 2766.1041 4373.451 4571.218800000001 5354.2376 6207.6641 6598.6604 7557.848599999999 7793.7225 7453.3918 8476.8004 6487.6054 6888.7736 5675.2418 4946.7421 5207.7559 4480.1473 3257.3095 2732.3625 2440.9295 1850.2594 2708.5528 2887.283 1859.2844 607.3096 0 1428.4541 2270.5753 2918.5398 4775.3631 7621.9713 8188.5593 9052.025399999999 8584.4371 7795.6427 6598.567800000001 5057.9858 4084.8044999999997 6483.319 7452.3513 7109.5267 7395.5588 5268.1416 4355.0293 3426.2492 1081.2053 
1541.9546 1605.3367 2175.2667 3049.5779 4521.3768 5144.4996 5638.4988 6529.9454000000005 7118.9491 8059.338 8524.5887 8194.534599999999 9254.3098 7490.4882 7990.6936 6727.2005 5680.7602 6347.2074 5480.3041 4400.4592 3935.97 3603.4328 3278.7135 4104.9961 2730.6709 1281.2045 2006.4305 1428.4541 0 1239.8343 2582.1378999999997 5477.724 8584.6717 9402.0523 10301.1433 9833.7651 9157.2618 7919.4321 6385.2641 5382.7436 7903.4709 8880.805400000001 8537.980800000001 8306.4616 6565.4167 5554.098 4171.852800000001 812.5269 
1713.7288 1570.4856 2223.5591 2375.5172 3579.6788 4663.2548 4833.8947 5719.9148 6483.0379 7399.143 7992.2123 7678.8533 8753.6576 7289.999099999999 7864.4702 6544.7372 5229.6269 6313.7631 5316.0559 4386.7885 4113.9739 3658.7398 3606.9946 4603.9574 3474.2855 2395.7997 2524.943 2270.5753 1239.8343 0 2753.9121 5017.5417 8285.889 9393.9585 10351.3426 9888.727 9444.7283 8144.8375 6644.2669 5620.1411 8413.4973 9474.3748 9221.4356 9127.6272 7530.6394 6603.0497 4881.5622 1189.37 
1058.4597 1998.1006000000002 2651.1741 2108.4385 2991.9881 4351.6611 4275.3497 5140.5093 6018.0303 6896.9533 7580.3824 7280.7226 8355.3864 7022.9204 7732.5718 6404.942 4926.1933 6272.2261 5210.3751 4444.6255 4289.3971 3809.0222 3927.5648 4958.1345 4015.2989 3197.6678 3047.4662 2918.5398 2582.1378999999997 2753.9121 0 5215.9411 8035.342000000001 9335.9538 10316.722600000001 9857.115 9588.3721 8246.701 6791.9721 5776.5866 8701.793 9826.5383 9581.8041 9618.0839 8132.981500000001 7266.101000000001 5356.5508 1844.9851 
4440.2141 3876.6173 3324.1091 3220.0516 2679.6931 2738.1386 1697.9332 2242.467 1823.2973 2782.4855 3048.279 2716.8106 3777.2596 2382.7306 3343.7727 2130.4242 3259.3264 2444.8008 1321.5177 2094.8227 2726.4001000000003 2915.6381 3510.9396 3806.3863 4547.9632 5441.9707 4238.2949 4775.3631 5477.724 5017.5417 5215.9411 0 3353.9415 4943.3717 5954.3339 5533.6951 5907.2438 4564.1408 3634.2439 3393.2152 5899.4655 7103.879 7190.099300000001 7900.9623 7447.2441 7272.0545 4699.0451 4676.2487 
7678.2633 6991.8413 6524.6776 5970.3295 5439.7 3683.6809 4432.3075 4421.6715 3146.9376 2749.8033 1664.4428 1751.3513 2446.4051 1134.3659 2095.408 1978.625 3110.5692 2636.6602 3144.55 4380.3161 4971.0703 5201.1314999999995 5940.6822 5668.0314 6947.7156 8274.3677 7022.8272 7621.9713 8584.6717 8285.889 8035.342000000001 3353.9415 0 2376.0945 3250.1435 2980.1359 4546.9358 3504.932 3928.6845 4341.6377 5440.8294 6428.684 6810.9326 7978.7374 8422.8222 8712.0607 6459.1177 7775.375 
8747.3334 7911.4784 7600.7179 7239.1249 7186.6627 5251.7365 6401.5027 6237.5134 4992.4232 5125.897800000001 4040.5373 3961.8809 3827.5457 2656.3691 1718.7708 3046.4006 4747.6582 3080.3302 4203.6133 5055.3503 5466.0823 5840.3397 6338.2999 5718.9741 7198.0448 8769.1551 7584.6783 8188.5593 9402.0523 9393.9585 9335.9538 4943.3717 2376.0945 0 1011.139 625.1152 2170.8413 2833.6609 3316.6729 4156.452499999999 3873.9933 4579.9735 5095.305 6439.9608 7390.7884 8007.5018 6266.1035 8628.8041 
9706.600699999999 8850.060300000001 8562.5578 8228.2443 8197.624899999999 6262.2541 7402.812 7192.7903 5947.7842 5998.1018 4875.1657 4840.6555 4838.6847 3667.5081 2727.5727 3987.0754 5758.7972 4044.4965 5167.7796 5978.6035 6365.4261 6760.4924 7201.766 6494.1637 8023.368 9620.6614 8455.124 9052.025399999999 10301.1433 10351.3426 10316.722600000001 5954.3339 3250.1435 1011.139 0 1636.2541999999999 3181.9803 3844.7999 4244.846399999999 4974.637 4117.2916 4859.9784 5164.6863 6557.736 7772.8814 8673.2351 6983.1272 9551.3983 
9239.465 8384.5931 8101.0656 7864.2401 7784.8087 5838.6218 7020.9443 6842.2351 5617.25 5726.1366 4644.5787 4586.9961 4452.6609 3275.8926 2343.886 3671.5158 5345.3053 3705.4453999999996 4828.728499999999 5680.4655 5898.0001 6293.8294 6735.0869 6031.5379 7562.8968 9155.0713 8004.7024 8584.4371 9833.7651 9888.727 9857.115 5533.6951 2980.1359 625.1152 1636.2541999999999 0 1898.3374 2208.5457 3610.1418 4509.113 3908.2826999999997 4344.9672 4908.0393 6283.5267 7412.0229 8112.5271 6534.7689 9084.7353 
8798.2078 7879.7737 7738.394 7617.8714 8043.914199999999 6096.0988 7521.6371 7567.5651 6707.0303 7087.2333 5941.967699999999 5975.3242 5848.6999 4080.0212 3184.4235 4063.9659 5721.3476 3587.0938 4693.283 5149.17 5330.7861 5793.1816 5986.0632 5147.5139 6614.3266 8284.685 7238.6236 7795.6427 9157.2618 9444.7283 9588.3721 5907.2438 4546.9358 2170.8413 3181.9803 1898.3374 0 1346.7075 2811.2064 3824.6952 2009.9453 2446.8807 3015.9087 4404.2276 5740.9797 6526.9222 5379.3815 8484.394400000001 
7495.7543000000005 6609.688 6417.5891 6291.667799999999 6724.502200000001 4776.6868 6242.234100000001 6364.210300000001 5360.3228 5827.1593 5011.3186 4805.6996 5107.5334 3042.2961 2267.26 2717.2584 4433.3659 2381.142 3379.0272999999997 3802.4625 4060.1692000000003 4486.0977 4755.2262 3939.9056 5471.2645 7119.3317 6017.1954 6598.567800000001 7919.4321 8144.8375 8246.701 4564.1408 3504.932 2833.6609 3844.7999 2208.5457 1346.7075 0 1540.5819999999999 2542.223 3356.6528 2939.0859 3306.0006 4523.1912 5314.5402 6123.4617 4360.525 7219.179 
5998.2686 5079.152 4950.6238 4895.9191 5520.7248 3813.8996 5323.8062 5625.6048 4896.6109 5567.2656 5015.6655 4736.0917 5337.7854 2959.1168 2647.8478 2275.1512 3562.4476 1566.1247999999998 2316.1667 2383.0101 2618.9048000000003 2996.7923 3234.6892 2428.2014 3956.3562 5592.4133 4481.3753 5057.9858 6385.2641 6644.2669 6791.9721 3634.2439 3928.6845 3316.6729 4244.846399999999 3610.1418 2811.2064 1540.5819999999999 0 1024.1289 2265.2216 3475.8067 3565.431 4434.4461 4557.509 4901.6834 2949.6929 5729.4411 
4982.32 4271.054099999999 4041.7331999999997 3922.1239 4688.9302 3085.6223 4669.2877 5102.4654 4563.7355 5522.923699999999 5034.4593 4720.5069 5488.6681 3419.7765 3113.8828 2889.8106 3030.119 2058.1571 2572.5235000000002 1418.1019 2049.6793 1972.6634 2234.5451 3129.8346 3058.209 4733.919 3495.5894 4084.8044999999997 5382.7436 5620.1411 5776.5866 3393.2152 4341.6377 4156.452499999999 4974.637 4509.113 3824.6952 2542.223 1024.1289 0 3111.6154 4279.0663 4248.8627 4857.9584 4536.0635 4769.7217 3810.5348999999997 4763.5693 
7795.8808 6856.2399 6889.4145 6979.035100000001 7751.9196 6079.1212 7589.0278 7864.138 7042.1717 7609.4142 6888.7889 6662.3075 7037.9464 4857.5646 4187.1935 4351.0486 5827.6692 3699.6617 4580.7297 4529.7173 4452.186 4931.416 4852.3553 3821.7856 5353.1445 7010.9636 5995.1033 6483.319 7903.4709 8413.4973 8701.793 5899.4655 5440.8294 3873.9933 4117.2916 3908.2826999999997 2009.9453 3356.6528 2265.2216 3111.6154 0 1211.4805 1629.3608 2579.5257 3731.0357999999997 4555.9435 4728.0442 7331.4307 
8871.7341 7935.4825 7995.586 8143.3089 8963.4001 7232.3593 8797.4769 9059.2459 8192.2996 8731.4661 7949.5381 7738.4277 8046.6193 5936.4558 5204.7303 5508.6246 7038.2543000000005 4886.0349 5790.2003 5686.1784 5603.6296 6084.0045 5898.9735 4871.6233 6158.9254 7779.6459 7004.347 7452.3513 8880.805400000001 9474.3748 9826.5383 7103.879 6428.684 4579.9735 4859.9784 4344.9672 2446.8807 2939.0859 3475.8067 4279.0663 1211.4805 0 662.3972 2055.1924 3792.7773 4889.623799999999 4724.8958 8359.0139 
8625.1367 7685.4958 7797.3053 8013.7378 8937.7929 7332.3355 8867.8301 9191.0143 8395.8621 9078.3444 8274.3823 8044.0672 8410.5865 6227.6424 5562.4344 5724.6045 7125.947 5084.5607 5868.5816 5666.964599999999 5464.462 5929.3795 5654.5346 4624.7283 5812.1545 7392.6261 6696.4926 7109.5267 8537.980800000001 9221.4356 9581.8041 7190.099300000001 6810.9326 5095.305 5164.6863 4908.0393 3015.9087 3306.0006 3565.431 4248.8627 1629.3608 662.3972 0 1409.1565 3157.1383 4269.5482 4367.4617 8058.0579 
8595.5869 7707.4573 7932.0063 8292.0704 9406.9783 7941.1169 9521.7717 9949.8997 9297.5154 9967.2442 9352.1388 9096.5172 9562.2364 7282.0758 6718.064 6685.9801 7878.8369999999995 5948.7307 6598.4886 6094.1136 5800.3452 6280.7201 5802.0887 4771.519 5988.8176 7115.4866 6945.878000000001 7395.5588 8306.4616 9127.6272 9618.0839 7900.9623 7978.7374 6439.9608 6557.736 6283.5267 4404.2276 4523.1912 4434.4461 4857.9584 2579.5257 2055.1924 1409.1565 0 2127.4172 3359.2304999999997 4261.8803 7976.3667 
7074.5218 6304.661700000001 6626.0145 7338.4839 8506.4146 7390.8068 8896.4645 9483.488 9084.8904 9896.845 9516.777 9216.8438 9886.9395 7495.52 7180.3583 6740.671 7475.9094 5965.4798 6275.878699999999 5551.7110999999995 4931.6015 5252.8203 4727.103 3923.3179 4318.8418 5368.2163 5087.5213 5268.1416 6565.4167 7530.6394 8132.981500000001 7447.2441 8422.8222 7390.7884 7772.8814 7412.0229 5740.9797 5314.5402 4557.509 4536.0635 3731.0357999999997 3792.7773 3157.1383 2127.4172 0 1231.8133 3151.1132 6343.4714 
6207.6413 5478.5645 5921.0162 6569.125599999999 8018.7571 7161.4991 8574.4295 9242.7581 9011.2784 9891.4632 9646.7035 9328.4346 10099.6905 7710.5834 7544.2949 6897.1334 7335.725 6138.6589 6283.1973 5177.9043 5022.8367 4846.8816 4113.706700000001 3466.3286 3366.5202 4273.0544 4285.287 4355.0293 5554.098 6603.0497 7266.101000000001 7272.0545 8712.0607 8007.5018 8673.2351 8112.5271 6526.9222 6123.4617 4901.6834 4769.7217 4555.9435 4889.623799999999 4269.5482 3359.2304999999997 1231.8133 0 2578.2638 5434.7608 
4335.4928 3445.577 3711.4833 4190.419 5652.9182 4598.0255 6007.8415 6665.2926 6458.4761 7349.6136 7204.1768 6875.5385 7722.2686 5386.8943 5406.5503 4533.9194 5208.0087 3978.6966 3704.9335 2604.3089 2967.0024000000003 2486.6275 1575.9898 2606.5595000000003 2613.0134 3157.0298 3240.0913 3426.2492 4171.852800000001 4881.5622 5356.5508 4699.0451 6459.1177 6266.1035 6983.1272 6534.7689 5379.3815 4360.525 2949.6929 3810.5348999999997 4728.0442 4724.8958 4367.4617 4261.8803 3151.1132 2578.2638 0 3714.4864 
815.8756 900.1571 1388.0076 2238.5364 3768.5542 4350.8909 4918.0892 5783.8328 6327.7226 7272.893 7715.4995 7385.5323 8444.5482 6680.4082 7227.598 5914.6736 4870.2051 5572.2841 4678.8991 3587.9323 3198.7754 2790.9059 2743.5704 3544.6267 2292.1154 1352.6827 1361.5653 1081.2053 812.5269 1189.37 1844.9851 4676.2487 7775.375 8628.8041 9551.3983 9084.7353 8484.394400000001 7219.179 5729.4411 4763.5693 7331.4307 8359.0139 8058.0579 7976.3667 6343.4714 5434.7608 3714.4864 0 
