22
47 39 25 9 15 29 7 17 11 43 23 41 5 13 27 20 31 21 1 3 35 2
0 3.60555 10.81665 13.052719999999999 14.447420000000001 18.85452 17.02928 11.29563 12.52996 14.39563 10.0 7.32456 8.071069999999999 12.70972 10.43398 16.790210000000002 14.987490000000001 17.97211 17.088 15.00545 6.83095 1.0 
3.60555 0 7.2111 9.44717 14.14502 21.21609 18.69115 13.457909999999998 16.13551 16.55791 11.7047 9.48684 11.67662 14.491209999999999 12.596260000000001 20.395760000000003 14.68509 18.02776 18.73187 14.76482 8.99323 3.16228 
10.81665 7.2111 0 2.23607 8.31883 14.93498 11.7727 18.09726 15.62266 18.78494 15.69168 12.66527 10.21954 7.28011 14.169429999999998 13.90306 10.65685 14.8884 14.20085 13.27262 11.98141 10.373380000000001 
13.05272 9.44717 2.23607 0 6.08276 13.15383 14.008769999999998 17.29784 14.13556 17.29784 13.45561 13.86622 10.63015 9.516179999999999 11.93336 14.329429999999999 12.89292 14.62676 12.77033 15.508690000000001 12.447669999999999 12.609449999999999 
14.447420000000001 14.14502 8.31883 6.08276 0 7.07107 10.23335 16.55791 13.39563 16.55791 18.51054 16.20181 16.26434 10.81665 18.01612 14.70549 9.47214 8.544 11.70628 18.1094 18.530430000000003 13.447420000000001 
18.85452 21.21609 14.93498 13.15383 7.07107 0 3.16228 9.48684 6.32456 9.48684 15.5441 16.55791 19.36296 11.7047 13.79243 7.6344199999999995 15.444669999999999 15.61507 18.77735 16.50394 17.49286 19.78247 
17.02928 18.69115 11.7727 14.00877 10.23335 3.16228 0 6.32456 9.48684 12.64912 18.706380000000003 18.63919 16.5226 14.866980000000002 10.63015 4.47214 12.28239 12.5344 15.69668 13.34166 14.80984 16.62019 
11.29563 13.457909999999998 18.09726 17.29784 16.55791 9.48684 6.32456 0 3.16228 6.32456 12.381820000000001 13.39563 10.19804 18.78079 16.95471 10.7967 16.16228 18.85896 22.02124 19.37266 16.126579999999997 10.29563 
12.52996 16.13551 15.62266 14.13556 13.39563 6.32456 9.48684 3.16228 0 3.16228 9.21954 10.23335 13.0384 15.61851 15.203869999999998 13.95898 13.0 17.47214 20.63442 20.42496 14.21267 13.457909999999998 
14.39563 16.55791 18.784940000000002 17.29784 16.55791 9.48684 12.64912 6.32456 3.16228 0 6.08276 7.07107 10.30714 12.45623 12.04159 17.12126 16.16228 17.46425 20.62653 17.26268 17.37495 13.39563 
10.0 11.7047 15.69168 13.45561 18.51054 15.5441 18.70638 12.381820000000001 9.21954 6.08276 0 13.15383 16.389899999999997 18.53899 18.12435 19.040589999999998 19.0384 21.40093 22.22594 20.621290000000002 14.83095 9.0 
7.32456 9.48684 12.66527 13.86622 16.20181 16.55791 18.63919 13.39563 10.23335 7.07107 13.15383 0 3.23607 5.38516 15.75854 18.83878 16.40122 20.873359999999998 19.94575 19.01752 12.15551 6.32456 
8.071069999999999 11.67662 10.21954 10.63015 16.26434 19.36296 16.5226 10.19804 13.0384 10.30714 16.3899 3.23607 0 8.62123 16.87251 19.69772 19.63729 24.10943 22.40093 21.40093 14.902019999999998 9.071069999999999 
12.70972 14.491209999999999 7.28011 9.516179999999999 10.81665 11.7047 14.866980000000002 18.78079 15.61851 12.45623 18.53899 5.38516 8.62123 0 13.0384 13.45362 17.93696 19.36065 19.724339999999998 18.68652 17.5049 11.70972 
10.43398 12.596260000000001 14.16943 11.93336 18.01612 13.79243 10.63015 16.95471 15.203869999999998 12.04159 18.12435 15.75854 16.87251 13.0384 0 9.84886 17.65911 17.91112 21.0734 15.53933 15.26493 9.43398 
16.790210000000002 20.395760000000003 13.90306 14.329429999999999 14.70549 7.6344199999999995 4.47214 10.7967 13.95898 17.12126 19.04059 18.83878 19.69772 13.45362 9.84886 0 7.81025 8.06226 11.224540000000001 15.861979999999999 14.56022 17.2818 
14.987490000000001 14.68509 10.65685 12.89292 9.47214 15.444669999999999 12.28239 16.16228 13.0 16.16228 19.0384 16.40122 19.63729 17.93696 17.65911 7.81025 0 4.47214 7.6344199999999995 14.03754 13.18034 13.987490000000001 
17.97211 18.02776 14.8884 14.62676 8.544 15.61507 12.5344 18.85896 17.47214 17.46425 21.40093 20.873359999999998 24.109429999999996 19.36065 17.91112 8.06226 4.47214 0 3.16228 9.5654 17.652479999999997 18.45963 
17.088 18.73187 14.20085 12.77033 11.70628 18.77735 15.69668 22.02124 20.63442 20.62653 22.22594 19.94575 22.40093 19.724339999999998 21.0734 11.224540000000001 7.6344199999999995 3.16228 0 6.40312 14.86856 18.03427 
15.00545 14.76482 13.27262 15.50869 18.1094 16.50394 13.34166 19.37266 20.42496 17.26268 20.621290000000002 19.01752 21.40093 18.68652 15.53933 15.861979999999999 14.03754 9.5654 6.40312 0 13.94033 16.00545 
6.83095 8.99323 11.98141 12.447669999999999 18.53043 17.49286 14.80984 16.126579999999997 14.21267 17.37495 14.83095 12.15551 14.90202 17.5049 15.26493 14.56022 13.18034 17.652479999999997 14.86856 13.94033 0 5.83095 
1.0 3.16228 10.373380000000001 12.60945 13.447420000000001 19.782469999999996 16.62019 10.29563 13.457909999999998 13.39563 9.0 6.32456 9.071069999999999 11.70972 9.43398 17.2818 13.987490000000001 18.45963 18.03427 16.00545 5.83095 0 
