55
32 33 37 35 42 36 58 87 59 61 71 81 76 53 41 46 66 92 112 94 105 103 127 116 162 156 130 141 151 164 192 186 171 176 181 166 21 29 16 12 11 25 26 191 6 1 121 111 131 136 146 106 96 86 0
0 29.0 110.0 199.0 212.0 211.0 329.0 426.0 519.0 421.0 423.0 425.0 424.0 406.0 311.0 312.0 422.0 642.0 743.0 829.0 838.0 841.0 593.0 595.0 495.0 496.0 607.0 499.0 497.0 498.0 197.0 198.0 201.0 200.0 199.0 202.0 2.0 98.0 3.0 108.0 4.0 107.0 1.0 11.0 5.0 6.0 594.0 596.0 501.0 500.0 498.0 742.0 740.0 641.0 7.0 
29.0 0 97.0 186.0 199.0 198.0 316.0 413.0 506.0 408.0 410.0 412.0 411.0 393.0 298.0 299.0 409.0 629.0 730.0 816.0 825.0 828.0 622.0 624.0 524.0 525.0 636.0 528.0 526.0 527.0 226.0 227.0 230.0 229.0 228.0 231.0 31.0 127.0 32.0 137.0 33.0 136.0 30.0 40.0 34.0 35.0 623.0 625.0 530.0 529.0 527.0 729.0 727.0 628.0 36.0 
110.0 97.0 0 91.0 102.0 101.0 219.0 316.0 409.0 311.0 313.0 315.0 314.0 296.0 201.0 202.0 312.0 532.0 633.0 719.0 728.0 731.0 703.0 705.0 605.0 606.0 717.0 609.0 607.0 608.0 307.0 308.0 311.0 310.0 309.0 312.0 112.0 208.0 113.0 218.0 114.0 217.0 111.0 121.0 115.0 116.0 704.0 706.0 611.0 610.0 608.0 632.0 630.0 531.0 117.0 
199.0 186.0 91.0 0 193.0 192.0 310.0 407.0 500.0 402.0 404.0 406.0 405.0 387.0 292.0 293.0 403.0 623.0 724.0 810.0 819.0 822.0 792.0 794.0 694.0 695.0 806.0 698.0 696.0 697.0 396.0 397.0 400.0 399.0 398.0 401.0 201.0 297.0 202.0 307.0 203.0 306.0 200.0 210.0 204.0 205.0 793.0 795.0 700.0 699.0 697.0 723.0 721.0 622.0 206.0 
212.0 199.0 102.0 193.0 0 1.0 117.0 214.0 307.0 209.0 211.0 213.0 212.0 194.0 99.0 100.0 210.0 430.0 531.0 617.0 626.0 629.0 714.0 712.0 707.0 708.0 819.0 711.0 709.0 710.0 409.0 410.0 413.0 412.0 411.0 414.0 214.0 310.0 215.0 320.0 216.0 319.0 213.0 223.0 217.0 218.0 713.0 711.0 713.0 712.0 710.0 530.0 528.0 429.0 219.0 
211.0 198.0 101.0 192.0 1.0 0 118.0 215.0 308.0 210.0 212.0 214.0 213.0 195.0 100.0 101.0 211.0 431.0 532.0 618.0 627.0 630.0 715.0 713.0 706.0 707.0 818.0 710.0 708.0 709.0 408.0 409.0 412.0 411.0 410.0 413.0 213.0 309.0 214.0 319.0 215.0 318.0 212.0 222.0 216.0 217.0 714.0 712.0 712.0 711.0 709.0 531.0 529.0 430.0 218.0 
329.0 316.0 219.0 310.0 117.0 118.0 0 105.0 198.0 100.0 102.0 104.0 103.0 109.0 18.0 17.0 101.0 321.0 422.0 508.0 517.0 520.0 605.0 603.0 703.0 702.0 801.0 699.0 701.0 827.0 526.0 527.0 530.0 529.0 528.0 531.0 331.0 427.0 332.0 437.0 333.0 436.0 330.0 340.0 334.0 335.0 604.0 602.0 697.0 698.0 700.0 421.0 419.0 320.0 336.0 
426.0 413.0 316.0 407.0 214.0 215.0 105.0 0 105.0 5.0 3.0 1.0 2.0 206.0 115.0 114.0 4.0 216.0 317.0 403.0 412.0 415.0 500.0 498.0 598.0 597.0 696.0 594.0 596.0 785.0 623.0 624.0 627.0 626.0 625.0 628.0 428.0 524.0 429.0 534.0 430.0 533.0 427.0 437.0 431.0 432.0 499.0 497.0 592.0 593.0 595.0 316.0 314.0 215.0 433.0 
519.0 506.0 409.0 500.0 307.0 308.0 198.0 105.0 0 100.0 102.0 104.0 103.0 299.0 208.0 207.0 101.0 321.0 422.0 508.0 517.0 520.0 605.0 603.0 703.0 702.0 801.0 699.0 701.0 890.0 716.0 717.0 720.0 719.0 718.0 721.0 521.0 617.0 522.0 627.0 523.0 626.0 520.0 530.0 524.0 525.0 604.0 602.0 697.0 698.0 700.0 421.0 419.0 320.0 526.0 
421.0 408.0 311.0 402.0 209.0 210.0 100.0 5.0 100.0 0 2.0 4.0 3.0 201.0 110.0 109.0 1.0 221.0 322.0 408.0 417.0 420.0 505.0 503.0 603.0 602.0 701.0 599.0 601.0 790.0 618.0 619.0 622.0 621.0 620.0 623.0 423.0 519.0 424.0 529.0 425.0 528.0 422.0 432.0 426.0 427.0 504.0 502.0 597.0 598.0 600.0 321.0 319.0 220.0 428.0 
423.0 410.0 313.0 404.0 211.0 212.0 102.0 3.0 102.0 2.0 0 2.0 1.0 203.0 112.0 111.0 1.0 219.0 320.0 406.0 415.0 418.0 503.0 501.0 601.0 600.0 699.0 597.0 599.0 788.0 620.0 621.0 624.0 623.0 622.0 625.0 425.0 521.0 426.0 531.0 427.0 530.0 424.0 434.0 428.0 429.0 502.0 500.0 595.0 596.0 598.0 319.0 317.0 218.0 430.0 
425.0 412.0 315.0 406.0 213.0 214.0 104.0 1.0 104.0 4.0 2.0 0 1.0 205.0 114.0 113.0 3.0 217.0 318.0 404.0 413.0 416.0 501.0 499.0 599.0 598.0 697.0 595.0 597.0 786.0 622.0 623.0 626.0 625.0 624.0 627.0 427.0 523.0 428.0 533.0 429.0 532.0 426.0 436.0 430.0 431.0 500.0 498.0 593.0 594.0 596.0 317.0 315.0 216.0 432.0 
424.0 411.0 314.0 405.0 212.0 213.0 103.0 2.0 103.0 3.0 1.0 1.0 0 204.0 113.0 112.0 2.0 218.0 319.0 405.0 414.0 417.0 502.0 500.0 600.0 599.0 698.0 596.0 598.0 787.0 621.0 622.0 625.0 624.0 623.0 626.0 426.0 522.0 427.0 532.0 428.0 531.0 425.0 435.0 429.0 430.0 501.0 499.0 594.0 595.0 597.0 318.0 316.0 217.0 431.0 
406.0 393.0 296.0 387.0 194.0 195.0 109.0 206.0 299.0 201.0 203.0 205.0 204.0 0 95.0 94.0 202.0 422.0 523.0 609.0 618.0 621.0 706.0 704.0 804.0 803.0 902.0 800.0 802.0 904.0 603.0 604.0 607.0 606.0 605.0 608.0 408.0 504.0 409.0 514.0 410.0 513.0 407.0 417.0 411.0 412.0 705.0 703.0 798.0 799.0 801.0 522.0 520.0 421.0 413.0 
311.0 298.0 201.0 292.0 99.0 100.0 18.0 115.0 208.0 110.0 112.0 114.0 113.0 95.0 0 1.0 111.0 331.0 432.0 518.0 527.0 530.0 615.0 613.0 713.0 712.0 811.0 709.0 711.0 809.0 508.0 509.0 512.0 511.0 510.0 513.0 313.0 409.0 314.0 419.0 315.0 418.0 312.0 322.0 316.0 317.0 614.0 612.0 707.0 708.0 710.0 431.0 429.0 330.0 318.0 
312.0 299.0 202.0 293.0 100.0 101.0 17.0 114.0 207.0 109.0 111.0 113.0 112.0 94.0 1.0 0 110.0 330.0 431.0 517.0 526.0 529.0 614.0 612.0 712.0 711.0 810.0 708.0 710.0 810.0 509.0 510.0 513.0 512.0 511.0 514.0 314.0 410.0 315.0 420.0 316.0 419.0 313.0 323.0 317.0 318.0 613.0 611.0 706.0 707.0 709.0 430.0 428.0 329.0 319.0 
422.0 409.0 312.0 403.0 210.0 211.0 101.0 4.0 101.0 1.0 1.0 3.0 2.0 202.0 111.0 110.0 0 220.0 321.0 407.0 416.0 419.0 504.0 502.0 602.0 601.0 700.0 598.0 600.0 789.0 619.0 620.0 623.0 622.0 621.0 624.0 424.0 520.0 425.0 530.0 426.0 529.0 423.0 433.0 427.0 428.0 503.0 501.0 596.0 597.0 599.0 320.0 318.0 219.0 429.0 
642.0 629.0 532.0 623.0 430.0 431.0 321.0 216.0 321.0 221.0 219.0 217.0 218.0 422.0 331.0 330.0 220.0 0 101.0 187.0 196.0 199.0 284.0 282.0 382.0 381.0 480.0 378.0 380.0 569.0 680.0 679.0 676.0 677.0 678.0 675.0 644.0 740.0 645.0 750.0 646.0 749.0 643.0 653.0 647.0 648.0 283.0 281.0 376.0 377.0 379.0 100.0 98.0 1.0 649.0 
743.0 730.0 633.0 724.0 531.0 532.0 422.0 317.0 422.0 322.0 320.0 318.0 319.0 523.0 432.0 431.0 321.0 101.0 0 94.0 99.0 102.0 183.0 181.0 281.0 280.0 379.0 277.0 279.0 468.0 579.0 578.0 575.0 576.0 577.0 574.0 745.0 841.0 746.0 851.0 747.0 850.0 744.0 754.0 748.0 749.0 182.0 180.0 275.0 276.0 278.0 1.0 3.0 102.0 750.0 
829.0 816.0 719.0 810.0 617.0 618.0 508.0 403.0 508.0 408.0 406.0 404.0 405.0 609.0 518.0 517.0 407.0 187.0 94.0 0 189.0 192.0 277.0 275.0 375.0 374.0 473.0 371.0 373.0 562.0 673.0 672.0 669.0 670.0 671.0 668.0 831.0 927.0 832.0 937.0 833.0 936.0 830.0 840.0 834.0 835.0 276.0 274.0 369.0 370.0 372.0 93.0 91.0 188.0 836.0 
838.0 825.0 728.0 819.0 626.0 627.0 517.0 412.0 517.0 417.0 415.0 413.0 414.0 618.0 527.0 526.0 416.0 196.0 99.0 189.0 0 197.0 282.0 280.0 380.0 379.0 478.0 376.0 378.0 567.0 678.0 677.0 674.0 675.0 676.0 673.0 840.0 936.0 841.0 946.0 842.0 945.0 839.0 849.0 843.0 844.0 281.0 279.0 374.0 375.0 377.0 98.0 98.0 197.0 845.0 
841.0 828.0 731.0 822.0 629.0 630.0 520.0 415.0 520.0 420.0 418.0 416.0 417.0 621.0 530.0 529.0 419.0 199.0 102.0 192.0 197.0 0 285.0 283.0 383.0 382.0 481.0 379.0 381.0 570.0 681.0 680.0 677.0 678.0 679.0 676.0 843.0 939.0 844.0 949.0 845.0 948.0 842.0 852.0 846.0 847.0 284.0 282.0 377.0 378.0 380.0 101.0 101.0 200.0 848.0 
593.0 622.0 703.0 792.0 714.0 715.0 605.0 500.0 605.0 505.0 503.0 501.0 502.0 706.0 615.0 614.0 504.0 284.0 183.0 277.0 282.0 285.0 0 2.0 98.0 97.0 196.0 94.0 96.0 285.0 396.0 395.0 392.0 393.0 394.0 391.0 591.0 689.0 590.0 693.0 589.0 696.0 592.0 582.0 588.0 587.0 1.0 3.0 92.0 93.0 95.0 184.0 186.0 285.0 586.0 
595.0 624.0 705.0 794.0 712.0 713.0 603.0 498.0 603.0 503.0 501.0 499.0 500.0 704.0 613.0 612.0 502.0 282.0 181.0 275.0 280.0 283.0 2.0 0 100.0 99.0 198.0 96.0 98.0 287.0 398.0 397.0 394.0 395.0 396.0 393.0 593.0 691.0 592.0 695.0 591.0 698.0 594.0 584.0 590.0 589.0 1.0 1.0 94.0 95.0 97.0 182.0 184.0 283.0 588.0 
495.0 524.0 605.0 694.0 707.0 706.0 703.0 598.0 703.0 603.0 601.0 599.0 600.0 804.0 713.0 712.0 602.0 382.0 281.0 375.0 380.0 383.0 98.0 100.0 0 1.0 112.0 4.0 2.0 187.0 298.0 297.0 294.0 295.0 296.0 293.0 493.0 591.0 492.0 595.0 491.0 598.0 494.0 484.0 490.0 489.0 99.0 101.0 6.0 5.0 3.0 282.0 284.0 383.0 488.0 
496.0 525.0 606.0 695.0 708.0 707.0 702.0 597.0 702.0 602.0 600.0 598.0 599.0 803.0 712.0 711.0 601.0 381.0 280.0 374.0 379.0 382.0 97.0 99.0 1.0 0 111.0 3.0 1.0 188.0 299.0 298.0 295.0 296.0 297.0 294.0 494.0 592.0 493.0 596.0 492.0 599.0 495.0 485.0 491.0 490.0 98.0 100.0 5.0 4.0 2.0 281.0 283.0 382.0 489.0 
607.0 636.0 717.0 806.0 819.0 818.0 801.0 696.0 801.0 701.0 699.0 697.0 698.0 902.0 811.0 810.0 700.0 480.0 379.0 473.0 478.0 481.0 196.0 198.0 112.0 111.0 0 108.0 110.0 299.0 410.0 409.0 406.0 407.0 408.0 405.0 605.0 703.0 604.0 707.0 603.0 710.0 606.0 596.0 602.0 601.0 197.0 199.0 106.0 107.0 109.0 380.0 382.0 481.0 600.0 
499.0 528.0 609.0 698.0 711.0 710.0 699.0 594.0 699.0 599.0 597.0 595.0 596.0 800.0 709.0 708.0 598.0 378.0 277.0 371.0 376.0 379.0 94.0 96.0 4.0 3.0 108.0 0 2.0 191.0 302.0 301.0 298.0 299.0 300.0 297.0 497.0 595.0 496.0 599.0 495.0 602.0 498.0 488.0 494.0 493.0 95.0 97.0 2.0 1.0 1.0 278.0 280.0 379.0 492.0 
497.0 526.0 607.0 696.0 709.0 708.0 701.0 596.0 701.0 601.0 599.0 597.0 598.0 802.0 711.0 710.0 600.0 380.0 279.0 373.0 378.0 381.0 96.0 98.0 2.0 1.0 110.0 2.0 0 189.0 300.0 299.0 296.0 297.0 298.0 295.0 495.0 593.0 494.0 597.0 493.0 600.0 496.0 486.0 492.0 491.0 97.0 99.0 4.0 3.0 1.0 280.0 282.0 381.0 490.0 
498.0 527.0 608.0 697.0 710.0 709.0 827.0 785.0 890.0 790.0 788.0 786.0 787.0 904.0 809.0 810.0 789.0 569.0 468.0 562.0 567.0 570.0 285.0 287.0 187.0 188.0 299.0 191.0 189.0 0 301.0 300.0 297.0 298.0 299.0 296.0 496.0 594.0 495.0 598.0 494.0 601.0 497.0 487.0 493.0 492.0 286.0 288.0 193.0 192.0 190.0 469.0 471.0 570.0 491.0 
197.0 226.0 307.0 396.0 409.0 408.0 526.0 623.0 716.0 618.0 620.0 622.0 621.0 603.0 508.0 509.0 619.0 680.0 579.0 673.0 678.0 681.0 396.0 398.0 298.0 299.0 410.0 302.0 300.0 301.0 0 1.0 4.0 3.0 2.0 5.0 195.0 293.0 194.0 297.0 193.0 300.0 196.0 186.0 192.0 191.0 397.0 399.0 304.0 303.0 301.0 580.0 582.0 681.0 190.0 
198.0 227.0 308.0 397.0 410.0 409.0 527.0 624.0 717.0 619.0 621.0 623.0 622.0 604.0 509.0 510.0 620.0 679.0 578.0 672.0 677.0 680.0 395.0 397.0 297.0 298.0 409.0 301.0 299.0 300.0 1.0 0 3.0 2.0 1.0 4.0 196.0 294.0 195.0 298.0 194.0 301.0 197.0 187.0 193.0 192.0 396.0 398.0 303.0 302.0 300.0 579.0 581.0 680.0 191.0 
201.0 230.0 311.0 400.0 413.0 412.0 530.0 627.0 720.0 622.0 624.0 626.0 625.0 607.0 512.0 513.0 623.0 676.0 575.0 669.0 674.0 677.0 392.0 394.0 294.0 295.0 406.0 298.0 296.0 297.0 4.0 3.0 0 1.0 2.0 1.0 199.0 297.0 198.0 301.0 197.0 304.0 200.0 190.0 196.0 195.0 393.0 395.0 300.0 299.0 297.0 576.0 578.0 677.0 194.0 
200.0 229.0 310.0 399.0 412.0 411.0 529.0 626.0 719.0 621.0 623.0 625.0 624.0 606.0 511.0 512.0 622.0 677.0 576.0 670.0 675.0 678.0 393.0 395.0 295.0 296.0 407.0 299.0 297.0 298.0 3.0 2.0 1.0 0 1.0 2.0 198.0 296.0 197.0 300.0 196.0 303.0 199.0 189.0 195.0 194.0 394.0 396.0 301.0 300.0 298.0 577.0 579.0 678.0 193.0 
199.0 228.0 309.0 398.0 411.0 410.0 528.0 625.0 718.0 620.0 622.0 624.0 623.0 605.0 510.0 511.0 621.0 678.0 577.0 671.0 676.0 679.0 394.0 396.0 296.0 297.0 408.0 300.0 298.0 299.0 2.0 1.0 2.0 1.0 0 3.0 197.0 295.0 196.0 299.0 195.0 302.0 198.0 188.0 194.0 193.0 395.0 397.0 302.0 301.0 299.0 578.0 580.0 679.0 192.0 
202.0 231.0 312.0 401.0 414.0 413.0 531.0 628.0 721.0 623.0 625.0 627.0 626.0 608.0 513.0 514.0 624.0 675.0 574.0 668.0 673.0 676.0 391.0 393.0 293.0 294.0 405.0 297.0 295.0 296.0 5.0 4.0 1.0 2.0 3.0 0 200.0 298.0 199.0 302.0 198.0 305.0 201.0 191.0 197.0 196.0 392.0 394.0 299.0 298.0 296.0 575.0 577.0 676.0 195.0 
2.0 31.0 112.0 201.0 214.0 213.0 331.0 428.0 521.0 423.0 425.0 427.0 426.0 408.0 313.0 314.0 424.0 644.0 745.0 831.0 840.0 843.0 591.0 593.0 493.0 494.0 605.0 497.0 495.0 496.0 195.0 196.0 199.0 198.0 197.0 200.0 0 98.0 1.0 106.0 2.0 105.0 1.0 9.0 3.0 4.0 592.0 594.0 499.0 498.0 496.0 744.0 742.0 643.0 5.0 
98.0 127.0 208.0 297.0 310.0 309.0 427.0 524.0 617.0 519.0 521.0 523.0 522.0 504.0 409.0 410.0 520.0 740.0 841.0 927.0 936.0 939.0 689.0 691.0 591.0 592.0 703.0 595.0 593.0 594.0 293.0 294.0 297.0 296.0 295.0 298.0 98.0 0 99.0 204.0 100.0 203.0 97.0 107.0 101.0 102.0 690.0 692.0 597.0 596.0 594.0 840.0 838.0 739.0 103.0 
3.0 32.0 113.0 202.0 215.0 214.0 332.0 429.0 522.0 424.0 426.0 428.0 427.0 409.0 314.0 315.0 425.0 645.0 746.0 832.0 841.0 844.0 590.0 592.0 492.0 493.0 604.0 496.0 494.0 495.0 194.0 195.0 198.0 197.0 196.0 199.0 1.0 99.0 0 105.0 1.0 106.0 2.0 8.0 2.0 3.0 591.0 593.0 498.0 497.0 495.0 745.0 743.0 644.0 4.0 
108.0 137.0 218.0 307.0 320.0 319.0 437.0 534.0 627.0 529.0 531.0 533.0 532.0 514.0 419.0 420.0 530.0 750.0 851.0 937.0 946.0 949.0 693.0 695.0 595.0 596.0 707.0 599.0 597.0 598.0 297.0 298.0 301.0 300.0 299.0 302.0 106.0 204.0 105.0 0 104.0 211.0 107.0 111.0 105.0 106.0 694.0 696.0 601.0 600.0 598.0 850.0 848.0 749.0 107.0 
4.0 33.0 114.0 203.0 216.0 215.0 333.0 430.0 523.0 425.0 427.0 429.0 428.0 410.0 315.0 316.0 426.0 646.0 747.0 833.0 842.0 845.0 589.0 591.0 491.0 492.0 603.0 495.0 493.0 494.0 193.0 194.0 197.0 196.0 195.0 198.0 2.0 100.0 1.0 104.0 0 107.0 3.0 7.0 1.0 2.0 590.0 592.0 497.0 496.0 494.0 746.0 744.0 645.0 3.0 
107.0 136.0 217.0 306.0 319.0 318.0 436.0 533.0 626.0 528.0 530.0 532.0 531.0 513.0 418.0 419.0 529.0 749.0 850.0 936.0 945.0 948.0 696.0 698.0 598.0 599.0 710.0 602.0 600.0 601.0 300.0 301.0 304.0 303.0 302.0 305.0 105.0 203.0 106.0 211.0 107.0 0 106.0 114.0 108.0 109.0 697.0 699.0 604.0 603.0 601.0 849.0 847.0 748.0 110.0 
1.0 30.0 111.0 200.0 213.0 212.0 330.0 427.0 520.0 422.0 424.0 426.0 425.0 407.0 312.0 313.0 423.0 643.0 744.0 830.0 839.0 842.0 592.0 594.0 494.0 495.0 606.0 498.0 496.0 497.0 196.0 197.0 200.0 199.0 198.0 201.0 1.0 97.0 2.0 107.0 3.0 106.0 0 10.0 4.0 5.0 593.0 595.0 500.0 499.0 497.0 743.0 741.0 642.0 6.0 
11.0 40.0 121.0 210.0 223.0 222.0 340.0 437.0 530.0 432.0 434.0 436.0 435.0 417.0 322.0 323.0 433.0 653.0 754.0 840.0 849.0 852.0 582.0 584.0 484.0 485.0 596.0 488.0 486.0 487.0 186.0 187.0 190.0 189.0 188.0 191.0 9.0 107.0 8.0 111.0 7.0 114.0 10.0 0 6.0 5.0 583.0 585.0 490.0 489.0 487.0 753.0 751.0 652.0 4.0 
5.0 34.0 115.0 204.0 217.0 216.0 334.0 431.0 524.0 426.0 428.0 430.0 429.0 411.0 316.0 317.0 427.0 647.0 748.0 834.0 843.0 846.0 588.0 590.0 490.0 491.0 602.0 494.0 492.0 493.0 192.0 193.0 196.0 195.0 194.0 197.0 3.0 101.0 2.0 105.0 1.0 108.0 4.0 6.0 0 1.0 589.0 591.0 496.0 495.0 493.0 747.0 745.0 646.0 2.0 
6.0 35.0 116.0 205.0 218.0 217.0 335.0 432.0 525.0 427.0 429.0 431.0 430.0 412.0 317.0 318.0 428.0 648.0 749.0 835.0 844.0 847.0 587.0 589.0 489.0 490.0 601.0 493.0 491.0 492.0 191.0 192.0 195.0 194.0 193.0 196.0 4.0 102.0 3.0 106.0 2.0 109.0 5.0 5.0 1.0 0 588.0 590.0 495.0 494.0 492.0 748.0 746.0 647.0 1.0 
594.0 623.0 704.0 793.0 713.0 714.0 604.0 499.0 604.0 504.0 502.0 500.0 501.0 705.0 614.0 613.0 503.0 283.0 182.0 276.0 281.0 284.0 1.0 1.0 99.0 98.0 197.0 95.0 97.0 286.0 397.0 396.0 393.0 394.0 395.0 392.0 592.0 690.0 591.0 694.0 590.0 697.0 593.0 583.0 589.0 588.0 0 2.0 93.0 94.0 96.0 183.0 185.0 284.0 587.0 
596.0 625.0 706.0 795.0 711.0 712.0 602.0 497.0 602.0 502.0 500.0 498.0 499.0 703.0 612.0 611.0 501.0 281.0 180.0 274.0 279.0 282.0 3.0 1.0 101.0 100.0 199.0 97.0 99.0 288.0 399.0 398.0 395.0 396.0 397.0 394.0 594.0 692.0 593.0 696.0 592.0 699.0 595.0 585.0 591.0 590.0 2.0 0 95.0 96.0 98.0 181.0 183.0 282.0 589.0 
501.0 530.0 611.0 700.0 713.0 712.0 697.0 592.0 697.0 597.0 595.0 593.0 594.0 798.0 707.0 706.0 596.0 376.0 275.0 369.0 374.0 377.0 92.0 94.0 6.0 5.0 106.0 2.0 4.0 193.0 304.0 303.0 300.0 301.0 302.0 299.0 499.0 597.0 498.0 601.0 497.0 604.0 500.0 490.0 496.0 495.0 93.0 95.0 0 1.0 3.0 276.0 278.0 377.0 494.0 
500.0 529.0 610.0 699.0 712.0 711.0 698.0 593.0 698.0 598.0 596.0 594.0 595.0 799.0 708.0 707.0 597.0 377.0 276.0 370.0 375.0 378.0 93.0 95.0 5.0 4.0 107.0 1.0 3.0 192.0 303.0 302.0 299.0 300.0 301.0 298.0 498.0 596.0 497.0 600.0 496.0 603.0 499.0 489.0 495.0 494.0 94.0 96.0 1.0 0 2.0 277.0 279.0 378.0 493.0 
498.0 527.0 608.0 697.0 710.0 709.0 700.0 595.0 700.0 600.0 598.0 596.0 597.0 801.0 710.0 709.0 599.0 379.0 278.0 372.0 377.0 380.0 95.0 97.0 3.0 2.0 109.0 1.0 1.0 190.0 301.0 300.0 297.0 298.0 299.0 296.0 496.0 594.0 495.0 598.0 494.0 601.0 497.0 487.0 493.0 492.0 96.0 98.0 3.0 2.0 0 279.0 281.0 380.0 491.0 
742.0 729.0 632.0 723.0 530.0 531.0 421.0 316.0 421.0 321.0 319.0 317.0 318.0 522.0 431.0 430.0 320.0 100.0 1.0 93.0 98.0 101.0 184.0 182.0 282.0 281.0 380.0 278.0 280.0 469.0 580.0 579.0 576.0 577.0 578.0 575.0 744.0 840.0 745.0 850.0 746.0 849.0 743.0 753.0 747.0 748.0 183.0 181.0 276.0 277.0 279.0 0 2.0 101.0 749.0 
740.0 727.0 630.0 721.0 528.0 529.0 419.0 314.0 419.0 319.0 317.0 315.0 316.0 520.0 429.0 428.0 318.0 98.0 3.0 91.0 98.0 101.0 186.0 184.0 284.0 283.0 382.0 280.0 282.0 471.0 582.0 581.0 578.0 579.0 580.0 577.0 742.0 838.0 743.0 848.0 744.0 847.0 741.0 751.0 745.0 746.0 185.0 183.0 278.0 279.0 281.0 2.0 0 99.0 747.0 
641.0 628.0 531.0 622.0 429.0 430.0 320.0 215.0 320.0 220.0 218.0 216.0 217.0 421.0 330.0 329.0 219.0 1.0 102.0 188.0 197.0 200.0 285.0 283.0 383.0 382.0 481.0 379.0 381.0 570.0 681.0 680.0 677.0 678.0 679.0 676.0 643.0 739.0 644.0 749.0 645.0 748.0 642.0 652.0 646.0 647.0 284.0 282.0 377.0 378.0 380.0 101.0 99.0 0 648.0 
7.0 36.0 117.0 206.0 219.0 218.0 336.0 433.0 526.0 428.0 430.0 432.0 431.0 413.0 318.0 319.0 429.0 649.0 750.0 836.0 845.0 848.0 586.0 588.0 488.0 489.0 600.0 492.0 490.0 491.0 190.0 191.0 194.0 193.0 192.0 195.0 5.0 103.0 4.0 107.0 3.0 110.0 6.0 4.0 2.0 1.0 587.0 589.0 494.0 493.0 491.0 749.0 747.0 648.0 0 
