12
41 36 32 31 1 10 18 16 11 21 26 0
0 1.0 102.0 2.0 5.0 206.0 208.0 108.0 107.0 109.0 103.0 4.0 
1.0 0 101.0 1.0 6.0 207.0 209.0 109.0 108.0 110.0 102.0 5.0 
102.0 101.0 0 100.0 107.0 308.0 310.0 210.0 209.0 211.0 1.0 106.0 
2.0 1.0 100.0 0 7.0 208.0 210.0 110.0 109.0 111.0 101.0 6.0 
5.0 6.0 107.0 7.0 0 201.0 203.0 103.0 102.0 104.0 108.0 1.0 
206.0 207.0 308.0 208.0 201.0 0 202.0 102.0 101.0 103.0 309.0 202.0 
208.0 209.0 310.0 210.0 203.0 202.0 0 100.0 101.0 101.0 311.0 204.0 
108.0 109.0 210.0 110.0 103.0 102.0 100.0 0 1.0 1.0 211.0 104.0 
107.0 108.0 209.0 109.0 102.0 101.0 101.0 1.0 0 2.0 210.0 103.0 
109.0 110.0 211.0 111.0 104.0 103.0 101.0 1.0 2.0 0 212.0 105.0 
103.0 102.0 1.0 101.0 108.0 309.0 311.0 211.0 210.0 212.0 0 107.0 
4.0 5.0 106.0 6.0 1.0 202.0 204.0 104.0 103.0 105.0 107.0 0 
