23
RKTqv0lO xaYYL0Xr ne5PzSYX zcy1X765 XlaUIvCb mmiVeCrf o5fxSomz rJm7nPd7 mB6fiF0u 5Zo9R33z LQU5lyru rKjRBwvM 7xyYvlir i4M5A6hw fsgAjhrq 1JmiRMy2 hC2ZPbzA Wvomb2LC 2XMfF8YA uzY67sfN hcJG54h4 dYz0v5Rl yqRn7pcv
0 1.61 32.620000000000005 120.85 184.12 273.85 322.65000000000003 377.18 348.02 342.66999999999996 273.76 254.32000000000002 254.5 139.34 249.06 292.68 289.45 312.0 348.55 241.45000000000002 195.04000000000002 149.34 60.94 
1.61 0 31.01 119.3 183.70999999999998 274.81 321.04 375.88 349.63 343.27 275.37 255.92999999999998 252.89 140.92000000000002 250.64000000000001 293.21000000000004 291.06 311.25 348.62 243.06000000000003 196.65000000000003 150.95000000000002 62.52 
32.620000000000005 31.01 0 89.35 153.54 245.42 307.19 362.25 335.14 321.87 261.09 242.16 221.88 168.98 268.9 294.69 312.04 339.56 351.13 273.54 227.66 181.96 93.52 
120.85 119.3 89.35 0 64.41 156.21 225.99 318.56 324.47 376.62 318.03 327.95000000000005 281.57 249.54 357.84 384.03999999999996 394.51 423.57 440.48 344.71000000000004 298.3 257.65 172.20999999999998 
184.12 183.70999999999998 153.54 64.41 0 94.47 165.66 260.05 282.16 315.45 265.2 263.54 217.16 311.96 419.75 410.58 412.01 428.74 437.18 345.04 354.59 309.41 234.12 
273.85 274.81 245.42 156.21 94.47 0 93.51 185.94 214.95 258.47 178.32 175.84 234.79 405.75 514.05 505.04999999999995 471.91 481.28 449.06 421.24 388.58 345.28 327.61 
322.65000000000003 321.04 307.19 225.99 165.66 93.51 0 138.72 164.94 192.72 150.25 171.23 275.65 460.61 480.2 514.01 477.51 512.82 476.46 381.26 348.94 303.31 382.39 
377.18 375.88 362.25 318.56 260.05 185.94 138.72 0 29.38 73.97 103.67999999999999 127.05 201.89 348.68 419.0 448.56 361.6 478.97 442.15999999999997 297.3 251.99 237.91 373.58 
348.02 349.63 335.14 324.47 282.16 214.95 164.94 29.38 0 66.02 74.3 97.67 172.51 319.3 389.62 419.18 358.84 450.15 412.78 267.92 222.61 267.29 349.09999999999997 
342.66999999999996 343.27 321.87 376.62 315.45 258.47 192.72 73.97 66.02 0 131.14000000000001 157.38 237.65 294.32 382.23 448.2 365.42 411.59 388.78 325.19 288.51 284.87 328.23 
273.76 275.37 261.09 318.03 265.2 178.32 150.25 103.67999999999999 74.3 131.14000000000001 0 26.72 196.65 343.41 428.58 477.1 332.83 417.20000000000005 402.24 271.82 225.41 271.11 274.84 
254.32 255.93 242.16 327.95000000000005 263.54 175.84 171.23 127.05 97.67 157.38 26.72 0 178.99 332.21 414.69 453.49 318.83 397.76000000000005 391.07 258.55 244.69 270.24 255.39999999999998 
254.5 252.89 221.88 281.57 217.16 234.79 275.65 201.89 172.51 237.65 196.65 178.99 0 293.85 337.95 330.16 342.27 464.31 499.51 401.55 362.42 392.72 258.28 
139.34 140.92000000000002 168.98 249.54 311.96 405.75 460.61 348.68 319.3 294.32 343.41 332.21 293.85 0 109.72 159.22 179.64 314.62 310.84 326.44 280.23 239.04000000000002 78.4 
249.06 250.64000000000001 268.9 357.84 419.75 514.05 480.2 419.0 389.62 382.23 428.58 414.69 337.95 109.72 0 74.4 172.07 307.04999999999995 341.47 396.82 387.04 348.76 188.12 
292.68 293.21000000000004 294.69 384.03999999999996 410.58 505.04999999999995 514.01 448.56 419.18 448.2 477.1 453.49 330.16 159.22 74.4 0 244.72 362.15 397.84 387.39 401.11 389.4 232.20000000000002 
289.45 291.06 312.04 394.51 412.01 471.91 477.51 361.6 358.84 365.42 332.83 318.83 342.27 179.64 172.07 244.72 0 134.98 172.08 289.21 331.71 350.71 258.03999999999996 
312.0 311.25 339.56 423.57 428.74 481.28 512.82 478.97 450.15 411.59 417.20000000000005 397.76 464.31 314.62 307.04999999999995 362.15 134.98 0 37.37 182.5 227.61 268.12 320.48 
348.55 348.62 351.13 440.48 437.18 449.06 476.46 442.15999999999997 412.78 388.78 402.24 391.07 499.51 310.84 341.47 397.84 172.08 37.37 0 145.13 190.24 235.94 350.64 
241.45 243.06 273.54 344.71000000000004 345.04 421.24 381.26 297.3 267.92 325.19 271.82 258.55 401.55 326.44 396.82 387.39 289.21 182.5 145.13 0 46.41 92.11 252.75 
195.04000000000002 196.65000000000003 227.66 298.3 354.59 388.58 348.94 251.99 222.61 288.51 225.41 244.69 362.42 280.23 387.04 401.11 331.71 227.61 190.24 46.41 0 45.7 206.33999999999997 
149.34 150.95000000000002 181.96 257.65 309.41 345.28 303.31 237.91 267.29 284.87 271.11 270.23999999999995 392.72 239.04 348.76 389.4 350.71 268.12 235.94 92.11 45.7 0 160.64 
60.94 62.52 93.52 172.20999999999998 234.12 327.61 382.39 373.58 349.09999999999997 328.23 274.84 255.4 258.28 78.4 188.12 232.20000000000002 258.03999999999996 320.48 350.64 252.74999999999997 206.33999999999997 160.64 0 
