33
26 1 21 15 8 12 13 4 22 31 23 14 2 29 24 18 3 10 5 9 25 20 0 17 6 32 30 27 28 19 34 83 44
0 1166004614.40844 1228020020.20666 2172995596.6413403 1253029022.63706 1346391851.81372 2333283186.5677004 1203489056.39368 2418038303.7857704 1564572404.87541 1858786001.68118 2342761635.56069 2427805968.72417 2275223052.9446898 2358414739.7889404 1340471972.74036 2350740845.85985 1780174121.74277 1216722983.86059 1936421161.55651 1537389159.27661 1956182895.12292 1815211857.7859 2424858701.26243 1430594541.50781 1988636212.54975 1489311604.21445 2239627797.7034397 1453336428.20074 1394857566.55016 1590890402.81316 1300354447.4872 1088622266.87668 
1166004614.40844 0 1024430318.4607 2043151860.91349 1440602086.16682 2094922175.5242 1797588213.44046 1760783998.2977 1260119942.37701 1228405296.9303 2219719179.80558 2178562499.61187 1261801354.31573 1246679831.80002 1622789037.16838 1467815681.67178 1591150469.68708 1893964353.58171 2107473591.34613 1302098716.07565 2069171042.14875 1093751781.28761 1118040885.00028 1879018383.01343 1432492440.55878 2101560014.10611 1063546134.53028 2133492891.00811 1053650444.16359 1742025797.95037 1005889561.05725 1845933441.96805 1937512024.39881 
1228020020.20666 1024430318.4607 0 1018721542.45279 2120838463.82305 1388089543.50824 2381901629.19344 1489682049.90028 1532189835.55461 1961434278.7395 2382105609.2364397 1434641980.5954 1484154786.6361 1374777841.11311 2096911322.84688 1064766593.52072 2075035466.6402102 2243707034.14607 1174217788.61586 2320810953.6183 1810853069.4315 1558256894.68747 1518576308.0702 1225837211.16373 2338920071.10604 1678383043.44681 2087976452.9909801 1223108714.33532 2078080762.62429 2319517949.2397203 1243561311.48146 1858787555.84776 1089138369.28044 
2172995596.6413403 2043151860.91349 1018721542.45279 0 1102116921.37026 2110454461.685 2303934481.85827 1551193373.88044 1106902714.03993 1706499983.79752 2186936014.98462 1122837167.14004 1558038165.6939 2228757378.64224 2161708283.09649 1831532204.43389 2168171476.11924 2284216294.80193 1719474714.11531 1395677084.56066 2061907373.07249 2265437758.11037 2183358781.75163 1967880060.49194 1320198528.65325 1814591995.76698 2183064596.95458 1845285029.71977 1803228643.62495 1860029682.71743 1797138470.26695 2214621426.50171 1208177623.96554 
1253029022.63706 1440602086.16682 2120838463.82305 1102116921.37026 0 1008337540.31474 1237902521.053 2251007629.6143703 1707402566.6346 1527341177.68441 1403045536.43402 1700981235.27633 1306219314.10323 1126640457.27198 1353422722.88545 2239408015.42555 1229139142.30606 1663091587.06474 2183047112.79342 1047749222.38964 1228960222.32294 2286645052.82896 1117643634.40055 1794906903.51324 1444135530.21269 1658158829.90175 1633405289.75217 1706093340.03085 2078702215.9872398 2226322441.66338 1194884518.33026 2114463190.69203 1852837438.37698 
1346391851.81372 2094922175.5242 1388089543.50824 2110454461.685 1008337540.31474 0 1019646340.71015 1605002363.7648 1857341075.42718 1927308214.8193 1170242445.57682 2148729830.6117 2126027934.2334 1754838166.19079 2119223857.7825 1541498142.81366 1551514347.16995 2402563054.60647 1964548104.44309 1764225606.60437 1829243554.0064 2319605530.76789 1637746469.85014 1868295854.16166 1384010514.84347 2292920597.33988 1950993953.57425 1564530286.86261 2190816437.15934 2298244373.44875 1089032614.46695 2176368260.84591 1611961338.3046 
2333283186.5677004 1797588213.44046 2381901629.19344 2303934481.85827 1237902521.053 1019646340.71015 0 1129794130.17402 1255597499.20546 2256098940.97483 2109602196.6706 2333722492.27768 2236706432.25425 2215932656.55478 2316364274.96714 1579281586.67211 1598141684.23021 1382916713.89632 1207683840.57758 1595038978.73216 1608239312.73993 2216317481.48669 1431549834.35889 1386941789.39801 1930447668.38004 1652442148.63863 2279829177.36807 1323342838.361 1483632612.02021 1391119741.77273 1962227423.28257 2052901197.0211601 1983496905.45175 
1203489056.39368 1760783998.2977 1489682049.90028 1551193373.88044 2251007629.6143703 1605002363.7648 1129794130.17402 0 1214549247.39209 1985280225.83988 1450857523.3012 1524340733.91801 1982468124.54109 2432357598.92062 1901633453.30069 1606649636.75103 2133657257.54082 1441306027.49938 1745612901.09458 2260735979.66439 1453420203.01771 1307758810.2877 1557713709.85399 2244808159.11159 1604821611.35861 1478498709.46553 2332953983.36795 2332570954.11346 1433397589.74629 1914076045.00599 1489190136.15251 1834394663.54523 1971136953.25259 
2418038303.7857704 1260119942.37701 1532189835.55461 1106902714.03993 1707402566.6346 1857341075.42718 1255597499.20546 1214549247.39209 0 1054361549.26513 2063457869.5064402 2229739881.17997 2153323016.49766 1444234717.80579 1071411026.94521 1537744846.7322 1572413032.10923 2100262667.50901 1826110993.6722 2155228988.1309004 2240097385.19711 1459676533.47559 1633040520.49223 2155476098.10963 1915159142.31394 2179908486.85807 2220407491.62147 1274785623.45934 1101498848.26153 1535259738.67954 1688328765.84256 2281087094.44058 2292839288.31012 
1564572404.87541 1228405296.9303 1961434278.7395 1706499983.79752 1527341177.68441 1927308214.8193 2256098940.97483 1985280225.83988 1054361549.26513 0 1009096320.24131 1532744736.5685 2167752648.99252 1099506315.1408 1056747762.41952 1911957604.5159 1230481522.56592 1045901118.24388 1259653037.55151 1353726075.75934 1977174892.35387 2076600679.08903 1163565634.26248 1277013530.57477 2092674842.60394 2132500914.2757301 1528803336.11088 1160387858.05744 2142404844.05452 1404266300.88346 1021110476.23262 1393110549.81439 1894893796.16485 
1858786001.68118 2219719179.80558 2382105609.2364397 2186936014.98462 1403045536.43402 1170242445.57682 2109602196.6706 1450857523.3012 2063457869.5064402 1009096320.24131 0 1116759386.35579 1725897756.98263 2108602635.38211 2065844082.66083 2142135881.1342 2199268627.25648 2054997438.48519 2242798038.05589 2271366265.0416203 1667074352.98616 1149363085.19107 1482088192.32315 2286109850.81608 1556013829.65248 1123404594.03442 1357218799.60391 1383419431.27831 1687695036.64257 1959849203.28276 2030206796.47393 1006125815.26909 2356109689.0627804 
2342761635.56069 2178562499.61187 1434641980.5954 1122837167.14004 1700981235.27633 2148729830.6117 2333722492.27768 1524340733.91801 2229739881.17997 1532744736.5685 1116759386.35579 0 1020331971.4227 1528586617.76073 1979559529.26035 1728699775.66308 2097826770.4656901 1918962180.78036 1126038651.7001 2215812169.2679 2412599526.09139 2229523033.04 1060521614.61159 1914115779.11543 1062038726.97051 1826057027.86217 1546478084.44047 2449903533.1118603 2311125703.64032 2260798549.31616 1631755079.04557 2122885201.6248798 1298898002.2851 
2427805968.72417 1261801354.31573 1484154786.6361 1558038165.6939 1306219314.10323 2126027934.2334 2236706432.25425 1982468124.54109 2153323016.49766 2167752648.99252 1725897756.98263 1020331971.4227 0 1068246333.85172 1698623304.80117 1598317419.25453 2298027770.29358 2224001822.7576103 2146370623.1227999 1648600324.82614 2230881986.27789 1855580782.0298 1796471461.71624 1564267516.8998 1183622065.02415 1297739890.13964 2325347488.84601 1896992876.88953 1821311043.94305 1240466577.89346 2137827527.2059798 2304764334.20504 1813956471.87479 
2275223052.9446898 1246679831.80002 1374777841.11311 2228757378.64224 1126640457.27198 1754838166.19079 2215932656.55478 2432357598.92062 1444234717.80579 1099506315.1408 2108602635.38211 1528586617.76073 1068246333.85172 0 1052943405.71068 1721790258.15312 1701498524.79867 1168269299.17281 1098005362.71984 1419107847.08029 1177810590.45497 1511470331.85361 1570506204.70365 2301379572.16043 1643789446.74552 1731006007.15134 1268025221.77092 1109910374.51518 1339523918.46388 1099681984.3914 1763331158.72261 1814807017.28348 1730812331.77135 
2358414739.7889404 1622789037.16838 2096911322.84688 2161708283.09649 1353422722.88545 2119223857.7825 2316364274.96714 1901633453.30069 1071411026.94521 1056747762.41952 2065844082.66083 1979559529.26035 1698623304.80117 1052943405.71068 0 1032144729.32616 1830584880.99434 2102648880.6634002 1521916343.81922 1728009904.63881 1331729122.0945 2152400136.08062 1728228352.06159 1964747091.30248 1153770813.86632 1545985225.04483 1148996464.67626 1748079813.01934 1318064506.08802 2152625390.1020803 1900397193.5783 1696262027.74831 1458629170.08597 
1340471972.74036 1467815681.67178 1064766593.52072 1831532204.43389 2239408015.42555 1541498142.81366 1579281586.67211 1606649636.75103 1537744846.7322 1911957604.5159 2142135881.1342 1728699775.66308 1598317419.25453 1721790258.15312 1032144729.32616 0 1010268873.11949 1178940440.62535 1413825480.8219 2147361908.14315 1859855784.65788 1120255406.75446 1603629151.71337 2219293851.5642 1644943725.17252 2086132906.3415499 2181141194.00242 1301628285.71914 1095856092.59619 2249856610.60054 1055333162.42425 2288208581.4987803 1314402757.58315 
2350740845.85985 1591150469.68708 2075035466.6402102 2168171476.11924 1229139142.30606 1551514347.16995 1598141684.23021 2133657257.54082 1572413032.10923 1230481522.56592 2199268627.25648 2097826770.4656901 2298027770.29358 1701498524.79867 1830584880.99434 1010268873.11949 0 1018069405.14896 2138164129.72009 2276888364.6957 1960657694.69963 1325704313.32434 2346782776.7066097 2145341589.72631 1954411733.51449 1075864033.22206 1609877487.04761 2219097503.0815 2066275296.13939 1770922931.17697 1137589018.34478 1486340001.79935 1772664734.83631 
1780174121.74277 1893964353.58171 2243707034.14607 2284216294.80193 1663091587.06474 2402563054.60647 1382916713.89632 1441306027.49938 2100262667.50901 1045901118.24388 2054997438.48519 1918962180.78036 2224001822.7576103 1168269299.17281 2102648880.6634002 1178940440.62535 1018069405.14896 0 1120094724.57113 1834118700.67708 1867144933.62835 2299195847.3798103 2209466752.50636 2278672625.35205 1777392623.45149 2093933438.3710198 2371694826.92144 2124871296.21006 1897573566.31533 1278081361.93081 1509097263.79606 1637551216.40628 1250683044.83122 
1216722983.86059 2107473591.34613 1174217788.61586 1719474714.11531 2183047112.79342 1964548104.44309 1207683840.57758 1745612901.09458 1826110993.6722 1259653037.55151 2242798038.05589 1126038651.7001 2146370623.1227999 1098005362.71984 1521916343.81922 1413825480.8219 2138164129.72009 1120094724.57113 0 1146593165.00244 1314203410.3121 2270216764.08242 2186560266.31169 1208135717.40184 1436290326.9386 1750806401.39179 2193024774.68419 1584161950.78389 1319007151.3506 1914134018.58306 1713688465.0807 2121050649.30832 1938841575.7661 
1936421161.55651 1302098716.07565 2320810953.6183 1395677084.56066 1047749222.38964 1764225606.60437 1595038978.73216 2260735979.66439 2155228988.1309004 1353726075.75934 2271366265.0416203 2215812169.2679 1648600324.82614 1419107847.08029 1728009904.63881 2147361908.14315 2276888364.6957 1834118700.67708 1146593165.00244 0 1084997788.93977 1475315828.58352 1934437603.35097 1444047717.56888 2303427432.93993 2472074765.35585 1439947936.66784 2421162031.80059 1279728046.82615 1697513810.25308 1948994866.06273 2272420340.54287 1648347072.20877 
1537389159.27661 2069171042.14875 1810853069.4315 2061907373.07249 1228960222.32294 1829243554.0064 1608239312.73993 1453420203.01771 2240097385.19711 1977174892.35387 1667074352.98616 2412599526.09139 2230881986.27789 1177810590.45497 1331729122.0945 1859855784.65788 1960657694.69963 1867144933.62835 1314203410.3121 1084997788.93977 0 1062762931.49913 2231764349.92754 1123568981.70546 2073445895.21841 1543422448.46395 1729279888.65078 1743354036.43308 1704162217.54055 1081117602.11035 2336221034.0170803 2199155653.3900404 2205561551.40595 
1956182895.12292 1093751781.28761 1558256894.68747 2265437758.11037 2286645052.82896 2319605530.76789 2216317481.48669 1307758810.2877 1459676533.47559 2076600679.08903 1149363085.19107 2229523033.04 1855580782.0298 1511470331.85361 2152400136.08062 1120255406.75446 1325704313.32434 2299195847.3798103 2270216764.08242 1475315828.58352 1062762931.49913 0 1169001418.42841 1249717183.57132 2331259377.3088903 1454172832.32435 1407008406.11662 1451453101.91617 1204945120.48321 1497866684.00745 1867021839.5384 1397165612.86861 1625864891.87543 
1815211857.7859 1118040885.00028 1518576308.0702 2183358781.75163 1117643634.40055 1637746469.85014 1431549834.35889 1557713709.85399 1633040520.49223 1163565634.26248 1482088192.32315 1060521614.61159 1796471461.71624 1570506204.70365 1728228352.06159 1603629151.71337 2346782776.7066097 2209466752.50636 2186560266.31169 1934437603.35097 2231764349.92754 1169001418.42841 0 1383904107.67861 2122560341.5821 2454972870.9587 2181587019.53056 2106201238.7146401 1410506103.62084 2237025386.98033 2123930446.05753 1247498608.09833 1350503071.14509 
2424858701.26243 1879018383.01343 1225837211.16373 1967880060.49194 1794906903.51324 1868295854.16166 1386941789.39801 2244808159.11159 2155476098.10963 1277013530.57477 2286109850.81608 1914115779.11543 1564267516.8998 2301379572.16043 1964747091.30248 2219293851.5642 2145341589.72631 2278672625.35205 1208135717.40184 1444047717.56888 1123568981.70546 1249717183.57132 1383904107.67861 0 1120871860.89097 1493390112.7309 1286308102.2625 1730139439.81636 1486749077.14576 1637263973.12138 1212652052.31162 1573632972.74904 1781026786.22014 
1430594541.50781 1432492440.55878 2338920071.10604 1320198528.65325 1444135530.21269 1384010514.84347 1930447668.38004 1604821611.35861 1915159142.31394 2092674842.60394 1556013829.65248 1062038726.97051 1183622065.02415 1643789446.74552 1153770813.86632 1644943725.17252 1954411733.51449 1777392623.45149 1436290326.9386 2303427432.93993 2073445895.21841 2331259377.3088903 2122560341.5821 1120871860.89097 0 1442447573.37566 1521715395.6435 1801567254.90653 1705687626.66423 2245722743.13426 1318940221.46173 1767761151.96129 2277638948.33219 
1988636212.54975 2101560014.10611 1678383043.44681 1814591995.76698 1658158829.90175 2292920597.33988 1652442148.63863 1478498709.46553 2179908486.85807 2132500914.2757301 1123404594.03442 1826057027.86217 1297739890.13964 1731006007.15134 1545985225.04483 2086132906.3415499 1075864033.22206 2093933438.3710198 1750806401.39179 2472074765.35585 1543422448.46395 1454172832.32435 2454972870.9587 1493390112.7309 1442447573.37566 0 1038013879.57583 1651033207.36339 2216609172.03604 1216860725.79523 2213453051.56684 1630000057.65391 1298851850.07048 
1489311604.21445 1063546134.53028 2087976452.9909801 2183064596.95458 1633405289.75217 1950993953.57425 2279829177.36807 2332953983.36795 2220407491.62147 1528803336.11088 1357218799.60391 1546478084.44047 2325347488.84601 1268025221.77092 1148996464.67626 2181141194.00242 1609877487.04761 2371694826.92144 2193024774.68419 1439947936.66784 1729279888.65078 1407008406.11662 2181587019.53056 1286308102.2625 1521715395.6435 1038013879.57583 0 1069946756.47783 1519994915.72631 2017249673.21902 1788536835.24078 2113425650.9684 2206980019.79311 
2239627797.7034397 2133492891.00811 1223108714.33532 1845285029.71977 1706093340.03085 1564530286.86261 1323342838.361 2332570954.11346 1274785623.45934 1160387858.05744 1383419431.27831 2449903533.1118603 1896992876.88953 1109910374.51518 1748079813.01934 1301628285.71914 2219097503.0815 2124871296.21006 1584161950.78389 2421162031.80059 1743354036.43308 1451453101.91617 2106201238.7146401 1730139439.81636 1801567254.90653 1651033207.36339 1069946756.47783 0 1187491783.3057 2209592358.90658 1283668779.15637 1938738658.72303 1151005530.82676 
1453336428.20074 1053650444.16359 2078080762.62429 1803228643.62495 2078702215.9872398 2190816437.15934 1483632612.02021 1433397589.74629 1101498848.26153 2142404844.05452 1687695036.64257 2311125703.64032 1821311043.94305 1339523918.46388 1318064506.08802 1095856092.59619 2066275296.13939 1897573566.31533 1319007151.3506 1279728046.82615 1704162217.54055 1204945120.48321 1410506103.62084 1486749077.14576 1705687626.66423 2216609172.03604 1519994915.72631 1187491783.3057 0 1162962329.80994 1121294367.8219 2383490074.89619 1258248304.76539 
1394857566.55016 1742025797.95037 2319517949.2397203 1860029682.71743 2226322441.66338 2298244373.44875 1391119741.77273 1914076045.00599 1535259738.67954 1404266300.88346 1959849203.28276 2260798549.31616 1240466577.89346 1099681984.3914 2152625390.1020803 2249856610.60054 1770922931.17697 1278081361.93081 1914134018.58306 1697513810.25308 1081117602.11035 1497866684.00745 2237025386.98033 1637263973.12138 2245722743.13426 1216860725.79523 2017249673.21902 2209592358.90658 1162962329.80994 0 1971040585.54591 2262225497.21771 1230379579.95928 
1590890402.81316 1005889561.05725 1243561311.48146 1797138470.26695 1194884518.33026 1089032614.46695 1962227423.28257 1489190136.15251 1688328765.84256 1021110476.23262 2030206796.47393 1631755079.04557 2137827527.2059798 1763331158.72261 1900397193.5783 1055333162.42425 1137589018.34478 1509097263.79606 1713688465.0807 1948994866.06273 2336221034.0170803 1867021839.5384 2123930446.05753 1212652052.31162 1318940221.46173 2213453051.56684 1788536835.24078 1283668779.15637 1121294367.8219 1971040585.54591 0 1264269036.85343 2174080415.90277 
1300354447.4872 1845933441.96805 1858787555.84776 2214621426.50171 2114463190.69203 2176368260.84591 2052901197.0211601 1834394663.54523 2281087094.44058 1393110549.81439 1006125815.26909 2122885201.6248798 2304764334.20504 1814807017.28348 1696262027.74831 2288208581.4987803 1486340001.79935 1637551216.40628 2121050649.30832 2272420340.54287 2199155653.3900404 1397165612.86861 1247498608.09833 1573632972.74904 1767761151.96129 1630000057.65391 2113425650.9684 1938738658.72303 2383490074.89619 2262225497.21771 1264269036.85343 0 1588055648.88834 
1088622266.87668 1937512024.39881 1089138369.28044 1208177623.96554 1852837438.37698 1611961338.3046 1983496905.45175 1971136953.25259 2292839288.31012 1894893796.16485 2356109689.0627804 1298898002.2851 1813956471.87479 1730812331.77135 1458629170.08597 1314402757.58315 1772664734.83631 1250683044.83122 1938841575.7661 1648347072.20877 2205561551.40595 1625864891.87543 1350503071.14509 1781026786.22014 2277638948.33219 1298851850.07048 2206980019.79311 1151005530.82676 1258248304.76539 1230379579.95928 2174080415.90277 1588055648.88834 0 
