67
31 7 15 47 38 21 4 3 62 1 60 0 22 9 57 43 45 5 53 61 24 20 6 49 19 46 52 65 50 54 48 14 56 26 37 18 16 44 30 63 36 11 12 28 39 64 41 29 51 34 32 25 27 10 55 58 59 40 2 35 33 23 13 42 81 167 74
0 1014613910.96687 1620271253.40564 1276184927.27631 1056896200.22257 1655350749.3139 1266766964.25325 1180288119.02502 1618980178.48442 1836790332.74324 1868478931.51129 2185767377.78815 1216723280.85313 2177721660.57538 1581312596.54494 2177844546.3604097 1559362498.22419 1087308685.75697 1795113836.82013 2060344714.0341802 1260876234.0847 1842674991.45587 2188740224.97685 1459661559.5855 1602291453.27077 1092276307.81099 2161389296.0844 1618712072.02576 1727328023.30766 1501414196.51466 2152976494.34312 2169591541.21731 1442209843.50684 2083109066.10188 1874116377.64501 1768748021.45812 2214184737.06472 1704934665.56993 1743507414.10111 1048084285.52935 1962810692.4784 2099019180.7757602 1162781901.74349 2196306934.5415497 1656511528.28033 2087657924.3400302 1059133512.51877 1304168460.4695 1584620518.09472 2295397250.08565 1745204024.69748 1718197041.968 2201305043.1150103 1252887581.76146 2063599141.00344 1181826267.40904 1513424691.38074 1124108119.25816 1910098878.26194 1233063028.66879 1714752440.85444 1502409862.25658 1251327021.99959 2034743678.16043 1140477968.57628 1648732165.22594 1013161435.33976 
1014613910.96687 0 1025649977.00729 1361801492.18042 2071510111.1894398 2169412216.52631 2074277937.26402 2143979695.42757 1998883827.85654 1269756816.11032 2065865438.0936198 1286449840.03612 1744862081.38729 1185184317.54549 1335367124.7097 1834149185.80685 2092486342.32522 1769440405.28318 2057634585.11969 2135265591.39781 2118775434.60259 2064051617.47196 1320259811.20119 2150693770.3937 2098628071.10912 2106890218.7778602 1366404419.12135 1676311645.8415 1854738848.78511 1141275617.36195 2090690640.07476 1823581011.22499 1566418110.30068 2176441215.6275 2061874664.39939 1054898904.25004 2179833026.6399097 2079054515.39049 1713683800.78974 1123005162.89298 1572261632.8291 1706714939.05327 1815958507.79483 2063857613.10781 1445315405.76441 1730521003.4591 1273286679.96548 1492584374.12349 1306906091.34374 1681616900.42264 1336856702.82968 1594576927.87132 1580832154.16495 1353113903.10643 2224979894.00891 2134985681.25393 1229548228.45615 2103177595.5609598 2036846163.30847 1539497725.65795 1233845138.70168 1888334758.32983 1430770052.92031 1875545633.74099 1124286286.85712 2124700895.7118802 1824641030.18178 
1620271253.40564 1025649977.00729 0 1019115200.80464 2056811114.77902 1797211119.06313 1417158807.56662 2305584866.20721 1734397082.30005 1243998557.44206 1587843091.13249 2312099817.04341 1536408291.14836 1364678622.64401 2257570028.55965 1771799368.10062 1502669549.53944 1323200570.33738 1370659440.6379 1831374773.58684 2132336450.2385602 1123112800.58959 2128880973.2285001 2029120445.11206 1123931524.40674 1292366574.45445 1286173747.04577 1169426841.73815 1164884766.69935 1390605730.53954 2217786203.56671 1875661093.47988 1152467910.38689 2191781120.07181 1977051169.13617 2080548881.25733 1403069258.52557 2247360914.26171 1192961262.5994 1320857981.50374 2064120792.12403 1403597360.35359 1217817459.19947 2232476082.4105396 1604634970.84558 1155731738.90009 1958673402.26745 1792331336.55568 2157744625.18286 1796112087.80352 2146674096.76336 1342844314.04773 1908982388.19771 1565482152.37168 2174436994.47554 1787229919.02339 1558289058.56439 1727829720.49511 1859824844.23263 1184236682.19832 1980423228.63259 2220170193.26838 2178157695.24079 1372471665.19694 2031009699.5436301 2144683504.5502 1099600250.35691 
1276184927.27631 1361801492.18042 1019115200.80464 0 1037695913.97438 1852482466.81266 1175022725.72756 1825562061.60552 1940906729.6387 2061587875.58784 1749648422.20178 1926135380.63898 1114991353.22175 2098958458.86726 1555794232.93688 1972359227.24794 1596570163.5934 1735543226.25254 1502521726.66101 1752387100.35687 1333320930.33969 1696677409.19258 1348306904.73973 2172655030.11838 2143046725.21138 1290173454.637 1479929981.81714 1530816370.85701 1544593513.32794 2137884779.48312 2065720087.04617 1124878196.60901 1177036811.02767 1452459157.07771 1228243074.5682 1593200954.10279 1289368561.58352 2126056499.33949 2133309398.63222 2246385452.29697 2252445327.38498 1320103227.09114 2236932660.0041103 1821025162.52561 1944559284.49124 1736286651.16379 1279522269.87484 1845479778.11273 2236534704.51598 1813166642.33543 1200577236.50336 1706788759.14021 1400116909.03851 2284794972.14147 1434482917.76042 2096344880.77752 1462161683.82845 1659378529.96283 2183554845.39432 1216952949.19335 2211760411.67286 1476112499.82515 2132347723.27526 1304605798.34599 2247911629.16334 2242556894.51082 1474315875.70764 
1056896200.22257 2071510111.1894398 2056811114.77902 1037695913.97438 0 1001485555.49253 1643297182.85839 1247785096.61844 2033791789.3597498 1023891961.61346 1701272082.15452 1140559618.72362 1617836336.78053 1534378324.95744 1686913802.28177 1120948346.13784 1040614903.00634 1379104844.83723 2074030463.928 1062381106.53514 1284238013.27414 1598291001.52817 1433948106.51639 1134959116.144 2160124371.7684402 1410493563.28014 2068963861.67481 1244608127.14308 1238653794.23505 1100188865.50874 2073583342.18905 1286676549.03905 2115059642.2452497 1421003388.28536 2130097662.5942497 1205449655.59619 1646273333.51839 2123617566.1497598 1790613612.04259 1409128792.3089 2142821806.5531502 2218704608.9252996 1525741086.70963 1511863316.11987 1482745626.22443 2059093785.64362 1010798288.3493 1234675102.2306 1622543299.79873 1545482055.81859 1887178665.21437 2079532934.90207 1627438259.57894 1637263470.81248 1434882781.53314 1614104942.10525 1414246674.81454 1561923665.12323 1145858931.41994 2136080086.88702 2096954073.95583 2109303615.9003701 2180170284.0201397 1305554867.21061 1273298491.7346 2112292200.2555299 1372619829.16705 
1655350749.3139 2169412216.52631 1797211119.06313 1852482466.81266 1001485555.49253 0 1003237534.72892 2015161981.22104 2051647080.46842 1439334746.02527 2146975489.9558299 1998669876.16938 1805965632.61301 1878870170.67145 2192458413.61634 1990941757.02093 2042100458.49887 1470097713.83216 2098854956.67035 2063866662.02767 1926804430.53057 2209253209.3374 1784356135.2477 2071533413.20577 1901933332.21228 1575259661.15769 2093484723.1761098 1601521821.39136 1297601407.77296 1478306561.17646 2032695032.40631 1230318310.2115 1264677500.91126 2116891029.88383 2219855191.0886602 1612847160.82599 1431987204.22947 2199908904.98093 1842695211.12304 1324872174.26447 1939552336.02694 2043795059.63385 2013787682.07087 1749698631.57509 1169105241.16971 2164722761.31531 2012283843.84183 1595188502.74289 1665953305.72502 1353998950.53573 1741366716.62439 2161000767.91481 1363442050.61046 1552413823.82994 2044800562.04708 1666054497.88287 1454150494.40992 1690087722.79942 2147344486.9124699 1134594531.39449 1463972553.2043 1755204976.80794 1309868319.84297 1213418346.18068 1045125929.66919 2159654450.51648 1448271637.93615 
1266766964.25325 2074277937.26402 1417158807.56662 1175022725.72756 1643297182.85839 1003237534.72892 0 1011924446.49212 1639813450.33448 2072812435.53315 1731720110.92687 2158322787.8202 2178980443.77702 1559664054.66428 2071328034.49988 1322986799.05022 1389656126.08427 1938351366.04643 1607371309.67167 2175996549.38149 1437154287.82756 1545109902.98353 1534123191.89931 1586295527.53067 1499307525.79449 1691966166.61994 1187548406.71574 1293882462.83764 1074035990.7538 2070367294.05632 2091513202.16619 2098665310.18542 2148178462.04109 2118531522.70821 1917385044.75594 1254387343.34876 1909971837.05369 1821192537.36715 1928302778.64484 2032898979.02671 1976830336.65129 1822582185.5217 1398792630.75031 1026236020.77582 1120061698.81733 2027237357.94912 2223422820.75583 1529501056.2564 1741277938.4324 1378309395.38878 1251654887.80603 2217061698.09588 2171501766.6535797 1109772246.41391 2062876331.93486 1845236003.84142 1384437006.97669 2125841715.09967 1621866067.66952 1211271713.13796 1036737685.9453 1023545649.32333 1788731157.35944 2176168328.38794 2048363464.39811 1432065279.76497 1456285525.26609 
1180288119.02502 2143979695.42757 2305584866.20721 1825562061.60552 1247785096.61844 2015161981.22104 1011924446.49212 0 1020881809.03506 2030781636.7813501 1955894826.85573 1948619704.20217 2244508167.47826 2063652118.52302 2296429936.55783 1927236685.63127 1582368874.21172 1397637115.37015 1625004482.51918 1352745921.33049 2159837824.94442 1781388097.29935 1810143867.08685 1117332362.94166 2128726560.4717598 1116446496.04223 2103789261.50416 1634287935.8027 2085960437.24592 2120486054.9907799 2116273701.54641 1743902920.44415 1971000726.6689 1722900801.64691 1997298297.79236 2247463194.18842 2105745510.5551 1931105672.15808 2146547698.9447498 1020974532.53459 1983371248.74919 1947911209.57924 1972785133.46257 1868319401.56712 2131986145.30945 1726451779.91231 1506685111.78976 1848774008.0336 1485084847.59465 1545787662.99453 1220345507.65257 1587278029.16844 1963326821.39387 2121696692.90603 1050951885.44274 1713998953.54399 1567695594.71947 1896567885.49851 1600278873.89066 1884940108.69683 1496209444.93415 1584324179.17632 1779298442.2523 1383512190.10606 1926675350.87808 1611987973.79341 1698274195.37045 
1618980178.48442 1998883827.85654 1734397082.30005 1940906729.6387 2033791789.3597498 2051647080.46842 1639813450.33448 1020881809.03506 0 1009899827.74629 1202139251.79564 2198283608.9234896 1802253116.4025 1042770309.48796 2061477088.05263 2085069040.20134 2089925812.4154902 2031568554.82531 1895515904.75126 2214410406.55342 1961442930.07208 1425110382.01139 2163037559.35508 1711259600.90139 1154559071.08931 1857938014.14365 1619731573.7678 1885134825.74644 2226750097.3049498 2067746092.06491 1095391892.51135 1960195925.8865 2161487162.14414 1575974883.89483 2162173268.67992 1723538993.19501 2274790763.4398403 1748895682.14165 2107364817.42593 2041856341.5696502 1482087952.99603 2011188740.3857498 2058911259.91323 2056476242.50362 2149150398.46852 1577822025.61086 1489966342.00132 1277517291.87899 1625128156.34418 2173059638.90975 1835055870.18377 1866334405.75185 2071463016.27354 2025247253.3596401 1678003420.12682 2103705047.6213002 1820721786.32259 1454441889.12864 1871035921.52911 1733851610.36476 2201061085.5196896 1714481678.26194 1986077210.81377 2298992629.76313 2078998256.66835 1375096354.20251 1937672554.44653 
1836790332.74324 1269756816.11032 1243998557.44206 2061587875.58784 1023891961.61346 1439334746.02527 2072812435.53315 2030781636.7813501 1009899827.74629 0 1007512831.12559 1737725879.33125 2165605123.70104 1211436361.22078 1881207776.31425 1974129230.6608 2064506864.6198 1021668727.07902 1413239775.05035 2036044887.88093 1031469240.29118 1564946164.80704 1565715169.99585 1105859844.4726 2030792952.49899 2102836658.3983297 2189463067.62681 1593187827.14228 1926527348.97672 2030908015.62213 1166888881.64518 2078677169.3919702 1492722982.20399 2036141578.46146 1956688865.01975 1377494521.35706 1822304352.68173 2244064816.79543 2056031097.2813601 1390507517.20137 2092049805.29416 2061102889.94344 2107693772.49437 1046576414.75733 2080394638.33224 2150751828.49056 1203399043.75065 1076769825.00749 1567558666.13959 1439235454.9588 1300651742.64941 1095799765.82999 2099964331.12844 1038234810.88877 1318537377.45081 1346482308.47598 1703742970.03484 1378153091.4907 1393227914.5227 1836046752.02221 2239252460.73672 1880006535.9451 2115765990.52478 1908580439.36991 1069098428.92206 2067095454.7062001 1219864759.72133 
1868478931.51129 2065865438.0936198 1587843091.13249 1749648422.20178 1701272082.15452 2146975489.9558299 1731720110.92687 1955894826.85573 1202139251.79564 1007512831.12559 0 1017478672.93445 1255963128.47806 1479416950.68711 2035311376.81426 1671285933.9567 1991561976.98538 1195500882.9974 1645321629.09951 1954068942.00265 2038982071.41677 1244122814.34713 1059962182.0631 2078412192.90958 1970710975.561 1095323827.27274 1416975298.31985 2108639329.7797098 2175970757.07129 1415365996.83368 2134850866.70264 2059441312.46202 2067941957.02079 1028628747.33587 1719157943.13283 2160475917.97141 1403926245.42204 1623715272.8342 2006314807.3166199 2025928128.66276 1457704545.78426 1243774344.38444 2023708562.32447 1086634069.87619 2044004670.08039 1316686117.57176 1040534781.45359 1937444057.30506 1825343479.43019 1050283276.2598 1234788891.3889 2038347202.7586799 1884169936.19987 2045747642.01436 1945994836.15589 2222171032.21813 1738795949.30204 1422197875.39508 1345313736.69162 2165583460.26381 1901561825.21617 2015316368.21594 1885698169.12267 2140153444.8806 1749165110.88687 1059582623.58061 1041492830.49281 
2185767377.78815 1286449840.03612 2312099817.04341 1926135380.63898 1140559618.72362 1998669876.16938 2158322787.8202 1948619704.20217 2198283608.9234896 1737725879.33125 1017478672.93445 0 1018364277.53199 1421877431.93008 1730818326.95196 2168422176.84074 2089499687.0269198 2212979555.93185 1256716874.33025 2202940725.25876 2253432630.8552504 2261601487.28158 2077440854.99755 1729566202.71852 1886505057.67966 1509138706.37761 1885594276.81832 2169691932.51071 1165982446.34599 2172982769.25839 1461404902.20834 2159769188.41541 1386748357.93475 1630604349.32804 1040255534.58684 2047404505.79629 1637761930.04981 1234408616.8232 1248402380.00771 1267498153.34726 1867937009.49799 2143693033.2554898 2108918870.14753 1140419177.97742 1601257192.72859 2027895700.5272198 1891058492.6242 1041196817.81924 1612608748.56976 2067761949.19425 1869627811.77976 1436208564.99269 2251274384.03529 1522382534.20949 1471258327.88202 1348185237.52907 1422595180.83757 2124630638.74537 1050283144.63245 1499517149.32296 1956987772.67386 1956398679.28113 1039610665.29652 1668223620.53266 1090537759.56137 1917653066.64656 2058971503.42726 
1216723280.85313 1744862081.38729 1536408291.14836 1114991353.22175 1617836336.78053 1805965632.61301 2178980443.77702 2244508167.47826 1802253116.4025 2165605123.70104 1255963128.47806 1018364277.53199 0 1016691914.16871 2035398692.7333798 1853019233.26067 1318079561.90639 1551519608.12168 1098512392.30274 1873989892.52051 1235068353.32326 1851832369.62127 2123841677.96348 1569972226.94565 2054883426.65346 1156683289.85524 1374467833.95461 2136936124.3340702 1104944453.02322 2137841899.81137 2254064490.1525 2120541210.05808 1100648608.0867 1515818178.96696 1743675376.95751 1345482465.99231 1877047483.27496 1556965364.96137 1570266443.19311 1518600930.18932 2107404505.20814 1514352240.3011 2198628099.74891 1594169678.30338 1536931954.66864 2080850544.01262 1978346291.04884 2059561095.3512301 2094118159.71074 1713804663.31509 1461170152.14497 1138411557.18527 1975461886.20479 2198913068.2257 1193556282.03552 2193707757.62208 2083078854.87305 1685088103.78209 1091620734.09882 1452341577.40691 2303470299.91593 1814163932.51154 2057974942.82851 2207923793.80399 1509639811.08744 1575030051.30447 1358759983.10361 
2177721660.57538 1185184317.54549 1364678622.64401 2098958458.86726 1534378324.95744 1878870170.67145 1559664054.66428 2063652118.52302 1042770309.48796 1211436361.22078 1479416950.68711 1421877431.93008 1016691914.16871 0 1018706778.56467 2037675698.43902 1266317339.61262 1865926082.26981 2115204306.47145 2288876164.06545 2092494559.03295 2183214738.1448097 2223492943.5780497 1951640935.97055 1827806658.42207 2173375204.02395 1669896036.11367 1199656876.07857 1417215153.17632 1751360614.48886 1290665349.16476 1885310807.66241 2117340522.25541 1921210900.85812 1425436643.3807 1715482559.69027 1594258089.12711 2177432150.56594 1330941418.2006 2165349895.04797 1090712591.03943 1560898347.53634 1502593361.26949 2251682792.4002 1388105262.66201 1366664561.816 1698841504.9851 1583463914.26637 2232322508.1924696 1844841002.23765 1869760662.20282 1973762427.49743 2211686516.45712 2200663191.5928297 2210248196.2042303 2132299272.22432 1066386940.70434 1217159856.0388 1248143315.11964 2249459113.2336197 1841416081.86669 2146904509.75298 1503782046.33776 2122131674.9521801 1155126010.95033 2143858847.21353 1164560225.23562 
1581312596.54494 1335367124.7097 2257570028.55965 1555794232.93688 1686913802.28177 2192458413.61634 2071328034.49988 2296429936.55783 2061477088.05263 1881207776.31425 2035311376.81426 1730818326.95196 2035398692.7333798 1018706778.56467 0 1018968919.87435 1420252349.74258 1568431081.65007 2299973838.18389 1756480512.69755 1647928283.23332 1874084122.34235 1385886808.14014 2125223949.8233 1536863299.45026 1225791161.08287 2102043329.7715201 1088143186.8215 2120134858.13235 2047028552.0106 1286188646.6735 1210560159.60749 2089611522.9998698 1458870846.54833 1587652080.23093 2207671290.05475 1451527844.50799 1252985153.29043 1453796557.34211 1367629027.65453 1572120909.16051 2026535199.30181 1899381835.15219 2109573847.0167599 1721957713.34358 2077783910.83812 1394135773.65252 2072914500.53761 1885110506.71075 1205794291.60922 2056710102.4254498 1054458142.88028 1646170482.88571 1333949876.18383 1669799524.38312 2160595537.43045 1790041539.78384 1794476469.46206 1956100178.67518 1589193584.64583 1249706573.30524 1580362195.73903 2186743803.36377 1430872660.99198 2156613102.66925 2290055516.42393 1275989549.0969 
2177844546.3604097 1834149185.80685 1771799368.10062 1972359227.24794 1120948346.13784 1990941757.02093 1322986799.05022 1927236685.63127 2085069040.20134 1974129230.6608 1671285933.9567 2168422176.84074 1853019233.26067 2037675698.43902 1018968919.87435 0 1035818336.41125 1489546613.40391 2188933127.77374 1889263986.23225 2045065991.32828 1035842341.67931 1212697960.09853 1906534068.9763 1831483739.29113 1519110883.24233 2242154480.90534 1559329825.1913 1649339299.69431 1502555493.2307 1514645155.96412 2143625803.3130298 2023734008.42258 2114345512.60146 2138732362.02044 2066204347.31635 2123877022.7062597 2121969706.29811 1718436875.53036 1472887788.50308 1331965136.69375 1549229899.56943 2096738762.58273 1578922894.12143 1219314031.3085 2161661276.67581 2129872066.0625799 1190630742.44244 1328985143.60958 1176296615.76951 1739649590.17304 1526037032.82453 1905468695.93032 2063271982.49386 1088711645.02839 1454170807.86111 1848126413.68919 2096833120.418 1118139032.20829 1066698277.13417 2197533972.25184 2075439858.43968 1767310670.76872 2169236393.27124 1314927291.85967 2105973026.7691698 2225981699.01216 
1559362498.22419 2092486342.32522 1502669549.53944 1596570163.5934 1040614903.00634 2042100458.49887 1389656126.08427 1582368874.21172 2089925812.4154902 2064506864.6198 1991561976.98538 2089499687.0269198 1318079561.90639 1266317339.61262 1420252349.74258 1035818336.41125 0 1057800638.48369 2120422772.91173 2102996009.54148 1703836548.47092 1441479110.21222 1693784223.43153 1082241361.24718 1823053241.08518 1368368167.53789 1655060120.47489 2165247230.89738 2181588222.02194 1226243615.0744 2063537166.0493999 1107807466.90178 1852081840.37213 1078527176.19021 2116518531.37515 1732967035.29781 1634785331.59846 1956287079.63073 1672203171.73859 1631912882.13135 1381181651.39887 1377950119.09526 2176078263.06131 1327754282.2994 1428390384.55702 2187315231.09709 1594830083.67025 2134478762.1206098 1896219276.37174 2212114952.18076 1956493014.20225 2153007168.1902 2180537829.74515 1250822015.3428 2046064244.7863 1512149048.76993 2265197288.2685604 1709490230.12617 2085117046.98072 1615183279.14228 1648309188.33813 1228677028.68151 1530452976.90825 1375619025.22408 1348233116.91784 1096617732.51383 2091542753.84874 
1087308685.75697 1769440405.28318 1323200570.33738 1735543226.25254 1379104844.83723 1470097713.83216 1938351366.04643 1397637115.37015 2031568554.82531 1021668727.07902 1195500882.9974 2212979555.93185 1551519608.12168 1865926082.26981 1568431081.65007 1489546613.40391 1057800638.48369 0 1062622134.42804 1883586927.51939 2053137967.3702002 1722930078.14204 1653081538.80368 1558417982.43357 1182483720.30083 1951415235.49619 1667396666.83412 1107446592.41369 1528996880.15041 1400829873.775 1973484405.70853 1532392437.88852 1080332281.51498 2067663355.6110702 1420171815.32351 2102952793.5692801 1269536709.26138 2112162074.5338101 1365928125.55778 1153174528.44579 1070381078.21514 2093658973.7063198 2174858022.05995 2068245141.83635 1472112976.50585 1481757389.45174 2146442198.27574 1430517492.39235 2139830175.0032902 1950299704.46059 2072753375.94224 1737480541.28547 2232423885.53246 1508845323.63468 1568697968.33685 1972784670.21652 2161975998.87659 1853513548.68543 2261691602.05132 1619519179.27732 2121889103.18786 2172978773.6939697 2112299560.24893 1348850273.39992 2090767156.00108 1170847699.72193 1033742115.36505 
1795113836.82013 2057634585.11969 1370659440.6379 1502521726.66101 2074030463.928 2098854956.67035 1607371309.67167 1625004482.51918 1895515904.75126 1413239775.05035 1645321629.09951 1256716874.33025 1098512392.30274 2115204306.47145 2299973838.18389 2188933127.77374 2120422772.91173 1062622134.42804 0 1011649357.39286 1800539023.52462 2266420765.92553 2150104293.63625 1425454219.35541 1304833255.43346 1383430273.56211 1094830274.29475 1486177295.66841 1379624723.65155 1433008586.68797 1213086572.56849 1348378285.59156 1476100508.617 1110064752.1261 1321388362.16161 2130247878.3962698 1670621489.23721 1050185311.34212 1965644266.69326 1415515148.8695 1659190311.104 2203904907.80956 1490230771.93646 1414893397.70189 1937784786.70087 1431489091.20638 1757974225.83953 2128948707.7147698 2182255226.8169203 2191632669.26198 1494638283.73 2182451599.1483097 1556406652.04846 1455350601.39726 2072076764.8004198 1924289678.35674 2108550732.6789598 2326047922.33945 2190133126.40156 1766519552.46426 2306717078.6795397 2089572305.40639 2060600361.45946 1411378089.81111 1353015153.88439 2087255674.47562 1187793586.86773 
2060344714.0341802 2135265591.39781 1831374773.58684 1752387100.35687 1062381106.53514 2063866662.02767 2175996549.38149 1352745921.33049 2214410406.55342 2036044887.88093 1954068942.00265 2202940725.25876 1873989892.52051 2288876164.06545 1756480512.69755 1889263986.23225 2102996009.54148 1883586927.51939 1011649357.39286 0 1004575647.58975 2013799297.23872 2102110689.3660097 1521600339.41844 1177139887.36774 1691758510.29831 2106479631.6876101 2222456985.34068 1522487476.21538 1176882343.54386 2196792203.117 1398371792.21889 2252722014.15339 1999966195.00105 1981578556.58975 2120163247.71154 1660944616.43596 1924407515.86183 1165906181.60279 1012260428.50483 1283761904.57137 1192255550.4167 2174691361.80979 1739596433.88995 2164554273.97785 1445881329.99744 1361023965.99923 2085195249.78962 1706757880.32743 1965123912.06922 1722086451.8949 2152041939.8938303 2096644685.1227498 1884856066.41783 2129829395.63215 1284602261.99017 1352972952.73446 2132558363.4797 1403458267.62897 1525877387.0413 1558672098.75984 1415382676.87621 1338780903.34695 1179297189.96377 1795612055.55703 1316964108.30695 1124644434.93719 
1260876234.0847 2118775434.60259 2132336450.2385602 1333320930.33969 1284238013.27414 1926804430.53057 1437154287.82756 2159837824.94442 1961442930.07208 1031469240.29118 2038982071.41677 2253432630.8552504 1235068353.32326 2092494559.03295 1647928283.23332 2045065991.32828 1703836548.47092 2053137967.3702002 1800539023.52462 1004575647.58975 0 1009223649.64897 1260530022.53739 2024674849.7790399 1662508277.79601 1434310727.82194 2125150486.2912202 2069025727.93825 1448911554.84154 2173937707.42402 1954872653.54585 2064709043.10161 1838158807.94359 1753450070.50618 1364874044.93771 2028683320.89895 1063937088.74827 1212595576.50425 1065804790.63296 1138863292.40983 1684205884.03865 2184585535.37765 1293972789.60219 1244518717.38606 1376694436.12137 1523107282.96865 1478030117.87077 2108239065.2986698 2143995843.3887 1200110517.42742 1041812668.57303 1815096018.24845 1674446621.44557 1717300515.27408 2062165241.64308 1070076371.36436 1874933690.30881 2106987597.73431 1406310603.15719 1853125775.91513 2296805555.5222 2075184542.35272 1770724818.12068 1491128343.12616 2100567669.2132401 1311238512.91765 1067291317.98766 
1842674991.45587 2064051617.47196 1123112800.58959 1696677409.19258 1598291001.52817 2209253209.3374 1545109902.98353 1781388097.29935 1425110382.01139 1564946164.80704 1244122814.34713 2261601487.28158 1851832369.62127 2183214738.1448097 1874084122.34235 1035842341.67931 1441479110.21222 1722930078.14204 2266420765.92553 2013799297.23872 1009223649.64897 0 1005768172.63891 1148993010.24529 2136599530.27976 1624858931.06959 1411018755.36735 1962539322.83551 2072862553.8931 2136714593.4029 2259912669.25948 1433026947.96073 1694727842.60242 1462459590.54665 2162261424.30861 2141199115.49301 2073160738.3972402 1667517116.15367 2075028440.28193 1968366498.11607 1757516216.6006 2073037074.67655 1289394634.83769 1636955714.31281 2204757161.52518 1165330883.03436 2127705918.96882 1257942773.01923 1330858064.36898 1009093811.3506 1023561296.17377 1551162277.35831 1143709394.18762 1287768626.04094 1071212530.7642 1835708537.68422 1116827797.44047 1181688298.02711 1749705574.28056 1795691428.58536 2297913714.96524 1203886148.62299 1403034639.44991 1208604450.09599 1406455391.44748 1838951845.43678 2076514967.63663 
2188740224.97685 1320259811.20119 2128880973.2285001 1348306904.73973 1433948106.51639 1784356135.2477 1534123191.89931 1810143867.08685 2163037559.35508 1565715169.99585 1059962182.0631 2077440854.99755 2123841677.96348 2223492943.5780497 1385886808.14014 1212697960.09853 1693784223.43153 1653081538.80368 2150104293.63625 2102110689.3660097 1260530022.53739 1005768172.63891 0 1018450010.84648 2043615266.47092 1096463917.16586 2111733686.50002 2098839337.9411201 1930883199.3103 1684041045.11336 2117310284.59271 1112101340.2238 1489507656.57266 2088590929.3989701 1433009838.73652 1219390436.06391 1332000400.57176 1272799451.52927 1150053860.87946 2052857606.46573 2180445726.37682 1721682716.3869 1244029721.62915 1586658476.5927 2077940171.76891 2159110109.1822 1941292376.21419 1487205342.62576 1357869468.77923 1426094968.35689 1320767406.21519 1708469389.77609 1725789821.8316 1563972331.48227 1727788048.58796 2224868073.5929403 2122595970.07938 2111588167.78196 1032220943.86466 2075806886.7049398 2331664957.51508 1671216281.93291 1345332343.40058 1402023841.35691 1330567750.40364 2119544805.6437101 1482822393.73439 
1459661559.5855 2150693770.3937 2029120445.11206 2172655030.11838 1134959116.144 2071533413.20577 1586295527.53067 1117332362.94166 1711259600.90139 1105859844.4726 2078412192.90958 1729566202.71852 1569972226.94565 1951640935.97055 2125223949.8233 1906534068.9763 1082241361.24718 1558417982.43357 1425454219.35541 1521600339.41844 2024674849.7790399 1148993010.24529 1018450010.84648 0 1025165255.62444 1622902756.46877 1949818814.6717 1532147406.68147 1374317986.33318 2126726335.97174 1110919659.01419 1555595324.03497 1389181645.75896 2089999046.5961 1761269769.70202 1369688042.24389 2180673969.15935 2140678990.8358102 1144766559.65106 2035131817.63199 2084767856.05879 1261062072.82521 1849439091.62319 1257059170.44434 1287324811.51483 1803979651.21938 2145757404.4933 1990176384.48256 1097751109.40383 1801733560.09001 2073017766.48819 1070765806.94302 1098296468.49797 2120519219.3607202 1083739603.49116 1771065967.35835 2033109753.04636 1634949879.73247 2050670954.7111402 1218984002.35345 1995149503.75594 1358927634.79229 1332560712.52185 1235813882.40306 1026407483.53658 2056583779.62867 1734303258.99936 
1602291453.27077 2098628071.10912 1123931524.40674 2143046725.21138 2160124371.7684402 1901933332.21228 1499307525.79449 2128726560.4717598 1154559071.08931 2030792952.49899 1970710975.561 1886505057.67966 2054883426.65346 1827806658.42207 1536863299.45026 1831483739.29113 1823053241.08518 1182483720.30083 1304833255.43346 1177139887.36774 1662508277.79601 2136599530.27976 2043615266.47092 1025165255.62444 0 1012280064.42953 1772552300.45114 1671069155.18127 1185949301.52175 2038493828.05166 1093854679.15997 2163560537.62994 1279160316.6072 2111002264.7364001 1999582123.34502 1490271954.44574 2181745977.02415 1452384858.91844 1231686517.22343 1244255528.40745 2149073932.9108 1125796037.41962 1807772950.26598 1626418622.1837 1260156486.39766 2158337640.92009 2106646068.888 1037821306.5861 1267969245.70023 2170579488.59632 2200300781.51538 2095931062.56746 1435146591.39318 1975315999.996 1657773758.96346 1911054108.32899 2282634467.2662 1779220859.5812 1913923759.27125 1998418468.25369 1674814865.16225 1217360428.31545 2101593847.4488902 1454223875.51027 1107766173.17807 2090095919.01032 1219087782.99691 
1092276307.81099 2106890218.7778602 1292366574.45445 1290173454.637 1410493563.28014 1575259661.15769 1691966166.61994 1116446496.04223 1857938014.14365 2102836658.3983297 1095323827.27274 1509138706.37761 1156683289.85524 2173375204.02395 1225791161.08287 1519110883.24233 1368368167.53789 1951415235.49619 1383430273.56211 1691758510.29831 1434310727.82194 1624858931.06959 1096463917.16586 1622902756.46877 1012280064.42953 0 1069112988.27341 1581841215.19393 1135492653.13909 1118428292.33739 2091687174.25504 1211761262.32708 2231653864.29846 1962106918.52513 2172362814.91298 1938514829.50408 2178666251.26572 2173427987.3003902 2169726446.9783697 2137421028.57682 2134674812.8633099 1545610496.53379 2061323309.3196502 2153075797.0114 1465532973.30163 2230981782.36022 1233498565.22539 1142460447.03866 2190469404.88218 1752769544.61773 1975817754.13141 1563375241.00357 2161546065.75288 1599725725.86398 1706614802.67822 1501043463.69258 1911992494.15867 1437066678.51898 2029531809.4184198 1247345085.401 1616346940.6334 1814202112.04675 2266188541.83152 1349607004.58422 1089605268.02925 1782372238.4664 2053270141.53561 
2161389296.0844 1366404419.12135 1286173747.04577 1479929981.81714 2068963861.67481 2093484723.1761098 1187548406.71574 2103789261.50416 1619731573.7678 2189463067.62681 1416975298.31985 1885594276.81832 1374467833.95461 1669896036.11367 2102043329.7715201 2242154480.90534 1655060120.47489 1667396666.83412 1094830274.29475 2106479631.6876101 2125150486.2912202 1411018755.36735 2111733686.50002 1949818814.6717 1772552300.45114 1069112988.27341 0 1013900142.95002 2039925539.07834 1646244751.78765 1022574185.98163 1201190225.25437 1616630997.78304 1726155606.19516 1373888885.26525 2045863397.63874 2142161319.1195998 1862927570.0555 1477622710.1356 1949999539.67464 2090894706.0967898 2184768154.15875 1817137586.05831 2045460903.8362799 1751216956.6078 1621474636.07954 2166023541.94859 1325066055.56181 1187099607.69964 1691293886.19523 1747318338.91225 1789442924.44036 1273884556.54781 1539402312.57151 1413455592.25015 2194591947.33967 2127322672.6543999 1952459745.24232 1493174989.59506 2139193096.9149098 1500789394.84663 1629512660.85851 2049091865.08272 2159617465.98954 2057783613.5163898 1875523036.8759 1496245526.88397 
1618712072.02576 1676311645.8415 1169426841.73815 1530816370.85701 1244608127.14308 1601521821.39136 1293882462.83764 1634287935.8027 1885134825.74644 1593187827.14228 2108639329.7797098 2169691932.51071 2136936124.3340702 1199656876.07857 1088143186.8215 1559329825.1913 2165247230.89738 1107446592.41369 1486177295.66841 2222456985.34068 2069025727.93825 1962539322.83551 2098839337.9411201 1532147406.68147 1671069155.18127 1581841215.19393 1013900142.95002 0 1031991671.31085 1341274657.55738 2036474328.93165 2115679375.23212 2187778873.92867 2058913696.06009 1930565031.56047 1357877436.83364 1713417522.22078 1241709802.91324 1839984593.64173 1231360898.99333 1321709855.66344 1170868011.20873 1869416898.26811 1636715979.71414 2063044946.26866 1393895980.71936 1268203313.16107 1656074974.0139 2187032828.06741 1609544641.87065 2130692770.96405 2070435661.243 1124977293.11877 1696066474.77209 1269222367.18538 2228184336.06818 1201721168.47403 1386005849.98942 1511202763.49043 1584700088.00443 1744438717.70209 1710753329.82127 2197100148.62316 1763950185.01689 1679162092.86665 1226358692.76387 1961418531.73904 
1727328023.30766 1854738848.78511 1164884766.69935 1544593513.32794 1238653794.23505 1297601407.77296 1074035990.7538 2085960437.24592 2226750097.3049498 1926527348.97672 2175970757.07129 1165982446.34599 1104944453.02322 1417215153.17632 2120134858.13235 1649339299.69431 2181588222.02194 1528996880.15041 1379624723.65155 1522487476.21538 1448911554.84154 2072862553.8931 1930883199.3103 1374317986.33318 1185949301.52175 1135492653.13909 2039925539.07834 1031991671.31085 0 1032897446.78815 1286174591.79743 1429085056.39189 2205593061.10992 2278222719.98286 1660903826.36502 2253356964.13236 2076008247.04544 1116833750.308 2179232757.66303 1471099884.35805 1691284720.42528 1298866726.50433 2220074740.52796 2100272011.52962 1609950436.09484 1267846679.66107 1149386830.00203 1556285226.83852 2127784129.00633 1434856826.29794 2325690878.5598297 1772297248.40258 2156968964.42962 2112685064.4646802 2058989382.37076 1559005465.73513 1237318385.13864 1624157987.13075 1055451775.76851 1458376072.5137 2110773676.6991 1994227628.88476 1635124390.18913 2296511241.14829 1548579229.3318 1961017301.9629 2182554002.11064 
1501414196.51466 1141275617.36195 1390605730.53954 2137884779.48312 1100188865.50874 1478306561.17646 2070367294.05632 2120486054.9907799 2067746092.06491 2030908015.62213 1415365996.83368 2172982769.25839 2137841899.81137 1751360614.48886 2047028552.0106 1502555493.2307 1226243615.0744 1400829873.775 1433008586.68797 1176882343.54386 2173937707.42402 2136714593.4029 1684041045.11336 2126726335.97174 2038493828.05166 1118428292.33739 1646244751.78765 1341274657.55738 1032897446.78815 0 1019909859.57314 1727546418.35298 1518734886.70269 1403918891.32652 1913241637.76695 1708847860.30561 1635219326.6138 1662540544.80242 1898350196.834 1492500072.01929 2123634253.14096 1697251444.46463 2134778123.72049 1673922260.09825 1544826582.54794 1686698702.52425 2106761132.0111399 1358179038.64089 1094886682.21818 1492724323.66926 2192935210.10284 2315259123.54872 1468177845.5765 2187100218.5247803 1404761875.49258 2101730534.16912 2152097284.83987 2203877585.19725 1662640718.89504 2128360866.93537 1624372096.78911 1808479385.2117 1803821510.47712 1457759318.36312 1525439857.78579 2090210982.13346 1236465967.96471 
2152976494.34312 2090690640.07476 2217786203.56671 2065720087.04617 2073583342.18905 2032695032.40631 2091513202.16619 2116273701.54641 1095391892.51135 1166888881.64518 2134850866.70264 1461404902.20834 2254064490.1525 1290665349.16476 1286188646.6735 1514645155.96412 2063537166.0493999 1973484405.70853 1213086572.56849 2196792203.117 1954872653.54585 2259912669.25948 2117310284.59271 1110919659.01419 1093854679.15997 2091687174.25504 1022574185.98163 2036474328.93165 1286174591.79743 1019909859.57314 0 1101710419.11819 1300090506.35385 1167904552.26509 1549690686.38179 1638891342.85567 2358007043.96104 1420882251.45016 1252667062.25599 1462825800.0486 1829590561.53776 2197663344.94757 1625339048.22457 1846842237.96859 2218297606.8200703 1911666444.66729 2281328258.36803 2131675985.74607 1387689512.38926 2184236068.06437 2150095566.34256 2125346836.18755 1950280895.6773 1286147800.28341 2175979710.39918 1340032604.95306 1591411465.80358 1984180653.89668 1328351340.91592 1596889400.71918 1105669193.00834 2088262351.9226398 1767259230.25713 1382128534.86132 2095940008.20267 2148480422.57666 2064395484.69864 
2169591541.21731 1823581011.22499 1875661093.47988 1124878196.60901 1286676549.03905 1230318310.2115 2098665310.18542 1743902920.44415 1960195925.8865 2078677169.3919702 2059441312.46202 2159769188.41541 2120541210.05808 1885310807.66241 1210560159.60749 2143625803.3130298 1107807466.90178 1532392437.88852 1348378285.59156 1398371792.21889 2064709043.10161 1433026947.96073 1112101340.2238 1555595324.03497 2163560537.62994 1211761262.32708 1201190225.25437 2115679375.23212 1429085056.39189 1727546418.35298 1101710419.11819 0 1019892601.97138 1053831174.51146 1252934260.25421 1256112516.24505 1790292827.40416 2116771349.36447 1054372342.00944 1121507255.68796 1826917627.60692 1418495815.44687 1677979565.33229 1240980774.19611 2219450784.35592 1768660964.99404 1360984902.24835 1241920505.49304 1607654038.0614 2027053350.78721 1225018881.18659 1751814997.69356 1789728274.82453 2069475194.92397 1295837052.1264 2177450386.8637 1462486418.48421 1704855100.21997 2021856087.55726 1622725216.68975 1374187907.96965 1075119660.86209 1849151838.07755 1679450046.38886 1448741196.37337 1558042133.80687 1648602240.85645 
1442209843.50684 1566418110.30068 1152467910.38689 1177036811.02767 2115059642.2452497 1264677500.91126 2148178462.04109 1971000726.6689 2161487162.14414 1492722982.20399 2067941957.02079 1386748357.93475 1100648608.0867 2117340522.25541 2089611522.9998698 2023734008.42258 1852081840.37213 1080332281.51498 1476100508.617 2252722014.15339 1838158807.94359 1694727842.60242 1489507656.57266 1389181645.75896 1279160316.6072 2231653864.29846 1616630997.78304 2187778873.92867 2205593061.10992 1518734886.70269 1300090506.35385 1019892601.97138 0 1039313209.68492 1237339195.93479 1216440410.46789 2229415701.38087 2157336478.55199 1310747860.92419 1512504417.66024 2150713359.73012 2106896586.47614 2147583639.88358 2120120059.1534 1752876800.94523 1238137220.98139 1285842416.43497 2117927681.38777 1059497893.48831 1566294106.37058 1345916425.23547 1980339286.40331 1558077910.39879 2132913907.53234 1416352891.2375 2326746293.01604 2029085718.17527 1832171109.66475 2168842948.3028703 1620341860.44942 2195555435.29539 1908324197.66054 2102087259.67351 2238465105.08127 1236793136.83252 1979822294.50098 1790072986.19484 
2083109066.10188 2176441215.6275 2191781120.07181 1452459157.07771 1421003388.28536 2116891029.88383 2118531522.70821 1722900801.64691 1575974883.89483 2036141578.46146 1028628747.33587 1630604349.32804 1515818178.96696 1921210900.85812 1458870846.54833 2114345512.60146 1078527176.19021 2067663355.6110702 1110064752.1261 1999966195.00105 1753450070.50618 1462459590.54665 2088590929.3989701 2089999046.5961 2111002264.7364001 1962106918.52513 1726155606.19516 2058913696.06009 2278222719.98286 1403918891.32652 1167904552.26509 1053831174.51146 1039313209.68492 0 1053304925.14873 1158490196.49987 1190102491.69595 1731128211.20071 1233433811.23669 2175338430.19942 1660097269.17936 2056952708.25554 1936826417.14151 1587308352.4093 2195992827.4184504 2129400636.3126001 2069163528.7894602 2130620262.59028 1072190474.69082 1601048098.25241 1321809416.73791 2211635105.33879 1529125712.24315 2169689669.6115003 2138741375.93686 1756065010.93596 2154388698.4499903 2261278211.70784 1231594710.4392 1604672791.34625 1340215747.9814 2128950835.37355 1451823897.98211 1277576996.5576 2159691466.88426 2088211370.91648 1473537432.79559 
1874116377.64501 2061874664.39939 1977051169.13617 1228243074.5682 2130097662.5942497 2219855191.0886602 1917385044.75594 1997298297.79236 2162173268.67992 1956688865.01975 1719157943.13283 1040255534.58684 1743675376.95751 1425436643.3807 1587652080.23093 2138732362.02044 2116518531.37515 1420171815.32351 1321388362.16161 1981578556.58975 1364874044.93771 2162261424.30861 1433009838.73652 1761269769.70202 1999582123.34502 2172362814.91298 1373888885.26525 1930565031.56047 1660903826.36502 1913241637.76695 1549690686.38179 1252934260.25421 1237339195.93479 1053304925.14873 0 1007148971.20945 2132083093.59932 1267750307.88153 1942698409.14574 1998132602.87208 1497639084.3441 1774561191.84359 1354047637.24075 1938635249.08179 1186340932.37051 1828472102.66691 1439007182.37743 1721102384.2768 1280650301.94745 2127690708.2382102 2083603773.2133799 1694646379.77674 1476721161.70182 1244518037.93028 1748018752.23516 1100834414.98206 1483777084.73804 1701812405.23915 1348907494.13862 1085260659.69417 2105753611.05776 1144383599.50687 1406345460.37525 1750166175.73333 2019675601.5419898 1148236122.04907 1088836592.36802 
