47
89 68 19 36 67 83 81 29 8 41 63 17 22 24 15 91 23 82 57 58 13 84 42 92 90 60 30 54 31 32 74 4 61 66 10 1 9 85 75 38 3 48 5 50 65 20 56
0 874.29514 2730.76436 5322.71294 4169.70802 6858.407520000001 6893.22131 8057.198109999999 6712.18765 8057.38342 7113.37842 9107.75916 7130.32134 7300.6802 10555.46588 7294.71706 3311.23441 8033.30212 7941.664159999999 6627.43427 7519.98351 8312.83422 11518.80897 14977.1936 18273.01671 21858.23804 20699.19323 19399.47827 14396.550739999999 14541.75522 16222.003 13251.23368 12917.91655 13511.9953 10992.04384 8971.41484 7782.34267 11582.09052 12332.23419 14281.56357 12008.49836 3511.84419 13365.221450000001 12222.17763 17272.01821 14270.16227 3124.10003 
874.29514 0 2030.89192 4786.055249999999 4988.13811 6017.12772 6125.09494 7289.071739999999 5837.89251 7275.947639999999 6413.50598 8329.84808 6256.0262 6426.38506 10777.35051 7291.21753 2436.93927 7159.00698 7067.36902 7485.48789 8393.83199 8878.66924 12393.10411 15796.333729999998 18977.501259999997 22364.06801 21161.17079 19719.68684 14712.872339999998 14861.42036 15522.13056 13567.55528 13234.238150000001 14386.29044 10336.775010000001 9111.0224 7921.95023 10707.79538 11637.39387 14751.81227 12826.92845 2637.54905 12490.92631 12752.30905 18146.313349999997 13502.035899999999 3440.42163 
2730.76436 2030.89192 0 2755.16333 2957.24619 5367.38484 6665.72609 7829.7028900000005 4396.7803 6844.92159 4382.61406 6392.01666 7576.088239999999 6176.24813 10029.60029 6169.49471 4467.83119 8832.62843 8098.71595 9250.64025 10154.6739 10311.77705 14155.86672 17707.95796 20899.13539 24371.232070000002 23182.64185 21623.698660000002 16263.057529999998 15910.45295 13491.23864 15468.97181 15132.75021 16242.75966 9779.58201 10406.134699999999 9234.26658 11946.334369999999 12309.64565 15424.06405 10796.03653 4668.44097 14521.81823 12753.22593 19486.3404 14042.66705 5471.31355 
5322.71294 4786.055249999999 2755.16333 0 2765.19692 5453.89642 6752.23767 7916.214470000001 7151.94363 6652.87232 7137.777389999999 9147.17999 4820.92491 8316.39755 11454.02215 7372.36746 6611.56381 11580.06056 10853.87928 11950.14721 12842.69645 13051.87224 16841.52191 20281.442049999998 23462.609579999997 26396.549509999997 24896.35122 23006.53342 15481.16536 16447.64518 16246.401969999999 17035.87796 16698.68558 15359.39094 9587.53274 10214.08543 9042.21731 9191.17104 10065.65174 13180.07014 10603.98726 7423.604299999999 17276.98156 14826.26834 21872.64104 14129.17863 8226.476879999998 
4169.70802 4988.13811 2957.24619 2765.19692 0 2688.6995 3987.04075 5151.0175500000005 5222.1684700000005 3887.6754 6858.326 8637.55843 7586.12183 9133.49432 12966.08009 9126.7409 7425.07738 11789.87462 10367.0355 10537.45937 11445.80347 12222.85932 15446.996290000001 18299.568 21578.84133 23631.35259 22264.76847 20429.23929 13305.81134 14248.58843 13990.0242 14361.12333 14023.5052 14445.07479 6822.33582 7448.88851 6277.02039 10479.69485 9630.96031 12745.37871 7838.79034 7625.6871599999995 17479.064420000002 15689.53687 21435.69966 11363.98171 7293.80805 
6858.407520000001 6017.12772 5367.38484 5453.89642 2688.6995 0 1298.34125 2462.31805 2533.46897 6576.374900000001 9547.0255 7958.49758 8071.58225 11543.632969999999 15396.985130000001 11536.87955 8453.31917 13176.1347 13054.61834 13089.52883 13997.87293 14774.928779999998 17999.06575 20495.03594 23790.859050000003 24911.48201 23603.70059 22295.0392 12492.57459 13640.26968 11301.3247 15478.90992 15141.29179 13426.986560000001 5392.24935 8060.46673 8965.71989 7790.995349999999 6942.26081 10056.67921 8396.85434 8654.67677 18508.05403 18120.61077 24123.18687 8675.28221 8204.94425 
6893.22131 6125.09494 6665.72609 6752.23767 3987.04075 1298.34125 0 1163.9768 3791.19836 6644.16714 8305.24942 7364.30071 9268.98982 12529.511760000001 15855.00907 12835.2208 8510.70649 12664.83103 13192.463960000001 12792.463590000001 13635.98759 14297.80617 17341.41745 19824.22033 23112.98476 23781.38352 22330.79038 20996.69795 11863.71359 12343.84952 10010.99605 14583.450490000001 14245.83236 12246.417280000001 4211.68007 6762.12548 8355.54476 6492.6541 5643.91956 8758.33796 7098.51309 8762.64399 18616.02125 18609.16812 24165.23952 7376.94096 6906.603 
8057.198109999999 7289.071739999999 7829.70289 7916.214470000001 5151.0175500000005 2462.31805 1163.9768 0 4189.89415 7808.14394 8268.481 8528.27751 8105.01302 11365.53496 15976.92358 13064.32556 7531.55077 12500.04752 13238.82333 11628.48679 12536.830890000001 13133.82937 16177.44065 18862.52538 22149.4948 22852.04578 21367.91719 19832.72115 10814.00018 12351.40741 11174.97285 13419.47369 13081.85556 12175.46964 4454.92952 7926.102279999999 7907.47451 5500.8163 6432.04452 9546.46292 5934.53629 9926.620789999999 18270.64303 17916.462919999998 23493.83106 8540.91776 5747.22237 
6712.18765 5837.89251 4396.7803 7151.94363 5222.1684700000005 2533.46897 3791.19836 4189.89415 0 4267.51848 7238.16908 5425.02861 10605.051220000001 10573.02843 13161.98667 9080.79919 8137.76628 12996.89949 12495.49625 13315.49984 14223.84394 14579.49625 18225.036760000003 21342.83685 24609.52484 26767.41882 25269.62952 24022.615299999998 15003.89433 16036.3739 13802.19441 17330.77846 16997.2286 15956.47136 7921.73415 10094.15445 9133.64577 8009.130150000001 8940.358370000002 11469.86282 10116.68819 8338.86239 18204.806490000003 16655.26101 23587.75314 11168.13932 8290.44571 
8057.38342 7275.947639999999 6844.92159 6652.87232 3887.6754 6576.374900000001 6644.16714 7808.14394 4267.51848 0 2970.6506 6560.01616 8658.095299999999 9819.14803 9210.84193 7766.4951599999995 4839.00837 9807.50512 9441.2094 10262.21857 11170.562670000001 11280.73834 15150.159230000001 18864.2567 22031.98801 25768.92073 24558.01071 23057.25567 16863.83135 17393.544110000003 16655.16319 18248.79873 17911.1806 16181.26522 10710.01122 11015.39535 9421.97607 12276.64863 12204.47561 14784.64978 11503.0303 5011.38943 14877.33353 12387.74253 19647.81988 12884.9317 8631.54446 
7113.37842 6413.50598 4382.61406 7137.777389999999 6858.326 9547.0255 8305.24942 8268.481 7238.16908 2970.6506 0 3638.90382 10343.97007 6848.49743 8735.40154 4795.84456 7586.97654 12555.47329 10677.3773 13232.869170000002 13831.42061 13664.43208 17742.54829 21756.093979999998 24749.04867 28739.47623 27523.57243 26006.31272 18943.10265 20145.30009 17873.8527 19837.04366 19500.25766 19151.91582 12516.06588 13491.27737 12173.73205 12575.52488 13412.45287 16273.30139 13972.76612 7982.04003 16416.83527 12813.20608 21376.7057 13918.291009999999 9788.72397 
9107.75916 8329.84808 6392.01666 9147.17999 8637.558430000001 7958.49758 7364.30071 8528.27751 5425.02861 6560.01616 3638.90382 0 8325.09763 10431.12055 12374.30536 8434.748379999999 10766.787349999999 15161.02173 14316.28112 15619.03313 16527.37723 16703.79371 20517.08588 24084.95276 27291.15205 30301.43164 28807.619 26724.08592 18693.8153 19708.15023 17307.30057 20849.54585 21187.163979999998 19365.91067 11331.17346 13730.83515 13876.72827 11516.64289 11381.86298 14496.28138 14462.8138 10381.25551 19002.17074 16452.1099 24694.45044 10279.38719 11770.26971 
7130.32134 6256.0262 7576.088239999999 4820.92491 7586.12183 8071.58225 9268.98982 8105.01302 10605.051220000001 8658.095299999999 10343.97007 8325.09763 0 3495.47264 8106.86126 10682.88369 3819.08693 8309.15188 6576.21198 10635.30855 9803.7504 9553.43341 13713.08195 17690.78862 20733.45606 25506.313290000002 24373.74237 23215.78432 17716.61708 18246.32984 15858.61394 17319.71199 17405.43954 18118.760690000003 12535.48966 11868.18108 10274.7618 13408.04922 14328.55561 17442.974009999998 14039.54931 3920.86891 13786.813010000002 10072.45044 18023.68091 16645.930780000002 7611.62302 
7300.6802 6426.38506 6176.24813 8316.39755 9133.49432 11543.632969999999 12529.511760000001 11365.53496 10573.02843 9819.14803 6848.49743 10431.12055 3495.47264 0 4611.38862 8693.04331 5047.56575 8950.10585 5682.23081 8309.58675 9069.53279 9994.986700000001 13070.72561 16994.20616 19645.2481 25857.71924 25034.85542 24341.68417 20045.0181 20472.09926 18231.43351 18397.9664 18633.91836 19471.16602 15711.01448 14196.5821 12603.16282 16779.54412 17710.77234 20005.83227 15552.37017 4999.12332 12716.142590000001 6576.9778 14528.20827 19906.45272 8840.10184 
10555.46588 10777.35051 10029.60029 11454.02215 12966.08009 15396.985130000001 15855.00907 15976.92358 13161.98667 9210.84193 8735.40154 12374.30536 8106.86126 4611.38862 0 4081.65469 9649.88627 11615.69064 10293.619429999999 12920.97537 13036.45673 14606.37532 16318.30001 20464.55091 23288.6394 30080.9201 29374.41189 28953.07279 24581.65411 25051.925560000003 22840.10978 23006.64267 23221.23358 24067.46118 19788.41591 18733.21811 17139.79883 20557.387909999998 21414.89099 23995.491710000002 20154.690690000003 9607.79959 10356.64212 5016.774890000001 15087.97737 21797.64047 13427.41706 
7294.71706 7291.21753 6169.49471 7372.36746 9126.7409 11536.87955 12835.2208 13064.32556 9080.79919 7766.4951599999995 4795.84456 8434.748379999999 10682.88369 8693.04331 4081.65469 0 6863.79676 11832.29351 8628.48797 12687.58454 13197.682850000001 13305.526730000001 15389.51153 19776.1047 22602.30805 28373.34596 27407.90353 26471.72896 21246.28446 21775.997219999997 19393.9894 20511.10303 20177.785900000003 20806.71236 15949.076720000001 15397.84846 13804.42918 16475.73322 17406.96144 19978.86546 16279.02583 9928.76658 11620.99071 8047.57759 17372.954709999998 18714.13557 10383.96938 
3311.23441 2436.93927 4467.83119 6611.56381 7425.07738 8453.31917 8510.70649 7531.55077 8137.76628 4839.00837 7586.97654 10766.787349999999 3819.08693 5047.56575 9649.88627 6863.79676 0 4968.49675 7812.580959999999 7242.23019 6333.88609 6441.72997 10335.07891 14258.55946 17192.97964 22162.56443 20973.926900000002 19608.36158 15043.06741 15431.19933 13385.71402 13919.66974 13586.35261 14619.17756 11456.09811 9213.1811 7619.80216 13032.36707 13963.595290000001 15800.07206 10504.80442 5074.48832 12057.052220000001 10935.76892 16658.55842 15887.64745 3792.53609 
8033.30212 7159.00698 8832.62843 11580.06056 11789.87462 13176.1347 12664.83103 12500.04752 12996.89949 9807.50512 12555.47329 15161.02173 8309.15188 8950.10585 11615.69064 11832.29351 4968.49675 0 7437.89854 9909.62162 9062.07356 8826.26524 9621.31147 10744.82819 14040.6513 18465.94631 17834.433660000002 18835.3361 16776.0668 16572.08541 14841.29347 11781.38812 12119.00625 15807.18661 14642.14629 11178.25763 9584.83835 16717.23817 17538.78585 18810.5998 12402.8637 9796.55603 11274.11892 10798.24422 13767.91735 20041.77199 8761.03284 
7941.66416 7067.36902 8098.71595 10853.87928 10367.0355 13054.61834 13192.463960000001 13238.82333 12495.49625 9441.2094 10677.3773 14316.28112 6576.21198 5682.23081 10293.619429999999 8628.48797 7812.580959999999 7437.89854 0 4059.09657 4967.44067 5744.496520000001 8968.63349 12892.11404 14935.80195 21711.52026 20980.8533 21465.60205 18701.169990000002 18797.78382 16445.13302 14942.06977 15279.6879 17609.36901 15892.72629 12844.24716 12789.11738 17575.87267 18493.45901 20210.77584 15047.087510000001 4429.81997 10250.239669999999 12259.20861 12673.82269 20428.71734 7491.60096 
6627.43427 7485.48789 9250.64025 11950.14721 10537.45937 13089.52883 12792.463590000001 11628.48679 13315.49984 10262.21857 13232.869170000002 15619.03313 10635.30855 8309.58675 12920.97537 12687.58454 7242.23019 9909.62162 4059.09657 0 908.3441 1685.39995 4909.5369200000005 8833.01747 12067.44227 17681.84337 16924.70975 17406.50548 15450.89399 15295.7432 14660.797340000001 11068.20717 11405.8253 15631.85418 14615.80265 10424.29902 9258.510919999999 16623.40173 17482.53971 18843.28139 12120.16588 8488.91654 7219.28009 11539.24 12373.53424 20169.40455 5979.1379 
7519.98351 8393.83199 10154.6739 12842.69645 11445.80347 13997.87293 13635.98759 12536.830890000001 14223.84394 11170.562670000001 13831.42061 16527.37723 9803.7504 9069.53279 13036.45673 13197.682850000001 6333.88609 9062.07356 4967.44067 908.3441 0 2593.7440500000002 4001.19282 7924.67337 11159.09817 17080.70543 16499.58879 16498.16138 15686.61372 15443.97051 13752.45324 10980.50143 10642.8833 14723.51008 15156.28203 10892.598390000001 9622.83305 17311.66549 18184.03068 19288.296690000003 13028.509979999999 9397.26064 8127.62419 12447.5841 11465.19014 20897.954729999998 6887.482 
8312.83422 8878.66924 10311.77705 13051.87224 12222.85932 14774.928779999998 14297.80617 13133.82937 14579.49625 11280.73834 13664.43208 16703.79371 9553.43341 9994.986700000001 14606.375320000001 13305.526730000001 6441.72997 8826.26524 5744.496520000001 1685.39995 2593.7440500000002 0 4159.64854 8576.42839 11358.4366 19367.243319999998 18610.1097 19091.905430000003 17136.29394 16981.14315 15811.13912 12339.20212 12676.82025 16134.89402 16301.2026 12108.63151 10790.18257 18245.839509999998 19104.21076 20525.29498 13802.17947 10174.316490000001 5615.32225 10269.54303 12349.61135 21674.74713 7664.53785 
11518.80897 12393.10411 14155.86672 16841.52191 15446.996290000001 17999.06575 17341.41745 16177.44065 18225.036760000003 15150.159230000001 17742.54829 20517.08588 13713.08195 13070.72561 16318.30001 15389.51153 10335.07891 9621.31147 8968.63349 4909.5369200000005 4001.19282 4159.64854 0 5833.24627 7215.33547 15293.89532 15010.840509999998 16047.27281 19445.71935 18320.81372 15891.63258 11523.70902 11861.327150000001 16627.16792 18558.69347 13942.54808 12749.67309 20808.58385 21718.27216 22319.54 16339.96681 10138.7698 9774.97079 13334.22251 9582.03637 24571.1703 10888.67482 
14977.1936 15796.333729999998 17707.95796 20281.442049999998 18299.568 20495.03594 19824.220329999996 18862.52538 21342.83685 18864.2567 21756.093979999998 24084.95276 17690.78862 16994.20616 20464.55091 19776.1047 14258.55946 10744.82819 12892.11404 8833.01747 7924.67337 8576.42839 5833.24627 0 3295.82311 11118.53165 11128.73888 13110.07418 19720.851710000003 18263.010299999998 15833.82916 12474.077640000001 12136.45951 17047.05731 20046.19518 14833.954150000001 14833.883850000002 22602.20846 23231.13514 23329.59635 16424.95877 14862.352640000001 11651.61517 17953.65528 13219.873160000001 26804.87113 13115.30301 
18273.01671 18977.501259999997 20899.13539 23462.609579999997 21578.84133 23790.859050000003 23112.98476 22149.4948 24609.52484 22031.98801 24749.04867 27291.15205 20733.45606 19645.2481 23288.6394 22602.30805 17192.97964 14040.651299999998 14935.80195 12067.44227 11159.09817 11358.4366 7215.33547 3295.82311 0 11452.265200000002 11663.32684 14349.0984 20446.52777 21168.40551 19085.39794 12524.51744 12862.13557 19068.03729 23316.785190000002 18005.71656 18122.64828 25771.78612 26481.52879 26625.41946 19720.78188 17354.10527 13620.242 20046.95158 12880.48062 30093.635560000002 16402.27243 
21858.23804 22364.06801 24371.232070000002 26396.549509999997 23631.35259 24911.48201 23781.38352 22852.04578 26767.41882 25768.92073 28739.47623 30301.43164 25506.313290000002 25857.71924 30080.9201 28373.34596 22162.564430000002 18465.94631 21711.52026 17681.84337 17080.70543 19367.243319999998 15293.89532 11118.53165 11452.265200000002 0 1747.63984 5673.93937 15671.54185 14172.12281 15493.28955 9451.88579 9770.19022 14729.92261 21952.15062 17107.18975 17939.43283 24437.86022 25037.86508 23740.6412 17966.04912 21585.44438 22593.675629999998 28453.2733 23598.40437 28942.52769 19482.4883 
20699.19323 21161.17079 23182.64185 24896.35122 22264.76847 23603.70059 22330.79038 21367.91719 25269.62952 24558.01071 27523.57243 28807.619 24373.74237 25034.85542 29374.41189 27407.90353 20973.926900000002 17834.433660000002 20980.8533 16924.70975 16499.58879 18610.1097 15010.840509999998 11128.73888 11663.32684 1747.63984 0 3926.29953 13938.36092 13414.34761 13745.64971 8124.79067 8462.408800000001 12982.28277 20324.25979 15569.10177 16191.792989999998 23046.842109999998 23290.22524 21993.00136 16709.95469 20550.47178 22200.01768 28107.437019999998 23841.40374 27194.88785 17734.84846 
19399.47827 19719.68684 21623.698660000002 23006.53342 20429.23929 22295.039200000003 20996.69795 19832.72115 24022.6153 23057.25567 26006.31272 26724.08592 23215.78432 24341.68417 28953.07279 26471.72896 19608.36158 18835.3361 21465.60205 17406.50548 16498.16138 19091.90543 16047.27281 13110.07418 14349.0984 5673.93937 3926.29953 0 10439.27665 11976.68388 14405.865020000001 12051.0902 12388.708330000001 14791.74713 17371.47743 16296.19948 15157.57892 19728.85159 19947.40256 22675.45389 17710.85713 19581.84797 22997.6346 28122.66106 25348.77042 24009.75354 16298.49643 
14396.550739999999 14712.872339999998 16263.05753 15481.16536 13305.81134 12492.57459 11863.71359 10814.00018 15003.89433 16863.83135 18943.10265 18693.8153 17716.61708 20045.0181 24581.65411 21246.28446 15043.06741 16776.0668 18701.169990000002 15450.89399 15686.61372 17136.29394 19445.71935 19720.85171 20446.52777 15671.54185 13938.36092 10439.27665 0 1537.40723 3966.5883700000004 7922.01033 7584.3922 14465.53018 7652.03352 5856.92283 7441.85528 10652.75084 9721.52262 12236.17724 15941.92294 15162.83364 22670.17408 25650.338929999998 27151.80386 17565.665100000002 11272.45071 
14541.75522 14861.42036 15910.45295 16447.64518 14248.58843 13640.26968 12343.84952 12351.40741 16036.3739 17393.544110000003 20145.30009 19708.15023 18246.32984 20472.09926 25051.925560000003 21775.997219999997 15431.19933 16572.08541 18797.78382 15295.7432 15443.97051 16981.14315 18320.81372 18263.010299999998 21168.40551 14172.12281 13414.34761 11976.68388 1537.40723 0 2429.18114 8990.06164 9121.799430000001 15533.58149 9015.75732 7394.33006 7971.56804 11730.37354 11258.92985 10698.77001 17421.15366 15661.49133 22515.02329 25838.93444 26560.27684 16028.257870000001 11638.66324 
16222.003 15522.13056 13491.23864 16246.401969999999 13990.0242 11301.3247 10010.99605 11174.97285 13802.19441 16655.16319 17873.8527 17307.30057 15858.61394 18231.43351 22840.10978 19393.9894 13385.71402 14841.29347 16445.13302 14660.797340000001 13752.45324 15811.13912 15891.63258 15833.82916 19085.39794 15493.28955 13745.64971 14405.865020000001 3966.5883700000004 2429.18114 0 6560.8805 6898.49863 13104.40035 11444.938460000001 9823.5112 10400.74918 9301.1924 9544.57553 8269.58887 15209.67107 13232.31019 21382.663959999998 23710.98286 25217.64338 13599.07673 14067.84438 
13251.23368 13567.55528 15468.97181 17035.87796 14361.12333 15478.90992 14583.450490000001 13419.47369 17330.77846 18248.798730000002 19837.04366 20849.54585 17319.71199 18397.9664 23006.64267 20511.10303 13919.66974 11781.38812 14942.06977 11068.20717 10980.50143 12339.20212 11523.70902 12474.07764 12524.51744 9451.88579 8124.79067 12051.0902 7922.01033 8990.06164 6560.8805 0 337.61813 6543.51985 12660.48411 13778.93316 15363.86561 15199.87266 15708.911670000001 14830.469369999999 8695.14887 13398.84308 17775.41393 22413.21527 21012.0553 19634.11079 10127.13365 
12917.91655 13234.238150000001 15132.75021 16698.68558 14023.5052 15141.29179 14245.83236 13081.85556 16997.2286 17911.1806 19500.25766 21187.163979999998 17405.43954 18633.91836 23221.23358 20177.785900000003 13586.35261 12119.00625 15279.6879 11405.8253 10642.8833 12676.82025 11861.327150000001 12136.45951 12862.13557 9770.19022 8462.4088 12388.70833 7584.3922 9121.799430000001 6898.49863 337.61813 0 6881.1379799999995 12998.10224 13441.315030000002 15026.24748 14925.77599 15371.29354 14614.66887 8357.53074 13736.461210000001 18113.032059999998 22075.59714 20879.34027 19296.49266 9793.81652 
13511.9953 14386.29044 16242.75966 15359.39094 14445.07479 13426.986560000001 12246.417280000001 12175.46964 15956.47136 16181.26522 19151.91582 19365.91067 18118.760690000003 19471.16602 24067.46118 20806.71236 14619.17756 15807.18661 17609.36901 15631.85418 14723.51008 16134.89402 16627.16792 17047.05731 19068.03729 14729.92261 12982.28277 14791.74713 14465.53018 15533.58149 13104.40035 6543.51985 6881.1379799999995 0 8034.73721 12560.452449999999 10967.033169999999 10225.4661 10374.46987 9294.31813 15238.66872 14509.06393 21741.4193 24949.02914 26050.495989999996 14437.13687 15590.283190000002 
10992.04384 10336.775010000001 9779.58201 9587.53274 6822.33582 5392.24935 4211.68007 4454.92952 7921.73415 10710.01122 12516.06588 11331.17346 12535.48966 15711.01448 19788.41591 15949.076720000001 11456.09811 14642.14629 15892.72629 14615.80265 15156.28203 16301.2026 18558.69347 20046.19518 23316.785190000002 21952.15062 20324.25979 17371.47743 7652.03352 9015.75732 11444.938460000001 12660.48411 12998.10224 8034.73721 0 5311.06863 6904.48791 9955.74582 9855.59963 7487.72486 10389.46581 12974.32406 21119.09603 22287.99228 26383.27344 11588.62103 8636.66475 
8971.41484 9111.0224 10406.134699999999 10214.08543 7448.88851 8060.46673 6762.12548 7926.102279999999 10094.15445 11015.39535 13491.27737 13730.83515 11868.18108 14196.5821 18733.21811 15397.84846 9213.1811 11178.25763 12844.24716 10424.29902 10892.598390000001 12108.63151 13942.54808 14833.954150000001 18005.71656 17107.18975 15569.10177 16296.19948 5856.92283 7394.33006 9823.5112 13778.933160000002 13441.315030000002 12560.45245 5311.06863 0 1593.41928 7870.51745 8475.81223 11590.23063 12207.500919999999 9305.91081 17643.57911 19926.00424 22330.31393 12173.04502 7229.02737 
7782.34267 7921.95023 9234.26658 9042.21731 6277.02039 8965.71989 8355.54476 7907.47451 9133.64577 9421.97607 12173.73205 13876.72827 10274.7618 12603.16282 17139.79883 13804.42918 7619.80216 9584.83835 12789.11738 9258.51092 9622.83305 10790.18257 12749.67309 14833.883850000002 18122.64828 17939.432829999998 16191.792989999998 15157.57892 7441.85528 7971.56804 10400.74918 15363.86561 15026.24748 10967.033169999999 6904.48791 1593.41928 0 8256.11349 9187.34171 10153.104179999998 11035.55986 9688.92755 16191.36205 18459.11048 21088.02319 13766.4643 5635.60809 
11582.09052 10707.79538 11946.334369999999 9191.17104 10479.69485 7790.995349999999 6492.6541 5500.8163 8009.130150000001 12276.64863 12575.52488 11516.64289 13408.04922 16779.54412 20557.387909999998 16475.73322 13032.36707 16717.23817 17575.87267 16623.40173 17311.66549 18245.839509999998 20808.58385 22602.20846 25771.78612 24437.86022 23046.84211 19728.85159 10652.75084 11730.37354 9301.1924 15199.87266 14925.77599 10225.4661 9955.74582 7870.51745 8256.11349 0 931.22822 4045.64662 10985.72882 13182.77759 23048.72169 23356.52192 28336.02416 7136.6345 11248.038670000002 
12332.23419 11637.39387 12309.645649999999 10065.65174 9630.96031 6942.26081 5643.91956 6432.04452 8940.358370000002 12204.47561 13412.45287 11381.86298 14328.55561 17710.77234 21414.89099 17406.96144 13963.595290000001 17538.78585 18493.45901 17482.53971 18184.03068 19104.21076 21718.27216 23231.13514 26481.52879 25037.86508 23290.22524 19947.40256 9721.52262 11258.92985 9544.57553 15708.911670000001 15371.29354 10374.46987 9855.59963 8475.81223 9187.34171 931.22822 0 3114.4184 10054.5006 14105.68159 23971.62569 24253.087679999997 29266.34172 8067.86272 11519.73303 
14281.56357 14751.81227 15424.06405 13180.07014 12745.37871 10056.67921 8758.33796 9546.46292 11469.86282 14784.64978 16273.30139 14496.28138 17442.974009999998 20005.83227 23995.491710000002 19978.86546 15800.07206 18810.5998 20210.77584 18843.28139 19288.296690000003 20525.29498 22319.54 23329.59635 26625.41946 23740.6412 21993.00136 22675.45389 12236.17724 10698.77001 8269.58887 14830.469369999999 14614.66887 9294.31813 7487.72486 11590.23063 10153.104179999998 4045.64662 3114.4184 0 6940.0822 17220.09999 26062.56148 26444.80229 30753.48683 8056.2430300000005 14497.178759999999 
12008.49836 12826.92845 10796.03653 10603.98726 7838.79034 8396.85434 7098.51309 5934.53629 10116.68819 11503.0303 13972.76612 14462.8138 14039.54931 15552.37017 20154.690690000003 16279.02583 10504.80442 12402.8637 15047.087510000001 12120.16588 13028.50998 13802.17947 16339.96681 16424.95877 19720.781880000002 17966.04912 16709.95469 17710.85713 15941.92294 17421.15366 15209.67107 8695.14887 8357.53074 15238.668720000001 10389.46581 12207.500919999999 11035.55986 10985.72882 10054.5006 6940.0822 0 10617.26754 19157.03946 21309.16547 24493.70012 14475.45405 11681.75866 
3511.84419 2637.54905 4668.44097 7423.604299999999 7625.6871599999995 8654.67677 8762.64399 9926.62079 8338.86239 5011.38943 7982.04003 10381.25551 3920.86891 4999.12332 9607.79959 9928.76658 5074.48832 9796.55603 4429.81997 8488.91654 9397.26064 10174.316490000001 10138.7698 14862.352640000001 17354.10527 21585.44438 20550.47178 19581.84797 15162.83364 15661.49133 13232.31019 13398.84308 13736.461210000001 14509.06393 12974.32406 9305.91081 9688.927549999999 13182.77759 14105.68159 17220.09999 10617.26754 0 9865.9441 11576.10112 17065.399120000002 15998.89737 6077.97068 
13365.221450000001 12490.92631 14521.81823 17276.98156 17479.064420000002 18508.05403 18616.02125 18270.64303 18204.806490000003 14877.33353 16416.83527 19002.17074 13786.813010000002 12716.142590000001 10356.64212 11620.99071 12057.052220000001 11274.11892 10250.23967 7219.28009 8127.62419 5615.32225 9774.97079 11651.61517 13620.242 22593.67563 22200.01768 22997.6346 22670.17408 22515.02329 21382.663959999998 17775.41393 18113.032059999998 21741.4193 21119.09603 17643.57911 16191.36205 23048.72169 23971.62569 26062.56148 19157.03946 9865.9441 0 6598.85884 14797.46503 25863.05508 12523.42066 
12222.17763 12752.30905 12753.22593 14826.26834 15689.53687 18120.61077 18609.16812 17916.462919999998 16655.26101 12387.74253 12813.20608 16452.1099 10072.45044 6576.9778 5016.774890000001 8047.57759 10935.76892 10798.24422 12259.20861 11539.24 12447.5841 10269.54303 13334.22251 17953.65528 20046.95158 28453.2733 28107.437019999998 28122.66106 25650.338929999998 25838.93444 23710.98286 22413.21527 22075.59714 24949.02914 22287.99228 19926.00424 18459.11048 23356.52192 24253.087679999997 26444.80229 21309.16547 11576.10112 6598.85884 0 10458.79692 25272.674229999997 14567.95473 
17272.01821 18146.313349999997 19486.3404 21872.64104 21435.69966 24123.18687 24165.23952 23493.83106 23587.75314 19647.81988 21376.7057 24694.45044 18023.68091 14528.20827 15087.97737 17372.954709999998 16658.55842 13767.91735 12673.82269 12373.53424 11465.19014 12349.61135 9582.03637 13219.87316 12880.48062 23598.40437 23841.40374 25348.77042 27151.80386 26560.27684 25217.64338 21012.0553 20879.34027 26050.495989999996 26383.27344 22330.31393 21088.02319 28336.02416 29266.34172 30753.48683 24493.70012 17065.399120000002 14797.46503 10458.79692 0 31542.18048 17746.60869 
14270.16227 13502.035899999999 14042.66705 14129.17863 11363.98171 8675.28221 7376.94096 8540.91776 11168.13932 12884.9317 13918.291009999999 10279.38719 16645.930780000002 19906.45272 21797.64047 18714.13557 15887.64745 20041.77199 20428.71734 20169.40455 20897.954729999998 21674.74713 24571.1703 26804.871130000003 30093.635560000002 28942.52769 27194.88785 24009.75354 17565.665100000002 16028.257870000001 13599.07673 19634.11079 19296.49266 14437.13687 11588.62103 12173.04502 13766.4643 7136.6345 8067.86272 8056.2430300000005 14475.45405 15998.89737 25863.05508 25272.674229999997 31542.18048 0 14283.543959999999 
3124.10003 3440.42163 5471.31355 8226.47688 7293.80805 8204.94425 6906.603 5747.22237 8290.44571 8631.54446 9788.72397 11770.26971 7611.62302 8840.10184 13427.41706 10383.96938 3792.53609 8761.03284 7491.60096 5979.1379 6887.482 7664.53785 10888.67482 13115.30301 16402.27243 19482.4883 17734.84846 16298.49643 11272.45071 11638.66324 14067.84438 10127.13365 9793.81652 15590.28319 8636.66475 7229.02737 5635.60809 11248.038670000002 11519.73303 14497.178759999999 11681.75866 6077.97068 12523.42066 14567.95473 17746.60869 14283.543959999999 0 
