88
18 157 138 62 70 174 143 77 165 43 87 136 177 53 64 170 108 56 34 90 176 147 26 19 154 47 91 110 72 40 116 82 151 52 163 63 86 119 1 109 36 95 2 73 161 137 49 117 168 14 99 66 65 98 24 4 76 39 140 171 125 141 81 61 79 131 38 115 101 105 169 155 124 172 27 129 74 130 75 102 46 146 57 67 23 128 97 93
0 727.90727 1760.84184 894.47191 2647.79704 6658.98502 7715.37957 9136.38684 7077.70262 7606.6124199999995 12372.208149999999 15766.92855 14897.72214 18099.60196 22439.78509 24421.11217 24371.84896 27472.88504 27545.90294 25393.67553 23047.48486 19939.45095 16731.726029999998 19225.75952 20022.64727 24210.36373 24845.68491 25343.54405 26691.354359999998 23054.61897 26240.38576 28564.58622 27355.99192 27710.7194 27239.8911 28505.91859 22494.495369999997 21369.91947 20134.1958 16400.69956 16556.11587 15403.45651 16575.13723 14615.301930000001 12078.731740000001 13134.51153 9467.62878 10062.96979 8998.72191 15673.0818 12859.27664 11182.44879 16305.19712 20069.59509 22554.87114 23449.24009 23673.0777 23023.07133 24460.576390000002 25596.92462 20158.13746 18664.07846 15922.134419999998 15161.48294 19157.07174 14404.83894 13551.10044 17444.01387 16829.983630000002 16710.45676 13621.66056 13457.7095 16717.72567 14163.34996 12477.78542 10333.30402 9872.66231 6709.72869 5964.34221 7865.0180900000005 5238.124699999999 7273.9475999999995 22151.04392 22707.967920000003 25149.66214 24640.17057 19926.05498 3361.77646 
727.90727 0 1508.6421 1622.37918 3375.70431 7386.89229 6987.4723 8800.42624 7805.60989 8334.519690000001 12303.78645 15735.814999999999 15625.62941 18297.42149 22788.75582 24679.79335 24607.99354 27739.33586 27762.79422 25536.10408 23069.69072 20066.35295 16847.75938 19610.74909 20442.10334 24717.84148 25344.15761 25852.53936 27113.9051 23782.52624 26774.59665 29098.96947 27772.12595 28273.60913 27967.798369999997 28991.24906 23061.92416 22000.92209 20767.32823 17128.60683 17284.023139999998 16131.36378 16987.4363 15343.209200000001 12689.38739 13862.4188 10195.536049999999 10790.877059999999 8689.28823 15295.62498 12640.42206 11910.35606 16035.54065 19763.83717 22422.01453 23304.39486 23645.49058 23218.631220000003 25071.23204 25921.8437 20886.04473 19062.42566 16263.865399999999 15610.0476 19577.53113 15132.74621 14017.73295 18134.72396 17551.47179 17437.25787 14222.02756 14180.56057 17245.31873 14879.48107 13205.69269 11023.78234 10600.56958 7437.63596 6692.2494799999995 8592.925360000001 5304.58867 8001.85487 22878.95119 23428.2422 25801.262199999997 25274.033910000002 19856.3718 4089.68373 
1760.84184 1508.6421 0 2655.3137500000003 4382.49666 8185.00409 8496.1144 10309.06834 7557.89309 8463.92896 13812.42855 17201.49691 16658.56398 19787.93976 24200.626930000002 26146.2861 26108.918899999997 29202.943000000003 29245.37216 27011.88525 24567.91072 21555.36615 18356.40148 20984.96664 21743.3432 25971.205570000002 26588.58801 27084.49521 28435.8217 24770.20186 27966.52262 30290.89544 28974.648070000003 29374.88196 28791.731939999998 30049.09757 23957.259009999998 22879.087199999998 21643.36353 18127.820529999997 18137.40362 17056.23771 18219.88762 16356.02364 13818.64161 14864.56949 11202.328399999999 11779.5774 10197.930330000001 16742.27511 13961.48348 12672.73545 17379.13936 21166.54597 23864.37758 24755.120020000002 25145.920110000003 24542.88477 26200.486259999998 27339.17427 21917.447500000002 20354.96944 17677.80233 16922.32478 20821.96153 16122.522 15311.942280000001 18841.450380000002 17662.04861 17781.91106 14459.66573 14626.27242 17557.45623 14893.97764 13848.472819999999 12011.51568 11567.10232 8450.4504 7705.06392 9084.84551 5971.97466 9008.647219999999 23521.73132 23853.480190000002 26808.59643 26304.73503 21349.9919 5122.6183 
894.47191 1622.37918 2655.3137500000003 0 1753.32513 5764.51311 8609.851480000001 8683.84331 7618.17638 6712.14051 11516.56199 14948.590540000001 14308.781069999999 17205.13005 21545.31318 23526.64026 23477.37705 26578.41313 26651.66488 24616.47583 22206.40964 19203.07187 15837.25412 18351.01973 19157.75048 23411.47955 24028.30666 24536.68841 25834.124330000002 22267.72983 25462.83513 27787.20795 26461.52001 26994.56763 26609.50391 27683.71818 21830.551079999997 20733.65983 19503.80861 15738.01137 15892.17158 14508.9846 15680.66532 13946.8169 11184.25983 12240.03962 8573.156869999999 9662.35153 8104.25 14778.60989 12153.56618 10557.25651 15635.57447 19175.12318 21783.54507 22678.12772 22893.013740000002 22299.00297 23566.10448 24702.45271 19288.275970000002 17769.60655 15039.3173 15410.75118 18273.11561 13774.45175 12727.38787 17840.971270000002 16784.05014 16896.35847 13891.77606 13112.41095 16416.73718 14083.00174 12020.79969 9825.99104 10365.34792 5840.05522 6585.4417 6970.54618 6132.59661 6379.47569 21694.05819 22327.41089 24493.98539 23831.469279999998 19070.40882 3397.15131 
2647.79704 3375.70431 4382.49666 1753.32513 0 4011.18798 7283.252259999999 6930.51818 5864.85125 4958.81538 10502.968069999999 13664.19412 12555.45594 15562.18154 19904.06054 21885.387619999998 21795.39791 24831.739090000003 24987.30318 22954.78639 21051.64347 17587.04178 14195.71231 16602.53601 17404.42535 21658.15442 22293.38166 22793.74884 24080.7992 20607.06988 23763.19495 26085.19812 24800.83196 25301.15533 25069.272419999998 26057.15518 20286.00744 19253.06077 18017.36035 14202.39077 14308.10101 12882.421600000001 14046.65753 12279.3508 9654.45847 10681.0401 6819.83174 7909.0264 7220.67206 13520.62295 11233.75387 9907.78462 14833.99163 18108.729760000002 20719.90839 21550.87257 21478.95894 20661.2194 22036.303119999997 22962.0974 17534.95084 16024.49937 13300.25748 13772.96761 16800.664829999998 12289.04455 11186.81747 16355.56407 16073.54564 15496.00368 12537.28519 12991.87594 15635.075690000001 13753.75373 10778.28799 9080.47079 8697.881819999999 4172.58912 4917.9756 6284.16315 7885.92174 4626.15056 20451.54649 21339.16131 22955.292869999997 22137.42135 17852.34335 5150.47644 
6658.98502 7386.89229 8185.00409 5764.51311 4011.18798 0 4047.15134 5860.10528 6221.57922 7127.615089999999 9548.11882 12655.156009999999 10530.21156 13536.937160000001 16792.09552 18756.12606 18824.93201 21563.74877 22091.73199 20838.54739 18914.14468 15386.01573 11825.33589 13274.77758 13638.190879999998 17834.73876 18470.05994 18900.36891 20330.66938 16595.8819 19785.90798 22109.54839 20789.64398 21293.58857 21108.27783 22045.9672 16364.43403 15360.593130000001 14151.53763 10271.97567 10296.91303 8871.23362 10035.46955 9625.20403 7721.78952 8655.79572 4794.58736 5861.76091 9933.162769999999 13024.11965 11624.0434 10970.77322 15630.40468 17544.43026 19816.58715 20675.09443 19923.31097 18351.84364 18396.37521 19540.5026 14037.92043 14210.233250000001 9976.8288 11983.37286 13835.181240000002 8422.18077 9748.76473 12488.70029 13758.942 12667.09205 10235.09829 9451.54638 12724.10095 11807.39844 7464.47218 5351.08998 6117.61526 8183.777099999999 8929.163579999999 10295.35113 11897.10972 8637.33854 17137.73068 18025.3455 18980.07766 18152.3602 16286.35668 5441.81045 
7715.37957 6987.4723 8496.1144 8609.85148 7283.252259999999 4047.15134 0 1812.95394 2926.52183 3832.5577000000003 8489.85016 11918.26607 11924.228350000001 14630.40454 18554.13383 20534.39614 20454.4192 23620.39947 23602.48091 21589.50511 19165.12687 16161.789100000002 12810.2834 15730.36839 16689.74756 20979.54094 21612.08229 22117.75126 23316.15977 20076.740380000003 23259.31919 25575.65686 24225.649060000003 24933.61739 25134.98278 25807.74542 20337.31233 19354.82373 18170.03331 14211.91191 14221.09489 12853.82769 13550.37128 11146.42849 8450.8538 10518.73773 6657.52937 6738.167130000001 5886.0114300000005 12013.11512 9757.15287 8209.25001 13398.66115 16304.44998 18861.09949 19754.57124 19862.68927 19272.03225 20832.69845 21850.22982 16662.58862 15289.52753 12212.70015 11866.63272 15928.857810000001 12469.332110000001 11337.19176 16048.49258 17216.59497 16409.00195 14282.24963 13044.26786 16390.87746 15237.556389999998 11404.55199 9331.56147 8565.03619 6301.27447 5555.88799 6296.77759 9984.68521 5836.80341 21077.81049 21965.42531 22891.93681 21703.97177 15973.8912 5404.48749 
9136.38684 8800.42624 10309.068340000002 8683.84331 6930.51818 5860.10528 1812.95394 0 3740.09465 4646.13052 8228.85147 11331.569 10324.65307 12817.4506 17541.129249999998 19436.66422 19348.72081 22087.54765 22282.82333 20288.39112 18176.85993 14873.3984 11480.76204 13917.41445 14911.481639999998 19199.63584 19831.72481 20340.10656 21503.20583 18287.203260000002 21451.91779 23762.70292 22436.111940000003 23120.66345 23322.02884 23994.909549999997 18584.56879 17628.73793 16400.275410000002 12545.01884 12699.0977 11040.87375 12175.39338 9385.45055 8806.458480000001 9875.61621 6014.4078500000005 4925.21319 7698.96537 11734.87933 11389.293930000002 9022.822830000001 14212.233970000001 16238.67053 18433.11997 19318.67917 19019.08541 17880.95056 19362.894529999998 20245.67238 14849.63468 13514.23475 11692.11854 10053.67878 14139.32069 10754.62373 9524.23782 14821.14325 16135.94128 15143.88725 12600.61002 11758.2858 15186.05205 14040.50177 9973.21113 7849.80279 7133.69533 4488.32053 3742.9340500000003 5024.18332 8171.73127 7326.57628 19398.25211 20505.07062 21178.78888 19891.1359 15224.82952 5774.61038 
7077.70262 7805.60989 7557.89309 7618.17638 5864.85125 6221.57922 2926.52183 3740.09465 0 906.03587 6450.18856 9656.27609 9485.29414 13007.30397 17623.27121 19604.598289999998 19393.048609999998 22803.25186 22384.0022 19843.46793 17100.90188 14368.97598 15220.85669 15296.36208 16919.61077 21278.50386 21877.39036 22385.77211 23199.83241 20727.77902 23809.9009 26071.69734 24670.06171 25684.32974 26302.67954 26737.20967 21808.57254 20897.84515 19662.12148 15704.796559999999 15761.046690000001 13962.56177 14609.67385 11867.85832 9061.80752 10130.965250000001 6269.756890000001 5180.56223 8812.53326 9206.01912 7649.19928 5282.72818 10472.13932 13691.35643 16503.72569 17228.16313 17600.69929 17316.92408 20325.38695 21264.38612 17118.46867 15574.8147 11947.46758 12227.91057 16403.12182 14378.87895 13053.08722 18400.34937 19849.44344 18882.36778 16340.70467 15498.38045 18926.146699999998 17780.59642 13667.93331 11572.6692 10873.78998 8228.41518 7483.0287 8764.27797 10452.48009 7656.65958 23138.34676 24178.13916 24168.1847 22418.937599999997 13823.54781 8331.009320000001 
7606.61242 8334.519690000001 8463.92896 6712.14051 4958.81538 7127.615089999999 3832.5577000000003 4646.13052 906.03587 0 5544.15269 8956.64295 8608.54331 12133.325130000001 16857.00378 18743.37414 18487.01274 21897.21599 21507.414729999997 18969.48909 16531.75912 13494.99714 15653.32996 14958.05198 16013.5749 20394.92652 21015.12716 21519.19868 22293.79654 19821.743150000002 23054.570550000004 25226.58964 23884.81375 24871.44485 25577.07665 25831.1738 21087.41293 20204.316 19012.758990000002 15054.63759 15595.588600000001 13978.94819 14946.744190000001 12677.39792 9871.347119999999 10940.50485 7079.29649 5990.10183 8237.51279 9067.41765 8555.23515 6188.76405 9875.17625 13655.52446 15761.09301 16655.67727 16885.37062 16410.88821 19451.40811 20358.35025 16213.07374 15079.759759999999 11734.82746 12927.91243 15673.86058 13819.78128 13122.14604 17494.3135 19645.59967 18571.49786 16109.33922 15192.62268 18629.3345 17563.56333 13273.73173 11253.62211 10487.09683 7561.59363 8306.98011 9670.313839999999 11358.515959999999 8371.30199 22459.86901 23834.60505 23457.841 21512.901729999998 13097.999520000001 9237.04519 
12372.208149999999 12303.78645 13812.42855 11516.56199 10502.968069999999 9548.11882 8489.85016 8228.85147 6450.18856 5544.15269 0 3432.02855 6491.45082 9902.55072 12342.80001 14324.127090000002 13971.84779 17512.54879 16601.12481 13608.01753 11007.14472 8195.2967 10109.17727 12732.66508 15697.85301 17931.93763 18464.77276 18952.10556 19265.24611 18274.53806 20867.11166 22975.58016 21561.806080000002 23077.07213 24849.70808 24608.425649999997 20895.12109 20222.69443 19302.08964 15460.3879 15172.38788 13378.07198 12154.69857 9364.75574 7751.48253 8820.64026 4959.4319000000005 3870.2372400000004 6117.6482 3523.26496 3496.1900299999998 5162.38405 10351.79519 8111.37177 10459.41509 11353.99935 11376.45175 11059.14631 15693.90147 16375.11533 12591.90623 12698.3708 9614.96287 10101.99332 14277.20457 14702.26884 13375.68488 18735.60276 22654.569099999997 21004.22769 19276.28235 18266.12355 21249.70128 21077.697519999998 15592.73655 14024.38287 13257.85759 9537.23617 9284.66661 12011.17395 16394.1915 13915.454679999999 23522.06753 25273.17277 22895.62226 19628.38665 7553.84683 13693.25049 
15766.92855 15735.814999999999 17201.49691 14948.590540000001 13664.19412 12655.156009999999 11918.26607 11331.569 9656.27609 8956.64295 3432.02855 0 3951.97685 7540.8771 11998.9378 12235.44037 11756.371149999999 15586.80815 14135.60062 11110.34693 7575.11617 5585.44 9195.79358 10938.63524 13969.00001 17566.02232 18056.99889 18509.52125 18213.21948 17896.53351 20759.85466 22578.903019999998 21195.890769999998 23055.67056 25395.27477 24636.82218 21920.24917 21416.14144 20534.37696 17063.2436 16707.5761 15012.50365 13116.94648 10597.04306 9192.64437 11269.28637 7882.58976 6793.3951 9549.67675 6955.2935099999995 6928.21858 8594.4126 9776.24051 5054.22051 7161.43114 8056.015399999999 7944.4232 8706.10994 13993.069039999998 14928.63381 12450.06061 13147.11457 8818.57094 13534.02187 14263.97511 16774.18993 15447.60597 20627.902990000002 25303.16619 23403.57045 21982.15788 20773.02604 23711.45936 23913.97688 18357.597970000003 16676.08707 15938.25175 12620.37373 12552.78335 14962.66171 19460.88179 17309.61467 25194.920169999998 27134.715940000002 23881.795489999997 19584.86888 4188.14923 17083.98832 
14897.72214 15625.62941 16658.56398 14308.781069999999 12555.45594 10530.21156 11924.228350000001 10324.65307 9485.29414 8608.54331 6491.45082 3951.97685 0 3588.90025 8312.5789 10208.113870000001 9938.58672 13507.05986 12898.87142 10510.902129999999 11527.09302 9537.41685 13147.77043 7352.3652 10017.02316 14007.73347 14540.19016 15016.200789999999 15040.42932 14138.94978 17057.62967 19051.376 17636.98806 19353.2381 21495.5253 20684.84533 17968.27232 17468.60981 16582.40011 13212.30642 12806.02721 12137.21175 9166.34235 6645.06621 8893.711889999999 9596.83256 5735.6242 5966.03884 8213.4498 9997.47868 7233.34846 9599.81956 8712.82664 8866.37608 10248.8669 11143.45116 9632.36279 8193.42927 11273.61866 12274.16999 8498.083760000001 9195.137719999999 4866.59409 10613.9236 10372.85192 13097.233259999999 11770.6493 16931.16022 21910.71851 19874.23785 18775.71208 17098.4821 20370.672140000002 20987.67694 15687.613949999999 13541.37943 12848.09815 11633.037769999999 11652.58535 12290.35333 17848.30706 16705.40742 21344.32594 23326.959600000002 19938.25348 15856.22465 8140.12608 15448.57391 
18099.60196 18297.42149 19787.93976 17205.13005 15562.18154 13536.937160000001 14630.40454 12817.4506 13007.30397 12133.325130000001 9902.55072 7540.8771 3588.90025 0 4723.67865 6619.21362 7462.878250000001 9922.30164 9465.37273 7732.02334 9528.235069999999 13126.3171 11624.79102 8893.73753 8660.2823 11342.79257 11782.04316 12290.42491 12658.477289999999 12080.90414 14489.20402 16300.040700000001 14948.46878 16961.432520000002 19655.06207 18204.61781 16755.475570000002 16625.72421 15719.54048 13024.984380000002 12518.9732 11069.35382 8457.71985 6751.11917 7737.46852 9814.11052 8742.3498 8072.40218 11735.45952 8090.96484 10741.81617 12408.01019 11392.34917 10309.71846 10450.36918 11038.75885 8497.029770000001 5734.38828 7684.71841 8814.48602 5274.86588 8566.08201 8455.49434 7025.02335 9514.36634 13320.96247 12378.18412 16874.292 22810.314 20495.3999 19988.61829 18127.74506 20996.68172 22154.91047 15729.03611 15202.73784 14436.21256 13686.231179999999 13391.342529999998 14413.25064 20797.41795 19985.90565 20816.463949999998 23012.78812 18066.96985 13502.44885 6064.86143 18259.37997 
22439.78509 22788.75582 24200.626930000002 21545.31318 19904.06054 16792.09552 18554.13383 17541.129249999998 17623.27121 16857.00378 12342.80001 11998.9378 8312.5789 4723.67865 0 1981.32708 2824.9917100000002 5198.62299 8584.17612 5854.0913 9597.02411 8820.49201 10276.73231 5485.38673 8520.16103 8683.22751 9318.548690000001 9762.100129999999 8408.82731 10652.67883 11802.17849 13173.528579999998 12292.23076 14280.63619 17915.69893 16031.414550000001 16102.17716 16142.19099 16327.2065 14054.025740000001 13526.10035 12650.17809 9679.30869 11474.79782 10683.30595 12023.290140000001 13106.9931 12771.00359 16459.13817 12814.643489999999 15465.49482 17131.68884 16116.02782 12881.23616 12537.46274 13432.047 11662.085159999999 7969.35601 3351.10146 4245.14428 8565.33022 10575.20348 6892.75888 9269.27282 10152.15159 15123.48044 14704.1949 17840.270490000003 24643.637000000002 22055.92598 22296.734099999998 20260.54108 22724.60861 24734.48964 18268.068789999998 17885.459609999998 17355.72541 16672.95394 17118.48197 17842.25485 24524.55739 24390.93724 20949.38531 23399.80552 16660.79913 12366.43598 10788.540079999999 22229.47379 
24421.11217 24679.79335 26146.2861 23526.64026 21885.38762 18756.12606 20534.39614 19436.66422 19604.598289999998 18743.37414 14324.127090000002 12235.44037 10208.113870000001 6619.21362 1981.32708 0 843.66463 3351.36778 6736.92091 5393.10591 8023.2831400000005 6839.16493 8295.40523 7466.713810000001 10501.48811 9807.18035 9171.85917 9204.46555 8267.629570000001 11566.80242 12027.51321 13036.907319999998 11688.50803 14211.2688 18197.23845 15682.90536 17016.300750000002 17061.86534 16762.736380000002 15494.012709999999 14975.03003 14563.47884 11660.63577 11034.99855 12664.63303 12036.50325 15087.27626 14691.6158 18142.97398 13932.305049999999 16986.4466 18663.21765 16738.69015 14071.73236 13327.97248 13444.52976 9680.75808 5988.02893 5332.42854 4099.684310000001 6584.00314 9224.47921 8874.08596 10842.36478 9738.02088 16716.96511 16254.28227 19129.13404 26132.73463 23502.898119999998 23913.644109999997 21877.45109 24091.70484 26163.48211 19665.55344 19601.996339999998 19158.33109 18626.0248 19004.4654 19823.58193 26478.901019999998 26355.05396 21955.82697 24400.27793 16869.33966 11534.57082 10505.98964 24193.20182 
24371.84896 24607.99354 26108.918899999997 23477.37705 21795.39791 18824.93201 20454.4192 19348.72081 19393.048609999998 18487.01274 13971.84779 11756.371149999999 9938.58672 7462.878250000001 2824.9917100000002 843.66463 0 4195.03241 7580.58554 4549.44128 7179.61851 6249.15714 9139.06986 8310.37844 11345.15274 9663.41146 9805.0797 10038.14325 8389.79997 12345.34445 12610.62298 13652.11565 12530.85384 15049.31271 19006.52513 16517.94556 17859.96538 17755.69241 17421.33738 15986.27344 15445.32243 14734.965250000001 12504.3004 11878.66318 13345.39992 11268.75792 15014.29615 14423.50762 17854.80958 13453.05539 16327.56687 18500.52756 16376.00816 13228.06773 12484.307850000001 12600.86513 8856.08904 5144.3643 6176.09317 4943.34894 7427.667769999999 9395.96562 9717.75059 11494.73419 10581.68551 17560.62974 16544.39071 19692.47656 26607.6275 24026.42187 24297.54905 22721.115719999998 24598.29655 26572.3827 20122.97426 19979.20272 19449.468520000002 19337.21642 19058.12491 20546.01118 26682.22379 26287.26443 22696.33805 25062.23693 17583.62468 12343.8575 9662.32501 24266.74246 
27472.88504 27739.33586 29202.943 26578.41313 24831.739090000003 21563.74877 23620.39947 22087.54765 22803.25186 21897.21599 17512.54879 15586.80815 13507.05986 9922.30164 5198.62299 3351.36778 4195.03241 0 3385.55313 7366.6451 10676.26948 10190.53271 11646.77301 8562.90815 9577.14117 8606.885269999999 8548.71738 8564.46366 6132.14025 11088.98213 10936.41989 11368.33836 10697.8795 13169.01777 17628.18393 14520.34435 17235.84463 17744.13286 17729.78439 16972.07227 16436.817 16008.46514 13064.9535 13676.1652 15483.88805 14338.373510000001 18181.39964 17744.42543 21494.34176 17283.67283 20337.81438 21947.902 20001.4684 16988.49316 15980.95882 16039.116 12219.24077 8741.08735 5951.32759 3990.07937 7697.05639 11058.15636 12091.381870000001 13416.715380000001 11632.30859 18533.50248 18092.09211 20391.81672 27665.576670000002 24953.11607 25764.8028 23839.03261 26110.25342 27972.93951 21640.8394 21853.02508 21499.7379 21475.70455 21879.157619999998 22321.24264 29261.0365 29414.12393 22560.64467 25052.00295 16563.34863 11177.19258 12975.90879 27005.55922 
27545.90294 27762.79422 29245.37216 26651.66488 24987.30318 22091.73199 23602.48091 22282.82333 22384.0022 21507.414729999997 16601.12481 14135.60062 12898.87142 9465.37273 8584.17612 6736.92091 7580.58554 3385.55313 0 4410.5104 8153.443209999999 8556.7062 12167.05978 11948.46128 11656.67401 11621.38362 11569.55842 11738.16334 9439.27211 13453.52894 14170.42053 14753.89149 13871.57918 16513.83144 20809.69245 17833.53588 20043.02511 20300.88375 20313.48549 18994.08595 18512.25785 17705.94434 14735.074939999999 14600.04655 16028.040169999998 16437.30833 18181.67531 17537.77491 20900.904029999998 17556.33757 18800.09303 20808.07662 18541.67037 14792.46498 13458.132549999998 13237.058659999999 15604.7939 12126.64048 5649.66636 7375.6325 9139.33307 12500.43304 13663.56122 14625.885909999999 13199.11001 20176.96786 19675.54243 22618.55861 29672.42252 27037.93354 27467.094920000003 25455.11033 27688.65579 29703.534419999996 23245.03809 23231.95167 22713.72836 21975.619459999998 22463.21619 23342.53585 29828.49568 29439.28432 25240.5277 27712.73442 19625.51505 14257.93614 11332.7081 27512.79804 
25393.67553 25536.10408 27011.88525 24616.475829999996 22954.78639 20838.54739 21589.50511 20288.39112 19843.46793 18969.48909 13608.01753 11110.34693 10510.902129999999 7732.02334 5854.0913 5393.10591 4549.44128 7366.6451 4410.5104 0 3742.93281 7495.70152 11106.0551 10268.08648 13347.98339 14212.852739999998 14354.520980000001 14586.26779 12796.40778 15727.45946 17160.06426 18201.55693 17080.29512 19598.75399 23538.76908 20980.31697 21953.340340000002 21995.43373 21554.5894 19674.064329999997 19147.5253 18007.55578 15206.06279 14483.14251 14774.85557 13103.87417 16191.98163 15363.17793 18571.623480000002 13457.99578 15687.79498 17353.989 14131.15997 10381.95458 9047.62215 9942.206409999999 12576.40619 9693.80558 9205.19276 9492.790219999999 11977.10905 13232.83252 12551.8825 14496.92916 15131.126789999998 20516.92139 19706.06286 23484.89737 30048.00772 27573.06811 27457.56532 25677.48379 28192.640639999998 29702.71357 23461.05945 22662.52798 22100.857470000003 20507.08448 20754.20033 22145.15482 28248.01482 27216.309549999998 26791.50785 29171.71479 22133.06596 16893.29878 6922.1977 25862.9779 
23047.48486 23069.69072 24567.91072 22206.40964 21051.64347 18914.14468 19165.12687 18176.85993 17100.90188 16531.75912 11007.14472 7575.11617 11527.09302 9528.23507 9597.02411 8023.2831400000005 7179.61851 10676.26948 8153.443209999999 3742.93281 0 3752.76871 7363.122289999999 10978.09669 14012.87099 16223.1631 16496.1601 17004.54185 15538.126670000001 17612.20281 19351.814140000002 20641.14999 19656.31039 21830.09787 25453.56117 23209.02596 23172.33391 22983.35093 22497.78023 19915.96296 19687.22436 18033.14392 15303.97452 13716.41553 13627.207349999999 11565.37181 14231.81173 13700.95392 14876.53243 10526.889869999999 11990.39657 14094.78726 10660.80306 6639.02177 5304.68934 6199.2735999999995 8914.31016 7981.33435 12948.12557 12003.78702 10943.65264 14097.380679999998 11182.61319 13972.45125 15215.28004 20285.74595 19317.26018 23821.7199 29745.1273 27468.16663 26875.64989 25025.76241 27921.45765 28983.12138 22760.256139999998 21791.50758 21129.49507 19062.23901 18926.78813 20842.625070000002 26324.30863 24720.1766 27542.42883 29810.32415 23684.1945 18790.89354 3463.37364 23920.5632 
19939.45095 20066.35295 21555.36615 19203.07187 17587.04178 15386.01573 16161.789100000002 14873.3984 14368.97598 13494.99714 8195.2967 5585.44 9537.41685 13126.3171 8820.49201 6839.16493 6249.15714 10190.53271 8556.7062 7495.70152 3752.76871 0 3610.35358 9688.25799 10800.20602 14464.44801 14056.98762 14565.36937 13559.85004 14559.02552 16912.64166 18452.09755 18072.925020000002 20715.177280000004 22610.41457 20769.853479999998 19833.60918 19753.29153 19160.75463 16275.653730000002 16230.64954 14670.03881 11699.16941 9963.64682 9957.24413 7880.60213 11037.37987 9948.18521 12344.19783 10196.265889999999 10585.1764 12251.370420000001 10923.81869 7389.20002 7459.18628 8353.77054 9914.29755 11393.52144 12171.59347 9776.00691 10257.9812 10772.95501 7429.84448 12753.10155 13211.563559999999 16603.060530000002 15575.57248 20079.47141 25992.35859 23715.39792 23193.00406 21272.9937 24168.68894 25308.33839 19007.48743 18038.73887 17475.01743 15309.4703 15445.24891 17157.85539 23000.74546 21716.83883 24083.26897 26254.43904 20661.11502 16081.65592 7216.14235 20537.76835 
16731.726029999998 16847.75938 18356.40148 15837.25412 14195.71231 11825.33589 12810.2834 11480.76204 15220.85669 15653.32996 10109.17727 9195.79358 13147.77043 11624.791019999999 10276.73231 8295.40523 9139.06986 11646.77301 12167.05978 11106.0551 7363.122289999999 3610.35358 0 6077.90441 8988.4571 12739.075850000001 13194.57381 13650.50072 13448.88642 13103.06526 15827.4001 17715.97847 16321.230520000001 18194.939730000002 20682.7678 19457.98206 17480.88241 17092.58977 16255.89278 13294.6155 12780.73194 11194.01112 8863.61303 11490.9339 8610.50581 10687.14781 10707.3447 11356.45979 12411.14233 6585.91231 8839.33991 10726.175560000001 13338.20821 8897.80479 9943.884 10632.15563 8627.51558 10077.8903 9379.27641 12162.770410000001 6647.62762 8332.42558 11040.198059999999 13776.42123 9601.20998 13271.19125 12243.79735 16987.89937 22564.14612 20402.53744 19582.65048 17802.19812 20795.29028 21697.98481 17436.859099999998 15242.050449999999 14712.31625 12527.78474 12467.46829 13610.16679 19652.493309999998 18636.34966 21247.712590000003 23326.353069999997 18721.16367 16367.464100000001 5559.92959 17056.72724 
19225.75952 19610.74909 20984.96664 18351.01973 16602.53601 13274.77758 15730.36839 13917.41445 15296.36208 14958.05198 12732.66508 10938.63524 7352.3652 8893.73753 5485.38673 7466.71381 8310.37844 8562.90815 11948.46128 10268.08648 10978.09669 9688.25799 6077.90441 0 3079.89691 6661.17144 7187.89677 7663.83559 9725.01895 7025.16085 9855.00378 11704.81397 10290.93164 12117.03532 15076.5499 13900.762630000001 12216.1418 12010.99339 11736.70839 9432.61496 9707.33063 7908.84571 4937.97631 7727.91914 7374.001490000001 6537.90341 10311.90443 10126.54828 14560.18637 12663.816719999999 14585.713660000001 16285.63071 16065.19184 14956.43931 15169.5132 15681.86755 12696.53925 9224.31938 8025.29508 8887.1897 8420.13579 10521.2265 9401.54103 8950.97347 6946.381429999999 10406.52529 9965.60289 14041.781509999999 19984.34392 17421.37511 17647.46265 15712.05542 17983.27623 20024.66508 13526.73641 13578.342489999999 13048.60829 13126.20196 13462.98722 13758.334490000001 20698.12835 21228.686569999998 16718.15139 18974.44218 13821.71482 10380.79897 10840.90266 18585.84285 
20022.647269999998 20442.10334 21743.3432 19157.750480000002 17404.42535 13638.190879999998 16689.74756 14911.481639999998 16919.61077 16013.5749 15697.85301 13969.00001 10017.02316 8660.2823 8520.16103 10501.488109999998 11345.152739999998 9577.14117 11656.67401 13347.98339 14012.87099 10800.20602 8988.4571 3079.89691 0 4381.35162 5001.55226 5509.934010000001 6732.51729 7541.817010000001 7141.36184 9292.5609 7871.23885 10513.491109999999 12116.740109999999 11714.41812 9159.46292 9642.5559 8656.81148 7410.35826 6869.40725 6431.32397 8017.8732199999995 10807.81605 10453.8984 8407.03158 12268.239940000001 13206.44519 17448.41301 15574.36941 17250.37162 19181.875539999997 18685.59673 17728.2753 18244.50959 18761.764460000002 15709.36288 12285.88921 11067.63918 10682.64434 11126.907030000002 10088.65825 10400.21266 10492.01664 9653.152670000001 9326.842700000001 10653.426660000001 10961.8846 18153.79549 15441.33489 16187.66163 14632.37283 17002.561950000003 18655.282460000002 12634.367699999999 12621.03332 12890.81121 13439.04375 14058.305059999999 14121.74779 20761.98319 22000.56986 14492.22148 16988.72457 10861.84031 8226.897390000002 13904.66109 18930.86722 
24210.36373 24717.84148 25971.205570000002 23411.47955 21658.15442 17834.73876 20979.54094 19199.63584 21278.50386 20394.92652 17931.93763 17566.02232 14007.73347 11342.79257 8683.22751 9807.18035 9663.41146 8606.885269999999 11621.38362 14212.852739999998 16223.1631 14464.44801 12739.075850000001 6661.17144 4381.35162 0 635.32118 1143.70293 3594.69121 3175.5859299999997 3193.83234 5043.64253 3629.86845 6272.12071 9345.21616 7348.18704 9530.86404 9251.86668 9883.34609 9908.4462 9455.26135 10235.74867 8497.50829 9855.46884 12689.95777 12788.3832 16178.40796 16238.46548 20994.890290000003 19282.62233 21241.08193 22744.194089999997 22558.22784 21008.225899999998 21220.69025 21432.85191 18519.500500000002 14807.77576 6686.28756 6301.29272 6745.555410000001 5707.30663 9854.29453 9152.27649 5271.80105 11912.696800000002 12460.05263 12654.28702 20091.96986 17329.14507 18831.87433 16872.56659 18012.23654 21055.59975 15186.00886 16165.930919999999 15978.7165 17612.72918 18358.11566 17729.638450000002 24650.62506 26271.82287 14101.53226 16598.03535 8110.31005 3860.66631 17030.71621 22923.74786 
24845.68491 25344.15761 26588.58801 24028.30666 22293.38166 18470.05994 21612.08229 19831.72481 21877.39036 21015.12716 18464.77276 18056.99889 14540.19016 11782.04316 9318.548690000001 9171.85917 9805.0797 8548.717379999998 11569.55842 14354.520980000001 16496.1601 14056.98762 13194.57381 7187.89677 5001.55226 635.32118 0 508.38175 3179.27149 2540.26475 2855.65404 4521.90413 4265.18963 6907.44189 9264.63782 6712.86586 9849.90532 9513.29181 9719.41768 10460.50979 10004.25854 10680.96263 9132.82947 10484.60552 13306.56503 13335.10244 16813.72914 16873.78666 21483.30685 19780.32773 21773.53862 23254.746399999996 22983.4708 21444.759489999997 21390.61217 22068.17309 18261.12705 14466.60292 6196.38766 6574.1848 7380.87659 6342.62781 10489.61571 9787.597670000001 5766.62648 12461.69399 13095.373810000001 13116.06195 20565.678870000003 17801.86918 19343.6998 17447.07933 18478.02251 21463.51098 15757.16554 16740.44366 16614.03768 18248.050359999997 18978.54823 18228.26554 25285.946239999997 26856.21651 14383.14152 16889.939290000002 8569.27953 3225.34513 17472.88615 23414.73199 
25343.54405 25852.53936 27084.49521 24536.68841 22793.74884 18900.36891 22117.75126 20340.10656 22385.77211 21519.19868 18952.10556 18509.52125 15016.200789999999 12290.42491 9762.100129999999 9204.46555 10038.14325 8564.463660000001 11738.16334 14586.26779 17004.54185 14565.36937 13650.50072 7663.83559 5509.934010000001 1143.70293 508.38175 0 2670.88974 2863.40933 3364.03579 5030.285879999999 4773.571379999999 7392.34442 9315.800299999999 7221.24761 9481.45449 9949.379930000001 9969.160810000001 10854.52408 10451.22698 11004.10721 8868.15077 10992.98727 13814.94678 13838.44735 17322.11089 17352.32515 21986.1453 20236.26124 22249.54925 23755.33339 23491.85255 21953.141239999997 21848.68792 22576.55484 18769.5088 14974.98467 6410.99867 6405.77404 7881.1117699999995 6851.00956 10692.9272 10295.97942 6275.0082299999995 12817.08243 13595.60899 13624.4437 20857.60321 18093.79352 19714.87161 17868.53222 18785.23037 21817.392819999997 16167.44661 17136.53095 17122.41943 18756.432109999998 19379.43129 18736.64729 25794.327989999998 27353.87309 14592.681209999999 17398.321040000003 8060.89778 2716.96338 17981.2679 23912.885909999997 
26691.354359999998 27113.9051 28435.8217 25834.124330000002 24080.7992 20330.66938 23316.15977 21503.20583 23199.83241 22293.79654 19265.24611 18213.21948 15040.42932 12658.477289999999 8408.82731 8267.62957 8389.79997 6132.14025 9439.27211 12796.40778 15538.126670000001 13559.85004 13448.88642 9725.01895 6732.51729 3594.69121 3179.27149 2670.88974 0 5534.29907 6034.92553 5610.57654 7034.46312 8208.32008 11635.06092 8495.98371 11764.49727 12355.86148 12582.84375 13179.8387 12835.82904 12832.95452 10468.72539 12834.36171 14950.69614 14450.22395 18311.43231 18036.16145 22489.47134 19958.48023 22253.39102 24166.96122 23054.06936 20942.21698 20722.79816 20824.13816 17237.58381 13534.164270000001 9081.88841 6493.692440000001 9377.94082 9301.99784 11269.47665 12079.39771 7904.186459999999 14965.49558 15092.438040000001 16153.15402 23365.55867 20764.683259999998 22128.74036 20139.07535 21285.70008 24193.57842 18333.00243 19109.97533 18950.41538 20161.44662 20748.96646 20362.02386 27477.69107 28692.60318 17205.47843 19698.697079999998 10660.89932 5372.73282 17088.671130000002 25514.168299999998 
23054.61897 23782.52624 24770.20186 22267.72983 20607.06988 16595.8819 20076.740380000003 18287.203260000002 20727.77902 19821.743150000002 18274.53806 17896.53351 14138.94978 12080.90414 10652.67883 11566.80242 12345.34445 11088.98213 13453.52894 15727.45946 17612.20281 14559.02552 13103.06526 7025.16085 7541.817010000001 3175.5859299999997 2540.26475 2863.40933 5534.29907 0 3232.8274 5557.200220000001 6805.454379999999 6372.677180000001 8051.38905 8922.83315 8283.11232 8443.97207 7208.2484 8030.29576 7601.17478 8140.69788 7507.47288 10297.415710000001 12847.035919999998 12530.73322 15540.09331 15739.24474 20495.66955 19562.80154 21193.12608 22270.2584 22799.13606 21760.73934 22011.31791 22458.54236 19546.83212 15792.93692 8736.65241 9114.44955 9434.55162 8882.89256 10196.89496 11159.21965 8306.89123 10058.61023 11385.19419 11440.6257 18025.41412 15261.60443 16851.46228 15236.53215 15938.61503 18953.98349 13365.84636 14502.09788 14389.06936 16435.72587 17106.4952 17499.4735 23167.95345 25080.937 12105.04171 14597.945529999999 9542.24347 4894.61499 17761.20947 21398.99822 
26240.38576 26774.59665 27966.52262 25462.83513 23763.19495 19785.90798 23259.31919 21451.91779 23809.9009 23054.57055 20867.11166 20759.85466 17057.62967 14489.20402 11802.17849 12027.51321 12610.62298 10936.41989 14170.42053 17160.06426 19351.814140000002 16912.64166 15827.4001 9855.00378 7141.36184 3193.83234 2855.65404 3364.03579 6034.92553 3232.8274 0 2324.37282 3748.2594 5342.05884 6691.76404 5690.00575 7559.96323 8388.47382 8993.356090000001 10752.48125 10391.69288 11181.25233 9948.3852 12334.51373 15214.94182 15548.39342 18760.26894 18929.113360000003 23685.538170000003 22413.31241 24204.72094 25484.36277 25696.81566 24202.05824 24233.44493 24626.684250000002 21116.78109 17321.17548 9052.0417 9429.83884 9528.25078 8901.13897 12488.81003 11581.99033 7406.78398 12848.29989 13358.5477 12655.33773 19995.615169999997 17231.80548 19305.00513 17477.29239 17950.55924 21242.4867 16117.3046 17390.35152 17365.40619 19641.36589 20307.413500000002 19190.15172 26186.49173 28231.23025 13000.94439 15430.14636 7047.9436399999995 1661.78759 20213.76489 24493.95146 
28564.58622 29098.96947 30290.89544 27787.20795 26085.19812 22109.54839 25575.65686 23762.70292 26071.69734 25226.58964 22975.580159999998 22578.903019999998 19051.376 16300.040700000001 13173.528579999998 13036.90732 13652.11565 11368.33836 14753.89149 18201.55693 20641.14999 18452.09755 17715.97847 11704.81397 9292.5609 5043.64253 4521.90413 5030.285879999999 5610.57654 5557.200220000001 2324.37282 0 1423.88658 4066.1388400000005 7190.84011 3365.63293 9409.90559 10147.92688 10881.19608 12985.50207 12716.065700000001 13490.38294 12240.2122 14597.52267 17477.95076 17699.59248 21023.27788 21143.82106 25900.24587 24301.85051 26247.55511 27592.7721 27505.374929999998 25820.89098 25680.04459 25984.83729 22385.12952 18587.18462 10044.18006 9916.205310000001 11097.42683 10750.94916 14813.182850000001 13852.89749 9720.67783 15097.30827 15682.92052 14674.59098 21818.34753 19118.79737 21306.02173 19458.14307 19829.07817 23254.873760000002 18355.825230000002 19639.3599 19654.48053 21965.73871 22631.78632 21514.524540000002 28483.15258 30553.36947 14341.69212 16932.18329 6990.43518 3986.16041 21964.68687 26807.57596 
27355.99192 27772.12595 28974.648070000003 26461.52001 24800.83196 20789.64398 24225.649060000003 22436.111940000003 24670.06171 23884.81375 21561.80608 21195.890769999998 17636.98806 14948.46878 12292.23076 11688.50803 12530.85384 10697.8795 13871.57918 17080.29512 19656.31039 18072.925020000002 16321.230520000001 10290.93164 7871.23885 3629.86845 4265.18963 4773.571379999999 7034.46312 6805.454379999999 3748.2594 1423.88658 0 2642.25226 7296.39719 3994.39733 8627.13405 9489.58382 10133.758 11881.80142 11732.13096 12662.157729999999 10816.32562 13199.62185 16069.34239 16278.27043 19601.0001 19728.19125 24484.61606 22907.14283 24828.79606 26239.284570000003 26188.09629 24570.73805 24419.00811 25062.72036 21369.26611 17387.66672 9091.69678 8706.30628 9673.6029 9337.17508 13484.16298 12472.0025 8296.79125 14075.108699999999 14872.26193 13797.07146 21094.64468 18386.297769999997 20445.40704 18617.6943 19071.90735 22424.87585 17497.09141 18554.43104 18475.22764 20714.2719 21459.65838 20254.76657 27303.78879 29390.79879 13951.00806 16369.78109 7412.73861 5410.04699 20598.86471 25556.61402 
27710.7194 28273.60913 29374.88196 26994.56763 25301.15533 21293.58857 24933.61739 23120.66345 25684.32974 24871.44485 23077.07213 23055.67056 19353.2381 16961.432520000002 14280.63619 14211.2688 15049.31271 13169.01777 16513.83144 19598.75399 21830.09787 20715.17728 18194.939730000002 12117.03532 10513.491109999999 6272.12071 6907.44189 7392.34442 8208.32008 6372.677180000001 5342.05884 4066.1388400000005 2642.25226 0 4793.12309 6636.64959 7184.45913 8236.5003 9064.380430000001 11702.277279999998 11454.76714 12631.127950000002 12097.61998 14266.41258 17146.84067 17639.70223 20692.16779 20934.73059 25691.1554 24780.85204 26494.06958 27519.15836 27971.37689 27073.47463 26799.95365 27078.97275 23892.026879999998 19797.51916 11733.94904 11348.558540000002 12315.85516 10403.14303 14731.68666 14043.904129999999 10782.399300000001 13830.71944 14629.71143 12860.1675 19867.25288 17223.51666 19585.37099 17832.85438 17920.168 21465.383130000002 16845.46292 18372.771070000003 18513.86375 21172.8336 21906.10601 21187.62425 27277.03903 29664.64849 12165.961019999999 14544.308250000002 4770.48635 7003.84643 22636.92851 25801.77307 
27239.8911 27967.79837 28791.731939999998 26609.50391 25069.272419999998 21108.27783 25134.982780000002 23322.028840000003 26302.67954 25577.07665 24849.70808 25395.27477 21495.5253 19655.06207 17915.69893 18197.23845 19006.52513 17628.18393 20809.69245 23538.76908 25453.56117 22610.41457 20682.7678 15076.5499 12116.740109999999 9345.21616 9264.63782 9315.800299999999 11635.06092 8051.38905 6691.76404 7190.84011 7296.39719 4793.12309 0 3825.20718 9031.65359 10013.442910000002 10771.75366 11492.759979999999 12033.71099 12406.029849999999 12789.84128 15484.95234 18178.00619 19289.23456 21578.61953 22059.25148 26772.45689 27268.68011 28258.93797 28962.24991 30208.35194 29570.34674 29974.44101 30389.86127 27167.33271 23426.04392 15461.02548 15579.27923 14570.09832 12373.88379 16633.083 14820.859970000001 11656.01133 12835.05216 14161.63612 14756.147830000002 16647.9681 17490.17744 17204.6226 16375.672890000002 15807.37801 18676.8183 15581.349159999998 17215.45726 17466.48133 21095.945160000003 21692.00602 20730.00306 25999.18516 29093.13976 14270.771920000001 15910.22699 8919.51616 6662.66763 25628.92516 24811.93721 
