20
18 7 20 23 36 3 27 4 41 12 29 42 32 43 14 10 44 30 16 22
0 5556.30039 6043.73601 8110.77142 11364.01744 9917.64539 10861.31714 15074.12989 15753.67021 19011.71157 25693.34006 18891.85724 10319.6686 10417.22045 14224.60122 12804.73286 19442.36571 20964.451719999997 17314.4161 3678.81965 
5556.30039 0 3812.57406 4515.25027 9382.50925 7142.52555 5789.46975 14138.75655 14121.96393 14301.15048 23010.73033 19913.09318 11340.90454 10773.90366 17573.27058 18361.03325 19334.981659999998 18327.95832 11836.17696 9235.12004 
6043.73601 3812.57406 0 2188.44283 7055.70181 7593.1828 8946.2386 14588.97668 14641.017759999999 17410.94212 25882.26629 22282.29945 15153.478599999999 14586.477719999999 16385.15604 18392.35875 21101.08533 22140.53238 13819.53263 9266.44554 
8110.77142 4515.25027 2188.44283 0 4867.25898 9781.625629999999 10304.72002 13717.77857 12452.574929999999 18498.97211 27525.9806 23093.14498 14919.81934 15287.41106 14196.71321 20580.80158 21278.58886 22090.96252 12281.59534 11454.88837 
11364.01744 9382.50925 7055.70181 4867.25898 0 9439.50873 10792.56453 14768.17947 14902.9944 19219.56682 26868.407700000003 22067.28658 13526.58341 14093.584289999999 10766.48225 16811.111 21707.59927 22927.79852 16889.13671 7685.19779 
9917.64539 7142.52555 7593.1828 9781.625629999999 9439.50873 0 1353.0558 6996.231000000001 9061.403310000002 9817.759320000001 18574.316379999997 18255.39996 11653.94751 11168.26059 14268.41923 19890.13343 14898.56771 15424.70077 7449.62798 12990.47204 
10861.31714 5789.46975 8946.2386 10304.72002 10792.56453 1353.0558 0 8349.2868 10414.45911 11170.815120000001 17221.26058 18873.08035 10300.89171 10841.34899 15621.475030000001 21243.189230000004 13545.51191 14071.644970000001 8802.68378 14343.52784 
15074.12989 14138.756550000002 14588.97668 13717.77857 14768.17947 6996.231000000001 8349.286800000002 0 2084.54623 4781.19354 14848.0623 17539.46938 12937.868699999999 13369.81054 17119.9186 24163.53536 12973.6665 13353.19817 14089.63946 18752.94954 
15753.67021 14121.96393 14641.017759999999 12452.574929999999 14902.9944 9061.403310000002 10414.459110000002 2084.54623 0 6865.739769999999 16932.608529999998 19617.97984 15003.04101 15454.35677 19204.46483 26248.08159 15038.838810000001 15437.7444 13434.45333 19432.48986 
19011.71157 14301.15048 17410.94212 18498.972110000002 19219.56682 9817.759320000001 11170.815120000001 4781.19354 6865.73977 0 10847.6538 16657.4146 14336.14191 14881.49877 19956.72595 26948.841679999998 11502.71297 10797.378630000001 14406.07666 18684.451439999997 
25693.340060000002 23010.73033 25882.26629 27525.9806 26868.407700000003 18574.316379999997 17221.26058 14848.0623 16932.608529999998 10847.6538 0 12519.21563 16458.44786 17025.44874 23077.25549 29174.77482 20350.21026 18228.93776 17167.06815 23269.491390000003 
18891.85724 19913.09318 22282.29945 23093.14498 22067.28658 18255.39996 18873.08035 17539.46938 19617.97984 16657.4146 12519.21563 0 8572.18864 9139.18952 14152.47076 18277.51515 10751.093359999999 8629.82086 25594.47659 15950.68239 
10319.6686 11340.90454 15153.478599999999 14919.81934 13526.58341 11653.94751 10300.89171 12937.868699999999 15003.04101 14336.14191 16458.44786 8572.18864 0 567.00088 6624.6812 13070.96729 13908.34449 11787.07199 17633.32449 7378.49375 
10417.22045 10773.90366 14586.477719999999 15287.41106 14093.58429 11168.26059 10841.34899 13369.81054 15454.35677 14881.49877 17025.44874 9139.18952 567.00088 0 6799.3669199999995 12792.36156 14475.34537 12354.07287 18176.51913 7339.04762 
14224.601219999999 17573.27058 16385.15604 14196.71321 10766.48225 14268.41923 15621.47503 17119.9186 19204.46483 19956.72595 23077.25549 14152.47076 6624.6812 6799.3669199999995 0 7043.61676 17430.99041 18411.75319 20254.15044 14003.17495 
12804.73286 18361.03325 18392.35875 20580.80158 16811.111 19890.13343 21243.189230000004 24163.53536 26248.08159 26948.841679999998 29174.77482 18277.51515 13070.96729 12792.36156 7043.61676 0 22466.41442 24504.95175 27297.767200000002 9125.91321 
19442.36571 19334.981659999998 21101.08533 21278.58886 21707.59927 14898.56771 13545.51191 12973.6665 15038.838810000001 11502.71297 20350.21026 10751.093359999999 13908.34449 14475.34537 17430.99041 22466.41442 0 2121.2725 19085.92823 21286.838239999997 
20964.451719999997 18327.95832 22140.53238 22090.96252 22927.79852 15424.700770000001 14071.644970000001 13353.19817 15437.7444 10797.378630000001 18228.93776 8629.82086 11787.07199 12354.07287 18411.75319 24504.95175 2121.2725 0 16964.65573 19165.56574 
17314.4161 11836.17696 13819.53263 12281.59534 16889.13671 7449.62798 8802.68378 14089.63946 13434.45333 14406.07666 17167.06815 25594.47659 17633.32449 18176.51913 20254.15044 27297.767200000002 19085.928229999998 16964.65573 0 20440.10002 
3678.81965 9235.12004 9266.44554 11454.88837 7685.19779 12990.47204 14343.52784 18752.94954 19432.48986 18684.451439999997 23269.491390000003 15950.68239 7378.49375 7339.04762 14003.17495 9125.91321 21286.838239999997 19165.56574 20440.10002 0 
