48
Fire Earlville Firthcliffe Farmingville Florida Deer Delanson Dansville Delevan Galeville Germantown Dexter Fulton Gardiner Friendship Falconer Gasport Freeport Ghent Depauville Fredonia Fayetteville Depew Geneva Fairview Fishkill Davis Forestville Fonda Fleischmanns Flower DeRuyter Frankfort Flanders Frewsburg Delhi Freeville Farnham Franklin Fishers Forest Deferiet Delmar Deposit Fabius Fairmount Hamburg Dannemora
0 7368.02712 15266.943 17660.68961 14798.556369999998 20877.089689999997 26684.297419999995 34409.63855999999 28694.99248 28863.6489 22110.34028 26500.64565 31587.565020000002 25817.303129999997 32561.728499999997 32725.718739999997 36416.84626 22123.26989 24223.54364 28757.476899999998 37782.19693 30893.86391 29312.88609 31222.39847 23430.38687 25592.46774 31925.74878 30107.74272 21820.44019 18128.58959 17531.33298 18222.849449999998 12000.22997 14093.563320000001 20885.61641 21863.65926 25128.15442 19574.42739 14756.66319 25212.61969 29241.018470000003 28796.0101 21526.58262 17019.41862 15148.82199 26917.973759999997 11611.227009999999 5960.33346 
7368.02712 0 7898.91588 22062.18826 22166.583489999997 22516.97185 23094.4644 30819.80554 33630.13178 35722.43679 28969.12817 23279.37764 29658.31523 33185.33025 27297.54877 40093.745859999995 41925.54207 26524.768539999997 31591.570760000002 36125.50402 35620.92841 36415.828989999995 27635.00412 23854.37135 16062.35975 28968.25973 35301.54077 34447.24942 24332.172509999997 25496.616710000002 24899.3601 15001.58144 19368.25709 21461.59044 25287.115059999996 29231.68638 29529.65307 23975.92604 22124.690309999998 32580.64681 36609.04559 35654.79799 24711.25382 9651.3915 22516.849110000003 22980.673820000004 18979.25413 13328.36058 
15266.943 7898.91588 0 14163.27238 20169.04475 26247.57807 30993.38028 38718.72142 34207.73721 36713.813850000006 29960.505230000002 24994.91117 31373.84876 33081.6412 31320.409770000002 39990.056809999995 34125.20381 18625.85266 24961.52128 30420.944320000002 37527.64173 31987.42292 35533.92 31753.28723 23961.27563 36867.17561 35301.79706 26610.32549 24123.72169 30207.196219999998 32798.27598 22900.49732 19850.39492 21943.72827 17388.19918 23514.52699 21630.73719 16077.010160000002 22606.82814 33062.78464 32440.61179 36646.175050000005 29376.74757 17550.30738 30415.764990000003 30879.589700000004 26878.17001 21227.27646 
17660.689609999998 22062.18826 14163.27238 0 6005.77237 12084.30569 17891.51342 25616.85456 20044.464829999997 26780.860019999996 26474.19685 21508.60279 24183.23719 23901.56276 17157.13739 30809.97837 30638.895429999997 15139.54428 21475.2129 23019.04761 32043.767640000002 28501.11454 28391.94603 30906.83474 26618.99093 32907.20295 31815.488680000002 23124.01711 19023.85553 25107.33006 26866.59227 24946.8618 16364.086539999998 18457.419889999997 9564.79487 15691.12268 17993.65025 12439.92322 19120.51976 29576.476259999996 24617.207479999997 29801.45845 25468.19573 22924.28434 25695.47373 26737.08563 23897.21164 23621.023069999996 
14798.556369999998 22166.583489999997 20169.04475 6005.77237 0 6078.53332 11885.74105 19611.08219 26050.237199999996 30365.372229999997 23612.063609999997 27514.375159999996 23287.446500000002 21047.70289 23162.90976 27956.1185 35110.88817 21145.31665 27480.98527 25682.44547 34707.1655 31820.56388 30814.60942 24901.06237 28238.11576 33033.563500000004 26700.282460000002 18008.81089 25029.6279 29432.08062 23952.403449999998 22084.72856 13501.9533 15595.28665 15570.56724 18371.59722 11987.87788 6434.15085 14455.92136 25604.832260000003 29030.42097 28318.63916 23028.30595 28930.056709999997 26544.949910000003 24746.83373 22914.71804 20758.88983 
20877.089689999997 22516.97185 26247.578069999996 12084.30569 6078.53332 0 5807.20773 13532.54887 20162.61817 26899.01336 28406.54618 23587.850769999997 17208.91318 14969.169569999998 21713.59494 21877.58518 29032.354849999996 19909.230929999998 25063.335189999998 19603.91215 28628.63218 25742.030560000003 24757.78082 24215.39211 22159.582440000002 26955.03018 20621.74914 11930.27757 26958.618179999998 30161.29224 17873.87013 27363.424720000003 19580.486619999996 21673.819969999997 19951.93251 24450.130540000002 18066.411200000002 12512.68417 20534.45468 29131.34241 24363.925499999998 22240.10584 21834.03052 23588.71972 27317.657619999998 18668.300410000003 23643.929659999998 26837.423149999995 
26684.29742 23094.4644 30993.38028 17891.51342 11885.74105 5807.20773 0 7725.34114 14355.41044 21091.80563 23118.56793 17780.643040000003 11401.705450000001 17688.23865 23562.66791 24596.65426 29601.37435 14102.0232 20437.69182 25411.11988 31382.66735 19934.82283 25335.27337 29542.49105 22737.07499 28722.50998 26428.95687 17737.4853 21151.41045 27234.88498 23681.077859999998 26058.439240000003 25387.694349999998 27481.0277 17036.005230000002 23162.33304 23873.618930000004 18319.891900000002 26341.662409999997 23324.134680000003 30127.260410000003 16432.898110000002 22411.52307 24166.21227 27823.02865 19245.79296 29451.13739 32644.630879999997 
34409.63856 30819.80554 38718.72142 25616.85456 19611.08219 13532.54887 7725.34114 0 6630.0693 13366.46449 15393.22679 21082.97732 19127.04659 25413.579790000003 20543.06204 32321.995400000003 37326.71549 21827.36434 22091.93734 27551.36038 24539.361989999998 27660.16397 31777.87068 37267.83219 30462.41613 20997.16884 27330.44988 25462.826439999997 26847.85799 32931.33252 30139.002520000002 29360.773520000002 31492.095100000002 34824.17308 24761.34637 30887.674179999998 27060.59126 26045.23304 25572.19738 15598.793539999999 22401.91927 8707.55697 21965.74245 30608.80958 20176.23979 26971.134100000003 34030.99406 29364.728320000002 
28694.99248 33630.131779999996 34207.73721 20044.464829999997 26050.237199999996 20162.61817 14355.41044 6630.0693 0 6736.39519 13489.703809999999 19179.45434 25558.391929999998 20657.41811 13912.99274 27565.83372 34720.60339 21797.53666 15461.868040000001 20921.291080000003 29946.011110000003 34290.23327 25147.801379999997 31916.667389999995 26625.15496 14367.09954 20700.380579999997 28392.041859999998 20217.78869 26301.26322 23508.93322 27457.25054 29588.57212 29691.81297 29609.259699999995 26049.12415 28103.24252 32484.388049999994 18942.12808 19178.5543 25981.68003 15337.62627 20062.21947 23978.740279999998 13546.17049 26233.83532 27400.924759999998 22734.65902 
28863.6489 35722.43679 36713.81385 26780.86002 30365.37223 26899.013360000004 21091.805630000003 13366.46449 6736.39519 0 6753.30862 12443.059150000001 18821.996740000002 25108.52994 20649.38793 32016.94555 39171.71522 28533.93185 22198.26323 27657.68627 29095.945480000002 31636.96975 29554.7477 28328.61593 20536.604330000002 7630.70435 13963.98539 22655.45696 24745.968300000004 29148.57707 28029.39394 20720.85535 22852.17693 28268.27269 30973.112429999997 24846.78462 31230.50396 35141.24325 20632.52278 20330.21501 27133.34074 13438.978439999999 13325.82428 27995.02964 18074.350100000003 19497.440130000003 25890.72854 27262.838630000006 
22110.34028 28969.12817 29960.505230000002 26474.19685 23612.06361 28406.54618 23118.56793 15393.22679 13489.703809999999 6753.30862 0 5689.75053 12068.688119999999 18355.221319999997 25099.646689999998 25263.636929999997 32418.406599999995 26004.237240000002 25419.93159 30879.35463 22342.63686 24883.66113 22801.43908 28725.539989999997 20933.52839 14384.01297 20717.294009999998 29408.76558 18954.849990000002 22395.268450000003 21276.085320000002 13967.546730000002 16098.868310000002 21514.96407 26922.3334 20986.21023 27369.92957 28387.93463 13879.21416 13576.90639 20380.03212 6685.66982 6572.51566 21241.72102 24827.65872 12744.13151 19137.41992 24788.31347 
26500.64565 23279.37764 24994.91117 21508.60279 27514.37516 23587.850769999997 17780.64304 21082.977319999998 19179.45434 12443.059150000001 5689.75053 0 6378.93759 12665.47079 19409.89616 19573.8864 26728.656069999997 20314.48671 26650.15533 25677.60636 16652.88633 23461.02086 28491.189609999998 23035.78946 15243.77786 20073.7635 26407.044540000003 28298.95954 13265.099460000001 16705.51792 20809.52461 8277.7962 16860.57146 22276.66722 24733.52959 26675.96076 28880.303610000003 23422.34057 19568.96469 19266.65692 26069.78265 12375.42035 12262.26619 15551.97049 19936.717660000002 7054.38098 14889.41864 20540.31219 
31587.56502 29658.31523 31373.84876 24183.23719 23287.446500000002 17208.913180000003 11401.705450000001 19127.04659 25558.391929999998 18821.99674 12068.688119999999 6378.93759 0 6286.5332 13030.958569999999 13194.94881 20349.71848 13959.65465 20295.32327 24793.80834 23031.82392 19792.45428 24909.65161 18140.7856 21622.71545 26452.70109 30635.599049999997 21944.12748 19644.03705 23084.45551 26412.71529 14656.73379 23239.50905 24966.880080000003 21979.97522 28106.30303 33623.6512 29721.597350000004 23356.4389 25645.59451 26391.96821 18754.357939999998 18641.20378 21930.90808 26315.65525 13433.31857 20492.60932 26143.50287 
25817.30313 33185.33025 33081.6412 23901.56276 21047.702889999997 14969.169569999998 17688.23865 25413.57979 20657.41811 25108.52994 18355.22132 12665.47079 6286.5332 0 6744.42537 6908.41561 14063.18528 20246.18785 20488.58779 18507.275139999998 27531.99517 26078.98748 28966.55204 24427.3188 27909.24865 32739.23429 35590.91871 26899.447139999997 25930.570249999997 20723.4387 20126.18209 20817.69856 22263.98127 18680.34688 15693.44202 21819.76983 27337.118000000002 27481.85374 22664.872799999997 26908.56074 20105.43501 25040.89114 12737.62862 27797.49094 24386.77139 19719.85177 14206.07612 19856.96967 
32561.728499999997 27297.54877 31320.40977 17157.13739 23162.90976 21713.59494 23562.66791 20543.06204 13912.99274 20649.38793 25099.646689999998 19409.896159999997 13030.958569999999 6744.42537 0 13652.84098 20807.610650000002 26990.61322 27233.01316 25251.70051 34276.42054 32823.41285 22260.47394 29029.33995 26940.15936 28280.09228 34613.37332 33643.87251 32674.995619999994 27467.86407 20735.12018 27562.123929999998 28863.07629 25424.77225 22437.86739 28564.1952 33698.53112 29597.06061 29409.29817 33091.54704 26849.86038 29250.619010000002 19336.72364 21091.41284 27459.16323 23448.877330000003 20950.50149 26601.39504 
32725.718739999997 40093.745859999995 39990.05681 30809.97837 27956.1185 21877.585180000002 24596.65426 32321.9954 27565.833720000002 32016.94555 25263.63693 19573.8864 13194.94881 6908.41561 13652.84098 0 7154.76967 22654.12082 25825.20388 25415.69075 34440.410780000006 32987.40309 35874.96765 31335.734409999997 34817.66426 39647.649900000004 39330.06522 30638.59365 29703.50807 27631.85431 26040.28295 27726.114169999997 29172.39688 25588.76249 22601.857630000002 28728.18544 34245.533610000006 34390.26935 29573.288409999997 33816.97635 27013.85062 31949.30675 19646.04423 34705.90655 31295.187000000005 26628.267379999998 21114.491729999998 26765.38528 
36416.84626 41925.542069999996 34125.20381 30638.89543 35110.88817 29032.354849999996 29601.374350000002 37326.71549 34720.60339 39171.71522 32418.4066 26728.656069999997 20349.71848 14063.18528 20807.61065 7154.76967 0 15499.35115 21835.01977 27294.44281 36319.162840000005 28860.92141 36512.83324 33216.02751 40924.226 38508.576590000004 32175.295550000003 23483.82398 22548.738400000002 28632.21293 18885.51328 31417.24169 36326.01797 32743.532160000002 29756.6273 35882.95511 31848.92422 32552.63321 33264.41593 40971.74602 34168.62029 39104.07642 26800.8139 35343.77214 29220.356600000003 33783.03705 24805.61925 30456.5128 
22123.26989 26524.76854 18625.85266 15139.54428 21145.31665 19909.230929999998 14102.0232 21827.36434 21797.53666 28533.93185 26004.237240000002 20314.48671 13959.65465 20246.187850000002 26990.613220000003 22654.12082 15499.35115 0 6335.66862 11795.09166 20819.811690000002 13361.57026 21818.827279999998 28587.693289999996 25424.87485 23009.225440000002 16675.9444 7984.47283 7049.38725 13132.86178 15542.14255 25559.60769 20826.66682 22920.00017 18364.47108 24490.79889 22607.00909 17053.28206 23583.10004 26710.587700000004 27813.201930000003 25252.52525 25183.08455 21730.16826 13721.00545 27368.86769 18947.98525 22909.49398 
24223.543640000004 31591.570760000002 24961.52128 21475.2129 27480.985269999997 25063.335189999998 20437.69182 22091.93734 15461.868040000001 22198.26323 25419.93159 26650.15533 20295.32327 20488.58779 27233.013160000002 25825.20388 21835.01977 6335.66862 0 5459.42304 14484.14307 19697.23888 28154.4959 32862.93683 27821.519740000003 25186.181020000004 23011.613019999997 14320.14145 13385.05587 19129.679210000002 18532.4226 19223.93907 27162.335440000003 21873.31463 18886.40977 25012.737579999997 28942.677710000004 23388.95068 20138.492860000002 20374.91908 23298.402759999997 18916.85663 18847.41593 28065.836880000003 14742.53527 27919.06338 12612.316630000001 18263.210180000002 
28757.4769 36125.50402 30420.944320000002 23019.04761 25682.44547 19603.91215 25411.11988 27551.36038 20921.29108 27657.68627 30879.35463 25677.606359999998 24793.808340000003 18507.27514 25251.700510000002 25415.69075 27294.44281 11795.09166 5459.42304 0 9024.72003 20472.56455 32703.17494 29406.369209999997 28583.28869 30645.604060000005 28471.03606 19779.56449 18844.478909999998 23663.61247 15075.85498 23757.87233 21857.25336 16441.1576 13454.25274 19580.58055 25097.92872 28848.37372 25597.9159 24669.37146 17866.24573 24376.27967 24306.83897 31534.11384 20201.95831 32452.996639999998 17146.24989 22797.14344 
37782.19693 35620.92840999999 37527.641729999996 32043.76764 34707.1655 28628.63218 31382.66735 24539.361989999998 29946.01111 29095.945480000002 22342.636860000002 16652.88633 23031.823920000003 27531.995170000002 34276.42054 34440.410780000006 36319.162840000005 20819.811690000002 14484.14307 9024.72003 0 11447.844519999999 31426.125419999997 27350.580259999995 19558.568659999997 32464.46864 37495.75609 28804.28452 25797.83002 21020.30872 24100.57501 24930.682530000002 30881.973390000003 25465.877630000003 22478.97277 28605.30058 32287.21293 35955.07113 34110.58231 33694.09149 26890.96576 29028.30668 28915.152520000003 28084.70105 29226.67834 23707.267310000003 26170.96992 31821.86347 
30893.863909999996 36415.828989999995 31987.422919999997 28501.11454 31820.563879999998 25742.03056 19934.82283 27660.16397 34290.233270000004 31636.96975 24883.66113 23461.02086 19792.45428 26078.987480000003 32823.41285 32987.40309000001 28860.921410000003 13361.57026 19697.23888 20472.56455 11447.844519999999 0 19978.280899999998 26747.146909999996 20353.46924 33259.36922 30037.51466 21346.04309 20410.95751 21815.209300000002 28903.71281 31738.81706 29597.260839999995 31690.594189999996 31726.041339999996 29769.73386 35968.57935 30414.852319999998 22662.73779 27985.940539999996 34789.066269999996 31569.33095 31456.17679 28879.60163 27082.57571 30515.40184 28332.571880000003 33983.465430000004 
29312.88609 27635.004119999998 35533.92 28391.94603 30814.60942 24757.78082 25335.27337 31777.870679999996 25147.801379999997 29554.7477 22801.43908 28491.18961 24909.65161 28966.55204 22260.47394 35874.96765 36512.83324 21818.82728 28154.4959 32703.174939999997 31426.12542 19978.2809 0 6768.86601 14560.87761 27466.77759 33800.05863 29803.30011 28868.21453 28158.843909999996 17627.31996 30159.04837 25755.27607 30109.616370000003 34315.08385 28188.756040000004 22574.98324 28128.710270000003 21081.759970000003 26404.962720000003 33208.08845 29487.1089 16228.92342 17983.61262 27639.86208 25221.482790000002 23547.42593 29198.319480000002 
31222.39847 23854.37135 31753.28723 30906.834739999995 24901.062369999996 24215.39211 29542.49105 37267.83219 31916.667389999995 28328.61593 28725.53999 23035.78946 18140.7856 24427.3188 29029.339949999998 31335.73441 33216.02751 28587.69329 32862.936830000006 29406.369209999997 27350.58026 26747.14691 6768.86601 0 7792.0116 20697.91158 27031.19262 24570.44358 26167.4992 21389.977899999998 14330.51423 26862.24264 32524.142079999998 36878.48238 28316.16438 22189.83657 15806.11723 21359.844259999998 25303.546429999995 33173.82873 32848.660319999995 35411.20981 22997.789429999997 24752.478629999998 20870.99607 30090.17044 20250.6202 25901.513750000002 
23430.38687 16062.35975 23961.27563 26618.99093 28238.11576 22159.582440000002 22737.07499 30462.41613 26625.15496 20536.604330000002 20933.52839 15243.77786 21622.71545 27909.24865 26940.15936 34817.664260000005 40924.226 25424.87485 27821.519740000003 28583.28869 19558.56866 20353.46924 14560.87761 7792.0116 0 12905.89998 19239.18102 27930.652589999998 18375.4876 13597.9663 22122.52583 23521.57406 32104.34932 34399.44682 29843.91773 29981.84817 23598.12883 28532.72871 28574.12556 31538.206 27171.18095 27619.19821 25789.01452 20662.358630000002 13078.98447 22298.15884 20115.32888 22267.472999999998 
25592.46774 28968.25973 36867.17561 32907.20295 33033.563500000004 26955.03018 28722.50998 20997.16884 14367.09954 7630.70435 14384.01297 20073.7635 26452.701090000002 32739.23429 28280.09228 39647.649900000004 38508.57659 23009.22544 25186.181020000004 30645.604060000005 32464.46864 33259.36922 27466.777589999998 20697.91158 12905.89998 0 6333.28104 15024.75261 17115.26395 23198.73848 31203.1338 28351.5597 30482.88128 32764.299600000006 23342.408079999997 17216.08027 23599.79961 29153.526639999996 24323.07634 27960.91936 24535.842230000002 21069.68279 20956.52863 31796.04496 10443.64575 27128.144480000003 25283.02783 19632.13428 
31925.74878 35301.54077 35301.79706 31815.48868 26700.28246 20621.74914 26428.95687 27330.44988 20700.38058 13963.98539 20717.294009999998 26407.04454 30635.59905 35590.91871 34613.37332 39330.065220000004 32175.295550000003 16675.9444 23011.61302 28471.03606 37495.756089999995 30037.51466 33800.05863 27031.19262 19239.18102 6333.28104 0 8691.47157 23448.54499 29532.019519999998 26920.393169999996 34684.84074 36816.16232 39097.58064 29675.68912 23549.36131 29933.08065 33134.43331 30656.35738 34294.200399999994 30869.123269999996 27402.963829999997 27289.80967 38129.326 16776.926789999998 33461.42552 31616.30887 25965.41532 
30107.74272 34447.24942 26610.325490000003 23124.01711 18008.81089 11930.27757 17737.4853 25462.82644 28392.041859999998 22655.45696 29408.76558 28298.959539999996 21944.12748 26899.44714 33643.87251 30638.593650000003 23483.82398 7984.47283 14320.14145 19779.564489999997 28804.284519999997 21346.04309 29803.300109999996 24570.44358 27930.65259 15024.75261 8691.47157 0 15033.860079999999 21117.334609999998 18228.9216 30760.65001 28811.139649999997 30904.472999999998 26348.94391 32240.83288 29996.68877 24442.96174 31567.57287 33305.092899999996 35797.67476 33236.99808 32932.49126 29714.641089999997 21705.47828 30598.577980000002 24149.027570000002 29799.921120000003 
21820.44019 24332.17251 24123.72169 19023.85553 25029.6279 26958.618179999998 21151.41045 26847.857989999997 20217.788689999998 24745.9683 18954.849990000002 13265.099460000001 19644.03705 25930.570249999997 32674.995619999998 29703.508070000003 22548.738400000002 7049.38725 13385.05587 18844.478909999998 25797.83002 20410.95751 28868.214529999997 26167.4992 18375.4876 17115.26395 23448.544990000002 15033.860079999999 0 6083.47453 18520.94308 19212.45955 19551.20141 24967.29717 23862.340109999997 24395.03619 21228.69023 22551.15109 21059.63379 25130.83973 20763.81468 25640.51981 25165.74137 14680.78101 6671.6182 20319.48044 12600.83711 15860.10673 
18128.58959 25496.61671 30207.196219999998 25107.33006 29432.080619999997 30161.292240000002 27234.88498 32931.33252 26301.26322 29148.57707 22395.26845 16705.51792 23084.45551 20723.4387 27467.86407 27631.85431 28632.21293 13132.86178 19129.679210000002 23663.61247 21020.30872 21815.209300000002 28158.843909999996 21389.977899999998 13597.9663 23198.73848 29532.01952 21117.334609999998 6083.47453 0 12437.46855 13128.98502 21711.760280000002 23836.68421 20849.77935 22083.15533 22443.76068 27997.48771 14976.15926 26125.070160000003 25261.77234 29080.93827 19082.26684 20764.255540000002 12755.09273 21824.10933 6517.36258 12168.25613 
17531.33298 24899.360099999998 32798.27598 26866.59227 23952.403449999998 17873.87013 23681.077859999998 30139.00252 23508.93322 28029.39394 21276.085320000002 20809.52461 26412.71529 20126.18209 20735.12018 26040.28295 18885.51328 15542.14255 18532.422599999998 15075.85498 24100.57501 28903.71281 17627.31996 14330.51423 22122.52583 31203.133800000003 26920.393170000003 18228.9216 18520.94308 12437.46855 0 12531.72841 21114.50367 23239.427600000003 20252.52274 19347.13028 12963.410940000002 18517.137970000003 14378.90265 25527.81355 24664.51573 27961.75514 14703.569660000001 16458.25886 20759.48805 21226.85272 5920.10597 11570.99952 
18222.84945 15001.58144 22900.49732 24946.8618 22084.72856 27363.424720000003 26058.43924 29360.773520000002 27457.25054 20720.85535 13967.546730000002 8277.7962 14656.73379 20817.69856 27562.12393 27726.11417 31417.241690000003 25559.60769 19223.93907 23757.87233 24930.68253 31738.81706 30159.04837 26862.242639999997 23521.57406 28351.5597 34684.84074 30760.650009999998 19212.45955 13128.98502 12531.72841 0 8582.77526 13998.87102 20944.03921 22177.41519 25495.139349999998 26860.59958 15070.419119999999 26219.33002 25356.032199999998 20653.21655 18109.127910000003 23829.76669 21451.004520000002 8695.12431 6611.62244 12262.51599 
12000.22997 19368.25709 19850.39492 16364.08654 13501.9533 19580.48662 25387.694349999998 31492.0951 29588.57212 22852.17693 16098.868310000002 16860.57146 23239.50905 22263.98127 28863.07629 29172.39688 36326.01797 20826.66682 27162.33544 21857.253360000002 30881.973390000003 29597.26084 25755.27607 32524.142079999998 32104.34932 30482.88128 36816.16232 28811.139649999997 19551.20141 21711.760280000002 21114.503670000002 8582.77526 0 5416.09576 19043.42024 20567.05619 23831.55135 18277.82432 13460.06012 23916.016620000002 23455.41323 22784.53813 9526.35265 24586.21497 26222.819610000002 17277.89957 15194.397700000001 17960.563430000002 
14093.563320000001 21461.59044 21943.72827 18457.41989 15595.28665 21673.81997 27481.0277 34824.17308 29691.81297 28268.27269 21514.96407 22276.667220000003 24966.880080000003 18680.34688 25424.77225 25588.76249 32743.532160000002 22920.00017 21873.31463 16441.1576 25465.87763 31690.59419 30109.616370000003 36878.48238 34399.446820000005 32764.299600000006 39097.58064000001 30904.472999999998 24967.29717 23836.68421 23239.4276 13998.87102 5416.09576 0 13627.324480000001 19753.65229 25271.000460000003 20371.15767 15553.39347 21898.59579 18039.31747 28200.63389 14942.44841 30002.31073 22320.653850000002 22693.995329999998 17319.32163 20053.896780000003 
20885.61641 25287.11506 17388.19918 9564.79487 15570.56724 19951.93251 17036.005230000002 24761.346370000003 29609.259700000002 30973.11243 26922.3334 24733.52959 21979.97522 15693.442020000002 22437.867390000003 22601.857630000002 29756.6273 18364.47108 18886.40977 13454.25274 22478.97277 31726.04134 34315.08385 28316.164380000002 29843.91773 23342.40808 29675.689120000003 26348.943909999998 23862.340109999997 20849.77935 20252.52274 20944.03921 19043.42024 13627.324480000001 0 6126.32781 12510.047149999999 15815.62858 13233.32388 21855.53834 15052.41261 20236.66358 26897.32103 26149.21114 19333.74899 29639.16352 14332.41677 19983.31032 
21863.65926 29231.68638 23514.52699 15691.12268 18371.59722 24450.13054 23162.333039999998 30887.674179999998 26049.12415 24846.78462 20986.21023 26675.96076 28106.303030000003 21819.76983 28564.195200000002 28728.18544 35882.95511 24490.79889 25012.737579999997 19580.58055 28605.30058 29769.73386 28188.75604 22189.83657 29981.848169999997 17216.08027 23549.36131 32240.83288 24395.036190000003 22083.15533 19347.13028 22177.41519 20567.056190000003 19753.652289999998 6126.32781 0 6383.71934 11937.44637 7106.99607 18255.90697 21178.74042 25147.14354 27558.72589 32275.538950000002 17723.41799 30872.5395 15565.79275 21216.6863 
25128.15442 29529.65307 21630.73719 17993.65025 11987.87788 18066.4112 23873.618929999997 27060.59126 28103.24252 31230.503960000002 27369.92957 28880.30361 33623.6512 27337.118000000002 33698.53112 34245.53361 31848.92422 22607.00909 28942.67771 25097.92872 32287.21293 35968.57935 22574.98324 15806.11723 23598.12883 23599.799610000002 29933.080650000004 29996.68877 21228.69023 22443.76068 12963.410940000002 25495.13935 23831.55135 25271.000460000003 12510.047149999999 6383.71934 0 5553.72703 13490.71541 23845.66882 17042.54309 30736.90539 27666.980600000003 29421.669800000003 14557.07203 33850.904859999995 18883.516910000002 23745.560559999998 
19574.42739 23975.926040000002 16077.010160000002 12439.92322 6434.15085 12512.68417 18319.891900000002 26045.233040000003 32484.38805 35141.24325 28387.934630000003 23422.34057 29721.597350000004 27481.85374 29597.06061 34390.26935 32552.63321 17053.28206 23388.95068 28848.373720000003 35955.071130000004 30414.85232 28128.710269999996 21359.844259999998 28532.728710000003 29153.526639999996 33134.43331 24442.96174 22551.15109 27997.48771 18517.13797 26860.599580000002 18277.82432 20371.15767 15815.62858 11937.44637 5553.72703 0 19044.44244 29399.39585 22596.27012 34752.790010000004 27804.17697 24838.02212 20110.79906 30476.721550000002 24437.24394 25534.76085 
14756.66319 22124.690309999998 22606.828139999998 19120.51976 14455.92136 20534.45468 26341.662409999997 25572.197379999998 18942.12808 20632.52278 13879.21416 19568.96469 23356.4389 22664.872799999997 29409.29817 29573.288409999997 33264.41593 23583.100039999998 20138.49286 25597.9159 34110.58231 22662.73779 21081.75997 25303.54643 28574.12556 24323.07634 30656.35738 31567.572869999996 21059.63379 14976.15926 14378.90265 15070.419119999999 13460.06012 15553.39347 13233.32388 7106.99607 13490.71541 19044.44244 0 11148.910899999999 17952.03663 18040.14747 20451.72982 30837.16151 18222.79531 23765.543429999998 8458.79668 14109.69023 
25212.61969 32580.64681 33062.78464 29576.47626 25604.83226 29131.342409999997 23324.13468 15598.793539999999 19178.5543 20330.21501 13576.90639 19266.65692 25645.594510000003 26908.56074 33091.547040000005 33816.97635 40971.74602 26710.5877 20374.91908 24669.37146 33694.09149 27985.94054 26404.962720000003 33173.82873 31538.206000000006 27960.91936 34294.2004 33305.092899999996 25130.839730000003 26125.07016 25527.81355 26219.330019999998 23916.016620000002 21898.59579 21855.53834 18255.90697 23845.66882 29399.39585 11148.910899999999 0 6803.12573 6891.23657 20149.42205 34818.62741 18459.221530000003 26321.037900000003 19607.70758 25258.60113 
29241.018470000003 36609.04559 32440.611789999995 24617.207479999997 29030.42097 24363.925499999998 30127.26041 22401.91927 25981.68003 27133.34074 20380.03212 26069.78265 26391.96821 20105.43501 26849.860380000002 27013.85062 34168.62029 27813.20193 23298.40276 17866.24573 26890.96576 34789.066269999996 33208.08845 32848.66032 27171.18095 24535.842230000002 30869.123270000004 35797.67476 20763.81468 25261.77234 24664.51573 25356.032199999998 23455.413230000002 18039.31747 15052.41261 21178.74042 17042.54309 22596.27012 17952.03663 6803.12573 0 13694.3623 26952.54778 35444.59569 14092.196479999999 33124.16363 18744.40976 23280.68501 
28796.0101 35654.79799 36646.17505 29801.45845 28318.639160000002 22240.105840000004 16432.898110000002 8707.55697 15337.62627 13438.978439999999 6685.66982 12375.42035 18754.35794 25040.89114 29250.61901 31949.30675 39104.07642 25252.52525 18916.85663 24376.279669999996 29028.30668 31569.33095 29487.1089 35411.20981 27619.198210000002 21069.68279 27402.96383 33236.99808 25640.519809999998 29080.93827 27961.75514 20653.21655 22784.53813 28200.63389 20236.66358 25147.14354 30736.90539 34752.790010000004 18040.14747 6891.23657 13694.3623 0 13258.18548 27927.39084 25350.458099999996 19429.801330000002 25823.08974 31473.98329 
21526.58262 24711.253819999998 29376.74757 25468.19573 23028.30595 21834.03052 22411.52307 21965.742449999998 20062.21947 13325.82428 6572.51566 12262.26619 18641.20378 12737.62862 19336.72364 19646.04423 26800.8139 25183.08455 18847.41593 24306.838969999997 28915.152520000003 31456.176789999998 16228.92342 22997.789429999997 25789.01452 20956.52863 27289.809670000002 32932.491259999995 25165.74137 19082.26684 14703.569660000001 18109.127910000003 9526.35265 14942.44841 26897.32103 27558.72589 27666.980600000003 27804.17697 20451.72982 20149.42205 26952.54778 13258.18548 0 15059.86232 27404.28634 19316.64717 12564.90426 18215.79781 
17019.41862 9651.3915 17550.30738 22924.284340000002 28930.05671 23588.71972 24166.21227 30608.809579999997 23978.740279999998 27995.02964 21241.72102 15551.97049 21930.90808 27797.49094 21091.41284 34705.90655 35343.77214 21730.16826 28065.83688 31534.113839999998 28084.70105 28879.60163 17983.61262 24752.478629999998 20662.358630000002 31796.04496 38129.326 29714.641089999997 14680.78101 20764.255540000002 16458.25886 23829.76669 24586.21497 30002.31073 26149.21114 32275.53895 29421.669800000003 24838.02212 30837.16151 34818.62741 35444.59569 27927.39084 15059.86232 0 21352.39921 22606.35147 22378.364830000002 22979.75208 
15148.82199 22516.84911 30415.76499 25695.473729999998 26544.949909999996 27317.657619999998 27823.02865 20176.23979 13546.17049 18074.3501 24827.65872 19936.71766 26315.655249999996 24386.77139 27459.163230000002 31295.187 29220.3566 13721.00545 14742.53527 20201.95831 29226.678340000002 27082.57571 27639.86208 20870.99607 13078.98447 10443.64575 16776.926789999998 21705.47828 6671.6182 12755.09273 20759.48805 21451.00452 26222.81961 22320.653850000002 19333.74899 17723.41799 14557.07203 20110.799059999998 18222.79531 18459.221530000003 14092.196479999999 25350.458100000003 27404.28634 21352.39921 0 26991.098639999997 14839.38208 9188.48853 
26917.97376 22980.67382 30879.5897 26737.08563 24746.833730000002 18668.300410000003 19245.79296 26971.1341 26233.83532 19497.44013 12744.13151 7054.38098 13433.31857 19719.85177 23448.877330000003 26628.26738 33783.03705 27368.86769 27919.06338 32452.996639999998 23707.26731 30515.40184 25221.482790000002 30090.17044 22298.15884 27128.14448 33461.42552 30598.577980000002 20319.48044 21824.10933 21226.85272 8695.12431 17277.89957 22693.99533 29639.16352 30872.5395 33850.90486 30476.721550000002 23765.543429999998 26321.0379 33124.163629999995 19429.80133 19316.64717 22606.35147 26991.09864 0 15306.746749999998 20957.6403 
11611.227009999999 18979.254129999998 26878.170009999998 23897.21164 22914.71804 23643.92966 29451.137390000004 34030.99406 27400.924759999998 25890.72854 19137.41992 14889.41864 20492.60932 14206.07612 20950.50149 21114.49173 24805.619250000003 18947.98525 12612.316630000001 17146.24989 26170.96992 28332.57188 23547.425929999998 20250.620199999998 20115.32888 25283.02783 31616.30887 24149.02757 12600.83711 6517.36258 5920.10597 6611.62244 15194.397700000001 17319.32163 14332.41677 15565.79275 18883.51691 24437.24394 8458.79668 19607.707580000002 18744.40976 25823.08974 12564.90426 22378.36483 14839.38208 15306.746749999998 0 5650.89355 
5960.33346 13328.36058 21227.27646 23621.02307 20758.88983 26837.42315 32644.630879999997 29364.72832 22734.65902 27262.838630000002 24788.31347 20540.31219 26143.502869999997 19856.96967 26601.39504 26765.38528 30456.512799999997 22909.49398 18263.210180000002 22797.14344 31821.86347 33983.46543 29198.31948 25901.51375 22267.473 19632.134280000002 25965.41532 29799.92112 15860.10673 12168.25613 11570.99952 12262.51599 17960.563430000002 20053.896780000003 19983.31032 21216.6863 23745.560559999998 25534.76085 14109.69023 25258.601130000003 23280.68501 31473.98329 18215.79781 22979.75208 9188.48853 20957.6403 5650.89355 0 
