46
193 186 181 174 160 152 145 137 124 131 132 111 109 96 103 90 83 76 69 62 53 47 48 41 34 27 25 20 19 13 12 195 188 172 167 165 158 153 146 139 118 116 97 55 33 6
0 28.0 40.0 41.0 69.0 102.0 120.0 121.0 173.0 153.0 142.0 193.0 194.0 211.0 217.0 240.0 288.0 281.0 236.0 230.0 191.0 139.0 137.0 117.0 69.0 62.0 79.0 59.0 99.0 41.0 76.0 7.0 24.0 83.0 48.0 86.0 77.0 77.0 108.0 109.0 189.0 224.0 204.0 185.0 92.0 12.0 
28.0 0 20.0 21.0 49.0 82.0 100.0 101.0 153.0 133.0 122.0 173.0 174.0 191.0 197.0 220.0 268.0 276.0 250.0 244.0 205.0 153.0 151.0 131.0 83.0 76.0 93.0 73.0 113.0 55.0 90.0 21.0 4.0 63.0 28.0 66.0 57.0 57.0 88.0 89.0 169.0 204.0 184.0 199.0 106.0 26.0 
40.0 20.0 0 1.0 29.0 62.0 80.0 81.0 133.0 113.0 102.0 153.0 154.0 171.0 177.0 200.0 248.0 256.0 262.0 256.0 217.0 165.0 163.0 143.0 95.0 88.0 105.0 85.0 125.0 67.0 102.0 33.0 16.0 43.0 8.0 46.0 37.0 37.0 68.0 69.0 149.0 184.0 164.0 211.0 118.0 38.0 
41.0 21.0 1.0 0 28.0 61.0 79.0 80.0 132.0 112.0 101.0 152.0 153.0 170.0 176.0 199.0 247.0 255.0 263.0 257.0 218.0 166.0 164.0 144.0 96.0 89.0 106.0 86.0 126.0 68.0 103.0 34.0 17.0 42.0 7.0 45.0 36.0 36.0 67.0 68.0 148.0 183.0 163.0 212.0 119.0 39.0 
69.0 49.0 29.0 28.0 0 33.0 51.0 52.0 104.0 84.0 73.0 124.0 125.0 142.0 148.0 171.0 219.0 227.0 272.0 278.0 246.0 194.0 192.0 172.0 124.0 117.0 134.0 114.0 154.0 96.0 131.0 62.0 45.0 70.0 21.0 59.0 8.0 8.0 39.0 40.0 120.0 155.0 135.0 240.0 147.0 67.0 
102.0 82.0 62.0 61.0 33.0 0 68.0 69.0 121.0 101.0 90.0 141.0 142.0 159.0 165.0 188.0 236.0 244.0 289.0 295.0 279.0 227.0 225.0 205.0 157.0 150.0 167.0 147.0 187.0 129.0 164.0 95.0 78.0 103.0 54.0 92.0 41.0 25.0 56.0 57.0 137.0 172.0 152.0 273.0 180.0 100.0 
120.0 100.0 80.0 79.0 51.0 68.0 0 25.0 77.0 57.0 46.0 97.0 98.0 115.0 121.0 144.0 192.0 200.0 245.0 251.0 297.0 245.0 243.0 223.0 175.0 168.0 185.0 165.0 205.0 147.0 182.0 113.0 96.0 121.0 72.0 110.0 59.0 43.0 12.0 13.0 93.0 128.0 108.0 291.0 198.0 118.0 
121.0 101.0 81.0 80.0 52.0 69.0 25.0 0 76.0 56.0 45.0 96.0 97.0 114.0 120.0 143.0 191.0 199.0 244.0 250.0 298.0 246.0 244.0 224.0 176.0 169.0 186.0 166.0 206.0 148.0 183.0 114.0 97.0 122.0 73.0 111.0 60.0 44.0 13.0 12.0 92.0 127.0 107.0 292.0 199.0 119.0 
173.0 153.0 133.0 132.0 104.0 121.0 77.0 76.0 0 42.0 31.0 60.0 61.0 78.0 84.0 107.0 155.0 163.0 208.0 214.0 265.0 298.0 296.0 276.0 228.0 221.0 238.0 218.0 258.0 200.0 235.0 166.0 149.0 174.0 125.0 163.0 112.0 96.0 65.0 64.0 56.0 91.0 71.0 259.0 251.0 171.0 
153.0 133.0 113.0 112.0 84.0 101.0 57.0 56.0 42.0 0 11.0 62.0 63.0 80.0 86.0 109.0 157.0 165.0 210.0 216.0 267.0 278.0 276.0 256.0 208.0 201.0 218.0 198.0 238.0 180.0 215.0 146.0 129.0 154.0 105.0 143.0 92.0 76.0 45.0 44.0 58.0 93.0 73.0 261.0 231.0 151.0 
142.0 122.0 102.0 101.0 73.0 90.0 46.0 45.0 31.0 11.0 0 51.0 52.0 69.0 75.0 98.0 146.0 154.0 199.0 205.0 256.0 267.0 265.0 245.0 197.0 190.0 207.0 187.0 227.0 169.0 204.0 135.0 118.0 143.0 94.0 132.0 81.0 65.0 34.0 33.0 47.0 82.0 62.0 250.0 220.0 140.0 
193.0 173.0 153.0 152.0 124.0 141.0 97.0 96.0 60.0 62.0 51.0 0 1.0 18.0 24.0 47.0 95.0 103.0 148.0 154.0 205.0 249.0 247.0 267.0 248.0 241.0 258.0 238.0 278.0 220.0 255.0 186.0 169.0 194.0 145.0 183.0 132.0 116.0 85.0 84.0 4.0 39.0 11.0 199.0 271.0 191.0 
194.0 174.0 154.0 153.0 125.0 142.0 98.0 97.0 61.0 63.0 52.0 1.0 0 19.0 25.0 48.0 96.0 104.0 149.0 155.0 206.0 250.0 248.0 268.0 249.0 242.0 259.0 239.0 279.0 221.0 256.0 187.0 170.0 195.0 146.0 184.0 133.0 117.0 86.0 85.0 5.0 40.0 12.0 200.0 272.0 192.0 
211.0 191.0 171.0 170.0 142.0 159.0 115.0 114.0 78.0 80.0 69.0 18.0 19.0 0 26.0 43.0 91.0 99.0 144.0 150.0 201.0 245.0 243.0 263.0 266.0 259.0 276.0 256.0 296.0 238.0 273.0 204.0 187.0 212.0 163.0 201.0 150.0 134.0 103.0 102.0 22.0 57.0 7.0 195.0 289.0 209.0 
217.0 197.0 177.0 176.0 148.0 165.0 121.0 120.0 84.0 86.0 75.0 24.0 25.0 26.0 0 55.0 103.0 111.0 156.0 162.0 213.0 257.0 255.0 275.0 272.0 265.0 282.0 262.0 302.0 244.0 279.0 210.0 193.0 218.0 169.0 207.0 156.0 140.0 109.0 108.0 28.0 63.0 19.0 207.0 295.0 215.0 
240.0 220.0 200.0 199.0 171.0 188.0 144.0 143.0 107.0 109.0 98.0 47.0 48.0 43.0 55.0 0 48.0 56.0 101.0 107.0 158.0 202.0 200.0 220.0 268.0 275.0 292.0 278.0 318.0 267.0 302.0 233.0 216.0 241.0 192.0 230.0 179.0 163.0 132.0 131.0 51.0 86.0 36.0 152.0 291.0 238.0 
288.0 268.0 248.0 247.0 219.0 236.0 192.0 191.0 155.0 157.0 146.0 95.0 96.0 91.0 103.0 48.0 0 8.0 53.0 59.0 110.0 154.0 152.0 172.0 220.0 227.0 244.0 230.0 270.0 248.0 283.0 281.0 264.0 289.0 240.0 278.0 227.0 211.0 180.0 179.0 99.0 134.0 84.0 104.0 243.0 277.0 
281.0 276.0 256.0 255.0 227.0 244.0 200.0 199.0 163.0 165.0 154.0 103.0 104.0 99.0 111.0 56.0 8.0 0 45.0 51.0 102.0 146.0 144.0 164.0 212.0 219.0 236.0 222.0 262.0 240.0 275.0 274.0 272.0 297.0 248.0 286.0 235.0 219.0 188.0 187.0 107.0 142.0 92.0 96.0 235.0 269.0 
236.0 250.0 262.0 263.0 272.0 289.0 245.0 244.0 208.0 210.0 199.0 148.0 149.0 144.0 156.0 101.0 53.0 45.0 0 6.0 57.0 101.0 99.0 119.0 167.0 174.0 191.0 177.0 217.0 195.0 230.0 229.0 246.0 305.0 270.0 308.0 280.0 264.0 233.0 232.0 152.0 187.0 137.0 51.0 190.0 224.0 
230.0 244.0 256.0 257.0 278.0 295.0 251.0 250.0 214.0 216.0 205.0 154.0 155.0 150.0 162.0 107.0 59.0 51.0 6.0 0 51.0 95.0 93.0 113.0 161.0 168.0 185.0 171.0 211.0 189.0 224.0 223.0 240.0 299.0 264.0 302.0 286.0 270.0 239.0 238.0 158.0 193.0 143.0 45.0 184.0 218.0 
191.0 205.0 217.0 218.0 246.0 279.0 297.0 298.0 265.0 267.0 256.0 205.0 206.0 201.0 213.0 158.0 110.0 102.0 57.0 51.0 0 56.0 54.0 74.0 122.0 129.0 146.0 132.0 172.0 150.0 185.0 184.0 201.0 260.0 225.0 263.0 254.0 254.0 285.0 286.0 209.0 244.0 194.0 6.0 145.0 179.0 
139.0 153.0 165.0 166.0 194.0 227.0 245.0 246.0 298.0 278.0 267.0 249.0 250.0 245.0 257.0 202.0 154.0 146.0 101.0 95.0 56.0 0 2.0 22.0 70.0 77.0 94.0 80.0 120.0 98.0 133.0 132.0 149.0 208.0 173.0 211.0 202.0 202.0 233.0 234.0 253.0 288.0 238.0 50.0 93.0 127.0 
137.0 151.0 163.0 164.0 192.0 225.0 243.0 244.0 296.0 276.0 265.0 247.0 248.0 243.0 255.0 200.0 152.0 144.0 99.0 93.0 54.0 2.0 0 20.0 68.0 75.0 92.0 78.0 118.0 96.0 131.0 130.0 147.0 206.0 171.0 209.0 200.0 200.0 231.0 232.0 251.0 286.0 236.0 48.0 91.0 125.0 
117.0 131.0 143.0 144.0 172.0 205.0 223.0 224.0 276.0 256.0 245.0 267.0 268.0 263.0 275.0 220.0 172.0 164.0 119.0 113.0 74.0 22.0 20.0 0 48.0 55.0 72.0 58.0 98.0 76.0 111.0 110.0 127.0 186.0 151.0 189.0 180.0 180.0 211.0 212.0 271.0 306.0 256.0 68.0 71.0 105.0 
69.0 83.0 95.0 96.0 124.0 157.0 175.0 176.0 228.0 208.0 197.0 248.0 249.0 266.0 272.0 268.0 220.0 212.0 167.0 161.0 122.0 70.0 68.0 48.0 0 7.0 24.0 10.0 50.0 28.0 63.0 62.0 79.0 138.0 103.0 141.0 132.0 132.0 163.0 164.0 244.0 279.0 259.0 116.0 23.0 57.0 
62.0 76.0 88.0 89.0 117.0 150.0 168.0 169.0 221.0 201.0 190.0 241.0 242.0 259.0 265.0 275.0 227.0 219.0 174.0 168.0 129.0 77.0 75.0 55.0 7.0 0 17.0 3.0 43.0 21.0 56.0 55.0 72.0 131.0 96.0 134.0 125.0 125.0 156.0 157.0 237.0 272.0 252.0 123.0 30.0 50.0 
79.0 93.0 105.0 106.0 134.0 167.0 185.0 186.0 238.0 218.0 207.0 258.0 259.0 276.0 282.0 292.0 244.0 236.0 191.0 185.0 146.0 94.0 92.0 72.0 24.0 17.0 0 20.0 60.0 38.0 73.0 72.0 89.0 148.0 113.0 151.0 142.0 142.0 173.0 174.0 254.0 289.0 269.0 140.0 47.0 67.0 
59.0 73.0 85.0 86.0 114.0 147.0 165.0 166.0 218.0 198.0 187.0 238.0 239.0 256.0 262.0 278.0 230.0 222.0 177.0 171.0 132.0 80.0 78.0 58.0 10.0 3.0 20.0 0 40.0 18.0 53.0 52.0 69.0 128.0 93.0 131.0 122.0 122.0 153.0 154.0 234.0 269.0 249.0 126.0 33.0 47.0 
99.0 113.0 125.0 126.0 154.0 187.0 205.0 206.0 258.0 238.0 227.0 278.0 279.0 296.0 302.0 318.0 270.0 262.0 217.0 211.0 172.0 120.0 118.0 98.0 50.0 43.0 60.0 40.0 0 58.0 93.0 92.0 109.0 168.0 133.0 171.0 162.0 162.0 193.0 194.0 274.0 309.0 289.0 166.0 73.0 87.0 
41.0 55.0 67.0 68.0 96.0 129.0 147.0 148.0 200.0 180.0 169.0 220.0 221.0 238.0 244.0 267.0 248.0 240.0 195.0 189.0 150.0 98.0 96.0 76.0 28.0 21.0 38.0 18.0 58.0 0 35.0 34.0 51.0 110.0 75.0 113.0 104.0 104.0 135.0 136.0 216.0 251.0 231.0 144.0 51.0 29.0 
76.0 90.0 102.0 103.0 131.0 164.0 182.0 183.0 235.0 215.0 204.0 255.0 256.0 273.0 279.0 302.0 283.0 275.0 230.0 224.0 185.0 133.0 131.0 111.0 63.0 56.0 73.0 53.0 93.0 35.0 0 69.0 86.0 145.0 110.0 148.0 139.0 139.0 170.0 171.0 251.0 286.0 266.0 179.0 86.0 64.0 
7.0 21.0 33.0 34.0 62.0 95.0 113.0 114.0 166.0 146.0 135.0 186.0 187.0 204.0 210.0 233.0 281.0 274.0 229.0 223.0 184.0 132.0 130.0 110.0 62.0 55.0 72.0 52.0 92.0 34.0 69.0 0 17.0 76.0 41.0 79.0 70.0 70.0 101.0 102.0 182.0 217.0 197.0 178.0 85.0 5.0 
24.0 4.0 16.0 17.0 45.0 78.0 96.0 97.0 149.0 129.0 118.0 169.0 170.0 187.0 193.0 216.0 264.0 272.0 246.0 240.0 201.0 149.0 147.0 127.0 79.0 72.0 89.0 69.0 109.0 51.0 86.0 17.0 0 59.0 24.0 62.0 53.0 53.0 84.0 85.0 165.0 200.0 180.0 195.0 102.0 22.0 
83.0 63.0 43.0 42.0 70.0 103.0 121.0 122.0 174.0 154.0 143.0 194.0 195.0 212.0 218.0 241.0 289.0 297.0 305.0 299.0 260.0 208.0 206.0 186.0 138.0 131.0 148.0 128.0 168.0 110.0 145.0 76.0 59.0 0 49.0 87.0 78.0 78.0 109.0 110.0 190.0 225.0 205.0 254.0 161.0 81.0 
48.0 28.0 8.0 7.0 21.0 54.0 72.0 73.0 125.0 105.0 94.0 145.0 146.0 163.0 169.0 192.0 240.0 248.0 270.0 264.0 225.0 173.0 171.0 151.0 103.0 96.0 113.0 93.0 133.0 75.0 110.0 41.0 24.0 49.0 0 38.0 29.0 29.0 60.0 61.0 141.0 176.0 156.0 219.0 126.0 46.0 
86.0 66.0 46.0 45.0 59.0 92.0 110.0 111.0 163.0 143.0 132.0 183.0 184.0 201.0 207.0 230.0 278.0 286.0 308.0 302.0 263.0 211.0 209.0 189.0 141.0 134.0 151.0 131.0 171.0 113.0 148.0 79.0 62.0 87.0 38.0 0 67.0 67.0 98.0 99.0 179.0 214.0 194.0 257.0 164.0 84.0 
77.0 57.0 37.0 36.0 8.0 41.0 59.0 60.0 112.0 92.0 81.0 132.0 133.0 150.0 156.0 179.0 227.0 235.0 280.0 286.0 254.0 202.0 200.0 180.0 132.0 125.0 142.0 122.0 162.0 104.0 139.0 70.0 53.0 78.0 29.0 67.0 0 16.0 47.0 48.0 128.0 163.0 143.0 248.0 155.0 75.0 
77.0 57.0 37.0 36.0 8.0 25.0 43.0 44.0 96.0 76.0 65.0 116.0 117.0 134.0 140.0 163.0 211.0 219.0 264.0 270.0 254.0 202.0 200.0 180.0 132.0 125.0 142.0 122.0 162.0 104.0 139.0 70.0 53.0 78.0 29.0 67.0 16.0 0 31.0 32.0 112.0 147.0 127.0 248.0 155.0 75.0 
108.0 88.0 68.0 67.0 39.0 56.0 12.0 13.0 65.0 45.0 34.0 85.0 86.0 103.0 109.0 132.0 180.0 188.0 233.0 239.0 285.0 233.0 231.0 211.0 163.0 156.0 173.0 153.0 193.0 135.0 170.0 101.0 84.0 109.0 60.0 98.0 47.0 31.0 0 1.0 81.0 116.0 96.0 279.0 186.0 106.0 
109.0 89.0 69.0 68.0 40.0 57.0 13.0 12.0 64.0 44.0 33.0 84.0 85.0 102.0 108.0 131.0 179.0 187.0 232.0 238.0 286.0 234.0 232.0 212.0 164.0 157.0 174.0 154.0 194.0 136.0 171.0 102.0 85.0 110.0 61.0 99.0 48.0 32.0 1.0 0 80.0 115.0 95.0 280.0 187.0 107.0 
189.0 169.0 149.0 148.0 120.0 137.0 93.0 92.0 56.0 58.0 47.0 4.0 5.0 22.0 28.0 51.0 99.0 107.0 152.0 158.0 209.0 253.0 251.0 271.0 244.0 237.0 254.0 234.0 274.0 216.0 251.0 182.0 165.0 190.0 141.0 179.0 128.0 112.0 81.0 80.0 0 35.0 15.0 203.0 267.0 187.0 
224.0 204.0 184.0 183.0 155.0 172.0 128.0 127.0 91.0 93.0 82.0 39.0 40.0 57.0 63.0 86.0 134.0 142.0 187.0 193.0 244.0 288.0 286.0 306.0 279.0 272.0 289.0 269.0 309.0 251.0 286.0 217.0 200.0 225.0 176.0 214.0 163.0 147.0 116.0 115.0 35.0 0 50.0 238.0 302.0 222.0 
204.0 184.0 164.0 163.0 135.0 152.0 108.0 107.0 71.0 73.0 62.0 11.0 12.0 7.0 19.0 36.0 84.0 92.0 137.0 143.0 194.0 238.0 236.0 256.0 259.0 252.0 269.0 249.0 289.0 231.0 266.0 197.0 180.0 205.0 156.0 194.0 143.0 127.0 96.0 95.0 15.0 50.0 0 188.0 282.0 202.0 
185.0 199.0 211.0 212.0 240.0 273.0 291.0 292.0 259.0 261.0 250.0 199.0 200.0 195.0 207.0 152.0 104.0 96.0 51.0 45.0 6.0 50.0 48.0 68.0 116.0 123.0 140.0 126.0 166.0 144.0 179.0 178.0 195.0 254.0 219.0 257.0 248.0 248.0 279.0 280.0 203.0 238.0 188.0 0 139.0 173.0 
92.0 106.0 118.0 119.0 147.0 180.0 198.0 199.0 251.0 231.0 220.0 271.0 272.0 289.0 295.0 291.0 243.0 235.0 190.0 184.0 145.0 93.0 91.0 71.0 23.0 30.0 47.0 33.0 73.0 51.0 86.0 85.0 102.0 161.0 126.0 164.0 155.0 155.0 186.0 187.0 267.0 302.0 282.0 139.0 0 80.0 
12.0 26.0 38.0 39.0 67.0 100.0 118.0 119.0 171.0 151.0 140.0 191.0 192.0 209.0 215.0 238.0 277.0 269.0 224.0 218.0 179.0 127.0 125.0 105.0 57.0 50.0 67.0 47.0 87.0 29.0 64.0 5.0 22.0 81.0 46.0 84.0 75.0 75.0 106.0 107.0 187.0 222.0 202.0 173.0 80.0 0 
