13
48 47 41 39 34 26 27 20 19 12 13 33 6
0 28.0 29.0 65.0 37.0 48.0 25.0 23.0 60.0 39.0 3.0 84.0 1.0 
28.0 0 57.0 93.0 65.0 76.0 53.0 51.0 88.0 67.0 31.0 112.0 29.0 
29.0 57.0 0 36.0 34.0 69.0 46.0 48.0 85.0 68.0 32.0 81.0 30.0 
65.0 93.0 36.0 0 70.0 105.0 82.0 84.0 121.0 104.0 68.0 117.0 66.0 
37.0 65.0 34.0 70.0 0 35.0 12.0 14.0 51.0 70.0 34.0 47.0 36.0 
48.0 76.0 69.0 105.0 35.0 0 23.0 25.0 62.0 81.0 45.0 82.0 47.0 
25.0 53.0 46.0 82.0 12.0 23.0 0 2.0 39.0 58.0 22.0 59.0 24.0 
23.0 51.0 48.0 84.0 14.0 25.0 2.0 0 37.0 56.0 20.0 61.0 22.0 
60.0 88.0 85.0 121.0 51.0 62.0 39.0 37.0 0 93.0 57.0 98.0 59.0 
39.0 67.0 68.0 104.0 70.0 81.0 58.0 56.0 93.0 0 36.0 117.0 38.0 
3.0 31.0 32.0 68.0 34.0 45.0 22.0 20.0 57.0 36.0 0 81.0 2.0 
84.0 112.0 81.0 117.0 47.0 82.0 59.0 61.0 98.0 117.0 81.0 0 83.0 
1.0 29.0 30.0 66.0 36.0 47.0 24.0 22.0 59.0 38.0 2.0 83.0 0 
