43
78 88 98 99 79 87 86 76 65 55 45 44 43 33 32 22 12 11 21 31 30 40 50 61 52 42 63 73 72 83 94 85 64 36 39 29 19 16 4 3 10 80 58
0 1.00001 2.00001 2.32595 1.005 1.34537 2.35037 2.00999 3.26957 3.78022 4.45983 5.24977 6.10329 6.72682 7.56043 8.20732 8.91966 9.6897 9.02719 8.4315 9.32954 8.85665 8.47586 7.20348 6.53912 6.99715 5.22016 5.02495 6.02994 5.02495 4.30814 3.08059 4.23793 4.65189 4.02617 5.02618 5.98416 6.51461 8.41191 9.01389 10.49953 8.00251 2.00001 
1.00001 0 1.00001 2.00501 1.34537 1.005 2.00999 2.33239 3.78022 4.45983 5.2431 5.94644 6.73639 7.43304 8.20732 8.91965 9.68298 10.40626 9.6897 9.02719 9.88131 9.32953 8.85665 7.50268 6.99715 7.56043 5.59018 5.22016 6.20968 5.02495 4.04476 3.01497 4.66477 5.57137 5.00101 5.98416 6.9721 7.47263 9.30377 9.86155 11.17319 8.03991 3.00002 
2.00001 1.00001 0 1.005 2.1471 1.48662 2.33239 2.97322 4.45983 5.2431 6.09017 6.72972 7.43304 8.20062 8.91965 9.687240000000001 10.48619 11.16648 10.40626 9.6897 10.49953 9.88131 9.32953 7.91771 7.56043 8.20732 6.10329 5.59018 6.53912 5.22016 4.01996 3.26957 5.24977 6.51461 5.98416 6.9721 7.96305 8.44039 10.21568 10.73547 11.89286 8.20001 4.00001 
2.32595 2.00501 1.005 0 2.00001 2.33239 3.26957 3.78022 5.24977 5.94644 6.72972 7.43304 8.21344 8.91965 9.6897 10.40626 11.16648 11.89286 11.17319 10.49953 11.34064 10.76152 10.24745 8.85665 8.4315 9.02999 6.99715 6.53912 7.50268 6.20968 5.02495 4.23793 6.10329 6.97783 6.000019999999999 7.00001 8.00001 8.82868 10.737860000000001 11.320789999999999 12.65742 9.19838 4.2202 
1.005 1.34537 2.1471 2.00001 0 2.15408 3.08059 3.01499 4.23793 4.66477 5.24977 6.10329 6.99715 7.56043 8.435680000000001 9.02719 9.6897 10.49953 9.88131 9.32953 10.24745 9.80868 9.4557 8.20001 7.50268 7.91771 6.20968 6.02994 7.03492 6.01333 5.22016 4.04476 5.22016 5.2431 4.00001 5.00001 6.00001 6.97783 9.01389 9.68298 11.34064 9.00057 2.32595 
1.34537 1.005 1.48662 2.33239 2.15408 0 1.005 1.48662 2.97322 3.7736 4.65189 5.2431 5.94644 6.72013 7.43304 8.20062 9.01389 9.687240000000001 8.91965 8.21344 9.02719 8.4315 7.91771 6.53912 6.10329 6.72682 4.66478 4.23793 5.24293 4.01997 3.08059 2.00999 3.78022 5.19712 5.20001 6.13515 7.08803 7.17009 8.82554 9.30378 10.40626 7.03492 3.06758 
2.35037 2.00999 2.33239 3.26957 3.08059 1.005 0 1.00001 2.32595 3.25731 4.2202 4.65189 5.2431 6.09017 6.72013 7.54719 8.41191 9.01389 8.20062 7.43304 8.20732 7.56043 6.99715 5.59018 5.24977 5.94644 3.78022 3.26957 4.23793 3.01497 2.15408 1.005 2.97322 5.00001 5.57585 6.44128 7.34099 7.000019999999999 8.44039 8.82868 9.68298 6.02994 3.49247 
2.00999 2.33239 2.97322 3.78022 3.01499 1.48662 1.00001 0 1.48662 2.32595 3.25731 3.7736 4.45984 5.2431 5.94644 6.72013 7.5472 8.20062 7.43304 6.72682 7.56043 6.99715 6.53912 5.24293 4.66477 5.24977 3.26957 3.01497 4.01996 3.08059 2.69073 1.34537 2.49162 4.00001 4.76341 5.57585 6.44129 6.000019999999999 7.47263 7.89241 8.91965 6.01333 2.69073 
3.26957 3.78022 4.45983 5.24977 4.23793 2.97322 2.32595 1.48662 0 1.00001 2.00002 2.32595 2.97322 3.7736 4.45983 5.2431 6.09017 6.72013 5.94644 5.24977 6.10329 5.59018 5.22016 4.01996 3.26957 3.78022 2.00999 2.15408 3.08059 2.69073 3.14711 2.00001 1.005 3.06758 4.77075 5.38146 6.09591 5.00101 6.18143 6.51461 7.43304 5.22016 3.08059 
3.78022 4.45983 5.2431 5.94644 4.66477 3.7736 3.25731 2.32595 1.00001 0 1.00001 1.48662 2.33239 2.97322 3.78022 4.45983 5.2431 5.94644 5.24977 4.66477 5.59018 5.22016 5.02495 4.04476 3.01497 3.26957 2.15408 2.69073 3.4482 3.44094 4.02617 3.00001 1.34537 2.1471 4.30814 4.77075 5.38146 4.02617 5.22021 5.57137 6.72682 5.59018 3.01497 
4.45983 5.2431 6.09017 6.72972 5.24977 4.65189 4.2202 3.25731 2.00002 1.00001 0 1.005 2.00999 2.49162 3.26957 3.78022 4.45984 5.24977 4.66477 4.23793 5.22016 5.02495 5.02495 4.30814 3.08059 3.01499 2.69073 3.44094 4.036099999999999 4.29419 5.00101 4.00001 2.1471 1.34537 4.04476 4.30814 4.77075 3.06758 4.2202 4.65189 6.10329 6.10329 3.26957 
5.24977 5.94644 6.72972 7.43304 6.10329 5.2431 4.65189 3.7736 2.32595 1.48662 1.005 0 1.005 1.48662 2.33239 2.97322 3.7736 4.45983 3.78022 3.26957 4.23793 4.01996 4.04476 3.4482 2.15408 2.00999 2.1471 3.06758 3.44094 4.02617 5.00001 4.2202 2.00001 2.15408 5.02495 5.22016 5.59018 3.44094 4.00002 4.2202 5.24977 5.38146 4.23793 
6.10329 6.73639 7.43304 8.21344 6.99715 5.94644 5.2431 4.45984 2.97322 2.33239 2.00999 1.005 0 1.00001 1.48662 2.32595 3.25731 3.7736 2.97322 2.33239 3.26957 3.01497 3.15908 2.69073 1.34537 1.005 2.00001 3.00001 3.14711 4.00002 5.19712 4.6519 2.32595 3.08059 6.01333 6.16118 6.46221 4.036099999999999 4.02617 4.00001 4.45983 4.76341 5.22016 
6.72682 7.43304 8.20062 8.91965 7.56043 6.72013 6.09017 5.2431 3.7736 2.97322 2.49162 1.48662 1.00001 0 1.005 1.48662 2.32595 2.97322 2.33239 2.00999 3.01497 3.08059 3.4482 3.44094 2.1471 1.34537 3.00001 4.00001 4.02617 5.00002 6.18143 5.57137 3.25731 3.01497 6.02994 6.01333 6.16118 3.4482 3.06758 3.00001 3.8190100000000005 5.5880399999999995 5.59018 
7.56043 8.20732 8.91965 9.6897 8.435680000000001 7.43304 6.72013 5.94644 4.45983 3.78022 3.26957 2.33239 1.48662 1.005 0 1.00001 2.00001 2.32595 1.48662 1.005 2.00999 2.15408 2.69073 3.06758 2.00001 1.00001 3.25731 4.2202 4.00001 5.25732 6.51461 6.099550000000001 3.81257 4.01996 7.03493 7.00644 7.12535 4.30814 3.44094 3.06758 2.97322 5.20001 6.53912 
8.20732 8.91965 9.687240000000001 10.40626 9.02719 8.20062 7.54719 6.72013 5.2431 4.45983 3.78022 2.97322 2.32595 1.48662 1.00001 0 1.00001 1.48662 1.005 1.34537 2.15408 2.69073 3.44094 4.02617 3.00001 2.00001 4.2202 5.19712 5.00001 6.18143 7.47263 6.97783 4.65189 4.23793 7.20348 7.03493 7.00644 4.04476 2.69073 2.1471 2.33239 6.13515 6.99715 
8.91966 9.68298 10.48619 11.16648 9.6897 9.01389 8.41191 7.5472 6.09017 5.2431 4.45984 3.7736 3.25731 2.32595 2.00001 1.00001 0 1.005 1.34537 2.1471 2.69073 3.44094 4.29419 5.00101 4.00002 3.00001 5.19712 6.18143 6.00001 7.17009 8.44039 7.89241 5.57137 4.66477 7.50268 7.20348 7.03492 4.01996 2.15408 1.34537 2.00999 7.08803 7.56043 
9.6897 10.40626 11.16648 11.89286 10.49953 9.687240000000001 9.01389 8.20062 6.72013 5.94644 5.24977 4.45983 3.7736 2.97322 2.32595 1.48662 1.005 0 1.00001 2.00001 2.34538 3.06758 4.02617 5.00001 4.2202 3.25731 5.57137 6.51461 6.18143 7.47263 8.82554 8.41191 6.09017 5.60196 8.47586 8.20001 8.03991 5.02495 3.08059 2.15408 1.005 6.9721 8.4315 
9.02719 9.6897 10.40626 11.17319 9.88131 8.91965 8.20062 7.43304 5.94644 5.24977 4.66477 3.78022 2.97322 2.33239 1.48662 1.005 1.34537 1.00001 0 1.00001 1.34537 2.1471 3.06758 4.00001 3.25731 2.32595 4.65189 5.57137 5.19712 6.51461 7.89241 7.54719 5.2431 5.22016 8.20001 8.03991 8.00251 5.02495 3.4482 2.69073 1.48662 5.98416 7.91771 
8.4315 9.02719 9.6897 10.49953 9.32953 8.21344 7.43304 6.72682 5.24977 4.66477 4.23793 3.26957 2.33239 2.00999 1.005 1.34537 2.1471 2.00001 1.00001 0 1.005 1.34537 2.1471 3.00001 2.32595 1.48662 3.7736 4.6519 4.2202 5.57137 6.97783 6.72013 4.45983 5.02495 8.03991 8.00251 8.08951 5.22016 4.036099999999999 3.44094 2.32595 5.00101 7.50268 
9.32954 9.88131 10.49953 11.34064 10.24745 9.02719 8.20732 7.56043 6.10329 5.59018 5.22016 4.23793 3.26957 3.01497 2.00999 2.15408 2.69073 2.34538 1.34537 1.005 0 1.00001 2.00001 3.25731 2.97322 2.49162 4.45983 5.2431 4.65189 6.099550000000001 7.54719 7.43304 5.24977 6.02994 9.0449 9.00057 9.06698 6.16118 4.77075 4.036099999999999 2.00001 5.000019999999999 8.47586 
8.85665 9.32953 9.88131 10.76152 9.80868 8.4315 7.56043 6.99715 5.59018 5.22016 5.02495 4.01996 3.01497 3.08059 2.15408 2.69073 3.44094 3.06758 2.1471 1.34537 1.00001 0 1.00001 2.32595 2.33239 2.00999 3.78022 4.45983 3.7736 5.2431 6.72972 6.72682 4.66477 6.01333 9.00057 9.06698 9.24176 6.46221 5.38146 4.76341 3.00001 4.00001 8.20001 
8.47586 8.85665 9.32953 10.24745 9.4557 7.91771 6.99715 6.53912 5.22016 5.02495 5.02495 4.04476 3.15908 3.4482 2.69073 3.44094 4.29419 4.02617 3.06758 2.1471 2.00001 1.00001 0 1.48662 2.00999 2.15408 3.26957 3.78022 2.97322 4.45983 5.94644 6.10329 4.23793 6.16118 9.06698 9.24176 9.51894 6.89639 6.09591 5.57585 4.00001 3.00001 8.03991 
7.20348 7.50268 7.91771 8.85665 8.20001 6.53912 5.59018 5.24293 4.01996 4.04476 4.30814 3.4482 2.69073 3.44094 3.06758 4.02617 5.00101 5.00001 4.00001 3.00001 3.25731 2.32595 1.48662 0 1.34537 2.1471 2.00999 2.33239 1.48662 2.97322 4.45983 4.66477 3.01497 5.59018 8.297 8.61628 9.0355 6.72682 6.44128 6.13515 5.19712 2.1471 7.00644 
6.53912 6.99715 7.56043 8.4315 7.50268 6.10329 5.24977 4.66477 3.26957 3.01497 3.08059 2.15408 1.34537 2.1471 2.00001 3.00001 4.00002 4.2202 3.25731 2.32595 2.97322 2.33239 2.00999 1.34537 0 1.00001 2.00501 2.32595 2.00001 3.25731 4.65189 4.45983 2.33239 4.30814 7.1197 7.36818 7.73887 5.38146 5.20001 5.00101 4.6519 3.49247 6.02994 
6.99715 7.56043 8.20732 9.02999 7.91771 6.72682 5.94644 5.24977 3.78022 3.26957 3.01499 2.00999 1.005 1.34537 1.00001 2.00001 3.00001 3.25731 2.32595 1.48662 2.49162 2.00999 2.15408 2.1471 1.00001 0 2.32595 3.25731 3.00002 4.25732 5.57137 5.2431 2.97322 4.04476 7.00644 7.1197 7.36818 4.77075 4.29419 4.06759 3.7736 4.29419 6.20968 
5.22016 5.59018 6.10329 6.99715 6.20968 4.66478 3.78022 3.26957 2.00999 2.15408 2.69073 2.1471 2.00001 3.00001 3.25731 4.2202 5.19712 5.57137 4.65189 3.7736 4.45983 3.78022 3.26957 2.00999 2.00501 2.32595 0 1.00001 1.34537 2.00001 3.25731 2.97322 1.005 4.036099999999999 6.46221 6.89639 7.44044 5.5880399999999995 5.98416 6.00001 6.09017 3.4482 5.04976 
5.02495 5.22016 5.59018 6.53912 6.02994 4.23793 3.26957 3.01497 2.15408 2.69073 3.44094 3.06758 3.00001 4.00001 4.2202 5.19712 6.18143 6.51461 5.57137 4.6519 5.2431 4.45983 3.78022 2.33239 2.32595 3.25731 1.00001 0 1.005 2.35037 2.32595 2.33239 2.00501 4.76341 6.89639 7.44044 8.07218 6.44128 6.9721 7.00001 6.97785 3.08059 5.22016 
6.02994 6.20968 6.53912 7.50268 7.03492 5.24293 4.23793 4.01996 3.08059 3.4482 4.036099999999999 3.44094 3.14711 4.02617 4.00001 5.00001 6.00001 6.18143 5.19712 4.2202 4.65189 3.7736 2.97322 1.48662 2.00001 3.00002 1.34537 1.005 0 1.48662 2.97322 3.26957 2.15408 5.38146 7.73887 8.21524 8.7801 6.88187 7.08803 6.9721 6.51461 2.15408 6.16118 
5.02495 5.02495 5.22016 6.20968 6.01333 4.01997 3.01497 3.08059 2.69073 3.44094 4.29419 4.02617 4.00002 5.00002 5.25732 6.18143 7.17009 7.47263 6.51461 5.57137 6.099550000000001 5.2431 4.45983 2.97322 3.25731 4.25732 2.00001 2.35037 1.48662 0 1.48662 2.00999 2.1471 5.57585 7.44044 8.07218 8.77269 7.34099 7.96305 8.00001 7.89241 3.01497 5.59018 
4.30814 4.04476 4.01996 5.02495 5.22016 3.08059 2.15408 2.69073 3.14711 4.02617 5.00101 5.00001 5.19712 6.18143 6.51461 7.47263 8.44039 8.82554 7.89241 6.97783 7.54719 6.72972 5.94644 4.45983 4.65189 5.57137 3.25731 2.32595 2.97322 1.48662 0 1.34537 3.00002 6.13515 7.43304 8.20062 9.01389 8.05234 9.00001 9.15479 9.30377 4.23793 5.38146 
3.08059 3.01497 3.26957 4.23793 4.04476 2.00999 1.005 1.34537 2.00001 3.00001 4.00001 4.2202 4.6519 5.57137 6.099550000000001 6.97783 7.89241 8.41191 7.54719 6.72013 7.43304 6.72682 6.10329 4.66477 4.45983 5.2431 2.97322 2.33239 3.26957 2.00999 1.34537 0 2.32595 5.00101 6.09591 6.88187 7.71752 6.9721 8.1615 8.44039 9.01389 5.02495 4.036099999999999 
4.23793 4.66477 5.24977 6.10329 5.22016 3.78022 2.97322 2.49162 1.005 1.34537 2.1471 2.00001 2.32595 3.25731 3.81257 4.65189 5.57137 6.09017 5.2431 4.45983 5.24977 4.66477 4.23793 3.01497 2.33239 2.97322 1.005 2.00501 2.15408 2.1471 3.00002 2.32595 0 3.44094 5.59018 6.10329 6.72682 5.2146799999999995 6.00001 6.18143 6.72013 4.30814 4.04476 
4.65189 5.57137 6.51461 6.97783 5.2431 5.19712 5.00001 4.00001 3.06758 2.1471 1.34537 2.15408 3.08059 3.01497 4.01996 4.23793 4.66477 5.60196 5.22016 5.02495 6.02994 6.01333 6.16118 5.59018 4.30814 4.04476 4.036099999999999 4.76341 5.38146 5.57585 6.13515 5.00101 3.44094 0 3.01497 3.08059 3.4482 2.00001 3.7736 4.45983 6.53912 7.44044 2.97322 
4.02617 5.00101 5.98416 6.000019999999999 4.00001 5.20001 5.57585 4.76341 4.77075 4.30814 4.04476 5.02495 6.01333 6.02994 7.03493 7.20348 7.50268 8.47586 8.20001 8.03991 9.0449 9.00057 9.06698 8.297 7.1197 7.00644 6.46221 6.89639 7.73887 7.44044 7.43304 6.09591 5.59018 3.01497 0 1.00001 2.00001 3.78022 6.11261 6.99715 9.45809 9.8899 2.1471 
5.02618 5.98416 6.9721 7.00001 5.00001 6.13515 6.44128 5.57585 5.38146 4.77075 4.30814 5.22016 6.16118 6.01333 7.00644 7.03493 7.20348 8.20001 8.03991 8.00251 9.00057 9.06698 9.24176 8.61628 7.36818 7.1197 6.89639 7.44044 8.21524 8.07218 8.20062 6.88187 6.10329 3.08059 1.00001 0 1.00001 3.26957 5.59018 6.53912 9.19838 10.34457 3.06758 
5.98416 6.9721 7.96305 8.00001 6.00001 7.08803 7.34099 6.44129 6.09591 5.38146 4.77075 5.59018 6.46221 6.16118 7.12535 7.00644 7.03492 8.03991 8.00251 8.08951 9.06698 9.24176 9.51894 9.0355 7.73887 7.36818 7.44044 8.07218 8.7801 8.77269 9.01389 7.71752 6.72682 3.4482 2.00001 1.00001 0 3.01497 5.22016 6.20968 9.04491 10.87245 4.02617 
6.51461 7.47263 8.44039 8.82868 6.97783 7.17009 7.000019999999999 6.000019999999999 5.00101 4.02617 3.06758 3.44094 4.036099999999999 3.4482 4.30814 4.04476 4.01996 5.02495 5.02495 5.22016 6.16118 6.46221 6.89639 6.72682 5.38146 4.77075 5.5880399999999995 6.44128 6.88187 7.34099 8.05234 6.9721 5.2146799999999995 2.00001 3.78022 3.26957 3.01497 0 2.33239 3.33739 6.02994 8.77269 4.65189 
8.41191 9.30377 10.21568 10.737860000000001 9.01389 8.82554 8.44039 7.47263 6.18143 5.22021 4.2202 4.00002 4.02617 3.06758 3.44094 2.69073 2.15408 3.08059 3.4482 4.036099999999999 4.77075 5.38146 6.09591 6.44128 5.20001 4.29419 5.98416 6.9721 7.08803 7.96305 9.00001 8.1615 6.00001 3.7736 6.11261 5.59018 5.22016 2.33239 0 1.005 4.04476 8.58838 6.72013 
9.01389 9.86155 10.73547 11.320789999999999 9.68298 9.30378 8.82868 7.89241 6.51461 5.57137 4.65189 4.2202 4.00001 3.00001 3.06758 2.1471 1.34537 2.15408 2.69073 3.44094 4.036099999999999 4.76341 5.57585 6.13515 5.00101 4.06759 6.00001 7.00001 6.9721 8.00001 9.15479 8.44039 6.18143 4.45983 6.99715 6.53912 6.20968 3.33739 1.005 0 3.08059 8.26379 7.43304 
10.49953 11.17319 11.89286 12.65742 11.34064 10.40626 9.68298 8.91965 7.43304 6.72682 6.10329 5.24977 4.45983 3.8190100000000005 2.97322 2.33239 2.00999 1.005 1.48662 2.32595 2.00001 3.00001 4.00001 5.19712 4.6519 3.7736 6.09017 6.97785 6.51461 7.89241 9.30377 9.01389 6.72013 6.53912 9.45809 9.19838 9.04491 6.02994 4.04476 3.08059 0 7.00001 9.32953 
8.00251 8.03991 8.20001 9.19838 9.00057 7.03492 6.02994 6.01333 5.22016 5.59018 6.10329 5.38146 4.76341 5.5880399999999995 5.20001 6.13515 7.08803 6.9721 5.98416 5.00101 5.000019999999999 4.00001 3.00001 2.1471 3.49247 4.29419 3.4482 3.08059 2.15408 3.01497 4.23793 5.02495 4.30814 7.44044 9.8899 10.34457 10.87245 8.77269 8.58838 8.26379 7.00001 0 8.297 
2.00001 3.00002 4.00001 4.2202 2.32595 3.06758 3.49247 2.69073 3.08059 3.01497 3.26957 4.23793 5.22016 5.59018 6.53912 6.99715 7.56043 8.4315 7.91771 7.50268 8.47586 8.20001 8.03991 7.00644 6.02994 6.20968 5.04976 5.22016 6.16118 5.59018 5.38146 4.036099999999999 4.04476 2.97322 2.1471 3.06758 4.02617 4.65189 6.72013 7.43304 9.32953 8.297 0 
