21
18 17 27 37 36 26 6 5 14 13 3 2 12 22 21 11 20 30 34 39 19
0 1.005 2.00501 3.00501 2.69073 2.15408 2.49162 3.26957 4.01996 5.02495 5.22016 6.22516 6.02994 6.0299499999999995 7.00644 7.03493 8.00251 8.08951 4.30816 2.32595 1.005 
1.005 0 1.00001 2.00001 2.1471 1.34537 1.48662 2.33239 3.01497 4.01996 4.23793 5.22016 5.02495 5.02495 6.01333 6.02994 7.00644 7.1197 3.49945 2.97322 2.00999 
2.00501 1.00001 0 1.00001 1.34537 1.005 2.32595 2.97322 3.26957 4.23793 4.66477 5.59018 5.22016 5.02495 6.02994 6.22516 7.03492 7.00644 3.08059 2.33239 2.15408 
3.00501 2.00001 1.00001 0 1.005 1.48662 3.3259600000000002 3.7736 3.8190100000000005 4.66477 5.24977 6.151400000000001 5.59018 5.22016 6.20968 6.53912 7.20348 7.03492 3.01497 2.00999 3.1521 
2.69073 2.1471 1.34537 1.005 0 1.00001 3.00001 3.25731 2.97322 3.78022 4.45983 5.24977 4.66477 4.23793 5.22016 5.60196 6.20968 6.02994 2.00999 3.01497 3.4482 
2.15408 1.34537 1.005 1.48662 1.00001 0 2.00001 2.32595 2.33239 3.33739 3.78022 4.66478 4.23793 4.01996 5.02495 5.22016 6.02994 6.01333 2.15408 3.26957 3.08059 
2.49162 1.48662 2.32595 3.3259600000000002 3.00001 2.00001 0 1.005 2.15408 3.08059 3.01497 4.01996 4.04476 4.30814 5.22016 5.02495 6.16118 6.46221 3.44094 4.45983 3.26957 
3.26957 2.33239 2.97322 3.7736 3.25731 2.32595 1.005 0 1.34537 2.15408 2.00999 3.01497 3.08059 3.4482 4.30814 4.04476 5.2346699999999995 5.59018 3.06758 5.24977 4.23793 
4.01996 3.01497 3.26957 3.8190100000000005 2.97322 2.33239 2.15408 1.34537 0 1.005 1.48662 2.33239 2.00999 2.15408 3.08059 3.01497 4.08559 4.30814 2.00001 5.59018 5.02495 
5.02495 4.01996 4.23793 4.66477 3.78022 3.33739 3.08059 2.15408 1.005 0 1.00001 2.00501 1.005 1.34537 2.15408 2.00999 3.08059 3.4482 2.32595 6.53912 6.02994 
5.22016 4.23793 4.66477 5.24977 4.45983 3.78022 3.01497 2.00999 1.48662 1.00001 0 1.005 1.34537 2.34538 2.69074 2.15408 3.49945 4.036099999999999 3.3259600000000002 6.99715 6.20968 
6.22516 5.22016 5.59018 6.151400000000001 5.24977 4.66478 4.01996 3.01497 2.33239 2.00501 1.005 0 1.00001 2.00002 2.1471 1.34537 2.69073 3.44094 3.7736 7.91771 7.20348 
6.02994 5.02495 5.22016 5.59018 4.66477 4.23793 4.04476 3.08059 2.00999 1.005 1.34537 1.00001 0 1.00001 1.34537 1.005 2.35037 2.69073 2.97322 7.50268 7.03492 
6.0299499999999995 5.02495 5.02495 5.22016 4.23793 4.01996 4.30814 3.4482 2.15408 1.34537 2.34538 2.00002 1.00001 0 1.005 1.48662 2.00999 2.15408 2.33239 7.20348 7.00644 
7.00644 6.01333 6.02994 6.20968 5.22016 5.02495 5.22016 4.30814 3.08059 2.15408 2.69074 2.1471 1.34537 1.005 0 1.00001 1.005 1.34537 3.26957 8.20001 8.00251 
7.03493 6.02994 6.22516 6.53912 5.60196 5.22016 5.02495 4.04476 3.01497 2.00999 2.15408 1.34537 1.005 1.48662 1.00001 0 1.34537 2.1471 3.78022 8.47586 8.039919999999999 
8.00251 7.00644 7.03492 7.20348 6.20968 6.02994 6.16118 5.2346699999999995 4.08559 3.08059 3.49945 2.69073 2.35037 2.00999 1.005 1.34537 0 1.00001 4.23793 9.19838 9.00057 
8.08951 7.1197 7.00644 7.03492 6.02994 6.01333 6.46221 5.59018 4.30814 3.4482 4.036099999999999 3.44094 2.69073 2.15408 1.34537 2.1471 1.00001 0 4.01996 9.0449 9.06698 
4.30816 3.49945 3.08059 3.01497 2.00999 2.15408 3.44094 3.06758 2.00001 2.32595 3.3259600000000002 3.7736 2.97322 2.33239 3.26957 3.78022 4.23793 4.01996 0 5.02495 5.22016 
2.32595 2.97322 2.33239 2.00999 3.01497 3.26957 4.45983 5.24977 5.59018 6.53912 6.99715 7.91771 7.50268 7.20348 8.20001 8.47586 9.19838 9.0449 5.02495 0 2.00001 
1.005 2.00999 2.15408 3.1521 3.4482 3.08059 3.26957 4.23793 5.02495 6.02994 6.20968 7.20348 7.03492 7.00644 8.00251 8.039919999999999 9.00057 9.06698 5.22016 2.00001 0 
