48
Loc82 Loc27 Loc13 Loc43 Loc56 Loc52 Loc41 Loc74 Loc16 Loc90 Loc80 Loc45 Loc3 Loc53 Loc11 Loc9 Loc6 Loc19 Loc66 Loc14 Loc40 Loc54 Loc67 Loc24 Loc1 Loc92 Loc58 Loc26 Loc46 Loc60 Loc15 Loc86 Loc35 Loc75 Loc91 Loc34 Loc17 Loc55 Loc22 Loc49 Loc8 Loc93 Loc63 Loc28 Loc51 Loc7 Loc0 Loc2
0 78.0 94.0 102.0 159.0 108.0 106.0 195.0 245.0 278.0 333.0 415.0 378.0 430.0 481.0 513.0 453.0 408.0 394.0 296.0 230.0 189.0 181.0 388.0 456.0 510.0 543.0 515.0 434.0 546.0 624.0 633.0 666.0 697.0 697.0 734.0 821.0 469.0 447.0 304.0 304.0 257.0 188.0 411.0 397.0 475.0 870.0 32.0 
78.0 0 42.0 50.0 99.0 110.0 138.0 255.0 305.0 338.0 393.0 475.0 408.0 430.0 457.0 489.0 429.0 388.0 388.0 298.0 232.0 231.0 223.0 364.0 432.0 486.0 519.0 491.0 410.0 522.0 600.0 609.0 642.0 673.0 673.0 710.0 797.0 445.0 423.0 244.0 252.0 197.0 164.0 387.0 457.0 423.0 818.0 48.0 
94.0 42.0 0 62.0 95.0 122.0 154.0 289.0 339.0 372.0 427.0 509.0 442.0 464.0 495.0 527.0 467.0 422.0 408.0 310.0 244.0 247.0 221.0 402.0 470.0 524.0 557.0 529.0 448.0 560.0 638.0 647.0 680.0 711.0 711.0 748.0 835.0 483.0 461.0 282.0 290.0 191.0 202.0 425.0 491.0 461.0 856.0 62.0 
102.0 50.0 62.0 0 77.0 104.0 162.0 279.0 329.0 362.0 417.0 499.0 432.0 454.0 471.0 465.0 405.0 404.0 388.0 292.0 226.0 255.0 203.0 340.0 408.0 462.0 495.0 467.0 386.0 498.0 576.0 585.0 618.0 649.0 649.0 686.0 773.0 421.0 399.0 220.0 228.0 173.0 140.0 363.0 481.0 399.0 794.0 72.0 
159.0 99.0 95.0 77.0 0 137.0 219.0 354.0 404.0 437.0 492.0 574.0 507.0 529.0 476.0 452.0 392.0 403.0 385.0 323.0 249.0 312.0 236.0 321.0 389.0 443.0 476.0 448.0 367.0 479.0 557.0 566.0 599.0 630.0 630.0 667.0 754.0 402.0 380.0 201.0 209.0 110.0 121.0 344.0 556.0 380.0 775.0 127.0 
108.0 110.0 122.0 104.0 137.0 0 146.0 227.0 277.0 310.0 365.0 447.0 380.0 402.0 373.0 405.0 345.0 346.0 328.0 266.0 192.0 227.0 179.0 280.0 348.0 402.0 435.0 407.0 326.0 438.0 516.0 525.0 558.0 589.0 589.0 626.0 713.0 361.0 339.0 272.0 252.0 225.0 114.0 303.0 429.0 443.0 838.0 132.0 
106.0 138.0 154.0 162.0 219.0 146.0 0 167.0 213.0 266.0 273.0 403.0 416.0 468.0 519.0 551.0 491.0 446.0 432.0 334.0 268.0 227.0 219.0 426.0 494.0 548.0 581.0 553.0 472.0 584.0 662.0 671.0 704.0 735.0 735.0 772.0 859.0 507.0 485.0 364.0 364.0 317.0 226.0 449.0 381.0 535.0 930.0 92.0 
195.0 255.0 289.0 279.0 354.0 227.0 167.0 0 118.0 131.0 138.0 266.0 279.0 331.0 382.0 414.0 354.0 309.0 295.0 207.0 165.0 124.0 118.0 289.0 365.0 411.0 444.0 416.0 335.0 447.0 525.0 534.0 567.0 598.0 598.0 635.0 722.0 462.0 480.0 499.0 479.0 452.0 341.0 312.0 244.0 670.0 1065.0 227.0 
245.0 305.0 339.0 329.0 404.0 277.0 213.0 118.0 0 81.0 88.0 220.0 233.0 285.0 336.0 368.0 308.0 263.0 249.0 157.0 173.0 140.0 168.0 243.0 319.0 365.0 404.0 370.0 295.0 401.0 479.0 488.0 521.0 552.0 552.0 589.0 676.0 512.0 530.0 549.0 529.0 502.0 391.0 266.0 198.0 720.0 1115.0 277.0 
278.0 338.0 372.0 362.0 437.0 310.0 266.0 131.0 81.0 0 65.0 145.0 158.0 210.0 261.0 293.0 233.0 188.0 174.0 120.0 188.0 131.0 201.0 240.0 334.0 350.0 419.0 339.0 310.0 328.0 404.0 413.0 446.0 477.0 477.0 514.0 601.0 545.0 563.0 582.0 562.0 535.0 424.0 267.0 123.0 753.0 1148.0 310.0 
333.0 393.0 427.0 417.0 492.0 365.0 273.0 138.0 88.0 65.0 0 162.0 175.0 227.0 278.0 310.0 250.0 205.0 207.0 169.0 243.0 180.0 256.0 289.0 389.0 405.0 474.0 394.0 365.0 377.0 435.0 444.0 463.0 494.0 494.0 531.0 618.0 600.0 618.0 637.0 617.0 590.0 479.0 316.0 140.0 808.0 1203.0 365.0 
415.0 475.0 509.0 499.0 574.0 447.0 403.0 266.0 220.0 145.0 162.0 0 67.0 95.0 146.0 160.0 186.0 171.0 189.0 251.0 325.0 262.0 338.0 371.0 471.0 487.0 556.0 476.0 447.0 459.0 479.0 516.0 457.0 510.0 444.0 399.0 456.0 682.0 700.0 719.0 699.0 672.0 561.0 398.0 22.0 890.0 1285.0 447.0 
378.0 408.0 442.0 432.0 507.0 380.0 416.0 279.0 233.0 158.0 175.0 67.0 0 84.0 135.0 147.0 145.0 104.0 122.0 184.0 258.0 225.0 271.0 304.0 404.0 420.0 489.0 409.0 380.0 392.0 412.0 449.0 390.0 443.0 377.0 356.0 443.0 615.0 633.0 652.0 632.0 605.0 494.0 331.0 49.0 823.0 1218.0 402.0 
430.0 430.0 464.0 454.0 529.0 402.0 468.0 331.0 285.0 210.0 227.0 95.0 84.0 0 89.0 95.0 153.0 126.0 144.0 206.0 280.0 247.0 293.0 326.0 426.0 442.0 511.0 431.0 402.0 414.0 434.0 471.0 412.0 465.0 399.0 354.0 391.0 637.0 655.0 674.0 654.0 627.0 516.0 353.0 87.0 845.0 1240.0 454.0 
481.0 457.0 495.0 471.0 476.0 373.0 519.0 382.0 336.0 261.0 278.0 146.0 135.0 89.0 0 44.0 102.0 111.0 125.0 223.0 289.0 292.0 318.0 273.0 373.0 389.0 458.0 378.0 349.0 361.0 381.0 418.0 359.0 412.0 346.0 301.0 340.0 584.0 602.0 621.0 601.0 574.0 463.0 300.0 138.0 792.0 1187.0 505.0 
513.0 489.0 527.0 465.0 452.0 405.0 551.0 414.0 368.0 293.0 310.0 160.0 147.0 95.0 44.0 0 108.0 117.0 131.0 217.0 283.0 324.0 332.0 243.0 343.0 359.0 428.0 348.0 319.0 331.0 351.0 388.0 329.0 382.0 316.0 271.0 308.0 554.0 572.0 591.0 571.0 544.0 433.0 270.0 170.0 762.0 1157.0 537.0 
453.0 429.0 467.0 405.0 392.0 345.0 491.0 354.0 308.0 233.0 250.0 186.0 145.0 153.0 102.0 108.0 0 123.0 141.0 157.0 223.0 264.0 272.0 185.0 285.0 301.0 370.0 290.0 261.0 273.0 293.0 330.0 271.0 324.0 258.0 281.0 368.0 496.0 514.0 533.0 513.0 486.0 375.0 212.0 168.0 704.0 1099.0 477.0 
408.0 388.0 422.0 404.0 403.0 346.0 446.0 309.0 263.0 188.0 205.0 171.0 104.0 126.0 111.0 117.0 123.0 0 100.0 162.0 228.0 219.0 249.0 200.0 300.0 316.0 385.0 305.0 276.0 288.0 308.0 345.0 286.0 339.0 301.0 326.0 413.0 511.0 529.0 548.0 528.0 501.0 390.0 227.0 153.0 719.0 1114.0 432.0 
394.0 388.0 408.0 388.0 385.0 328.0 432.0 295.0 249.0 174.0 207.0 189.0 122.0 144.0 125.0 131.0 141.0 100.0 0 144.0 210.0 205.0 213.0 182.0 282.0 298.0 367.0 287.0 258.0 270.0 290.0 327.0 274.0 327.0 303.0 340.0 427.0 493.0 511.0 530.0 510.0 483.0 372.0 209.0 171.0 701.0 1096.0 418.0 
296.0 298.0 310.0 292.0 323.0 266.0 334.0 207.0 157.0 120.0 169.0 251.0 184.0 206.0 223.0 217.0 157.0 162.0 144.0 0 154.0 195.0 203.0 164.0 230.0 246.0 305.0 235.0 236.0 250.0 328.0 337.0 370.0 401.0 401.0 438.0 525.0 431.0 449.0 468.0 448.0 421.0 310.0 191.0 233.0 639.0 1034.0 320.0 
230.0 232.0 244.0 226.0 249.0 192.0 268.0 165.0 173.0 188.0 243.0 325.0 258.0 280.0 289.0 283.0 223.0 228.0 210.0 154.0 0 129.0 153.0 158.0 258.0 280.0 313.0 285.0 204.0 316.0 394.0 403.0 436.0 467.0 467.0 504.0 591.0 357.0 375.0 394.0 374.0 347.0 236.0 181.0 307.0 565.0 960.0 254.0 
189.0 231.0 247.0 255.0 312.0 227.0 227.0 124.0 140.0 131.0 180.0 262.0 225.0 247.0 292.0 324.0 264.0 219.0 205.0 195.0 129.0 0 156.0 199.0 275.0 321.0 354.0 326.0 245.0 357.0 435.0 444.0 477.0 508.0 508.0 545.0 632.0 420.0 438.0 457.0 437.0 410.0 299.0 222.0 244.0 628.0 1023.0 213.0 
181.0 223.0 221.0 203.0 236.0 179.0 219.0 118.0 168.0 201.0 256.0 338.0 271.0 293.0 318.0 332.0 272.0 249.0 213.0 203.0 153.0 156.0 0 207.0 295.0 329.0 362.0 334.0 253.0 365.0 443.0 452.0 485.0 516.0 516.0 553.0 640.0 344.0 362.0 381.0 361.0 334.0 223.0 230.0 320.0 552.0 947.0 205.0 
388.0 364.0 402.0 340.0 321.0 280.0 426.0 289.0 243.0 240.0 289.0 371.0 304.0 326.0 273.0 243.0 185.0 200.0 182.0 164.0 158.0 199.0 207.0 0 100.0 154.0 185.0 143.0 144.0 158.0 236.0 245.0 278.0 309.0 309.0 346.0 433.0 311.0 329.0 348.0 328.0 301.0 200.0 163.0 353.0 519.0 914.0 412.0 
456.0 432.0 470.0 408.0 389.0 348.0 494.0 365.0 319.0 334.0 389.0 471.0 404.0 426.0 373.0 343.0 285.0 300.0 282.0 230.0 258.0 275.0 295.0 100.0 0 90.0 93.0 91.0 92.0 106.0 168.0 177.0 210.0 241.0 241.0 278.0 365.0 211.0 229.0 248.0 228.0 279.0 268.0 115.0 453.0 465.0 860.0 480.0 
510.0 486.0 524.0 462.0 443.0 402.0 548.0 411.0 365.0 350.0 405.0 487.0 420.0 442.0 389.0 359.0 301.0 316.0 298.0 246.0 280.0 321.0 329.0 154.0 90.0 0 69.0 77.0 108.0 94.0 132.0 137.0 156.0 187.0 187.0 224.0 311.0 195.0 213.0 242.0 236.0 333.0 322.0 131.0 469.0 519.0 914.0 534.0 
543.0 519.0 557.0 495.0 476.0 435.0 581.0 444.0 404.0 419.0 474.0 556.0 489.0 511.0 458.0 428.0 370.0 385.0 367.0 305.0 313.0 354.0 362.0 185.0 93.0 69.0 0 80.0 177.0 97.0 99.0 104.0 123.0 154.0 154.0 191.0 278.0 126.0 148.0 275.0 267.0 366.0 355.0 158.0 538.0 552.0 947.0 567.0 
515.0 491.0 529.0 467.0 448.0 407.0 553.0 416.0 370.0 339.0 394.0 476.0 409.0 431.0 378.0 348.0 290.0 305.0 287.0 235.0 285.0 326.0 334.0 143.0 91.0 77.0 80.0 0 97.0 105.0 155.0 164.0 153.0 182.0 182.0 219.0 306.0 206.0 224.0 247.0 241.0 338.0 327.0 120.0 458.0 524.0 919.0 539.0 
434.0 410.0 448.0 386.0 367.0 326.0 472.0 335.0 295.0 310.0 365.0 447.0 380.0 402.0 349.0 319.0 261.0 276.0 258.0 236.0 204.0 245.0 253.0 144.0 92.0 108.0 177.0 97.0 0 112.0 208.0 199.0 232.0 263.0 263.0 300.0 387.0 235.0 253.0 272.0 252.0 257.0 246.0 121.0 429.0 443.0 838.0 458.0 
546.0 522.0 560.0 498.0 479.0 438.0 584.0 447.0 401.0 328.0 377.0 459.0 392.0 414.0 361.0 331.0 273.0 288.0 270.0 250.0 316.0 357.0 365.0 158.0 106.0 94.0 97.0 105.0 112.0 0 96.0 101.0 120.0 151.0 151.0 188.0 275.0 223.0 241.0 278.0 272.0 369.0 358.0 135.0 441.0 555.0 950.0 570.0 
624.0 600.0 638.0 576.0 557.0 516.0 662.0 525.0 479.0 404.0 435.0 479.0 412.0 434.0 381.0 351.0 293.0 308.0 290.0 328.0 394.0 435.0 443.0 236.0 168.0 132.0 99.0 155.0 208.0 96.0 0 37.0 56.0 75.0 87.0 124.0 199.0 203.0 221.0 356.0 348.0 447.0 436.0 221.0 461.0 633.0 1028.0 648.0 
633.0 609.0 647.0 585.0 566.0 525.0 671.0 534.0 488.0 413.0 444.0 516.0 449.0 471.0 418.0 388.0 330.0 345.0 327.0 337.0 403.0 444.0 452.0 245.0 177.0 137.0 104.0 164.0 199.0 101.0 37.0 0 61.0 64.0 92.0 129.0 188.0 166.0 188.0 365.0 357.0 456.0 445.0 222.0 498.0 642.0 1037.0 657.0 
666.0 642.0 680.0 618.0 599.0 558.0 704.0 567.0 521.0 446.0 463.0 457.0 390.0 412.0 359.0 329.0 271.0 286.0 274.0 370.0 436.0 477.0 485.0 278.0 210.0 156.0 123.0 153.0 232.0 120.0 56.0 61.0 0 97.0 111.0 148.0 193.0 225.0 245.0 398.0 390.0 489.0 478.0 255.0 439.0 675.0 1070.0 690.0 
697.0 673.0 711.0 649.0 630.0 589.0 735.0 598.0 552.0 477.0 494.0 510.0 443.0 465.0 412.0 382.0 324.0 339.0 327.0 401.0 467.0 508.0 516.0 309.0 241.0 187.0 154.0 182.0 263.0 151.0 75.0 64.0 97.0 0 110.0 155.0 190.0 228.0 250.0 429.0 421.0 520.0 509.0 286.0 492.0 706.0 1101.0 721.0 
697.0 673.0 711.0 649.0 630.0 589.0 735.0 598.0 552.0 477.0 494.0 444.0 377.0 399.0 346.0 316.0 258.0 301.0 303.0 401.0 467.0 508.0 516.0 309.0 241.0 187.0 154.0 182.0 263.0 151.0 87.0 92.0 111.0 110.0 0 149.0 180.0 238.0 256.0 429.0 421.0 520.0 509.0 286.0 426.0 706.0 1101.0 721.0 
734.0 710.0 748.0 686.0 667.0 626.0 772.0 635.0 589.0 514.0 531.0 399.0 356.0 354.0 301.0 271.0 281.0 326.0 340.0 438.0 504.0 545.0 553.0 346.0 278.0 224.0 191.0 219.0 300.0 188.0 124.0 129.0 148.0 155.0 149.0 0 135.0 283.0 301.0 466.0 458.0 557.0 546.0 323.0 391.0 743.0 1138.0 758.0 
821.0 797.0 835.0 773.0 754.0 713.0 859.0 722.0 676.0 601.0 618.0 456.0 443.0 391.0 340.0 308.0 368.0 413.0 427.0 525.0 591.0 632.0 640.0 433.0 365.0 311.0 278.0 306.0 387.0 275.0 199.0 188.0 193.0 190.0 180.0 135.0 0 352.0 374.0 553.0 545.0 644.0 633.0 410.0 478.0 830.0 1225.0 845.0 
469.0 445.0 483.0 421.0 402.0 361.0 507.0 462.0 512.0 545.0 600.0 682.0 615.0 637.0 584.0 554.0 496.0 511.0 493.0 431.0 357.0 420.0 344.0 311.0 211.0 195.0 126.0 206.0 235.0 223.0 203.0 166.0 225.0 228.0 238.0 283.0 352.0 0 22.0 201.0 193.0 292.0 281.0 284.0 664.0 478.0 873.0 493.0 
447.0 423.0 461.0 399.0 380.0 339.0 485.0 480.0 530.0 563.0 618.0 700.0 633.0 655.0 602.0 572.0 514.0 529.0 511.0 449.0 375.0 438.0 362.0 329.0 229.0 213.0 148.0 224.0 253.0 241.0 221.0 188.0 245.0 250.0 256.0 301.0 374.0 22.0 0 179.0 199.0 270.0 259.0 302.0 682.0 456.0 851.0 471.0 
304.0 244.0 282.0 220.0 201.0 272.0 364.0 499.0 549.0 582.0 637.0 719.0 652.0 674.0 621.0 591.0 533.0 548.0 530.0 468.0 394.0 457.0 381.0 348.0 248.0 242.0 275.0 247.0 272.0 278.0 356.0 365.0 398.0 429.0 429.0 466.0 553.0 201.0 179.0 0 20.0 91.0 158.0 321.0 701.0 285.0 680.0 292.0 
304.0 252.0 290.0 228.0 209.0 252.0 364.0 479.0 529.0 562.0 617.0 699.0 632.0 654.0 601.0 571.0 513.0 528.0 510.0 448.0 374.0 437.0 361.0 328.0 228.0 236.0 267.0 241.0 252.0 272.0 348.0 357.0 390.0 421.0 421.0 458.0 545.0 193.0 199.0 20.0 0 99.0 138.0 301.0 681.0 285.0 680.0 300.0 
257.0 197.0 191.0 173.0 110.0 225.0 317.0 452.0 502.0 535.0 590.0 672.0 605.0 627.0 574.0 544.0 486.0 501.0 483.0 421.0 347.0 410.0 334.0 301.0 279.0 333.0 366.0 338.0 257.0 369.0 447.0 456.0 489.0 520.0 520.0 557.0 644.0 292.0 270.0 91.0 99.0 0 111.0 274.0 654.0 270.0 665.0 225.0 
188.0 164.0 202.0 140.0 121.0 114.0 226.0 341.0 391.0 424.0 479.0 561.0 494.0 516.0 463.0 433.0 375.0 390.0 372.0 310.0 236.0 299.0 223.0 200.0 268.0 322.0 355.0 327.0 246.0 358.0 436.0 445.0 478.0 509.0 509.0 546.0 633.0 281.0 259.0 158.0 138.0 111.0 0 223.0 543.0 329.0 724.0 212.0 
411.0 387.0 425.0 363.0 344.0 303.0 449.0 312.0 266.0 267.0 316.0 398.0 331.0 353.0 300.0 270.0 212.0 227.0 209.0 191.0 181.0 222.0 230.0 163.0 115.0 131.0 158.0 120.0 121.0 135.0 221.0 222.0 255.0 286.0 286.0 323.0 410.0 284.0 302.0 321.0 301.0 274.0 223.0 0 380.0 492.0 887.0 435.0 
397.0 457.0 491.0 481.0 556.0 429.0 381.0 244.0 198.0 123.0 140.0 22.0 49.0 87.0 138.0 170.0 168.0 153.0 171.0 233.0 307.0 244.0 320.0 353.0 453.0 469.0 538.0 458.0 429.0 441.0 461.0 498.0 439.0 492.0 426.0 391.0 478.0 664.0 682.0 701.0 681.0 654.0 543.0 380.0 0 872.0 1267.0 429.0 
475.0 423.0 461.0 399.0 380.0 443.0 535.0 670.0 720.0 753.0 808.0 890.0 823.0 845.0 792.0 762.0 704.0 719.0 701.0 639.0 565.0 628.0 552.0 519.0 465.0 519.0 552.0 524.0 443.0 555.0 633.0 642.0 675.0 706.0 706.0 743.0 830.0 478.0 456.0 285.0 285.0 270.0 329.0 492.0 872.0 0 395.0 471.0 
870.0 818.0 856.0 794.0 775.0 838.0 930.0 1065.0 1115.0 1148.0 1203.0 1285.0 1218.0 1240.0 1187.0 1157.0 1099.0 1114.0 1096.0 1034.0 960.0 1023.0 947.0 914.0 860.0 914.0 947.0 919.0 838.0 950.0 1028.0 1037.0 1070.0 1101.0 1101.0 1138.0 1225.0 873.0 851.0 680.0 680.0 665.0 724.0 887.0 1267.0 395.0 0 866.0 
32.0 48.0 62.0 72.0 127.0 132.0 92.0 227.0 277.0 310.0 365.0 447.0 402.0 454.0 505.0 537.0 477.0 432.0 418.0 320.0 254.0 213.0 205.0 412.0 480.0 534.0 567.0 539.0 458.0 570.0 648.0 657.0 690.0 721.0 721.0 758.0 845.0 493.0 471.0 292.0 300.0 225.0 212.0 435.0 429.0 471.0 866.0 0 
