98
Loc16 Loc30 Loc172 Loc154 Loc15 Loc5 Loc54 Loc144 Loc17 Loc57 Loc9 Loc37 Loc195 Loc110 Loc19 Loc177 Loc188 Loc106 Loc23 Loc95 Loc32 Loc124 Loc51 Loc0 Loc190 Loc176 Loc83 Loc163 Loc168 Loc31 Loc61 Loc109 Loc94 Loc91 Loc128 Loc40 Loc75 Loc85 Loc58 Loc129 Loc96 Loc122 Loc167 Loc62 Loc170 Loc160 Loc65 Loc147 Loc27 Loc197 Loc44 Loc158 Loc132 Loc4 Loc133 Loc8 Loc183 Loc53 Loc3 Loc153 Loc118 Loc60 Loc101 Loc99 Loc14 Loc182 Loc76 Loc46 Loc7 Loc18 Loc38 Loc103 Loc192 Loc100 Loc143 Loc67 Loc137 Loc39 Loc52 Loc77 Loc74 Loc175 Loc97 Loc25 Loc145 Loc6 Loc159 Loc33 Loc141 Loc11 Loc80 Loc121 Loc189 Loc42 Loc35 Loc151 Loc59 Loc1
0 46.0 113.0 130.0 230.0 179.0 177.0 176.0 134.0 168.0 169.0 185.0 268.0 311.0 319.0 311.0 314.0 343.0 389.0 405.0 408.0 450.0 411.0 403.0 303.0 287.0 311.0 321.0 251.0 307.0 369.0 341.0 539.0 587.0 636.0 637.0 699.0 705.0 608.0 571.0 482.0 512.0 424.0 376.0 389.0 367.0 427.0 476.0 542.0 560.0 521.0 576.0 534.0 505.0 459.0 422.0 409.0 377.0 365.0 436.0 361.0 330.0 306.0 275.0 273.0 312.0 220.0 206.0 248.0 248.0 185.0 206.0 140.0 77.0 68.0 76.0 84.0 174.0 187.0 255.0 255.0 392.0 402.0 427.0 470.0 453.0 406.0 420.0 407.0 423.0 436.0 210.0 160.0 16.0 202.0 528.0 766.0 21.0 
46.0 0 73.0 138.0 210.0 187.0 173.0 156.0 180.0 214.0 195.0 181.0 248.0 291.0 299.0 291.0 294.0 323.0 369.0 385.0 388.0 430.0 391.0 383.0 299.0 283.0 357.0 367.0 297.0 353.0 415.0 387.0 519.0 567.0 616.0 617.0 679.0 685.0 588.0 551.0 462.0 492.0 404.0 356.0 369.0 347.0 407.0 456.0 522.0 540.0 501.0 556.0 514.0 485.0 439.0 402.0 389.0 357.0 345.0 416.0 341.0 310.0 264.0 255.0 253.0 292.0 200.0 186.0 206.0 206.0 139.0 160.0 108.0 97.0 88.0 96.0 104.0 140.0 141.0 209.0 209.0 346.0 356.0 381.0 424.0 407.0 360.0 374.0 387.0 403.0 416.0 190.0 172.0 62.0 156.0 482.0 720.0 41.0 
113.0 73.0 0 75.0 137.0 124.0 110.0 109.0 117.0 151.0 132.0 118.0 175.0 218.0 226.0 218.0 221.0 250.0 296.0 312.0 315.0 357.0 318.0 310.0 236.0 220.0 294.0 304.0 234.0 290.0 352.0 324.0 446.0 494.0 543.0 544.0 606.0 612.0 515.0 478.0 389.0 419.0 331.0 283.0 296.0 274.0 334.0 383.0 449.0 467.0 428.0 483.0 441.0 412.0 378.0 337.0 316.0 284.0 284.0 343.0 348.0 337.0 323.0 244.0 224.0 219.0 201.0 171.0 265.0 265.0 202.0 223.0 171.0 154.0 161.0 169.0 171.0 213.0 204.0 272.0 272.0 409.0 419.0 444.0 487.0 470.0 423.0 437.0 412.0 428.0 343.0 117.0 123.0 97.0 219.0 545.0 783.0 114.0 
130.0 138.0 75.0 0 102.0 137.0 109.0 108.0 116.0 150.0 131.0 117.0 176.0 181.0 189.0 183.0 184.0 213.0 259.0 275.0 278.0 320.0 281.0 273.0 205.0 215.0 293.0 303.0 233.0 289.0 351.0 323.0 409.0 457.0 506.0 507.0 569.0 575.0 478.0 441.0 352.0 382.0 294.0 246.0 259.0 237.0 297.0 346.0 412.0 430.0 391.0 446.0 404.0 375.0 375.0 332.0 295.0 267.0 249.0 306.0 349.0 338.0 324.0 245.0 205.0 190.0 202.0 172.0 266.0 266.0 203.0 224.0 172.0 167.0 198.0 206.0 184.0 204.0 205.0 273.0 273.0 410.0 420.0 445.0 488.0 471.0 424.0 438.0 413.0 429.0 306.0 130.0 136.0 134.0 220.0 546.0 784.0 151.0 
230.0 210.0 137.0 102.0 0 55.0 133.0 144.0 210.0 244.0 225.0 107.0 92.0 107.0 95.0 95.0 130.0 165.0 215.0 215.0 228.0 248.0 351.0 287.0 215.0 309.0 387.0 397.0 327.0 383.0 445.0 417.0 309.0 357.0 406.0 407.0 469.0 475.0 378.0 341.0 252.0 282.0 194.0 146.0 159.0 151.0 197.0 246.0 312.0 330.0 291.0 346.0 304.0 275.0 281.0 238.0 205.0 173.0 161.0 206.0 255.0 244.0 230.0 151.0 117.0 102.0 108.0 78.0 172.0 172.0 125.0 174.0 154.0 209.0 298.0 306.0 284.0 282.0 261.0 185.0 185.0 316.0 326.0 351.0 394.0 377.0 330.0 344.0 319.0 335.0 206.0 34.0 90.0 234.0 260.0 452.0 690.0 251.0 
179.0 187.0 124.0 137.0 55.0 0 86.0 141.0 163.0 197.0 178.0 104.0 89.0 132.0 140.0 132.0 135.0 164.0 210.0 226.0 229.0 271.0 304.0 240.0 168.0 262.0 340.0 350.0 280.0 336.0 398.0 370.0 360.0 408.0 457.0 458.0 520.0 526.0 429.0 392.0 303.0 333.0 245.0 197.0 210.0 188.0 248.0 297.0 363.0 381.0 342.0 397.0 355.0 326.0 328.0 285.0 248.0 220.0 202.0 257.0 302.0 291.0 277.0 198.0 158.0 143.0 155.0 125.0 219.0 219.0 156.0 177.0 155.0 182.0 247.0 255.0 233.0 231.0 210.0 226.0 226.0 363.0 373.0 398.0 441.0 424.0 377.0 391.0 366.0 382.0 257.0 31.0 101.0 183.0 209.0 499.0 737.0 200.0 
177.0 173.0 110.0 109.0 133.0 86.0 0 99.0 107.0 111.0 122.0 108.0 129.0 134.0 142.0 140.0 137.0 166.0 212.0 228.0 231.0 273.0 240.0 226.0 158.0 176.0 254.0 264.0 194.0 250.0 312.0 284.0 362.0 410.0 459.0 460.0 522.0 528.0 431.0 394.0 305.0 335.0 259.0 237.0 212.0 190.0 250.0 299.0 365.0 383.0 344.0 399.0 357.0 368.0 414.0 371.0 334.0 306.0 288.0 327.0 388.0 377.0 363.0 284.0 244.0 229.0 241.0 211.0 305.0 305.0 242.0 263.0 211.0 202.0 245.0 253.0 231.0 243.0 244.0 312.0 312.0 449.0 459.0 484.0 527.0 510.0 463.0 477.0 452.0 468.0 259.0 99.0 169.0 181.0 259.0 585.0 823.0 198.0 
176.0 156.0 109.0 108.0 144.0 141.0 99.0 0 106.0 140.0 121.0 107.0 130.0 135.0 143.0 141.0 138.0 167.0 213.0 229.0 232.0 274.0 235.0 227.0 159.0 165.0 243.0 253.0 201.0 239.0 301.0 273.0 363.0 411.0 460.0 461.0 523.0 529.0 432.0 395.0 306.0 336.0 260.0 238.0 213.0 191.0 251.0 300.0 366.0 384.0 345.0 400.0 358.0 379.0 425.0 382.0 345.0 317.0 299.0 338.0 399.0 388.0 374.0 295.0 255.0 240.0 252.0 222.0 316.0 316.0 253.0 274.0 222.0 201.0 244.0 252.0 230.0 254.0 255.0 323.0 323.0 460.0 470.0 495.0 538.0 521.0 474.0 488.0 463.0 479.0 260.0 110.0 170.0 180.0 270.0 596.0 834.0 197.0 
134.0 180.0 117.0 116.0 210.0 163.0 107.0 106.0 0 86.0 129.0 115.0 192.0 197.0 205.0 203.0 200.0 229.0 275.0 291.0 294.0 336.0 297.0 289.0 221.0 191.0 189.0 199.0 147.0 173.0 247.0 221.0 425.0 473.0 522.0 523.0 585.0 591.0 494.0 457.0 368.0 398.0 322.0 300.0 275.0 253.0 313.0 362.0 428.0 446.0 407.0 462.0 420.0 445.0 491.0 448.0 411.0 383.0 365.0 404.0 465.0 454.0 440.0 361.0 321.0 306.0 318.0 288.0 382.0 382.0 319.0 340.0 272.0 209.0 182.0 190.0 216.0 306.0 321.0 389.0 389.0 526.0 536.0 561.0 604.0 587.0 540.0 554.0 529.0 545.0 322.0 176.0 178.0 118.0 336.0 662.0 900.0 153.0 
168.0 214.0 151.0 150.0 244.0 197.0 111.0 140.0 86.0 0 97.0 149.0 216.0 245.0 253.0 251.0 248.0 277.0 323.0 339.0 342.0 384.0 345.0 337.0 237.0 221.0 187.0 191.0 139.0 141.0 263.0 213.0 473.0 521.0 570.0 571.0 633.0 639.0 542.0 505.0 416.0 446.0 370.0 310.0 323.0 301.0 361.0 410.0 476.0 494.0 455.0 510.0 468.0 479.0 525.0 482.0 445.0 417.0 399.0 438.0 499.0 488.0 474.0 395.0 355.0 340.0 352.0 322.0 416.0 416.0 353.0 374.0 306.0 243.0 194.0 220.0 250.0 340.0 355.0 423.0 423.0 560.0 570.0 595.0 638.0 621.0 574.0 588.0 563.0 579.0 370.0 210.0 212.0 152.0 370.0 696.0 934.0 187.0 
169.0 195.0 132.0 131.0 225.0 178.0 122.0 121.0 129.0 97.0 0 130.0 157.0 162.0 170.0 168.0 165.0 194.0 240.0 256.0 259.0 301.0 262.0 254.0 186.0 164.0 162.0 172.0 132.0 158.0 220.0 206.0 390.0 438.0 487.0 488.0 550.0 556.0 459.0 422.0 333.0 363.0 319.0 271.0 240.0 218.0 278.0 327.0 393.0 411.0 396.0 427.0 395.0 460.0 506.0 463.0 426.0 398.0 380.0 419.0 480.0 469.0 455.0 376.0 336.0 321.0 333.0 303.0 397.0 397.0 334.0 355.0 287.0 224.0 217.0 225.0 231.0 321.0 336.0 404.0 404.0 541.0 551.0 576.0 619.0 602.0 555.0 569.0 544.0 560.0 287.0 191.0 193.0 153.0 351.0 677.0 915.0 170.0 
185.0 181.0 118.0 117.0 107.0 104.0 108.0 107.0 115.0 149.0 130.0 0 121.0 126.0 134.0 132.0 129.0 158.0 204.0 220.0 223.0 265.0 266.0 232.0 160.0 202.0 280.0 290.0 232.0 276.0 338.0 310.0 354.0 402.0 451.0 452.0 514.0 520.0 423.0 386.0 297.0 327.0 251.0 229.0 204.0 182.0 242.0 291.0 357.0 375.0 336.0 391.0 349.0 342.0 388.0 345.0 308.0 280.0 262.0 301.0 362.0 351.0 337.0 258.0 218.0 203.0 215.0 185.0 279.0 279.0 216.0 237.0 185.0 210.0 253.0 261.0 239.0 237.0 224.0 286.0 286.0 423.0 433.0 458.0 501.0 484.0 437.0 451.0 426.0 442.0 251.0 73.0 143.0 189.0 233.0 559.0 797.0 206.0 
268.0 248.0 175.0 176.0 92.0 89.0 129.0 130.0 192.0 216.0 157.0 121.0 0 43.0 51.0 49.0 46.0 77.0 127.0 137.0 140.0 182.0 259.0 195.0 123.0 217.0 295.0 305.0 235.0 291.0 353.0 325.0 271.0 319.0 368.0 369.0 431.0 437.0 340.0 303.0 214.0 244.0 168.0 146.0 121.0 99.0 159.0 208.0 274.0 292.0 253.0 308.0 266.0 327.0 373.0 330.0 293.0 265.0 247.0 286.0 347.0 336.0 322.0 243.0 203.0 188.0 200.0 170.0 264.0 264.0 201.0 222.0 192.0 247.0 336.0 344.0 322.0 320.0 299.0 271.0 271.0 408.0 418.0 443.0 486.0 469.0 422.0 436.0 411.0 427.0 168.0 58.0 128.0 272.0 298.0 544.0 782.0 289.0 
311.0 291.0 218.0 181.0 107.0 132.0 134.0 135.0 197.0 245.0 162.0 126.0 43.0 0 20.0 32.0 33.0 68.0 116.0 116.0 129.0 149.0 252.0 188.0 116.0 210.0 288.0 298.0 228.0 284.0 346.0 318.0 228.0 276.0 325.0 326.0 388.0 394.0 297.0 260.0 183.0 205.0 173.0 135.0 90.0 68.0 116.0 165.0 231.0 249.0 250.0 265.0 249.0 334.0 380.0 337.0 300.0 272.0 254.0 293.0 354.0 343.0 329.0 250.0 210.0 195.0 207.0 177.0 271.0 271.0 218.0 255.0 235.0 290.0 379.0 387.0 365.0 363.0 342.0 278.0 278.0 415.0 425.0 450.0 493.0 476.0 429.0 443.0 418.0 434.0 139.0 101.0 171.0 315.0 341.0 551.0 789.0 332.0 
319.0 299.0 226.0 189.0 95.0 140.0 142.0 143.0 205.0 253.0 170.0 134.0 51.0 20.0 0 40.0 41.0 76.0 120.0 120.0 133.0 153.0 256.0 192.0 120.0 214.0 292.0 302.0 232.0 288.0 350.0 322.0 220.0 268.0 317.0 318.0 380.0 386.0 289.0 252.0 181.0 211.0 169.0 143.0 98.0 76.0 108.0 157.0 223.0 241.0 246.0 257.0 245.0 330.0 376.0 333.0 296.0 268.0 250.0 289.0 350.0 339.0 325.0 246.0 206.0 191.0 203.0 173.0 267.0 267.0 214.0 263.0 243.0 298.0 387.0 395.0 373.0 371.0 350.0 274.0 274.0 411.0 421.0 446.0 489.0 472.0 425.0 439.0 414.0 430.0 135.0 109.0 179.0 323.0 349.0 547.0 785.0 340.0 
311.0 291.0 218.0 183.0 95.0 132.0 140.0 141.0 203.0 251.0 168.0 132.0 49.0 32.0 40.0 0 53.0 88.0 138.0 138.0 151.0 171.0 274.0 210.0 138.0 232.0 310.0 320.0 250.0 306.0 368.0 340.0 228.0 276.0 325.0 326.0 388.0 394.0 297.0 260.0 171.0 201.0 151.0 129.0 110.0 88.0 116.0 165.0 231.0 249.0 236.0 265.0 235.0 312.0 358.0 315.0 278.0 250.0 232.0 271.0 332.0 321.0 307.0 228.0 188.0 173.0 185.0 155.0 249.0 249.0 206.0 255.0 235.0 290.0 379.0 387.0 365.0 363.0 342.0 266.0 266.0 393.0 403.0 428.0 471.0 454.0 407.0 421.0 396.0 412.0 125.0 101.0 171.0 315.0 341.0 529.0 767.0 332.0 
314.0 294.0 221.0 184.0 130.0 135.0 137.0 138.0 200.0 248.0 165.0 129.0 46.0 33.0 41.0 53.0 0 63.0 103.0 103.0 98.0 136.0 221.0 157.0 85.0 179.0 257.0 267.0 197.0 253.0 315.0 287.0 225.0 273.0 322.0 323.0 385.0 391.0 294.0 257.0 200.0 236.0 204.0 156.0 111.0 81.0 113.0 162.0 228.0 264.0 281.0 288.0 280.0 365.0 411.0 368.0 331.0 303.0 285.0 324.0 385.0 374.0 360.0 281.0 241.0 226.0 238.0 208.0 302.0 302.0 239.0 264.0 238.0 293.0 382.0 390.0 368.0 366.0 345.0 309.0 309.0 446.0 456.0 481.0 524.0 507.0 460.0 474.0 449.0 465.0 170.0 104.0 174.0 318.0 344.0 582.0 820.0 335.0 
343.0 323.0 250.0 213.0 165.0 164.0 166.0 167.0 229.0 277.0 194.0 158.0 77.0 68.0 76.0 88.0 63.0 0 74.0 74.0 87.0 107.0 186.0 146.0 78.0 144.0 222.0 232.0 180.0 218.0 280.0 252.0 196.0 244.0 293.0 294.0 356.0 362.0 265.0 228.0 221.0 271.0 239.0 191.0 138.0 102.0 84.0 133.0 199.0 295.0 316.0 323.0 315.0 400.0 446.0 403.0 366.0 338.0 320.0 359.0 420.0 409.0 395.0 316.0 276.0 261.0 273.0 243.0 337.0 337.0 274.0 295.0 267.0 322.0 411.0 419.0 397.0 395.0 374.0 344.0 344.0 481.0 491.0 516.0 559.0 542.0 495.0 509.0 484.0 500.0 205.0 133.0 203.0 347.0 373.0 617.0 855.0 364.0 
389.0 369.0 296.0 259.0 215.0 210.0 212.0 213.0 275.0 323.0 240.0 204.0 127.0 116.0 120.0 138.0 103.0 74.0 0 16.0 63.0 61.0 156.0 122.0 94.0 144.0 172.0 182.0 184.0 196.0 230.0 202.0 150.0 198.0 247.0 248.0 310.0 316.0 293.0 268.0 271.0 321.0 289.0 241.0 188.0 152.0 96.0 167.0 183.0 345.0 366.0 373.0 365.0 450.0 496.0 453.0 416.0 388.0 370.0 409.0 470.0 459.0 445.0 366.0 326.0 311.0 323.0 293.0 387.0 387.0 324.0 345.0 313.0 368.0 457.0 465.0 443.0 441.0 420.0 394.0 394.0 531.0 541.0 566.0 609.0 592.0 545.0 559.0 534.0 550.0 255.0 181.0 249.0 393.0 419.0 667.0 905.0 410.0 
405.0 385.0 312.0 275.0 215.0 226.0 228.0 229.0 291.0 339.0 256.0 220.0 137.0 116.0 120.0 138.0 103.0 74.0 16.0 0 63.0 77.0 140.0 122.0 110.0 144.0 178.0 188.0 200.0 212.0 230.0 202.0 134.0 182.0 231.0 232.0 294.0 300.0 293.0 268.0 271.0 321.0 289.0 241.0 188.0 152.0 96.0 167.0 183.0 345.0 366.0 373.0 365.0 450.0 496.0 453.0 416.0 388.0 370.0 409.0 470.0 459.0 445.0 366.0 326.0 311.0 323.0 293.0 387.0 387.0 324.0 355.0 329.0 384.0 473.0 481.0 459.0 457.0 436.0 394.0 394.0 531.0 541.0 566.0 609.0 592.0 545.0 559.0 534.0 550.0 255.0 195.0 265.0 409.0 435.0 667.0 905.0 426.0 
408.0 388.0 315.0 278.0 228.0 229.0 231.0 232.0 294.0 342.0 259.0 223.0 140.0 129.0 133.0 151.0 98.0 87.0 63.0 63.0 0 96.0 127.0 135.0 113.0 157.0 181.0 187.0 203.0 215.0 217.0 189.0 131.0 179.0 228.0 229.0 291.0 307.0 306.0 281.0 284.0 334.0 302.0 254.0 201.0 165.0 109.0 180.0 196.0 358.0 379.0 386.0 378.0 463.0 509.0 466.0 429.0 401.0 383.0 422.0 483.0 472.0 458.0 379.0 339.0 324.0 336.0 306.0 400.0 400.0 337.0 358.0 332.0 387.0 476.0 484.0 462.0 460.0 439.0 407.0 407.0 544.0 554.0 579.0 622.0 605.0 558.0 572.0 547.0 563.0 268.0 198.0 268.0 412.0 438.0 680.0 918.0 429.0 
450.0 430.0 357.0 320.0 248.0 271.0 273.0 274.0 336.0 384.0 301.0 265.0 182.0 149.0 153.0 171.0 136.0 107.0 61.0 77.0 96.0 0 107.0 115.0 147.0 163.0 197.0 193.0 245.0 257.0 197.0 175.0 129.0 165.0 186.0 201.0 249.0 327.0 326.0 301.0 304.0 354.0 322.0 274.0 221.0 185.0 129.0 200.0 216.0 378.0 399.0 406.0 398.0 483.0 529.0 486.0 449.0 421.0 403.0 442.0 503.0 492.0 478.0 399.0 359.0 344.0 356.0 326.0 420.0 420.0 357.0 394.0 374.0 429.0 518.0 526.0 504.0 502.0 481.0 427.0 427.0 564.0 574.0 599.0 642.0 625.0 578.0 592.0 567.0 583.0 288.0 240.0 310.0 454.0 480.0 700.0 938.0 471.0 
411.0 391.0 318.0 281.0 351.0 304.0 240.0 235.0 297.0 345.0 262.0 266.0 259.0 252.0 256.0 274.0 221.0 186.0 156.0 140.0 127.0 107.0 0 86.0 136.0 124.0 158.0 154.0 206.0 218.0 98.0 132.0 208.0 218.0 225.0 304.0 340.0 430.0 429.0 404.0 407.0 457.0 425.0 377.0 324.0 288.0 232.0 303.0 319.0 481.0 502.0 509.0 501.0 586.0 632.0 589.0 552.0 524.0 506.0 545.0 606.0 595.0 581.0 502.0 462.0 447.0 459.0 429.0 523.0 523.0 460.0 481.0 413.0 390.0 479.0 487.0 465.0 463.0 462.0 530.0 530.0 667.0 677.0 702.0 745.0 728.0 681.0 695.0 670.0 686.0 391.0 317.0 319.0 415.0 477.0 803.0 1041.0 432.0 
403.0 383.0 310.0 273.0 287.0 240.0 226.0 227.0 289.0 337.0 254.0 232.0 195.0 188.0 192.0 210.0 157.0 146.0 122.0 122.0 135.0 115.0 86.0 0 108.0 116.0 150.0 146.0 198.0 210.0 158.0 136.0 168.0 196.0 233.0 240.0 296.0 366.0 365.0 340.0 343.0 393.0 361.0 313.0 260.0 224.0 168.0 239.0 255.0 417.0 438.0 445.0 437.0 522.0 568.0 525.0 488.0 460.0 442.0 481.0 542.0 531.0 517.0 438.0 398.0 383.0 395.0 365.0 459.0 459.0 396.0 417.0 349.0 382.0 471.0 479.0 457.0 455.0 434.0 466.0 466.0 603.0 613.0 638.0 681.0 664.0 617.0 631.0 606.0 622.0 327.0 253.0 277.0 407.0 433.0 739.0 977.0 424.0 
303.0 299.0 236.0 205.0 215.0 168.0 158.0 159.0 221.0 237.0 186.0 160.0 123.0 116.0 120.0 138.0 85.0 78.0 94.0 110.0 113.0 147.0 136.0 108.0 0 94.0 172.0 182.0 130.0 168.0 230.0 202.0 236.0 284.0 333.0 334.0 396.0 402.0 305.0 274.0 271.0 321.0 289.0 241.0 188.0 152.0 134.0 183.0 239.0 345.0 366.0 373.0 365.0 450.0 496.0 453.0 416.0 388.0 370.0 409.0 470.0 459.0 445.0 366.0 326.0 311.0 323.0 293.0 387.0 387.0 324.0 345.0 277.0 314.0 371.0 379.0 357.0 355.0 334.0 394.0 394.0 531.0 541.0 566.0 609.0 592.0 545.0 559.0 534.0 550.0 255.0 181.0 205.0 307.0 341.0 667.0 905.0 324.0 
287.0 283.0 220.0 215.0 309.0 262.0 176.0 165.0 191.0 221.0 164.0 202.0 217.0 210.0 214.0 232.0 179.0 144.0 144.0 144.0 157.0 163.0 124.0 116.0 94.0 0 78.0 88.0 100.0 112.0 136.0 144.0 252.0 300.0 349.0 350.0 412.0 418.0 387.0 362.0 365.0 415.0 383.0 335.0 282.0 246.0 190.0 261.0 277.0 439.0 460.0 467.0 459.0 544.0 590.0 547.0 510.0 482.0 464.0 503.0 564.0 553.0 539.0 460.0 420.0 405.0 417.0 387.0 481.0 481.0 418.0 439.0 371.0 312.0 355.0 363.0 341.0 405.0 420.0 488.0 488.0 625.0 635.0 660.0 703.0 686.0 639.0 653.0 628.0 644.0 349.0 275.0 277.0 291.0 435.0 761.0 999.0 308.0 
311.0 357.0 294.0 293.0 387.0 340.0 254.0 243.0 189.0 187.0 162.0 280.0 295.0 288.0 292.0 310.0 257.0 222.0 172.0 178.0 181.0 197.0 158.0 150.0 172.0 78.0 0 86.0 98.0 110.0 134.0 174.0 286.0 334.0 383.0 384.0 446.0 466.0 465.0 440.0 443.0 493.0 461.0 413.0 360.0 324.0 268.0 339.0 355.0 517.0 538.0 545.0 537.0 622.0 668.0 625.0 588.0 560.0 542.0 581.0 642.0 631.0 617.0 538.0 498.0 483.0 495.0 465.0 559.0 559.0 496.0 517.0 449.0 386.0 347.0 363.0 393.0 483.0 498.0 566.0 566.0 703.0 713.0 738.0 781.0 764.0 717.0 731.0 706.0 722.0 427.0 353.0 355.0 295.0 513.0 839.0 1077.0 330.0 
321.0 367.0 304.0 303.0 397.0 350.0 264.0 253.0 199.0 191.0 172.0 290.0 305.0 298.0 302.0 320.0 267.0 232.0 182.0 188.0 187.0 193.0 154.0 146.0 182.0 88.0 86.0 0 108.0 120.0 136.0 170.0 282.0 330.0 379.0 380.0 442.0 476.0 475.0 450.0 453.0 503.0 471.0 423.0 370.0 334.0 278.0 349.0 365.0 527.0 548.0 555.0 547.0 632.0 678.0 635.0 598.0 570.0 552.0 591.0 652.0 641.0 627.0 548.0 508.0 493.0 505.0 475.0 569.0 569.0 506.0 527.0 459.0 396.0 351.0 373.0 403.0 493.0 508.0 576.0 576.0 713.0 723.0 748.0 791.0 774.0 727.0 741.0 716.0 732.0 437.0 363.0 365.0 305.0 523.0 849.0 1087.0 340.0 
251.0 297.0 234.0 233.0 327.0 280.0 194.0 201.0 147.0 139.0 132.0 232.0 235.0 228.0 232.0 250.0 197.0 180.0 184.0 200.0 203.0 245.0 206.0 198.0 130.0 100.0 98.0 108.0 0 132.0 156.0 196.0 334.0 382.0 431.0 432.0 494.0 500.0 405.0 386.0 383.0 433.0 401.0 353.0 300.0 264.0 226.0 295.0 337.0 457.0 478.0 485.0 477.0 562.0 608.0 565.0 528.0 500.0 482.0 521.0 582.0 571.0 557.0 478.0 438.0 423.0 435.0 405.0 499.0 499.0 436.0 457.0 389.0 326.0 293.0 303.0 333.0 423.0 438.0 506.0 506.0 643.0 653.0 678.0 721.0 704.0 657.0 671.0 646.0 662.0 367.0 293.0 295.0 235.0 453.0 779.0 1017.0 270.0 
307.0 353.0 290.0 289.0 383.0 336.0 250.0 239.0 173.0 141.0 158.0 276.0 291.0 284.0 288.0 306.0 253.0 218.0 196.0 212.0 215.0 257.0 218.0 210.0 168.0 112.0 110.0 120.0 132.0 0 168.0 222.0 346.0 394.0 443.0 444.0 506.0 512.0 461.0 436.0 439.0 489.0 457.0 409.0 356.0 320.0 264.0 335.0 357.0 513.0 534.0 541.0 533.0 618.0 664.0 621.0 584.0 556.0 538.0 577.0 638.0 627.0 613.0 534.0 494.0 479.0 491.0 461.0 555.0 555.0 492.0 513.0 445.0 382.0 325.0 359.0 389.0 479.0 494.0 562.0 562.0 699.0 709.0 734.0 777.0 760.0 713.0 727.0 702.0 718.0 423.0 349.0 351.0 291.0 509.0 835.0 1073.0 326.0 
369.0 415.0 352.0 351.0 445.0 398.0 312.0 301.0 247.0 263.0 220.0 338.0 353.0 346.0 350.0 368.0 315.0 280.0 230.0 230.0 217.0 197.0 98.0 158.0 230.0 136.0 134.0 136.0 156.0 168.0 0 114.0 298.0 312.0 307.0 398.0 434.0 524.0 523.0 498.0 501.0 551.0 519.0 471.0 418.0 382.0 326.0 397.0 413.0 575.0 596.0 603.0 595.0 680.0 726.0 683.0 646.0 618.0 600.0 639.0 700.0 689.0 675.0 596.0 556.0 541.0 553.0 523.0 617.0 617.0 554.0 575.0 507.0 444.0 411.0 421.0 451.0 541.0 556.0 624.0 624.0 761.0 771.0 796.0 839.0 822.0 775.0 789.0 764.0 780.0 485.0 411.0 413.0 353.0 571.0 897.0 1135.0 388.0 
341.0 387.0 324.0 323.0 417.0 370.0 284.0 273.0 221.0 213.0 206.0 310.0 325.0 318.0 322.0 340.0 287.0 252.0 202.0 202.0 189.0 175.0 132.0 136.0 202.0 144.0 174.0 170.0 196.0 222.0 114.0 0 276.0 308.0 357.0 370.0 420.0 496.0 495.0 470.0 473.0 523.0 491.0 443.0 390.0 354.0 298.0 369.0 385.0 547.0 568.0 575.0 567.0 652.0 698.0 655.0 618.0 590.0 572.0 611.0 672.0 661.0 647.0 568.0 528.0 513.0 525.0 495.0 589.0 589.0 526.0 547.0 479.0 416.0 373.0 393.0 423.0 513.0 528.0 596.0 596.0 733.0 743.0 768.0 811.0 794.0 747.0 761.0 736.0 752.0 457.0 383.0 385.0 325.0 543.0 869.0 1107.0 360.0 
539.0 519.0 446.0 409.0 309.0 360.0 362.0 363.0 425.0 473.0 390.0 354.0 271.0 228.0 220.0 228.0 225.0 196.0 150.0 134.0 131.0 129.0 208.0 168.0 236.0 252.0 286.0 282.0 334.0 346.0 298.0 276.0 0 56.0 105.0 100.0 160.0 226.0 225.0 200.0 203.0 253.0 221.0 195.0 150.0 172.0 112.0 113.0 115.0 277.0 298.0 305.0 297.0 382.0 428.0 385.0 348.0 320.0 302.0 341.0 402.0 391.0 377.0 298.0 272.0 259.0 319.0 333.0 329.0 359.0 434.0 483.0 463.0 518.0 607.0 615.0 593.0 591.0 570.0 494.0 480.0 463.0 473.0 498.0 541.0 524.0 477.0 491.0 466.0 482.0 187.0 329.0 399.0 543.0 569.0 691.0 929.0 560.0 
587.0 567.0 494.0 457.0 357.0 408.0 410.0 411.0 473.0 521.0 438.0 402.0 319.0 276.0 268.0 276.0 273.0 244.0 198.0 182.0 179.0 165.0 218.0 196.0 284.0 300.0 334.0 330.0 382.0 394.0 312.0 308.0 56.0 0 49.0 86.0 122.0 212.0 211.0 186.0 189.0 239.0 207.0 211.0 198.0 220.0 160.0 111.0 101.0 263.0 284.0 291.0 283.0 368.0 414.0 371.0 334.0 306.0 288.0 327.0 388.0 377.0 363.0 312.0 314.0 275.0 367.0 381.0 377.0 407.0 482.0 531.0 511.0 566.0 655.0 663.0 641.0 639.0 618.0 542.0 528.0 449.0 459.0 484.0 527.0 510.0 463.0 477.0 452.0 468.0 173.0 377.0 447.0 591.0 617.0 739.0 977.0 608.0 
636.0 616.0 543.0 506.0 406.0 457.0 459.0 460.0 522.0 570.0 487.0 451.0 368.0 325.0 317.0 325.0 322.0 293.0 247.0 231.0 228.0 186.0 225.0 233.0 333.0 349.0 383.0 379.0 431.0 443.0 307.0 357.0 105.0 49.0 0 121.0 157.0 247.0 246.0 221.0 224.0 274.0 242.0 260.0 247.0 269.0 209.0 160.0 150.0 298.0 319.0 326.0 318.0 403.0 449.0 406.0 369.0 341.0 323.0 362.0 423.0 412.0 398.0 361.0 363.0 324.0 416.0 430.0 426.0 456.0 531.0 580.0 560.0 615.0 704.0 712.0 690.0 688.0 667.0 591.0 577.0 484.0 494.0 519.0 562.0 545.0 498.0 512.0 487.0 503.0 208.0 426.0 496.0 640.0 666.0 788.0 1026.0 657.0 
637.0 617.0 544.0 507.0 407.0 458.0 460.0 461.0 523.0 571.0 488.0 452.0 369.0 326.0 318.0 326.0 323.0 294.0 248.0 232.0 229.0 201.0 304.0 240.0 334.0 350.0 384.0 380.0 432.0 444.0 398.0 370.0 100.0 86.0 121.0 0 62.0 126.0 125.0 100.0 155.0 153.0 213.0 261.0 248.0 270.0 210.0 161.0 95.0 177.0 198.0 205.0 197.0 282.0 328.0 285.0 248.0 260.0 272.0 241.0 302.0 307.0 363.0 362.0 364.0 325.0 417.0 431.0 427.0 457.0 532.0 581.0 561.0 616.0 705.0 713.0 691.0 689.0 668.0 592.0 578.0 451.0 455.0 442.0 441.0 424.0 411.0 391.0 366.0 382.0 201.0 427.0 497.0 641.0 667.0 789.0 1027.0 658.0 
699.0 679.0 606.0 569.0 469.0 520.0 522.0 523.0 585.0 633.0 550.0 514.0 431.0 388.0 380.0 388.0 385.0 356.0 310.0 294.0 291.0 249.0 340.0 296.0 396.0 412.0 446.0 442.0 494.0 506.0 434.0 420.0 160.0 122.0 157.0 62.0 0 90.0 91.0 128.0 217.0 187.0 275.0 323.0 310.0 332.0 272.0 223.0 157.0 143.0 178.0 169.0 165.0 246.0 292.0 277.0 290.0 322.0 334.0 263.0 338.0 369.0 425.0 424.0 426.0 387.0 479.0 493.0 489.0 519.0 594.0 643.0 623.0 678.0 767.0 775.0 753.0 751.0 730.0 654.0 640.0 513.0 517.0 504.0 461.0 442.0 473.0 421.0 330.0 346.0 263.0 489.0 559.0 703.0 729.0 851.0 1089.0 720.0 
705.0 685.0 612.0 575.0 475.0 526.0 528.0 529.0 591.0 639.0 556.0 520.0 437.0 394.0 386.0 394.0 391.0 362.0 316.0 300.0 307.0 327.0 430.0 366.0 402.0 418.0 466.0 476.0 500.0 512.0 524.0 496.0 226.0 212.0 247.0 126.0 90.0 0 121.0 134.0 223.0 193.0 281.0 329.0 316.0 338.0 278.0 229.0 201.0 157.0 184.0 129.0 171.0 200.0 246.0 283.0 296.0 328.0 340.0 269.0 344.0 375.0 431.0 430.0 432.0 393.0 485.0 499.0 495.0 525.0 600.0 649.0 629.0 684.0 773.0 781.0 759.0 757.0 736.0 660.0 646.0 519.0 523.0 510.0 467.0 448.0 479.0 427.0 298.0 282.0 269.0 495.0 565.0 709.0 735.0 857.0 1095.0 726.0 
608.0 588.0 515.0 478.0 378.0 429.0 431.0 432.0 494.0 542.0 459.0 423.0 340.0 297.0 289.0 297.0 294.0 265.0 293.0 293.0 306.0 326.0 429.0 365.0 305.0 387.0 465.0 475.0 405.0 461.0 523.0 495.0 225.0 211.0 246.0 125.0 91.0 121.0 0 37.0 126.0 96.0 184.0 232.0 219.0 241.0 197.0 132.0 110.0 52.0 87.0 80.0 74.0 157.0 203.0 186.0 199.0 231.0 243.0 172.0 247.0 278.0 334.0 333.0 335.0 296.0 388.0 402.0 398.0 428.0 503.0 552.0 532.0 587.0 676.0 684.0 662.0 660.0 639.0 563.0 549.0 422.0 426.0 413.0 370.0 351.0 382.0 330.0 241.0 257.0 172.0 398.0 468.0 612.0 638.0 760.0 998.0 629.0 
571.0 551.0 478.0 441.0 341.0 392.0 394.0 395.0 457.0 505.0 422.0 386.0 303.0 260.0 252.0 260.0 257.0 228.0 268.0 268.0 281.0 301.0 404.0 340.0 274.0 362.0 440.0 450.0 386.0 436.0 498.0 470.0 200.0 186.0 221.0 100.0 128.0 134.0 37.0 0 89.0 101.0 147.0 195.0 182.0 204.0 178.0 107.0 121.0 89.0 124.0 105.0 111.0 182.0 228.0 193.0 184.0 194.0 206.0 177.0 222.0 241.0 297.0 296.0 298.0 259.0 351.0 365.0 361.0 391.0 466.0 515.0 495.0 550.0 639.0 647.0 625.0 623.0 602.0 526.0 512.0 385.0 389.0 376.0 345.0 326.0 345.0 305.0 266.0 282.0 135.0 361.0 431.0 575.0 601.0 723.0 961.0 592.0 
482.0 462.0 389.0 352.0 252.0 303.0 305.0 306.0 368.0 416.0 333.0 297.0 214.0 183.0 181.0 171.0 200.0 221.0 271.0 271.0 284.0 304.0 407.0 343.0 271.0 365.0 443.0 453.0 383.0 439.0 501.0 473.0 203.0 189.0 224.0 155.0 217.0 223.0 126.0 89.0 0 50.0 58.0 106.0 113.0 149.0 175.0 104.0 88.0 78.0 117.0 102.0 94.0 179.0 225.0 182.0 145.0 143.0 131.0 138.0 199.0 188.0 208.0 207.0 209.0 170.0 262.0 276.0 272.0 302.0 377.0 426.0 406.0 461.0 550.0 558.0 536.0 534.0 513.0 437.0 423.0 296.0 302.0 295.0 338.0 321.0 274.0 288.0 263.0 279.0 46.0 272.0 342.0 486.0 512.0 634.0 872.0 503.0 
512.0 492.0 419.0 382.0 282.0 333.0 335.0 336.0 398.0 446.0 363.0 327.0 244.0 205.0 211.0 201.0 236.0 271.0 321.0 321.0 334.0 354.0 457.0 393.0 321.0 415.0 493.0 503.0 433.0 489.0 551.0 523.0 253.0 239.0 274.0 153.0 187.0 193.0 96.0 101.0 50.0 0 88.0 136.0 143.0 169.0 225.0 154.0 138.0 90.0 109.0 64.0 106.0 129.0 175.0 140.0 125.0 135.0 147.0 118.0 169.0 182.0 238.0 237.0 239.0 200.0 292.0 306.0 302.0 332.0 407.0 456.0 436.0 491.0 580.0 588.0 566.0 564.0 543.0 467.0 453.0 326.0 330.0 317.0 292.0 271.0 286.0 252.0 213.0 229.0 76.0 302.0 372.0 516.0 542.0 664.0 902.0 533.0 
424.0 404.0 331.0 294.0 194.0 245.0 259.0 260.0 322.0 370.0 319.0 251.0 168.0 173.0 169.0 151.0 204.0 239.0 289.0 289.0 302.0 322.0 425.0 361.0 289.0 383.0 461.0 471.0 401.0 457.0 519.0 491.0 221.0 207.0 242.0 213.0 275.0 281.0 184.0 147.0 58.0 88.0 0 60.0 101.0 137.0 193.0 122.0 118.0 136.0 109.0 152.0 122.0 161.0 207.0 164.0 127.0 99.0 81.0 120.0 181.0 170.0 158.0 149.0 151.0 112.0 204.0 218.0 214.0 244.0 319.0 368.0 348.0 403.0 492.0 500.0 478.0 476.0 455.0 379.0 365.0 244.0 252.0 277.0 320.0 303.0 256.0 270.0 245.0 261.0 34.0 214.0 284.0 428.0 454.0 576.0 814.0 445.0 
376.0 356.0 283.0 246.0 146.0 197.0 237.0 238.0 300.0 310.0 271.0 229.0 146.0 135.0 143.0 129.0 156.0 191.0 241.0 241.0 254.0 274.0 377.0 313.0 241.0 335.0 413.0 423.0 353.0 409.0 471.0 443.0 195.0 211.0 260.0 261.0 323.0 329.0 232.0 195.0 106.0 136.0 60.0 0 79.0 115.0 167.0 100.0 166.0 184.0 145.0 200.0 158.0 209.0 255.0 212.0 175.0 147.0 129.0 168.0 229.0 218.0 204.0 129.0 103.0 98.0 156.0 170.0 166.0 196.0 271.0 320.0 300.0 355.0 444.0 452.0 430.0 428.0 407.0 331.0 317.0 290.0 300.0 325.0 368.0 351.0 304.0 318.0 293.0 309.0 60.0 166.0 236.0 380.0 406.0 528.0 766.0 397.0 
389.0 369.0 296.0 259.0 159.0 210.0 212.0 213.0 275.0 323.0 240.0 204.0 121.0 90.0 98.0 110.0 111.0 138.0 188.0 188.0 201.0 221.0 324.0 260.0 188.0 282.0 360.0 370.0 300.0 356.0 418.0 390.0 150.0 198.0 247.0 248.0 310.0 316.0 219.0 182.0 113.0 143.0 101.0 79.0 0 86.0 118.0 87.0 153.0 171.0 178.0 187.0 177.0 262.0 308.0 265.0 228.0 200.0 182.0 221.0 282.0 271.0 257.0 178.0 152.0 143.0 169.0 183.0 199.0 217.0 284.0 333.0 313.0 368.0 457.0 465.0 443.0 441.0 420.0 344.0 330.0 343.0 353.0 378.0 421.0 404.0 357.0 371.0 346.0 362.0 67.0 179.0 249.0 393.0 419.0 541.0 779.0 410.0 
367.0 347.0 274.0 237.0 151.0 188.0 190.0 191.0 253.0 301.0 218.0 182.0 99.0 68.0 76.0 88.0 81.0 102.0 152.0 152.0 165.0 185.0 288.0 224.0 152.0 246.0 324.0 334.0 264.0 320.0 382.0 354.0 172.0 220.0 269.0 270.0 332.0 338.0 241.0 204.0 149.0 169.0 137.0 115.0 86.0 0 82.0 109.0 175.0 197.0 214.0 221.0 213.0 298.0 344.0 301.0 264.0 236.0 218.0 257.0 318.0 307.0 293.0 214.0 174.0 159.0 175.0 179.0 235.0 235.0 262.0 311.0 291.0 346.0 435.0 443.0 421.0 419.0 398.0 322.0 308.0 379.0 389.0 414.0 457.0 440.0 393.0 407.0 382.0 398.0 103.0 157.0 227.0 371.0 397.0 519.0 757.0 388.0 
427.0 407.0 334.0 297.0 197.0 248.0 250.0 251.0 313.0 361.0 278.0 242.0 159.0 116.0 108.0 116.0 113.0 84.0 96.0 96.0 109.0 129.0 232.0 168.0 134.0 190.0 268.0 278.0 226.0 264.0 326.0 298.0 112.0 160.0 209.0 210.0 272.0 278.0 197.0 178.0 175.0 225.0 193.0 167.0 118.0 82.0 0 111.0 149.0 249.0 270.0 277.0 269.0 354.0 400.0 357.0 320.0 292.0 274.0 313.0 374.0 363.0 349.0 270.0 230.0 215.0 231.0 223.0 291.0 291.0 322.0 371.0 351.0 406.0 495.0 503.0 481.0 479.0 458.0 382.0 368.0 435.0 445.0 470.0 513.0 496.0 449.0 463.0 438.0 454.0 159.0 217.0 287.0 431.0 457.0 579.0 817.0 448.0 
476.0 456.0 383.0 346.0 246.0 297.0 299.0 300.0 362.0 410.0 327.0 291.0 208.0 165.0 157.0 165.0 162.0 133.0 167.0 167.0 180.0 200.0 303.0 239.0 183.0 261.0 339.0 349.0 295.0 335.0 397.0 369.0 113.0 111.0 160.0 161.0 223.0 229.0 132.0 107.0 104.0 154.0 122.0 100.0 87.0 109.0 111.0 0 78.0 178.0 199.0 206.0 198.0 283.0 329.0 286.0 249.0 221.0 203.0 242.0 303.0 292.0 278.0 201.0 203.0 164.0 256.0 270.0 266.0 296.0 371.0 420.0 400.0 455.0 544.0 552.0 530.0 528.0 507.0 431.0 417.0 364.0 374.0 399.0 442.0 425.0 378.0 392.0 367.0 383.0 88.0 266.0 336.0 480.0 506.0 628.0 866.0 497.0 
542.0 522.0 449.0 412.0 312.0 363.0 365.0 366.0 428.0 476.0 393.0 357.0 274.0 231.0 223.0 231.0 228.0 199.0 183.0 183.0 196.0 216.0 319.0 255.0 239.0 277.0 355.0 365.0 337.0 357.0 413.0 385.0 115.0 101.0 150.0 95.0 157.0 201.0 110.0 121.0 88.0 138.0 118.0 166.0 153.0 175.0 149.0 78.0 0 162.0 183.0 190.0 182.0 267.0 313.0 270.0 233.0 205.0 187.0 226.0 287.0 276.0 268.0 267.0 269.0 230.0 322.0 336.0 332.0 362.0 437.0 486.0 466.0 521.0 610.0 618.0 596.0 594.0 573.0 497.0 483.0 356.0 362.0 383.0 426.0 409.0 362.0 376.0 351.0 367.0 106.0 332.0 402.0 546.0 572.0 694.0 932.0 563.0 
560.0 540.0 467.0 430.0 330.0 381.0 383.0 384.0 446.0 494.0 411.0 375.0 292.0 249.0 241.0 249.0 264.0 295.0 345.0 345.0 358.0 378.0 481.0 417.0 345.0 439.0 517.0 527.0 457.0 513.0 575.0 547.0 277.0 263.0 298.0 177.0 143.0 157.0 52.0 89.0 78.0 90.0 136.0 184.0 171.0 197.0 249.0 178.0 162.0 0 39.0 28.0 70.0 105.0 151.0 138.0 151.0 183.0 195.0 152.0 199.0 230.0 286.0 285.0 287.0 248.0 340.0 354.0 350.0 380.0 455.0 504.0 484.0 539.0 628.0 636.0 614.0 612.0 591.0 515.0 501.0 374.0 378.0 365.0 322.0 303.0 334.0 282.0 189.0 205.0 124.0 350.0 420.0 564.0 590.0 712.0 950.0 581.0 
521.0 501.0 428.0 391.0 291.0 342.0 344.0 345.0 407.0 455.0 396.0 336.0 253.0 250.0 246.0 236.0 281.0 316.0 366.0 366.0 379.0 399.0 502.0 438.0 366.0 460.0 538.0 548.0 478.0 534.0 596.0 568.0 298.0 284.0 319.0 198.0 178.0 184.0 87.0 124.0 117.0 109.0 109.0 145.0 178.0 214.0 270.0 199.0 183.0 39.0 0 55.0 97.0 84.0 130.0 99.0 112.0 144.0 156.0 113.0 160.0 191.0 247.0 246.0 248.0 209.0 301.0 315.0 311.0 341.0 416.0 465.0 445.0 500.0 589.0 597.0 575.0 573.0 552.0 476.0 462.0 335.0 339.0 326.0 283.0 264.0 295.0 243.0 168.0 184.0 111.0 311.0 381.0 525.0 551.0 673.0 911.0 542.0 
576.0 556.0 483.0 446.0 346.0 397.0 399.0 400.0 462.0 510.0 427.0 391.0 308.0 265.0 257.0 265.0 288.0 323.0 373.0 373.0 386.0 406.0 509.0 445.0 373.0 467.0 545.0 555.0 485.0 541.0 603.0 575.0 305.0 291.0 326.0 205.0 169.0 129.0 80.0 105.0 102.0 64.0 152.0 200.0 187.0 221.0 277.0 206.0 190.0 28.0 55.0 0 42.0 77.0 123.0 154.0 167.0 199.0 211.0 140.0 215.0 246.0 302.0 301.0 303.0 264.0 356.0 370.0 366.0 396.0 471.0 520.0 500.0 555.0 644.0 652.0 630.0 628.0 607.0 531.0 517.0 390.0 394.0 381.0 338.0 319.0 350.0 298.0 169.0 177.0 140.0 366.0 436.0 580.0 606.0 728.0 966.0 597.0 
534.0 514.0 441.0 404.0 304.0 355.0 357.0 358.0 420.0 468.0 395.0 349.0 266.0 249.0 245.0 235.0 280.0 315.0 365.0 365.0 378.0 398.0 501.0 437.0 365.0 459.0 537.0 547.0 477.0 533.0 595.0 567.0 297.0 283.0 318.0 197.0 165.0 171.0 74.0 111.0 94.0 106.0 122.0 158.0 177.0 213.0 269.0 198.0 182.0 70.0 97.0 42.0 0 85.0 131.0 112.0 125.0 157.0 169.0 126.0 173.0 204.0 260.0 259.0 261.0 222.0 314.0 328.0 324.0 354.0 429.0 478.0 458.0 513.0 602.0 610.0 588.0 586.0 565.0 489.0 475.0 348.0 352.0 339.0 296.0 277.0 308.0 256.0 169.0 185.0 110.0 324.0 394.0 538.0 564.0 686.0 924.0 555.0 
505.0 485.0 412.0 375.0 275.0 326.0 368.0 379.0 445.0 479.0 460.0 342.0 327.0 334.0 330.0 312.0 365.0 400.0 450.0 450.0 463.0 483.0 586.0 522.0 450.0 544.0 622.0 632.0 562.0 618.0 680.0 652.0 382.0 368.0 403.0 282.0 246.0 200.0 157.0 182.0 179.0 129.0 161.0 209.0 262.0 298.0 354.0 283.0 267.0 105.0 84.0 77.0 85.0 0 46.0 83.0 96.0 128.0 140.0 97.0 144.0 175.0 231.0 230.0 232.0 193.0 285.0 299.0 295.0 325.0 400.0 449.0 429.0 484.0 573.0 581.0 559.0 557.0 536.0 460.0 446.0 319.0 323.0 310.0 267.0 248.0 279.0 227.0 98.0 100.0 195.0 295.0 365.0 509.0 535.0 657.0 895.0 526.0 
459.0 439.0 378.0 375.0 281.0 328.0 414.0 425.0 491.0 525.0 506.0 388.0 373.0 380.0 376.0 358.0 411.0 446.0 496.0 496.0 509.0 529.0 632.0 568.0 496.0 590.0 668.0 678.0 608.0 664.0 726.0 698.0 428.0 414.0 449.0 328.0 292.0 246.0 203.0 228.0 225.0 175.0 207.0 255.0 308.0 344.0 400.0 329.0 313.0 151.0 130.0 123.0 131.0 46.0 0 47.0 84.0 108.0 126.0 87.0 98.0 129.0 185.0 184.0 186.0 185.0 239.0 253.0 249.0 279.0 354.0 403.0 383.0 438.0 527.0 535.0 513.0 511.0 490.0 414.0 400.0 273.0 277.0 264.0 221.0 202.0 233.0 181.0 58.0 54.0 241.0 315.0 319.0 463.0 489.0 611.0 849.0 480.0 
422.0 402.0 337.0 332.0 238.0 285.0 371.0 382.0 448.0 482.0 463.0 345.0 330.0 337.0 333.0 315.0 368.0 403.0 453.0 453.0 466.0 486.0 589.0 525.0 453.0 547.0 625.0 635.0 565.0 621.0 683.0 655.0 385.0 371.0 406.0 285.0 277.0 283.0 186.0 193.0 182.0 140.0 164.0 212.0 265.0 301.0 357.0 286.0 270.0 138.0 99.0 154.0 112.0 83.0 47.0 0 51.0 65.0 83.0 52.0 61.0 92.0 148.0 147.0 157.0 142.0 202.0 216.0 212.0 242.0 317.0 366.0 346.0 401.0 490.0 498.0 476.0 474.0 453.0 377.0 363.0 236.0 240.0 227.0 184.0 165.0 196.0 144.0 81.0 97.0 198.0 272.0 290.0 426.0 452.0 574.0 812.0 443.0 
409.0 389.0 316.0 295.0 205.0 248.0 334.0 345.0 411.0 445.0 426.0 308.0 293.0 300.0 296.0 278.0 331.0 366.0 416.0 416.0 429.0 449.0 552.0 488.0 416.0 510.0 588.0 598.0 528.0 584.0 646.0 618.0 348.0 334.0 369.0 248.0 290.0 296.0 199.0 184.0 145.0 125.0 127.0 175.0 228.0 264.0 320.0 249.0 233.0 151.0 112.0 167.0 125.0 96.0 84.0 51.0 0 32.0 62.0 63.0 74.0 89.0 135.0 134.0 136.0 121.0 189.0 203.0 199.0 229.0 304.0 353.0 333.0 388.0 477.0 485.0 463.0 461.0 440.0 364.0 350.0 223.0 227.0 214.0 197.0 178.0 183.0 157.0 118.0 134.0 161.0 235.0 269.0 413.0 439.0 561.0 799.0 430.0 
377.0 357.0 284.0 267.0 173.0 220.0 306.0 317.0 383.0 417.0 398.0 280.0 265.0 272.0 268.0 250.0 303.0 338.0 388.0 388.0 401.0 421.0 524.0 460.0 388.0 482.0 560.0 570.0 500.0 556.0 618.0 590.0 320.0 306.0 341.0 260.0 322.0 328.0 231.0 194.0 143.0 135.0 99.0 147.0 200.0 236.0 292.0 221.0 205.0 183.0 144.0 199.0 157.0 128.0 108.0 65.0 32.0 0 44.0 71.0 82.0 71.0 103.0 102.0 104.0 99.0 157.0 171.0 167.0 197.0 272.0 321.0 301.0 356.0 445.0 453.0 431.0 429.0 408.0 332.0 318.0 191.0 195.0 182.0 221.0 204.0 161.0 171.0 146.0 162.0 133.0 207.0 237.0 381.0 407.0 529.0 767.0 398.0 
365.0 345.0 284.0 249.0 161.0 202.0 288.0 299.0 365.0 399.0 380.0 262.0 247.0 254.0 250.0 232.0 285.0 320.0 370.0 370.0 383.0 403.0 506.0 442.0 370.0 464.0 542.0 552.0 482.0 538.0 600.0 572.0 302.0 288.0 323.0 272.0 334.0 340.0 243.0 206.0 131.0 147.0 81.0 129.0 182.0 218.0 274.0 203.0 187.0 195.0 156.0 211.0 169.0 140.0 126.0 83.0 62.0 44.0 0 71.0 100.0 89.0 99.0 90.0 124.0 87.0 145.0 159.0 155.0 185.0 260.0 309.0 289.0 344.0 433.0 441.0 419.0 417.0 396.0 320.0 306.0 185.0 195.0 196.0 239.0 222.0 175.0 189.0 164.0 180.0 115.0 189.0 237.0 369.0 395.0 517.0 755.0 386.0 
436.0 416.0 343.0 306.0 206.0 257.0 327.0 338.0 404.0 438.0 419.0 301.0 286.0 293.0 289.0 271.0 324.0 359.0 409.0 409.0 422.0 442.0 545.0 481.0 409.0 503.0 581.0 591.0 521.0 577.0 639.0 611.0 341.0 327.0 362.0 241.0 263.0 269.0 172.0 177.0 138.0 118.0 120.0 168.0 221.0 257.0 313.0 242.0 226.0 152.0 113.0 140.0 126.0 97.0 87.0 52.0 63.0 71.0 71.0 0 81.0 112.0 162.0 161.0 163.0 126.0 216.0 230.0 226.0 256.0 331.0 380.0 360.0 415.0 504.0 512.0 490.0 488.0 467.0 391.0 377.0 250.0 254.0 241.0 204.0 185.0 210.0 164.0 125.0 141.0 154.0 228.0 296.0 440.0 466.0 588.0 826.0 457.0 
361.0 341.0 348.0 349.0 255.0 302.0 388.0 399.0 465.0 499.0 480.0 362.0 347.0 354.0 350.0 332.0 385.0 420.0 470.0 470.0 483.0 503.0 606.0 542.0 470.0 564.0 642.0 652.0 582.0 638.0 700.0 672.0 402.0 388.0 423.0 302.0 338.0 344.0 247.0 222.0 199.0 169.0 181.0 229.0 282.0 318.0 374.0 303.0 287.0 199.0 160.0 215.0 173.0 144.0 98.0 61.0 74.0 82.0 100.0 81.0 0 55.0 87.0 104.0 144.0 159.0 147.0 177.0 151.0 181.0 256.0 305.0 285.0 340.0 429.0 437.0 415.0 413.0 392.0 316.0 302.0 175.0 179.0 166.0 163.0 148.0 135.0 123.0 70.0 86.0 215.0 289.0 287.0 365.0 391.0 513.0 751.0 382.0 
330.0 310.0 337.0 338.0 244.0 291.0 377.0 388.0 454.0 488.0 469.0 351.0 336.0 343.0 339.0 321.0 374.0 409.0 459.0 459.0 472.0 492.0 595.0 531.0 459.0 553.0 631.0 641.0 571.0 627.0 689.0 661.0 391.0 377.0 412.0 307.0 369.0 375.0 278.0 241.0 188.0 182.0 170.0 218.0 271.0 307.0 363.0 292.0 276.0 230.0 191.0 246.0 204.0 175.0 129.0 92.0 89.0 71.0 89.0 112.0 55.0 0 56.0 93.0 133.0 148.0 136.0 166.0 120.0 150.0 225.0 274.0 254.0 309.0 398.0 406.0 384.0 382.0 361.0 285.0 271.0 144.0 148.0 135.0 150.0 133.0 104.0 100.0 81.0 97.0 204.0 278.0 276.0 336.0 360.0 482.0 720.0 351.0 
306.0 264.0 323.0 324.0 230.0 277.0 363.0 374.0 440.0 474.0 455.0 337.0 322.0 329.0 325.0 307.0 360.0 395.0 445.0 445.0 458.0 478.0 581.0 517.0 445.0 539.0 617.0 627.0 557.0 613.0 675.0 647.0 377.0 363.0 398.0 363.0 425.0 431.0 334.0 297.0 208.0 238.0 158.0 204.0 257.0 293.0 349.0 278.0 268.0 286.0 247.0 302.0 260.0 231.0 185.0 148.0 135.0 103.0 99.0 162.0 87.0 56.0 0 85.0 119.0 134.0 122.0 152.0 128.0 120.0 169.0 218.0 208.0 263.0 342.0 350.0 328.0 326.0 305.0 229.0 215.0 128.0 118.0 127.0 170.0 165.0 122.0 132.0 133.0 149.0 190.0 264.0 262.0 322.0 304.0 426.0 664.0 295.0 
275.0 255.0 244.0 245.0 151.0 198.0 284.0 295.0 361.0 395.0 376.0 258.0 243.0 250.0 246.0 228.0 281.0 316.0 366.0 366.0 379.0 399.0 502.0 438.0 366.0 460.0 538.0 548.0 478.0 534.0 596.0 568.0 298.0 312.0 361.0 362.0 424.0 430.0 333.0 296.0 207.0 237.0 149.0 129.0 178.0 214.0 270.0 201.0 267.0 285.0 246.0 301.0 259.0 230.0 184.0 147.0 134.0 102.0 90.0 161.0 104.0 93.0 85.0 0 54.0 65.0 59.0 85.0 65.0 95.0 170.0 219.0 199.0 254.0 343.0 351.0 329.0 327.0 306.0 230.0 216.0 171.0 181.0 200.0 243.0 226.0 179.0 193.0 168.0 184.0 161.0 185.0 183.0 279.0 305.0 427.0 665.0 296.0 
273.0 253.0 224.0 205.0 117.0 158.0 244.0 255.0 321.0 355.0 336.0 218.0 203.0 210.0 206.0 188.0 241.0 276.0 326.0 326.0 339.0 359.0 462.0 398.0 326.0 420.0 498.0 508.0 438.0 494.0 556.0 528.0 272.0 314.0 363.0 364.0 426.0 432.0 335.0 298.0 209.0 239.0 151.0 103.0 152.0 174.0 230.0 203.0 269.0 287.0 248.0 303.0 261.0 232.0 186.0 157.0 136.0 104.0 124.0 163.0 144.0 133.0 119.0 54.0 0 39.0 53.0 67.0 63.0 93.0 168.0 217.0 197.0 252.0 341.0 349.0 327.0 325.0 304.0 228.0 214.0 205.0 215.0 240.0 283.0 266.0 219.0 233.0 208.0 224.0 163.0 145.0 165.0 277.0 303.0 425.0 663.0 294.0 
312.0 292.0 219.0 190.0 102.0 143.0 229.0 240.0 306.0 340.0 321.0 203.0 188.0 195.0 191.0 173.0 226.0 261.0 311.0 311.0 324.0 344.0 447.0 383.0 311.0 405.0 483.0 493.0 423.0 479.0 541.0 513.0 259.0 275.0 324.0 325.0 387.0 393.0 296.0 259.0 170.0 200.0 112.0 98.0 143.0 159.0 215.0 164.0 230.0 248.0 209.0 264.0 222.0 193.0 185.0 142.0 121.0 99.0 87.0 126.0 159.0 148.0 134.0 65.0 39.0 0 92.0 106.0 102.0 132.0 207.0 256.0 236.0 291.0 380.0 388.0 366.0 364.0 343.0 267.0 253.0 220.0 230.0 255.0 298.0 281.0 234.0 248.0 223.0 239.0 124.0 130.0 172.0 316.0 342.0 464.0 702.0 333.0 
220.0 200.0 201.0 202.0 108.0 155.0 241.0 252.0 318.0 352.0 333.0 215.0 200.0 207.0 203.0 185.0 238.0 273.0 323.0 323.0 336.0 356.0 459.0 395.0 323.0 417.0 495.0 505.0 435.0 491.0 553.0 525.0 319.0 367.0 416.0 417.0 479.0 485.0 388.0 351.0 262.0 292.0 204.0 156.0 169.0 175.0 231.0 256.0 322.0 340.0 301.0 356.0 314.0 285.0 239.0 202.0 189.0 157.0 145.0 216.0 147.0 136.0 122.0 59.0 53.0 92.0 0 36.0 66.0 68.0 115.0 164.0 144.0 199.0 288.0 296.0 274.0 272.0 251.0 175.0 161.0 208.0 218.0 243.0 286.0 269.0 222.0 236.0 211.0 227.0 216.0 142.0 140.0 224.0 250.0 372.0 610.0 241.0 
