24
Loc29 Loc12 Loc45 Loc49 Loc3 Loc14 Loc4 Loc2 Loc34 Loc1 Loc23 Loc41 Loc15 Loc20 Loc7 Loc9 Loc37 Loc27 Loc36 Loc32 Loc46 Loc39 Loc21 Loc0
0 139.0 231.0 408.0 437.0 361.0 264.0 198.0 298.0 242.0 338.0 428.0 511.0 409.0 247.0 198.0 421.0 482.0 448.0 483.0 168.0 463.0 706.0 36.0 
139.0 0 92.0 269.0 298.0 222.0 251.0 185.0 285.0 265.0 361.0 451.0 538.0 436.0 274.0 221.0 408.0 403.0 309.0 344.0 115.0 324.0 567.0 175.0 
231.0 92.0 0 177.0 220.0 184.0 261.0 195.0 295.0 275.0 371.0 461.0 548.0 446.0 366.0 269.0 418.0 413.0 217.0 252.0 63.0 416.0 659.0 267.0 
408.0 269.0 177.0 0 127.0 161.0 200.0 222.0 234.0 240.0 308.0 348.0 435.0 361.0 485.0 380.0 305.0 300.0 104.0 161.0 240.0 593.0 836.0 444.0 
437.0 298.0 220.0 127.0 0 122.0 185.0 251.0 175.0 269.0 223.0 249.0 328.0 276.0 514.0 409.0 198.0 193.0 211.0 268.0 269.0 622.0 865.0 473.0 
361.0 222.0 184.0 161.0 122.0 0 153.0 175.0 187.0 193.0 257.0 283.0 370.0 310.0 438.0 333.0 240.0 235.0 169.0 226.0 197.0 546.0 789.0 397.0 
264.0 251.0 261.0 200.0 185.0 153.0 0 100.0 112.0 118.0 188.0 278.0 287.0 263.0 329.0 236.0 235.0 258.0 252.0 309.0 280.0 575.0 818.0 288.0 
198.0 185.0 195.0 222.0 251.0 175.0 100.0 0 134.0 140.0 210.0 300.0 353.0 285.0 275.0 170.0 257.0 296.0 262.0 309.0 214.0 509.0 752.0 222.0 
298.0 285.0 295.0 234.0 175.0 187.0 112.0 134.0 0 152.0 222.0 250.0 253.0 297.0 339.0 270.0 219.0 220.0 286.0 343.0 314.0 609.0 852.0 298.0 
242.0 265.0 275.0 240.0 269.0 193.0 118.0 140.0 152.0 0 228.0 270.0 273.0 249.0 245.0 250.0 275.0 314.0 280.0 337.0 294.0 589.0 832.0 206.0 
338.0 361.0 371.0 308.0 223.0 257.0 188.0 210.0 222.0 228.0 0 174.0 177.0 245.0 291.0 344.0 225.0 268.0 362.0 419.0 390.0 685.0 928.0 302.0 
428.0 451.0 461.0 348.0 249.0 283.0 278.0 300.0 250.0 270.0 174.0 0 87.0 155.0 309.0 314.0 187.0 250.0 452.0 509.0 480.0 775.0 1018.0 392.0 
511.0 538.0 548.0 435.0 328.0 370.0 287.0 353.0 253.0 273.0 177.0 87.0 0 158.0 320.0 317.0 176.0 239.0 539.0 596.0 567.0 862.0 1105.0 479.0 
409.0 436.0 446.0 361.0 276.0 310.0 263.0 285.0 297.0 249.0 245.0 155.0 158.0 0 238.0 291.0 258.0 321.0 437.0 494.0 465.0 760.0 1003.0 377.0 
247.0 274.0 366.0 485.0 514.0 438.0 329.0 275.0 339.0 245.0 291.0 309.0 320.0 238.0 0 255.0 496.0 559.0 525.0 560.0 389.0 598.0 841.0 215.0 
198.0 221.0 269.0 380.0 409.0 333.0 236.0 170.0 270.0 250.0 344.0 314.0 317.0 291.0 255.0 0 391.0 454.0 420.0 455.0 288.0 545.0 788.0 162.0 
421.0 408.0 418.0 305.0 198.0 240.0 235.0 257.0 219.0 275.0 225.0 187.0 176.0 258.0 496.0 391.0 0 105.0 409.0 466.0 437.0 732.0 975.0 455.0 
482.0 403.0 413.0 300.0 193.0 235.0 258.0 296.0 220.0 314.0 268.0 250.0 239.0 321.0 559.0 454.0 105.0 0 404.0 461.0 432.0 727.0 970.0 518.0 
448.0 309.0 217.0 104.0 211.0 169.0 252.0 262.0 286.0 280.0 362.0 452.0 539.0 437.0 525.0 420.0 409.0 404.0 0 57.0 280.0 633.0 876.0 484.0 
483.0 344.0 252.0 161.0 268.0 226.0 309.0 309.0 343.0 337.0 419.0 509.0 596.0 494.0 560.0 455.0 466.0 461.0 57.0 0 315.0 668.0 911.0 519.0 
168.0 115.0 63.0 240.0 269.0 197.0 280.0 214.0 314.0 294.0 390.0 480.0 567.0 465.0 389.0 288.0 437.0 432.0 280.0 315.0 0 439.0 682.0 204.0 
463.0 324.0 416.0 593.0 622.0 546.0 575.0 509.0 609.0 589.0 685.0 775.0 862.0 760.0 598.0 545.0 732.0 727.0 633.0 668.0 439.0 0 243.0 499.0 
706.0 567.0 659.0 836.0 865.0 789.0 818.0 752.0 852.0 832.0 928.0 1018.0 1105.0 1003.0 841.0 788.0 975.0 970.0 876.0 911.0 682.0 243.0 0 742.0 
36.0 175.0 267.0 444.0 473.0 397.0 288.0 222.0 298.0 206.0 302.0 392.0 479.0 377.0 215.0 162.0 455.0 518.0 484.0 519.0 204.0 499.0 742.0 0 
