26
C85 C95 C96 C93 C87 C97 C83 C94 C79 C98 C84 C74 C92 C69 C58 C82 C99 C42 C68 C49 C91 C71 C27 C78 C90 C0
0 0.11612 0.16383 0.14318 0.15401 0.21395 0.17581 0.16917 0.21476 0.26303 0.48509 0.40937999999999997 0.43161 5.0595 27.73264 0.07793 0.10415 347.49582 6.02701 141.73531 0.7307 1.14 39302.125929999995 0.39215 0.16723 21519595.31531 
0.11612 0 0.04771 0.08166999999999999 0.14075 0.14238 0.2208 0.05305 0.09864 0.18391 0.36897 0.34787 0.44787999999999994 4.997990000000001 27.84876 0.04094 0.12042 347.43431 5.91089 141.61919 0.61458 1.25612 39302.054359999995 0.32058 0.1835 21519595.43143 
0.16383 0.04771 0 0.03396 0.09304 0.09467 0.21316000000000002 0.10076 0.14635 0.1857 0.41668000000000005 0.30016 0.40045 4.95028 27.896469999999997 0.08865 0.07299 347.3866 5.958600000000001 141.6669 0.66229 1.3038299999999998 39302.006649999996 0.27287 0.13607 21519595.47914 
0.14318 0.08166999999999999 0.03396 0 0.05908 0.11902 0.23751 0.1064 0.18031 0.15174 0.41997 0.2662 0.36649 4.916320000000001 27.87582 0.12261 0.03903 347.35264 5.98344 141.69173999999998 0.68713 1.28318 39302.030999999995 0.29722 0.10211 21519595.45849 
0.15401 0.14075 0.09304 0.05908 0 0.05993999999999999 0.17842999999999998 0.16548000000000002 0.23939 0.19715 0.44852 0.32528 0.42557 4.9754 27.88665 0.18169 0.09811 347.41172 5.92436 141.63266 0.62805 1.2940099999999999 39301.971919999996 0.23814 0.16119 21519595.46932 
0.21395 0.14238 0.09467 0.11901999999999999 0.05993999999999999 0 0.11849 0.19543 0.24102 0.25709 0.41942 0.38522 0.48551 5.03534 27.94659 0.18332 0.15805 347.47166 5.9843 141.6926 0.68799 1.35395 39301.91198 0.1782 0.20597 21519595.52926 
0.17581 0.2208 0.21316000000000002 0.23751 0.17843 0.11849 0 0.27385 0.31944 0.37557999999999997 0.53791 0.50371 0.50589 5.153829999999999 27.90845 0.25373999999999997 0.27654 347.59015 6.10279 141.81108999999998 0.80648 1.31581 39302.03047 0.29669 0.32445999999999997 21519595.491120003 
0.16917 0.05305 0.10076 0.1064 0.16548 0.19543 0.27385 0 0.15169 0.21591 0.41381999999999997 0.3726 0.39482999999999996 5.0227200000000005 27.901809999999998 0.09398999999999999 0.06737 347.45903999999996 5.96394 141.67224 0.66763 1.30917 39302.10741 0.37363 0.13045 21519595.48448 
0.21476 0.09864 0.14635 0.18031 0.23939 0.24102 0.31944 0.15169 0 0.28254999999999997 0.46761 0.44650999999999996 0.43141 5.09663 27.9474 0.13958 0.21905999999999998 347.53294999999997 6.00953 141.71783000000002 0.71322 1.35476 39302.153 0.41922000000000004 0.28213999999999995 21519595.53007 
0.26303 0.18391 0.1857 0.15174 0.19715 0.25709 0.37557999999999997 0.21591 0.28254999999999997 0 0.26823 0.41794 0.4648 5.06806 27.99567 0.22485 0.15888 347.50437999999997 6.05027 141.75857 0.75396 1.4030299999999998 39302.169069999996 0.39368 0.0958 21519595.578339998 
0.48509 0.36897 0.41668000000000005 0.41997 0.44852 0.41942 0.53791 0.41381999999999997 0.46761 0.26823 0 0.68617 0.19657 5.33629 28.21773 0.40991 0.42711 347.77261 6.27986 141.98816 0.98355 1.62509 39302.331399999995 0.34499 0.36403 21519595.8004 
0.40937999999999997 0.34787 0.30016 0.2662 0.32528 0.38522 0.50371 0.3726 0.44650999999999996 0.41794 0.68617 0 0.63269 4.65012 28.14202 0.38881 0.30523 347.08644 6.249639999999999 141.95793999999998 0.95333 1.5493799999999998 39302.29719999999 0.56342 0.36831 21519595.724689998 
0.43161 0.44787999999999994 0.40045 0.36649 0.42557 0.48551 0.50589 0.39482999999999996 0.43141 0.4648 0.19657 0.63269 0 5.2828100000000004 28.16425 0.4888199999999999 0.32746 347.71912999999995 6.21155 141.91985 0.91524 1.57161 39302.397489999996 0.4951 0.39054 21519595.746919997 
5.0595 4.997990000000001 4.95028 4.916320000000001 4.9754 5.03534 5.15383 5.0227200000000005 5.09663 5.068060000000001 5.33629 4.65012 5.2828100000000004 0 32.792139999999996 5.03893 4.95535 342.43632 10.89976 146.60806 5.60345 6.1995 39306.94732 5.213539999999999 5.01843 21519600.37481 
27.73264 27.84876 27.896469999999997 27.87582 27.88665 27.946589999999997 27.90845 27.901809999999998 27.9474 27.99567 28.21773 28.14202 28.16425 32.792139999999996 0 27.81057 27.83679 375.22846 33.75965 169.46795 28.46334 28.87264 39329.85857 28.124789999999997 27.89987 21519623.04795 
0.07793 0.04094 0.08865 0.12261 0.18169 0.18332 0.25373999999999997 0.09398999999999999 0.13958 0.22485 0.40991 0.38881 0.48882 5.03893 27.81057 0 0.16136 347.47524999999996 5.95183 141.66013 0.65552 1.21793 39302.09529999999 0.36152 0.22444 21519595.39324 
0.10415 0.12042 0.07299 0.03903 0.09811 0.15805 0.27654 0.06737 0.21905999999999998 0.15888 0.42711 0.30523 0.32746 4.95535 27.83679 0.16136 0 347.39167 6.02247 141.73076999999998 0.72616 1.2441499999999999 39302.070029999995 0.33625 0.06308 21519595.41946 
347.49582 347.43431 347.3866 347.35264 347.41172 347.47166 347.59015 347.45903999999996 347.53294999999997 347.50438 347.77261 347.08644 347.71912999999995 342.43632 375.22846 347.47524999999996 347.39167 0 353.33608 489.04438 348.03977 348.63581999999997 39649.38364 347.64986 347.45475 21519942.81113 
6.02701 5.91089 5.958600000000001 5.98344 5.92436 5.9843 6.10279 5.96394 6.00953 6.05027 6.27986 6.249639999999999 6.21155 10.89976 33.75965 5.95183 6.02247 353.33608 0 135.7083 5.29631 7.167009999999999 39307.89627999999 6.1625 6.08555 21519601.34232 
141.73531 141.61919 141.6669 141.69173999999998 141.63266 141.6926 141.81108999999998 141.67224 141.71783 141.75857 141.98816 141.95793999999998 141.91985 146.60805999999997 169.46795 141.66013 141.73076999999998 489.04437999999993 135.7083 0 141.00461 142.87530999999998 39443.60458 141.87079999999997 141.79385 21519737.050619997 
0.7307 0.61458 0.66229 0.68713 0.62805 0.68799 0.80648 0.66763 0.71322 0.75396 0.98355 0.95333 0.91524 5.60345 28.46334 0.65552 0.72616 348.03977 5.29631 141.00461 0 1.8706999999999998 39302.599969999996 0.86619 0.7892399999999999 21519596.046010002 
1.14 1.25612 1.3038299999999998 1.2831799999999998 1.2940099999999999 1.3539499999999998 1.31581 1.30917 1.35476 1.4030299999999998 1.62509 1.5493799999999998 1.5716099999999997 6.1995000000000005 28.87264 1.21793 1.2441499999999999 348.63581999999997 7.167009999999999 142.87530999999998 1.8706999999999998 0 39303.265929999994 1.5321499999999997 1.30723 21519596.455310002 
39302.125929999995 39302.054359999995 39302.006649999996 39302.030999999995 39301.971919999996 39301.91198 39302.03047 39302.10741 39302.15299999999 39302.169069999996 39302.3314 39302.29719999999 39302.397489999996 39306.94731999999 39329.85857 39302.09529999999 39302.070029999995 39649.38363999999 39307.89627999999 39443.60457999999 39302.599969999996 39303.265929999994 0 39302.09018 39302.11795 21558897.441239998 
0.39215 0.32058 0.27287 0.29722 0.23814 0.1782 0.29669 0.37362999999999996 0.41922 0.39368 0.34499 0.56342 0.4951 5.213539999999999 28.12479 0.36151999999999995 0.33625 347.64986 6.1625 141.87079999999997 0.86619 1.53215 39302.09018 0 0.38417 21519595.707459997 
0.16723 0.1835 0.13607 0.10211 0.16119 0.20597 0.32445999999999997 0.13045 0.28214 0.0958 0.36403 0.36831 0.39054 5.01843 27.89987 0.22444 0.06308 347.45475 6.08555 141.79385 0.7892399999999999 1.30723 39302.11795 0.38417 0 21519595.48254 
21519595.31531 21519595.43143 21519595.47914 21519595.45849 21519595.46932 21519595.52926 21519595.491120003 21519595.48448 21519595.53007 21519595.57834 21519595.8004 21519595.724689998 21519595.746919997 21519600.37481 21519623.04795 21519595.39324 21519595.41946 21519942.81113 21519601.34232 21519737.050619997 21519596.046010002 21519596.455310002 21558897.441239998 21519595.707459997 21519595.48254 0 
