35
5R5Xa jASvw jT5CK 5BDPJ qkJ6b 1xmtC Mj2eQ ZzWHp iEXNY jYfXn 1pxZM 1uRw3 jAwQw aHGHb WGJpQ knY3U AgYPL YH6mk Y7IDR WJNpN Ri2t4 QVYVG LZomt h2rea ChXAd fS0W8 BnAjj ZgtaX veOJ7 pXCjI oqPYQ q0lus 5ioW1 XZKtP 9iIwk
0 8.0 9.0 16.0 17.0 14.0 37.0 38.0 38.0 43.0 34.0 28.0 42.0 58.0 67.0 37.0 46.0 56.0 69.0 43.0 51.0 24.0 43.0 17.0 45.0 37.0 40.0 60.0 61.0 78.0 30.0 22.0 115.0 132.0 3.0 
8.0 0 11.0 18.0 15.0 12.0 35.0 34.0 30.0 45.0 36.0 30.0 44.0 60.0 69.0 39.0 48.0 58.0 71.0 45.0 53.0 26.0 45.0 19.0 47.0 45.0 48.0 68.0 69.0 86.0 22.0 24.0 117.0 134.0 5.0 
9.0 11.0 0 7.0 8.0 11.0 34.0 35.0 39.0 34.0 25.0 19.0 33.0 49.0 58.0 28.0 37.0 47.0 60.0 34.0 42.0 15.0 34.0 20.0 48.0 46.0 49.0 69.0 70.0 87.0 33.0 13.0 106.0 123.0 6.0 
16.0 18.0 7.0 0 15.0 18.0 41.0 42.0 46.0 41.0 32.0 26.0 40.0 56.0 65.0 35.0 30.0 40.0 53.0 27.0 49.0 22.0 41.0 27.0 55.0 53.0 56.0 76.0 77.0 94.0 40.0 20.0 99.0 116.0 13.0 
17.0 15.0 8.0 15.0 0 3.0 26.0 27.0 31.0 32.0 33.0 27.0 41.0 57.0 66.0 36.0 45.0 55.0 68.0 42.0 50.0 13.0 32.0 28.0 56.0 54.0 57.0 77.0 78.0 95.0 37.0 21.0 114.0 131.0 14.0 
14.0 12.0 11.0 18.0 3.0 0 23.0 24.0 28.0 35.0 36.0 30.0 44.0 60.0 69.0 39.0 48.0 58.0 71.0 45.0 53.0 16.0 35.0 31.0 59.0 51.0 54.0 74.0 75.0 92.0 34.0 24.0 117.0 134.0 17.0 
37.0 35.0 34.0 41.0 26.0 23.0 0 1.0 5.0 32.0 59.0 53.0 67.0 83.0 92.0 62.0 71.0 81.0 94.0 68.0 76.0 39.0 58.0 54.0 82.0 74.0 77.0 97.0 98.0 115.0 57.0 47.0 140.0 157.0 40.0 
38.0 34.0 35.0 42.0 27.0 24.0 1.0 0 4.0 31.0 60.0 54.0 68.0 82.0 91.0 63.0 72.0 82.0 95.0 69.0 77.0 40.0 59.0 53.0 81.0 75.0 78.0 98.0 99.0 116.0 56.0 48.0 141.0 158.0 39.0 
38.0 30.0 39.0 46.0 31.0 28.0 5.0 4.0 0 35.0 64.0 58.0 72.0 86.0 95.0 67.0 76.0 86.0 99.0 73.0 81.0 44.0 63.0 49.0 77.0 75.0 78.0 98.0 99.0 116.0 52.0 52.0 145.0 162.0 35.0 
43.0 45.0 34.0 41.0 32.0 35.0 32.0 31.0 35.0 0 31.0 33.0 47.0 51.0 60.0 42.0 51.0 61.0 74.0 48.0 56.0 19.0 38.0 54.0 82.0 80.0 83.0 103.0 104.0 121.0 67.0 27.0 120.0 137.0 40.0 
34.0 36.0 25.0 32.0 33.0 36.0 59.0 60.0 64.0 31.0 0 6.0 20.0 24.0 33.0 15.0 24.0 34.0 47.0 21.0 29.0 20.0 39.0 45.0 73.0 71.0 74.0 94.0 95.0 112.0 58.0 12.0 93.0 110.0 31.0 
28.0 30.0 19.0 26.0 27.0 30.0 53.0 54.0 58.0 33.0 6.0 0 14.0 30.0 39.0 9.0 18.0 28.0 41.0 15.0 23.0 14.0 33.0 39.0 67.0 65.0 68.0 88.0 89.0 106.0 52.0 6.0 87.0 104.0 25.0 
42.0 44.0 33.0 40.0 41.0 44.0 67.0 68.0 72.0 47.0 20.0 14.0 0 16.0 25.0 5.0 32.0 42.0 55.0 29.0 37.0 28.0 47.0 53.0 81.0 79.0 82.0 102.0 103.0 120.0 66.0 20.0 101.0 118.0 39.0 
58.0 60.0 49.0 56.0 57.0 60.0 83.0 82.0 86.0 51.0 24.0 30.0 16.0 0 9.0 21.0 48.0 58.0 71.0 45.0 53.0 44.0 63.0 69.0 97.0 95.0 98.0 118.0 119.0 136.0 82.0 36.0 117.0 134.0 55.0 
67.0 69.0 58.0 65.0 66.0 69.0 92.0 91.0 95.0 60.0 33.0 39.0 25.0 9.0 0 30.0 57.0 67.0 80.0 54.0 62.0 53.0 72.0 78.0 106.0 104.0 107.0 127.0 128.0 145.0 91.0 45.0 126.0 143.0 64.0 
37.0 39.0 28.0 35.0 36.0 39.0 62.0 63.0 67.0 42.0 15.0 9.0 5.0 21.0 30.0 0 27.0 37.0 50.0 24.0 32.0 23.0 42.0 48.0 76.0 74.0 77.0 97.0 98.0 115.0 61.0 15.0 96.0 113.0 34.0 
46.0 48.0 37.0 30.0 45.0 48.0 71.0 72.0 76.0 51.0 24.0 18.0 32.0 48.0 57.0 27.0 0 16.0 29.0 3.0 41.0 32.0 51.0 57.0 85.0 83.0 86.0 106.0 107.0 124.0 70.0 24.0 75.0 92.0 43.0 
56.0 58.0 47.0 40.0 55.0 58.0 81.0 82.0 86.0 61.0 34.0 28.0 42.0 58.0 67.0 37.0 16.0 0 13.0 13.0 51.0 42.0 61.0 67.0 95.0 93.0 96.0 116.0 117.0 134.0 80.0 34.0 59.0 76.0 53.0 
69.0 71.0 60.0 53.0 68.0 71.0 94.0 95.0 99.0 74.0 47.0 41.0 55.0 71.0 80.0 50.0 29.0 13.0 0 26.0 64.0 55.0 74.0 80.0 108.0 106.0 109.0 129.0 130.0 147.0 93.0 47.0 72.0 89.0 66.0 
43.0 45.0 34.0 27.0 42.0 45.0 68.0 69.0 73.0 48.0 21.0 15.0 29.0 45.0 54.0 24.0 3.0 13.0 26.0 0 38.0 29.0 48.0 54.0 82.0 80.0 83.0 103.0 104.0 121.0 67.0 21.0 72.0 89.0 40.0 
51.0 53.0 42.0 49.0 50.0 53.0 76.0 77.0 81.0 56.0 29.0 23.0 37.0 53.0 62.0 32.0 41.0 51.0 64.0 38.0 0 37.0 56.0 62.0 90.0 88.0 91.0 111.0 112.0 129.0 75.0 29.0 110.0 127.0 48.0 
24.0 26.0 15.0 22.0 13.0 16.0 39.0 40.0 44.0 19.0 20.0 14.0 28.0 44.0 53.0 23.0 32.0 42.0 55.0 29.0 37.0 0 19.0 35.0 63.0 61.0 64.0 84.0 85.0 102.0 48.0 8.0 101.0 118.0 21.0 
43.0 45.0 34.0 41.0 32.0 35.0 58.0 59.0 63.0 38.0 39.0 33.0 47.0 63.0 72.0 42.0 51.0 61.0 74.0 48.0 56.0 19.0 0 54.0 82.0 80.0 83.0 103.0 104.0 121.0 67.0 27.0 120.0 137.0 40.0 
17.0 19.0 20.0 27.0 28.0 31.0 54.0 53.0 49.0 54.0 45.0 39.0 53.0 69.0 78.0 48.0 57.0 67.0 80.0 54.0 62.0 35.0 54.0 0 28.0 40.0 43.0 63.0 64.0 81.0 41.0 33.0 126.0 143.0 14.0 
45.0 47.0 48.0 55.0 56.0 59.0 82.0 81.0 77.0 82.0 73.0 67.0 81.0 97.0 106.0 76.0 85.0 95.0 108.0 82.0 90.0 63.0 82.0 28.0 0 18.0 21.0 41.0 42.0 59.0 69.0 61.0 154.0 171.0 42.0 
37.0 45.0 46.0 53.0 54.0 51.0 74.0 75.0 75.0 80.0 71.0 65.0 79.0 95.0 104.0 74.0 83.0 93.0 106.0 80.0 88.0 61.0 80.0 40.0 18.0 0 3.0 23.0 24.0 41.0 67.0 59.0 152.0 169.0 40.0 
40.0 48.0 49.0 56.0 57.0 54.0 77.0 78.0 78.0 83.0 74.0 68.0 82.0 98.0 107.0 77.0 86.0 96.0 109.0 83.0 91.0 64.0 83.0 43.0 21.0 3.0 0 20.0 21.0 38.0 70.0 62.0 155.0 172.0 43.0 
60.0 68.0 69.0 76.0 77.0 74.0 97.0 98.0 98.0 103.0 94.0 88.0 102.0 118.0 127.0 97.0 106.0 116.0 129.0 103.0 111.0 84.0 103.0 63.0 41.0 23.0 20.0 0 1.0 18.0 90.0 82.0 157.0 174.0 63.0 
61.0 69.0 70.0 77.0 78.0 75.0 98.0 99.0 99.0 104.0 95.0 89.0 103.0 119.0 128.0 98.0 107.0 117.0 130.0 104.0 112.0 85.0 104.0 64.0 42.0 24.0 21.0 1.0 0 19.0 91.0 83.0 158.0 175.0 64.0 
78.0 86.0 87.0 94.0 95.0 92.0 115.0 116.0 116.0 121.0 112.0 106.0 120.0 136.0 145.0 115.0 124.0 134.0 147.0 121.0 129.0 102.0 121.0 81.0 59.0 41.0 38.0 18.0 19.0 0 108.0 100.0 139.0 156.0 81.0 
30.0 22.0 33.0 40.0 37.0 34.0 57.0 56.0 52.0 67.0 58.0 52.0 66.0 82.0 91.0 61.0 70.0 80.0 93.0 67.0 75.0 48.0 67.0 41.0 69.0 67.0 70.0 90.0 91.0 108.0 0 46.0 139.0 156.0 27.0 
22.0 24.0 13.0 20.0 21.0 24.0 47.0 48.0 52.0 27.0 12.0 6.0 20.0 36.0 45.0 15.0 24.0 34.0 47.0 21.0 29.0 8.0 27.0 33.0 61.0 59.0 62.0 82.0 83.0 100.0 46.0 0 93.0 110.0 19.0 
115.0 117.0 106.0 99.0 114.0 117.0 140.0 141.0 145.0 120.0 93.0 87.0 101.0 117.0 126.0 96.0 75.0 59.0 72.0 72.0 110.0 101.0 120.0 126.0 154.0 152.0 155.0 157.0 158.0 139.0 139.0 93.0 0 17.0 112.0 
132.0 134.0 123.0 116.0 131.0 134.0 157.0 158.0 162.0 137.0 110.0 104.0 118.0 134.0 143.0 113.0 92.0 76.0 89.0 89.0 127.0 118.0 137.0 143.0 171.0 169.0 172.0 174.0 175.0 156.0 156.0 110.0 17.0 0 129.0 
3.0 5.0 6.0 13.0 14.0 17.0 40.0 39.0 35.0 40.0 31.0 25.0 39.0 55.0 64.0 34.0 43.0 53.0 66.0 40.0 48.0 21.0 40.0 14.0 42.0 40.0 43.0 63.0 64.0 81.0 27.0 19.0 112.0 129.0 0 
