20
cvjQc zSmKp QUkKU BSqOv P18zR 5PNx4 Tz4zy Vm2RV RTNKK s8jhm 9e1Io Z7joj M5wZP EQJ7U vN0gV EvuAH miscC ycoh0 xNFYO 3Yw8H
0 7.0 7.0 14.0 17.0 20.0 28.0 35.0 36.0 34.0 25.0 31.0 27.0 24.0 50.0 39.0 37.0 17.0 10.0 3.0 
7.0 0 2.0 9.0 12.0 15.0 25.0 30.0 29.0 27.0 20.0 28.0 24.0 21.0 47.0 46.0 44.0 24.0 17.0 10.0 
7.0 2.0 0 7.0 10.0 13.0 23.0 30.0 31.0 29.0 18.0 26.0 22.0 19.0 45.0 46.0 44.0 24.0 17.0 10.0 
14.0 9.0 7.0 0 3.0 6.0 16.0 23.0 24.0 22.0 11.0 19.0 23.0 12.0 38.0 53.0 51.0 31.0 24.0 17.0 
17.0 12.0 10.0 3.0 0 5.0 13.0 20.0 21.0 19.0 14.0 16.0 20.0 9.0 35.0 56.0 54.0 34.0 27.0 20.0 
20.0 15.0 13.0 6.0 5.0 0 10.0 17.0 18.0 16.0 17.0 13.0 17.0 6.0 32.0 59.0 57.0 37.0 30.0 23.0 
28.0 25.0 23.0 16.0 13.0 10.0 0 7.0 8.0 10.0 21.0 9.0 13.0 4.0 30.0 61.0 59.0 39.0 32.0 25.0 
35.0 30.0 30.0 23.0 20.0 17.0 7.0 0 1.0 3.0 14.0 16.0 20.0 11.0 37.0 68.0 66.0 46.0 39.0 32.0 
36.0 29.0 31.0 24.0 21.0 18.0 8.0 1.0 0 2.0 13.0 15.0 19.0 12.0 38.0 69.0 67.0 47.0 40.0 33.0 
34.0 27.0 29.0 22.0 19.0 16.0 10.0 3.0 2.0 0 11.0 13.0 17.0 10.0 36.0 67.0 65.0 45.0 38.0 31.0 
25.0 20.0 18.0 11.0 14.0 17.0 21.0 14.0 13.0 11.0 0 24.0 28.0 21.0 47.0 64.0 62.0 42.0 35.0 28.0 
31.0 28.0 26.0 19.0 16.0 13.0 9.0 16.0 15.0 13.0 24.0 0 4.0 7.0 33.0 64.0 62.0 42.0 35.0 28.0 
27.0 24.0 22.0 23.0 20.0 17.0 13.0 20.0 19.0 17.0 28.0 4.0 0 11.0 37.0 60.0 58.0 38.0 31.0 24.0 
24.0 21.0 19.0 12.0 9.0 6.0 4.0 11.0 12.0 10.0 21.0 7.0 11.0 0 26.0 57.0 55.0 35.0 28.0 21.0 
50.0 47.0 45.0 38.0 35.0 32.0 30.0 37.0 38.0 36.0 47.0 33.0 37.0 26.0 0 41.0 43.0 61.0 54.0 47.0 
39.0 46.0 46.0 53.0 56.0 59.0 61.0 68.0 69.0 67.0 64.0 64.0 60.0 57.0 41.0 0 2.0 22.0 33.0 36.0 
37.0 44.0 44.0 51.0 54.0 57.0 59.0 66.0 67.0 65.0 62.0 62.0 58.0 55.0 43.0 2.0 0 20.0 31.0 34.0 
17.0 24.0 24.0 31.0 34.0 37.0 39.0 46.0 47.0 45.0 42.0 42.0 38.0 35.0 61.0 22.0 20.0 0 11.0 14.0 
10.0 17.0 17.0 24.0 27.0 30.0 32.0 39.0 40.0 38.0 35.0 35.0 31.0 28.0 54.0 33.0 31.0 11.0 0 7.0 
3.0 10.0 10.0 17.0 20.0 23.0 25.0 32.0 33.0 31.0 28.0 28.0 24.0 21.0 47.0 36.0 34.0 14.0 7.0 0 
