42
Uran Gudermes Bourbonnais Boo Esmeraldas Somma Artur Bang Waverly Strathfield Memmingen Villa Rafiganj Rutherglen Ulu Freetown Calauan Sarandi Ramla Azrou Rosedale Jackson Ilesa Sicklerville Tupelo Chharra Wesseling Besuki Middle Nonsan Cibinong Aytos Hechingen New Donggongon Caravaca Vernon Oulmes Kallio Bhit Longgang Taozhuang
0 507.57214 673.40726 908.27763 622.61636 645.05808 733.90914 648.27423 769.01903 818.94664 914.32024 913.3309 783.58671 915.69478 817.26383 639.55554 947.75693 787.98401 619.22154 961.89396 827.66471 711.45804 520.42869 673.27479 932.69526 664.15894 651.20888 930.05808 834.70214 910.92023 771.82814 566.47328 661.17474 933.17186 578.01813 742.90147 795.20977 705.38461 624.11127 644.92522 677.16011 854.43089 
507.57214 0 529.10847 1031.76146 846.16741 573.36076 1060.45622 547.89716 907.85519 535.40734 553.37131 621.04354 1130.58355 1059.91264 1324.83597 1147.12768 1455.32907 1295.55615 1126.79368 1189.91166 653.90392 1181.62642 1028.00083 1180.8469300000002 1134.04431 1137.19385 1158.78102 1236.8759300000002 1342.27428 1144.52118 1141.8773999999999 540.21068 901.58237 1195.43408 1085.5902700000001 1250.47361 1096.1889 1212.9567499999998 1131.68341 700.49166 1184.73225 1296.7259800000002 
673.40726 529.10847 0 502.65299 619.74769 920.12415 596.41357 1077.00563 1108.65328 560.77047 932.01404 597.22087 1106.76088 547.04922 1043.30599 1246.87665 1250.17022 1258.42047 1124.57472 1231.3099 1167.34733 1141.27126 1110.55551 1156.2975099999999 604.93584 608.08538 1178.62165 1192.0657 1210.4593300000001 1099.69789 1081.56329 1069.31915 1039.28149 1050.46847 1007.11072 1282.11497 749.96603 1145.63575 1117.54384 656.70808 775.43319 1135.60995 
908.27763 1031.76146 502.65299 0 500.79325 899.20088 911.43651 924.23956 947.06791 784.16559 1070.8002900000001 781.6358 914.67314 656.89331 540.653 1129.13353 921.43117 1224.40593 1306.16177 1173.29292 988.50396 651.77788 876.39767 950.61127 530.47413 789.67243 824.57482 971.68418 1269.96789 837.66234 578.9103 643.59406 536.6285 547.81548 504.45773 1307.31777 907.46895 677.79714 617.46507 602.82147 1148.86179 1199.05579 
622.61636 846.16741 619.74769 500.79325 0 573.41485 919.7975 753.2851 894.93362 839.15065 907.71716 943.61751 1184.81457 807.83511 1041.44625 1262.1718999999998 1396.6723 1401.1871700000002 1056.64958 1181.02152 715.40044 1073.3461200000002 1042.63037 918.70611 737.97963 540.16024 1110.69651 1124.14056 1244.52555 1163.33351 1079.70355 589.20467 890.6357 1048.60873 1005.25098 1214.18983 667.20236 1178.59039 1118.25832 655.69543 1201.7357499999998 1067.6848100000002 
645.05808 573.36076 920.12415 899.20088 573.41485 0 504.91382 575.52454 579.61769 804.29779 843.19228 897.24731 836.07059 642.66642 803.3844 1284.61362 967.30399 1267.90698 1136.15317 616.5509 812.80606 1165.31657 784.44241 946.11093 915.29233 632.13069 1202.66696 1144.72107 1111.2453600000001 716.47468 886.6486 771.0874 684.89846 704.53769 546.12541 1218.7700300000001 671.49564 1046.42178 614.81727 984.36322 1322.21819 1159.65526 
733.90914 1060.45622 596.41357 911.43651 919.7975 504.91382 0 512.55906 654.99091 592.26191 1091.368 528.01994 957.95295 918.07359 961.43586 1373.46468 681.97991 856.60339 1022.16739 1121.46472 954.37063 842.52717 966.48207 611.01427 736.83866 505.67805 864.09917 957.95514 1225.05331 942.17053 648.1818 746.21557 514.33685 524.86328 899.06712 1179.70764 646.77003 892.31546 992.5574 1067.06249 1371.84676 1033.20262 
648.27423 547.89716 1077.00563 924.23956 753.2851 575.52454 512.55906 0 571.44707 887.827 962.00756 867.36856 1217.93678 652.9434 1027.90129 1037.5142 1040.80777 1049.05802 1267.49577 1171.37658 803.42828 1279.52901 1130.45686 1123.5733300000002 627.3424 812.75481 1299.4831100000001 1367.56456 1288.45184 1204.80953 1160.7408599999999 1088.1078400000001 699.9951 1037.42234 1121.64995 1313.53499 782.79771 1120.16275 1066.24559 692.01451 1238.05483 1226.72604 
769.01903 907.85519 1108.65328 947.06791 894.93362 579.61769 654.99091 571.44707 0 547.88281 716.49309 962.40392 1302.0439099999999 843.23159 1099.1541200000001 1108.76703 1112.0606 1120.3108499999998 1199.5264 679.92413 1210.51205 1350.78184 1201.7096900000001 1266.00518 873.45331 897.87021 1420.22791 1266.66925 1310.2313800000002 633.36246 1303.1727099999998 1164.02318 1169.3277600000001 1179.85419 1125.7431000000001 1229.17679 681.9024 1191.4155799999999 1137.49842 811.65895 1357.69927 1297.97887 
818.94664 535.40734 560.77047 784.16559 839.15065 804.29779 592.26191 887.827 547.88281 0 599.60895 983.20872 1419.57522 894.08084 1259.2085900000002 1268.8215 1272.11507 1280.3653199999999 1291.41023 1134.7141299999998 965.80853 1308.1067699999999 1241.17669 840.85909 725.56484 774.92089 1345.45716 1239.12509 1302.0234500000001 935.09122 995.92153 616.14037 866.73339 878.95203 1229.0545900000002 1201.63263 654.35824 1237.19987 659.75563 834.97544 1336.2036600000001 1302.44546 
914.32024 553.37131 932.01404 1070.8002900000001 907.71716 843.19228 1091.368 962.00756 716.49309 599.60895 0 563.34806 1072.88807 1188.80134 1383.13633 1553.8757799999998 1542.34858 1701.24514 1533.54178 1182.01201 739.92818 1267.65068 1434.74893 830.90288 1146.53655 1139.35957 1565.5291200000001 1581.6627899999999 1749.0223799999999 944.89701 1084.18192 704.95824 845.49504 642.06277 1170.86611 1657.22171 1118.7353899999998 1404.2513800000002 1157.40625 1142.7728900000002 1591.48035 1666.8841400000001 
913.3309 621.04354 597.22087 781.6358 943.61751 897.24731 528.01994 867.36856 962.40392 983.20872 563.34806 0 509.54001 890.15683 981.70629 1304.25693 979.00052 1315.8007499999999 1092.50085 634.08903 583.21071 1109.19739 909.2351 749.66846 776.91107 576.01151 1146.5477799999999 1159.99183 1312.1799700000001 523.47764 520.83386 536.31602 710.16959 924.15351 607.51805 1250.0411 976.52441 840.90332 787.07875 650.05794 1196.09826 1103.53608 
783.58671 1130.58355 1106.76088 914.67314 1184.81457 836.07059 957.95295 1217.93678 1302.0439099999999 1419.57522 1072.88807 509.54001 0 564.99338 1066.2950799999999 1249.9512599999998 1253.24483 1261.49508 1161.14367 1143.62904 1092.75072 1177.8402099999998 1147.12446 1192.86646 1218.14536 644.65433 1215.1906 1228.63465 1341.91502 1033.01765 1030.37387 1045.85603 1219.7096 1287.53893 1117.05806 1318.68392 827.62271 1164.82716 1135.488 674.7686 1220.80892 1172.1788999999999 
915.69478 1059.91264 547.04922 656.89331 807.83511 642.66642 918.07359 652.9434 843.23159 894.08084 1188.80134 890.15683 564.99338 0 501.3017 1089.78223 759.64581 1522.91802 1173.34648 1142.3775 920.53025 1190.04302 781.10208 921.81471 933.70464 656.85714 872.15799 1240.83746 1347.2626599999999 552.64867 587.18896 747.10689 752.79629 950.27279 607.28658 1330.88673 815.32965 599.83378 570.49462 680.11624 1226.15656 1184.38171 
817.26383 1324.83597 1043.30599 540.653 1041.44625 803.3844 961.43586 1027.90129 1099.1541200000001 1259.2085900000002 1383.13633 981.70629 1066.2950799999999 501.3017 0 588.48053 1050.35504 1058.60529 1385.5753300000001 1340.77357 1215.6753600000002 1192.43088 1130.66277 1234.8700800000001 872.18677 997.96106 1362.08219 1224.98524 1191.50953 1053.95037 1088.49066 1184.2470600000001 1077.2815 741.07356 1045.11073 1207.46134 660.18695 1101.13548 1071.79632 675.92352 1221.96384 1236.27331 
639.55554 1147.12768 1246.87665 1129.13353 1262.1718999999998 1284.61362 1373.46468 1037.5142 1108.76703 1268.8215 1553.8757799999998 1304.25693 1249.9512599999998 1089.78223 588.48053 0 1059.96795 1068.2181999999998 1258.7770799999998 1350.3864800000001 1225.28827 1298.68919 1149.61704 1312.83033 1168.7487999999998 1153.62273 1290.76442 1322.60456 1307.61202 1370.54954 1411.38368 1206.02882 1300.73028 1329.55409 1217.57367 1285.1121 737.83771 1139.3229299999998 1085.4057699999998 876.91046 1316.71565 1245.8862199999999 
947.75693 1455.32907 1250.17022 921.43117 1396.6723 967.30399 681.97991 1040.80777 1112.0606 1272.11507 1542.34858 979.00052 1253.24483 759.64581 1050.35504 1059.96795 0 1071.51177 1398.5615 1353.68005 1228.58184 1301.9827599999999 1152.91061 1292.9941800000001 1172.0423700000001 882.07216 1374.98867 1314.23679 1310.9055899999998 1312.29448 1330.1617099999999 1428.1954799999999 1196.3167600000002 1206.84319 1304.1662900000001 1276.74433 729.46994 1142.6165 1088.6993400000001 970.73288 1516.7732 1249.1797900000001 
787.98401 1295.55615 1258.42047 1224.40593 1401.1871700000002 1267.90698 856.60339 1049.05802 1120.3108499999998 1280.3653199999999 1701.2451399999998 1315.8007499999999 1261.49508 1522.91802 1058.60529 1068.2181999999998 1071.51177 0 821.69119 1341.2934599999999 1236.8320899999999 1310.23301 1161.16086 1409.8173 1180.29262 999.10165 1383.2389199999998 1410.31641 1319.15584 1295.64866 1503.24695 1354.45729 1370.94024 1380.33484 1314.4889400000002 1344.2389899999998 912.92536 1150.86675 1096.94959 971.93992 1465.14412 1257.43004 
619.22154 1126.79368 1124.57472 1306.16177 1056.64958 1136.15317 1022.16739 1267.49577 1199.5264 1291.41023 1533.54178 1092.50085 1161.14367 1173.34648 1385.5753300000001 1258.7770799999998 1398.5615 821.69119 0 519.60227 1150.97705 1049.67522 1018.95947 1064.70147 1255.5573100000001 516.48934 1087.02561 1100.46966 1402.99747 1154.15565 1391.04968 1185.6948200000002 1165.42798 1281.9426199999998 1197.23967 1190.51893 725.38838 1324.60615 1243.3328099999999 735.85105 1281.8913699999998 1044.0139100000001 
961.89396 1189.91166 1231.3099 1173.29292 1181.02152 616.5509 1121.46472 1171.37658 679.92413 1134.7141299999998 1182.01201 634.08903 1143.62904 1142.3775 1340.77357 1350.3864800000001 1353.68005 1341.2934599999999 519.60227 0 631.37478 1159.09728 1143.33141 1189.07341 1124.75029 640.86128 1211.39755 1224.8416 1575.80028 1157.56667 1154.9228899999998 1170.4050499999998 645.82571 1321.0885899999998 1162.6763099999998 1314.89087 987.82481 1433.03503 1231.36817 908.65386 1454.69418 1168.3858500000001 
827.66471 653.90392 1167.34733 988.50396 715.40044 812.80606 954.37063 803.42828 1210.51205 965.80853 739.92818 583.21071 1092.75072 920.53025 1215.6753600000002 1225.28827 1228.58184 1236.8320899999999 1150.97705 631.37478 0 527.7225 1303.17679 1301.19837 562.41149 904.90607 1475.44234 1231.6473099999998 1346.6435099999999 1106.68835 1104.04457 1119.52673 1267.6075700000001 735.07116 1190.72876 1194.15485 646.88046 1270.51233 1239.21129 992.71899 1504.82482 1414.50011 
711.45804 1181.62642 1141.27126 651.77788 1073.3461200000002 1165.31657 842.52717 1279.52901 1350.78184 1308.1067699999999 1267.65068 1109.19739 1177.8402099999998 1190.04302 1192.43088 1298.68919 1301.9827599999999 1310.23301 1049.67522 1159.09728 527.7225 0 1035.65601 1081.3980099999999 1090.1339899999998 533.18588 1103.72215 1117.1662000000001 1408.37006 1170.85219 1230.68818 1277.9313200000001 1188.40638 1199.5933599999998 1156.23561 1207.21547 708.60701 1329.57502 1269.2429499999998 870.74631 1388.61815 1060.71045 
520.42869 1028.00083 1110.55551 876.39767 1042.63037 784.44241 966.48207 1130.45686 1201.7096900000001 1241.17669 1434.74893 909.2351 1147.12446 781.10208 1130.66277 1149.61704 1152.91061 1161.16086 1018.95947 1143.33141 1303.17679 1035.65601 0 1050.68226 1186.46526 502.47013 1073.0064 1086.45045 1159.33232 1078.14028 1292.2568299999998 1086.90197 1181.6034300000001 1267.9234099999999 1096.98056 1176.49972 656.29633 1094.50874 1144.53996 987.9598 1197.5888 1029.9947 
673.27479 1180.8469300000002 1156.2975099999999 950.61127 918.70611 946.11093 611.01427 1123.5733300000002 1266.00518 840.85909 830.90288 749.66846 1192.86646 921.81471 1234.8700800000001 1312.83033 1292.9941800000001 1409.8173 1064.70147 1189.07341 1301.19837 1081.3980099999999 1050.68226 0 738.78688 548.21213 1118.7484 1132.19245 1226.09298 1185.87844 1259.19607 1239.74807 1125.35112 1135.8775500000002 1240.15456 1222.24172 975.33862 1272.40873 1297.38606 558.94656 1104.98688 1075.7367 
932.69526 1134.04431 604.93584 530.47413 737.97963 915.29233 736.83866 627.3424 873.45331 725.56484 1146.53655 776.91107 1218.14536 933.70464 872.18677 1168.7487999999998 1172.0423700000001 1180.29262 1255.5573100000001 1124.75029 562.41149 1090.1339899999998 1186.46526 738.78688 0 959.85332 1355.0489499999999 1114.93578 1210.5231800000001 969.60309 761.22394 817.97361 741.70354 864.1128 746.93759 1077.44332 530.16893 1153.8008 676.7998 543.37676 1089.41708 1139.6110800000001 
664.15894 1137.19385 608.08538 789.67243 540.16024 632.13069 505.67805 812.75481 897.87021 774.92089 1139.35957 576.01151 644.65433 656.85714 997.96106 1153.62273 882.07216 999.10165 516.48934 640.86128 904.90607 533.18588 502.47013 548.21213 959.85332 0 570.53627 583.98032 988.90115 637.66631 941.06988 865.39424 728.4835 765.45328 710.24497 674.02959 537.21574 846.41439 839.69234 642.81426 1188.85458 527.52457 
651.20888 1158.78102 1178.62165 824.57482 1110.69651 1202.66696 864.09917 1299.4831100000001 1420.22791 1345.45716 1565.5291200000001 1146.5477799999999 1215.1906 872.15799 1362.08219 1290.76442 1374.98867 1383.2389199999998 1087.02561 1211.39755 1475.44234 1103.72215 1073.0064 1118.7484 1355.0489499999999 570.53627 0 1154.51659 1439.82563 1208.20258 1403.48512 1217.68216 1299.0197699999999 1335.9895499999998 1229.22701 1244.56586 883.13481 1356.59349 1275.32015 859.51551 1328.36899 1098.06084 
930.05808 1236.8759300000002 1192.0657 971.68418 1124.14056 1144.72107 957.95514 1367.56456 1266.66925 1239.12509 1581.6627899999999 1159.99183 1228.63465 1240.83746 1224.98524 1322.60456 1314.23679 1410.31641 1100.46966 1224.8416 1231.6473099999998 1117.1662000000001 1086.45045 1132.19245 1114.93578 583.98032 1154.51659 0 949.38564 1172.4627500000001 1408.26056 1438.44607 1312.46382 1275.2286100000001 1159.4632000000001 1132.04124 584.76685 1188.8312099999998 1128.0173399999999 719.4253 1265.46562 1111.5048900000002 
834.70214 1342.27428 1210.4593300000001 1269.96789 1244.52555 1111.2453600000001 1225.05331 1288.45184 1310.2313800000002 1302.0234500000001 1749.0223799999999 1312.1799700000001 1341.91502 1347.2626599999999 1191.50953 1307.61202 1310.9055899999998 1319.15584 1402.99747 1575.80028 1346.6435099999999 1408.37006 1159.33232 1226.09298 1210.5231800000001 988.90115 1439.82563 949.38564 0 1138.98704 1374.78485 1386.1671900000001 1318.8325100000002 1279.9167499999999 1157.82732 1247.03744 699.76305 1155.3555000000001 1336.34341 667.14642 1213.18674 1263.38074 
910.92023 1144.52118 1099.69789 837.66234 1163.33351 716.47468 942.17053 1204.80953 633.36246 935.09122 944.89701 523.47764 1033.01765 552.64867 1053.95037 1370.54954 1312.29448 1295.64866 1154.15565 1157.56667 1106.68835 1170.85219 1078.14028 1185.87844 969.60309 637.66631 1208.20258 1172.4627500000001 1138.98704 0 1044.3114999999998 1059.7936599999998 1233.64723 1247.70805 1076.63528 1311.6959 874.06922 1074.16346 1123.14329 634.93772 1180.97804 1165.19088 
771.82814 1141.8773999999999 1081.56329 578.9103 1079.70355 886.6486 648.1818 1160.7408599999999 1303.1727099999998 995.92153 1084.18192 520.83386 1030.37387 587.18896 1088.49066 1411.38368 1330.1617099999999 1503.24695 1391.04968 1154.9228899999998 1104.04457 1230.68818 1292.2568299999998 1259.19607 761.22394 941.06988 1403.48512 1408.26056 1374.78485 1044.3114999999998 0 1057.14988 1115.5388 1126.72578 1083.36803 1378.8690900000001 831.5947 1187.0227399999999 1157.68358 801.95143 1347.99175 1398.18575 
566.47328 540.21068 1069.31915 643.59406 589.20467 771.0874 746.21557 1088.1078400000001 1164.02318 616.14037 704.95824 536.31602 1045.85603 747.10689 1184.2470600000001 1206.02882 1428.1954799999999 1354.45729 1185.6948200000002 1170.4050499999998 1119.52673 1277.9313200000001 1086.90197 1239.74807 817.97361 865.39424 1217.68216 1438.44607 1386.1671900000001 1059.7936599999998 1057.14988 0 749.84515 1191.40954 1143.8340699999999 1309.37475 864.33578 1271.85789 1190.58455 719.02077 1243.63339 1315.25509 
661.17474 901.58237 1039.28149 536.6285 890.6357 684.89846 514.33685 699.9951 1169.3277600000001 866.73339 845.49504 710.16959 1219.7096 752.79629 1077.2815 1300.73028 1196.3167600000002 1370.94024 1165.42798 645.82571 1267.6075700000001 1188.40638 1181.6034300000001 1125.35112 741.70354 728.4835 1299.0197699999999 1312.46382 1318.8325100000002 1233.64723 1115.5388 749.84515 0 1039.2001300000002 1041.0862300000001 1402.51309 976.46028 1214.42564 1154.09357 843.18648 1338.3348500000002 1256.00807 
933.17186 1195.43408 1050.46847 547.81548 1048.60873 704.53769 524.86328 1037.42234 1179.85419 878.95203 642.06277 924.15351 1287.53893 950.27279 741.07356 1329.55409 1206.84319 1380.33484 1281.9426199999998 1321.0885899999998 735.07116 1199.5933599999998 1267.9234099999999 1135.8775500000002 864.1128 765.45328 1335.9895499999998 1275.2286100000001 1279.9167499999999 1247.70805 1126.72578 1191.40954 1039.2001300000002 0 1052.27321 1237.7361500000002 690.46176 1225.6126199999999 1165.28055 612.77033 1158.81065 1209.0046499999999 
578.01813 1085.5902700000001 1007.11072 504.45773 1005.25098 546.12541 899.06712 1121.64995 1125.7431000000001 1229.0545900000002 1170.86611 607.51805 1117.05806 607.28658 1045.11073 1217.57367 1304.1662900000001 1314.4889400000002 1197.23967 1162.6763099999998 1190.72876 1156.23561 1096.98056 1240.15456 746.93759 710.24497 1229.22701 1159.4632000000001 1157.82732 1076.63528 1083.36803 1143.8340699999999 1041.0862300000001 1052.27321 0 875.74931 574.69635 1093.00374 1121.9228 681.208 1227.24832 1237.76954 
742.90147 1250.47361 1282.11497 1307.31777 1214.18983 1218.7700300000001 1179.70764 1313.53499 1229.17679 1201.63263 1657.22171 1250.0411 1318.68392 1330.88673 1207.46134 1285.1121 1276.74433 1344.2389899999998 1190.51893 1314.89087 1194.15485 1207.21547 1176.49972 1222.24172 1077.44332 674.02959 1244.56586 1132.04124 1247.03744 1311.6959 1378.8690900000001 1309.37475 1402.51309 1237.7361500000002 875.74931 0 547.27439 1170.9062600000002 1230.79542 868.5093 1414.54962 1201.5541600000001 
795.20977 1096.1889 749.96603 907.46895 667.20236 671.49564 646.77003 782.79771 681.9024 654.35824 1118.7353899999998 976.52441 827.62271 815.32965 660.18695 737.83771 729.46994 912.92536 725.38838 987.82481 646.88046 708.60701 656.29633 975.33862 530.16893 537.21574 883.13481 584.76685 699.76305 874.06922 831.5947 864.33578 976.46028 690.46176 574.69635 547.27439 0 623.63187 683.52103 855.96802 1213.12081 893.36006 
705.38461 1212.9567499999998 1145.63575 677.79714 1178.59039 1046.42178 892.31546 1120.16275 1191.4155799999999 1237.19987 1404.2513800000002 840.90332 1164.82716 599.83378 1101.13548 1139.3229299999998 1142.6165 1150.86675 1324.60615 1433.03503 1270.51233 1329.57502 1094.50874 1272.40873 1153.8008 846.41439 1356.59349 1188.8312099999998 1155.3555000000001 1074.16346 1187.0227399999999 1271.85789 1214.42564 1225.6126199999999 1093.00374 1170.9062600000002 623.63187 0 1168.05432 713.46217 1259.5024899999999 1309.69649 
624.11127 1131.68341 1117.54384 617.46507 1118.25832 614.81727 992.5574 1066.24559 1137.49842 659.75563 1157.40625 787.07875 1135.488 570.49462 1071.79632 1085.4057699999998 1088.6993400000001 1096.94959 1243.3328099999999 1231.36817 1239.21129 1269.2429499999998 1144.53996 1297.38606 676.7998 839.69234 1275.32015 1128.0173399999999 1336.34341 1123.14329 1157.68358 1190.58455 1154.09357 1165.28055 1121.9228 1230.79542 683.52103 1168.05432 0 923.2429 1301.2713800000001 1274.61761 
644.92522 700.49166 656.70808 602.82147 655.69543 984.36322 1067.06249 692.01451 811.65895 834.97544 1142.7728900000002 650.05794 674.7686 680.11624 675.92352 876.91046 970.73288 971.93992 735.85105 908.65386 992.71899 870.74631 987.9598 558.94656 543.37676 642.81426 859.51551 719.4253 667.14642 634.93772 801.95143 719.02077 843.18648 612.77033 681.208 868.5093 855.96802 713.46217 923.2429 0 546.04032 596.23432 
677.16011 1184.73225 775.43319 1148.86179 1201.7357499999998 1322.21819 1371.84676 1238.05483 1357.69927 1336.2036600000001 1591.48035 1196.09826 1220.80892 1226.15656 1221.96384 1316.71565 1516.7732 1465.14412 1281.8913699999998 1454.69418 1504.82482 1388.61815 1197.5888 1104.98688 1089.41708 1188.85458 1328.36899 1265.46562 1213.18674 1180.97804 1347.99175 1243.63339 1338.3348500000002 1158.81065 1227.24832 1414.54962 1213.12081 1259.5024899999999 1301.2713800000001 546.04032 0 1142.27464 
854.43089 1296.7259800000002 1135.60995 1199.05579 1067.6848100000002 1159.65526 1033.20262 1226.72604 1297.97887 1302.44546 1666.8841400000001 1103.53608 1172.1788999999999 1184.38171 1236.27331 1245.8862199999999 1249.1797900000001 1257.43004 1044.0139100000001 1168.3858500000001 1414.50011 1060.71045 1029.9947 1075.7367 1139.6110800000001 527.52457 1098.06084 1111.5048900000002 1263.38074 1165.19088 1398.18575 1315.25509 1256.00807 1209.0046499999999 1237.76954 1201.5541600000001 893.36006 1309.69649 1274.61761 596.23432 1142.27464 0 
