19
Visitacion Malaut Pingyi Gisborne Meerut Hudiksvall Hueytown Franceville Rutherglen Sungurlu Winsford Sun Portogruaro Beveren Stade Ishim Zgorzelec Andijon Lesnoy
0 520.8159 1038.16173 910.58747 718.56042 901.92412 672.66268 750.14345 522.81205 864.76669 762.39013 996.50857 1211.91698 805.50658 1213.52439 564.33154 1403.03669 1185.5675 551.16455 
520.8159 0 517.34583 962.47319 1192.8086400000002 828.55442 532.27588 1039.89123 1043.62795 683.51202 1184.97078 1041.21391 1071.53018 600.2738 1109.16364 1085.1474400000002 1197.80391 821.50394 1071.98045 
1038.16173 517.34583 0 610.83527 1146.28166 997.50906 697.60569 1163.06772 1560.97378 1200.8578499999999 1341.7713600000002 1206.5437200000001 1168.00754 673.32892 1182.21876 1181.5785700000001 1270.85903 1120.51555 1302.8588300000001 
910.58747 962.47319 610.83527 0 535.44639 609.53793 987.75623 552.23245 1120.15643 860.45732 730.93609 619.5003 557.17227 980.87449 718.59344 570.7433 1578.4046 509.68028 844.66393 
718.56042 1192.8086400000002 1146.28166 535.44639 0 716.27978 769.42235 1087.67884 1183.05836 1166.82535 1266.38248 1135.83925 1092.61866 592.53484 1101.42468 1106.18969 1190.06495 747.15086 1269.72497 
901.92412 828.55442 997.50906 609.53793 716.27978 0 506.22234 608.09245 653.1958 924.7962 859.29014 909.64252 515.49076 856.61377 880.72146 958.0744 1318.6399000000001 523.60756 859.78688 
672.66268 532.27588 697.60569 987.75623 769.42235 506.22234 0 507.61535 1075.53933 999.89752 682.09453 508.93803 539.2543 629.98111 694.30851 908.53418 844.57612 882.4063 605.25314 
750.14345 1039.89123 1163.06772 552.23245 1087.67884 608.09245 507.61535 0 567.92398 730.95814 1189.7098799999999 1016.5533800000001 1046.8696499999999 839.30292 1201.9238599999999 1122.97575 1352.19147 926.30133 1112.86849 
522.81205 1043.62795 1560.97378 1120.15643 1183.05836 653.1958 1075.53933 567.92398 0 577.03926 806.15865 588.03293 1168.68656 1008.0107399999999 1516.90058 1087.1435900000001 1490.66851 1079.56953 1073.9766 
864.76669 683.51202 1200.8578499999999 860.45732 1166.82535 924.7962 999.89752 730.95814 577.03926 0 501.45876 816.641 1153.54124 574.29051 1083.18035 936.34062 1171.82062 698.73116 881.95538 
762.39013 1184.97078 1341.7713600000002 730.93609 1266.38248 859.29014 682.09453 1189.7098799999999 806.15865 501.45876 0 627.55971 1221.34883 691.49872 1102.1865400000002 1251.4201600000001 1289.0288300000002 566.13121 1287.34767 
996.50857 1041.21391 1206.5437200000001 619.5003 1135.83925 909.64252 508.93803 1016.5533800000001 588.03293 816.641 627.55971 0 1048.1923299999999 543.30441 1052.19425 1190.2436 1140.8345199999999 661.65528 1114.19117 
1211.91698 1071.53018 1168.00754 557.17227 1092.61866 515.49076 539.2543 1046.8696499999999 1168.68656 1153.54124 1221.34883 1048.1923299999999 0 579.25073 651.93704 1127.9155700000001 1176.78084 1039.09832 1144.5074399999999 
805.50658 600.2738 673.32892 980.87449 592.53484 856.61377 629.98111 839.30292 1008.0107399999999 574.29051 691.49872 543.30441 579.25073 0 508.88984 690.98224 597.53011 1044.94517 989.80982 
1213.52439 1109.16364 1182.21876 718.59344 1101.42468 880.72146 694.30851 1201.9238599999999 1516.90058 1083.18035 1102.1865400000002 1052.19425 651.93704 508.88984 0 649.19285 1106.41995 536.05533 1299.56165 
564.33154 1085.1474400000002 1181.5785700000001 570.7433 1106.18969 958.0744 908.53418 1122.97575 1087.1435900000001 936.34062 1251.4201600000001 1190.2436 1127.9155700000001 690.98224 649.19285 0 1288.51235 685.28895 1115.49609 
1403.03669 1197.80391 1270.85903 1578.4046 1190.06495 1318.6399000000001 844.57612 1352.19147 1490.66851 1171.82062 1289.0288300000002 1140.8345199999999 1176.78084 597.53011 1106.41995 1288.51235 0 1441.9775300000001 1449.82926 
1185.5675 821.50394 1120.51555 509.68028 747.15086 523.60756 882.4063 926.30133 1079.56953 698.73116 566.13121 661.65528 1039.09832 1044.94517 536.05533 685.28895 1441.9775300000001 0 889.65902 
551.16455 1071.98045 1302.8588300000001 844.66393 1269.72497 859.78688 605.25314 1112.86849 1073.9766 881.95538 1287.34767 1114.19117 1144.5074399999999 989.80982 1299.56165 1115.49609 1449.82926 889.65902 0 
