95
69 7 101 49 170 54 78 34 48 23 129 77 110 75 150 179 157 15 107 38 31 190 109 133 63 66 44 13 79 46 32 61 17 67 120 138 128 143 37 53 96 57 71 82 56 151 177 186 134 73 11 39 146 84 92 197 137 118 182 148 176 100 117 24 114 142 99 28 181 167 187 104 136 26 45 5 81 174 188 153 144 35 14 64 121 30 1 140 43 130 85 68 95 65 108
0 2.11733 3.7366099999999998 5.29519 3.8933799999999996 5.3744499999999995 7.87384 9.94545 10.75007 12.08936 12.63716 10.31496 11.45084 11.79243 12.11195 9.29719 8.04873 8.22606 5.50881 5.66191 5.24338 5.7427600000000005 6.46497 3.68814 6.01026 3.91043 4.87548 4.32076 5.50135 5.91247 4.4186 7.130739999999999 6.12005 5.50462 8.2335 6.11475 5.56676 6.42168 7.448919999999999 8.22111 8.19625 7.89314 8.15842 8.57226 7.64301 6.16068 7.25165 6.52974 9.363710000000001 7.229 8.94912 7.509930000000001 8.85506 12.00084 12.76181 11.44033 11.91573 13.5494 14.71201 14.57214 15.20141 14.71681 16.55997 17.91282 18.55282 17.959400000000002 14.943670000000001 18.83665 16.88326 15.837190000000001 14.04349 9.86707 12.75124 11.71429 10.883379999999999 10.48049 10.13517 12.10688 11.60279 11.75087 10.92481 13.361180000000001 13.60243 5.58102 3.58421 3.5386100000000003 10.02527 12.13731 12.57179 11.918610000000001 13.79354 13.09776 12.85389 14.67728 1.40215 
2.11733 0 1.6192799999999998 3.17786 1.7760500000000001 3.2571200000000005 5.8101 7.87492 8.679540000000001 9.97777 10.53138 8.31755 9.60739 9.69625 10.12091 7.45603 6.85928 7.04389 4.43279 4.577019999999999 4.15849 3.80589 4.34764 3.77683 5.27663 3.81365 5.63518 6.1899 6.84393 5.57521 4.11777 6.71487 8.23722 7.62179 7.72091 8.23093 3.44943 5.69378 7.50403 8.71638 8.6666 8.43147 8.09298 8.56789 7.34308 5.869730000000001 7.10749 5.51011 8.80255 6.70369 8.26843 6.45158 7.51267 10.426829999999999 11.29039 10.23738 10.67621 12.755500000000001 13.48033 13.40411 13.9252 13.86166 15.398019999999999 16.78401 17.26643 16.61043 13.41872 17.60842 15.954699999999999 15.25417 13.52645 9.43932 12.56899 12.22758 11.409220000000001 11.108059999999998 11.434339999999999 13.14358 12.50518 13.0777 10.96696 14.16825 14.639859999999999 6.87066 3.04197 2.61489 7.948930000000001 10.115079999999999 10.53486 9.80128 11.71175 11.12833 10.82377 12.95812 3.0723599999999998 
3.7366099999999998 1.6192799999999998 0 1.77294 2.41061 3.89168 6.22808 8.19698 8.95102 10.02563 10.33122 8.10775 8.93359 9.0787 9.30274 6.52681 5.24 5.42461 2.81351 3.48236 3.90089 3.9022300000000003 3.83725 4.7668099999999995 5.79115 2.81554 5.4916 5.69401 5.68378 3.95593 3.14789 7.03204 8.571010000000001 7.97037 7.22647 8.54149 4.91655 6.53777 9.11992 10.33306 10.28588 10.050749999999999 9.68185 10.15676 8.934619999999999 7.45229 8.69533 7.06806 10.35929 8.22458 9.88771 7.6493400000000005 8.07498 11.514990000000001 12.37423 11.54078 12.01618 13.97184 14.741719999999999 14.70194 15.17474 15.07189 16.69917 18.09726 18.47514 17.81681 14.48144 18.86957 17.29414 16.58184 14.98131 11.0586 14.14595 13.78938 12.970790000000001 12.6628 12.6134 14.58511 13.93878 14.39749 11.93765 15.6365 16.0892 8.48994 4.66125 4.23417 7.72633 10.49731 10.91998 9.875 11.30742 10.4006 10.24577 13.84067 4.06234 
5.29519 3.17786 1.77294 0 1.40181 2.88288 4.45514 6.42446 7.22908 8.496220000000001 8.9085 7.12124 7.44813 7.7581500000000005 8.19075 5.70047 5.473929999999999 5.61442 4.40127 3.7324200000000003 3.83122 2.12929 2.37602 5.67199 4.01821 4.45136 7.127420000000001 7.43479 7.42737 5.72887 4.92083 8.51326 10.04554 9.47663 8.99941 10.09608 5.46309 6.80378 9.02036 10.21362 10.13442 9.96167 9.23386 9.70739 8.470749999999999 7.0023800000000005 8.23825 6.42847 9.48219 7.50642 8.49521 7.18042 6.48527 9.91721 10.85089 10.22668 10.62322 12.722339999999999 13.35098 13.36157 13.73359 13.82062 15.387319999999999 16.7529 17.01285 16.29347 12.91214 17.30508 16.03546 15.50722 14.03236 10.62539 13.52955 13.650949999999998 12.86347 12.61269 12.999 14.85401 14.24869 14.88137 12.30055 15.90364 16.42631 8.74271 4.34251 4.04678 5.9694 8.74016 9.14704 8.28839 9.84619 9.15581 8.87089 12.213900000000002 4.42688 
3.89338 1.7760500000000001 2.41061 1.40181 0 1.48107 4.34368 6.41316 7.20984 8.57106 9.1564 7.24206 8.2192 8.67448 9.2089 6.70625 5.9831900000000005 6.12368 4.48611 5.1342300000000005 5.23303 3.5311000000000003 3.77783 4.923579999999999 5.42002 4.43717 7.11323 7.53158 7.99068 5.58259 5.46857 8.1365 9.67547 9.24286 8.96685 9.63644 4.06128 5.77817 7.6587700000000005 8.87191 8.76312 8.5786 7.83245 8.30584 7.06894 5.60057 6.9649 5.02666 8.08038 6.12927 7.75633 6.616289999999999 5.73662 9.10438 10.132719999999999 9.13749 9.61289 11.56123 12.331719999999999 12.294910000000002 12.76474 12.72504 14.29764 15.69205 16.10044 15.45773 12.10829 16.471330000000002 14.9022 14.2678 12.73576 9.22975 12.12774 12.30016 11.505740000000001 11.241719999999999 11.59807 13.54869 12.97621 13.65059 11.17691 14.50183 15.07387 7.75631 2.9407 2.64497 6.76345 8.64866 9.08314 8.38743 10.9945 10.12708 9.79351 11.57074 3.52237 
5.3744499999999995 3.25712 3.89168 2.88288 1.48107 0 3.09461 5.53099 5.89655 7.15575 7.9118 5.8129 6.73813 7.19341 7.94702 5.47322 5.0354 5.1913599999999995 4.26025 4.9291 5.34763 5.01217 5.258900000000001 6.2409300000000005 6.90109 5.91824 8.23119 8.78591 9.47175 6.82237 6.80694 9.5517 11.05698 10.44155 9.819320000000001 11.05227 5.54235 6.972810000000001 8.84571 9.93915 9.83226 9.76808 8.66783 9.14175 7.91461 6.50537 7.69135 5.77994 8.6161 7.180680000000001 8.02622 5.7486 5.10786 8.60121 9.50396 8.99239 9.46779 11.60472 12.20482 12.08394 12.41922 12.616670000000001 14.1183 15.47716 15.67747 14.946539999999999 11.53036 15.9697 14.816690000000001 14.41733 13.02293 9.57448 12.85981 13.26132 12.57488 12.3106 12.8407 14.81241 14.16679 14.96788 12.32093 15.67689 16.233 9.150310000000001 4.13534 4.12604 5.6828199999999995 7.39395 7.82843 7.27866 10.639140000000001 8.70903 8.371039999999999 10.75903 5.0034 
7.87384 5.8101 6.22808 4.45514 4.34368 3.09461 0 2.91206 3.7166799999999998 4.39155 5.77849 4.85342 5.11127 6.18334 7.057079999999999 5.64822 6.44955 6.27012 6.69059 6.71468 7.13321 6.54861 3.4772 6.60898 8.47335 8.72322 11.3258 11.79385 11.88251 9.91698 9.3633 12.477799999999998 13.94032 13.332809999999998 11.55118 13.98012 7.7787 8.82844 10.0533 10.99147 10.8708 10.78661 9.16399 9.60133 8.94465 8.10296 8.32187 7.18211 8.2196 7.04853 6.88912 5.50915 3.02242 6.18261 7.418519999999999 7.38336 7.654159999999999 9.99265 10.11938 10.18182 10.33149 10.94572 12.223 13.47224 13.51171 12.599920000000001 9.10903 13.66143 13.07057 13.08917 12.08864 9.25988 12.46473 13.88637 13.26337 13.18042 14.18247 15.99307 15.460329999999999 16.50956 13.93989 16.7429 17.32692 11.005939999999999 5.99097 5.97881 6.58808 4.30498 4.739459999999999 4.18405 7.87494 7.50834 6.7495 8.334900000000001 7.64907 
9.94545 7.87492 8.19698 6.42446 6.41316 5.53099 2.91206 0 0.80462 2.8428 4.22974 4.68144 4.36805 5.44012 6.64365 6.33258 7.13967 7.11663 8.28393 8.44512 8.86365 7.30425 4.98877 8.15728 10.24104 10.76937 13.35257 13.82742 13.79383 11.995750000000001 11.31258 14.54966 16.01301 15.39758 13.57754 16.01827 9.67342 10.68477 11.60216 12.53295 12.32198 12.33374 10.50625 10.89424 10.2043 10.14877 9.74898 8.50221 9.101379999999999 8.38593 7.76389 7.03803 3.44575 6.49752 6.64046 7.4772 7.73777 10.08953 9.59768 9.90809 9.73999 10.76619 11.78861 12.93119 12.5393 11.67666 8.33613 13.002210000000002 12.74538 13.12252 12.39928 10.13409 13.16219 15.228629999999999 14.58653 14.57423 15.77418 17.50959 17.007460000000002 18.16319 15.48875 18.17784 18.78073 12.94407 7.9291 8.07083 4.7834699999999994 2.3157 2.72716 2.63497 5.65795 6.92585 5.85019 7.12761 9.70027 
10.75007 8.679540000000001 8.95102 7.22908 7.20984 5.89655 3.71668 0.80462 0 2.12821 3.51515 4.73397 4.15457 5.22664 6.6159 6.40172 7.5674 7.52734 8.90561 9.08264 9.19297 7.4946 5.62629 8.93792 11.02168 11.54976 14.12774 14.608060000000002 14.51703 12.71892 12.09891 15.33644 16.81763 16.2022 14.38216 16.82289 10.46742 11.48939 12.30839 13.179870000000001 12.99608 13.02089 11.16025 11.59273 10.91819 10.63695 10.41225 9.306830000000001 9.644680000000001 9.03993 8.31251 7.842650000000001 4.25037 5.6929 6.7814700000000006 7.74636 7.864610000000001 10.17486 9.62785 9.91149 9.84178 10.89258 11.8054 12.89049 12.37934 11.503029999999999 7.94658 12.6587 12.80658 13.311390000000001 12.70205 10.67923 13.62673 15.7405 15.20545 15.22498 16.47084 18.17799 17.68306 18.86935 16.19498 18.82059 19.43602 13.74869 8.73372 8.75477 5.588089999999999 3.12032 3.29781 3.43959 5.18678 6.55728 6.29987 6.37855 10.50489 
12.08936 9.97777 10.02563 8.496220000000001 8.57106 7.15575 4.39155 2.8428 2.12821 0 1.38694 4.18546 5.61865 5.32481 6.432910000000001 6.16096 7.68193 7.5686800000000005 9.66531 9.78903 9.81619 8.82406 6.37015 9.54062 12.26875 12.84117 15.21158 15.71868 15.47912 13.917760000000001 13.01851 16.69264 18.19719 17.59398 15.94148 18.20411 12.0836 13.14645 14.1174 15.00261 14.82552 14.84346 12.9656 13.3569 12.39328 11.47651 12.41377 11.067150000000002 11.45128 10.871 10.415339999999999 9.52949 6.01069 7.26108 8.31987 9.41208 9.48255 11.834869999999999 11.11009 11.32753 11.01608 12.39973 13.12546 14.10982 13.39344 12.496820000000001 9.03934 13.67667 14.16951 14.85493 14.36916 12.47951 15.468119999999999 17.68798 17.04822 17.05168 18.29341 20.01353 19.51028 20.67747 17.99323 20.66069 21.26787 15.352459999999999 10.37137 10.36972 5.63821 2.64992 2.34378 4.11501 3.48339 5.24758 4.17192 7.23728 12.018070000000002 
12.63716 10.53138 10.33122 8.9085 9.1564 7.9118 5.77849 4.2297400000000005 3.51515 1.38694 0 3.53625 4.96944 6.04151 5.6678 5.713839999999999 7.23336 7.12282 9.41331 9.78272 9.86797 8.21014 6.53248 9.76027 12.69886 13.11821 15.47093 15.99962 15.46109 14.28715 13.234160000000001 17.18081 18.71978 18.10529 16.62243 18.70882 13.12604 14.04109 15.20244 16.12787 15.94666 15.94523 14.15616 14.58154 13.78022 12.55281 13.40817 11.60097 12.72744 12.03584 11.38951 10.7925 7.39763 8.55666 9.49427 10.78632 10.85516 13.12923 12.36489 12.71447 12.37315 13.7585 14.5124 15.468029999999999 14.68678 13.87581 10.36954 14.94921 15.53928 16.24187 15.74452 13.76027 16.71025 18.86147 18.248759999999997 18.22241 19.37142 21.13467 20.61871 21.733369999999997 19.03992 21.82775 22.43193 16.23937 11.2244 11.34255 6.612550000000001 3.62426 3.73072 5.50195 4.87033 6.56652 5.55886 8.51978 12.67579 
10.31496 8.31755 8.10775 7.12124 7.24206 5.8129 4.85342 4.681439999999999 4.73397 4.18546 3.53625 0 1.43319 2.50526 3.68344 4.89405 3.74268 3.61782 6.18754 6.85639 7.0269200000000005 5.32697 4.74522 6.96555 10.32837 10.52082 12.59971 13.1462 12.30816 11.68377 10.35099 14.70438 16.24335 15.706299999999999 14.64006 16.26674 11.30334 12.69238 14.39199 15.50384 15.375309999999999 15.25174 13.887559999999999 14.31932 13.55894 12.31827 12.95495 11.05574 13.014890000000001 11.76724 11.72418 10.28576 7.68373 10.28179 11.28627 11.98137 12.25734 14.5441 14.24495 14.516649999999998 14.38321 15.42297 16.43442 17.57118 17.11211 16.23349 12.67695 17.39194 17.40397 17.685850000000002 16.799879999999998 14.03461 17.24998 18.58176 17.89609 17.80527 18.58298 20.42121 19.8426 20.75776 18.07047 21.26151 21.81988 14.82717 9.88923 9.71583 4.09157 6.13503 6.34789 4.21484 7.475149999999999 5.0192 3.94354 11.08811 10.703 
11.45084 9.60739 8.93359 7.44813 8.2192 6.73813 5.11127 4.36805 4.15457 5.61865 4.96944 1.43319 0 1.07207 2.4613300000000002 3.46086 5.17587 5.05101 7.6099499999999995 8.14709 7.95925 6.54396 5.37057 8.39874 11.466339999999999 11.749130000000001 13.92663 14.46883 13.70512 12.889520000000001 11.56798 15.927669999999999 17.46613 16.87689 15.68486 17.45845 12.1779 13.50697 15.05383 16.041 15.919229999999999 15.89788 14.27526 14.712589999999999 13.622639999999999 12.44424 13.42294 11.55766 13.19331 12.15979 11.87771 10.6138 7.65159 9.84747 10.82663 11.78859 11.99659 14.29701 13.78168 14.06451 13.8656 15.03432 15.95668 17.02204 16.42055 15.528680000000001 12.10115 16.69323 16.96041 17.438760000000002 16.73809 14.22345 17.35326 18.99447 18.36336 18.28161 19.18778 21.0415 20.479 21.460469999999997 18.76702 21.84623 22.39775 15.66045 10.68394 10.54911 3.55509 5.605700000000001 5.43172 3.67836 6.829089999999999 4.373139999999999 3.74422 10.32948 11.741530000000001 
11.79243 9.69625 9.0787 7.7581500000000005 8.67448 7.19341 6.18334 5.440119999999999 5.22664 5.32481 6.04151 2.50526 1.07207 0 1.38926 3.01568 4.7876 4.9722100000000005 7.511950000000001 7.944570000000001 7.894170000000001 7.61603 5.38995 8.32566 11.688479999999998 11.8753 13.9453 14.46462 13.60143 12.971210000000001 11.532150000000001 16.08071 17.61918 17.04907 16.02909 17.61865 12.73576 14.05708 15.70506 16.76596 16.61592 16.54109 15.06775 15.51663 14.49417 13.16859 14.21631 12.27807 14.09396 12.96383 12.78557 11.44554 8.61317 10.91954 11.8987 12.80364 12.98585 15.3446 14.85375 15.13658 14.93318 16.106389999999998 17.02157 18.09328 17.49262 16.600369999999998 13.0898 17.764319999999998 18.03248 18.48357 17.70068 15.11419 18.30858 19.79013 19.13509 19.02916 19.85093 21.802860000000003 21.15511 22.07313 19.39716 22.54701 23.11078 16.19305 11.24265 11.08171 4.51917 6.34882 6.48946 4.26869 7.901159999999999 5.445209999999999 4.81629 11.367460000000001 12.10122 
12.11195 10.12091 9.30274 8.19075 9.2089 7.94702 7.057079999999999 6.64365 6.6159 6.432910000000001 5.6678 3.68344 2.4613300000000002 1.38926 0 2.81476 4.58668 4.7712900000000005 7.311030000000001 7.87142 7.66928 7.46109 5.82255 9.29171 11.836 12.03107 13.87352 14.428239999999999 13.40051 13.076649999999999 11.47551 16.24757 17.77497 17.22529 16.497030000000002 17.7721 13.26986 14.80029 16.52983 17.62854 17.49919 17.40046 16.04805 16.51769 15.55032 14.06799 15.14719 13.20895 15.20373 13.96489 13.9202 12.48894 9.83239 12.24268 13.23902 14.08276 14.26437 16.61726 16.19837 16.46981 16.32037 17.40984 18.37991 19.46933 18.87981 17.987830000000002 14.47504 19.15102 19.36517 19.75728 18.94796 16.21978 19.44886 20.766550000000002 20.07662 19.94347 20.64781 22.57231 21.96679 22.80518 20.15033 23.41144 23.96281 16.79767 11.96282 11.76155 5.90843 7.7378 7.87872 5.6579500000000005 6.721349999999999 4.2654 4.15465 12.756440000000001 12.57578 
9.29719 7.45603 6.52681 5.70047 6.70625 5.47322 5.64822 6.33258 6.40172 6.16096 5.713839999999999 4.89405 3.46086 3.01568 2.81476 0 1.77192 1.9565299999999999 4.49627 5.08807 4.87849 6.57691 3.32445 6.47695 9.08736 9.22617 11.088799999999999 11.64058 10.585749999999999 10.26189 8.66075 13.43812 14.96514 14.4188 13.75328 14.96201 10.76753 12.42339 14.283270000000002 15.41237 15.30146 15.16647 14.04392 14.51883 13.35277 11.93979 13.13121 11.253160000000001 13.563939999999999 12.12852 12.33885 10.6964 8.66588 11.61545 12.6449 13.02904 13.28736 15.64087 15.56407 15.74922 15.76433 16.57892 17.790399999999998 18.96 18.6591 17.79672 14.22055 18.94213 18.64429 18.73485 17.7341 14.52228 17.785809999999998 18.69108 17.96116 17.776960000000003 18.28853 20.22677 19.61925 20.35556 17.73939 21.14787 21.706220000000002 14.310469999999999 9.58592 9.34135 7.01595 7.923719999999999 8.20432 7.13922 6.45471 3.99876 4.13645 12.76707 10.10166 
8.04873 6.85928 5.24 5.473929999999999 5.9831900000000005 5.0354 6.44955 7.13967 7.5674 7.68193 7.23336 3.74268 5.17587 4.7876 4.58668 1.77192 0 0.18461 2.85026 3.51911 3.59371 5.12224 3.0979099999999997 4.83094 7.876720000000001 7.87081 9.86261 9.98942 8.81383 8.74818 7.00959 11.95166 13.49063 12.94743 12.46314 13.45642 9.83337 11.42091 13.641919999999999 14.825579999999999 14.746310000000001 14.55955 13.69566 14.169989999999999 12.950009999999999 11.54077 12.71158 10.815339999999999 13.59902 11.89009 12.397829999999999 10.61298 9.14547 12.558409999999999 13.36545 13.45155 13.75879 16.063879999999997 16.24243 16.34199 16.46656 17.050349999999998 18.3749 19.65027 19.49877 18.68067 15.1045 19.82608 19.20069 19.07822 17.85814 14.43395 17.7076 18.243 17.45143 17.22491 17.53898 19.48434 18.85728 19.46911 16.91555 20.46414 20.97325 13.32159 8.92389 8.61824 6.42307 9.24389 9.49214 7.70992 7.31826 5.71038 5.90837 13.85443 8.8561 
8.22606 7.043890000000001 5.42461 5.614419999999999 6.12368 5.1913599999999995 6.27012 7.11663 7.52734 7.5686800000000005 7.12282 3.61782 5.05101 4.9722100000000005 4.7712900000000005 1.9565299999999999 0.18461 0 3.03403 3.70288 3.4091 5.1110299999999995 3.2383999999999995 5.01471 7.8759 8.0525 10.033119999999998 10.17217 8.98595 8.932789999999999 7.19234 12.13627 13.675239999999999 13.1201 12.64156 13.641029999999999 10.01798 11.57724 13.782409999999999 14.966069999999998 14.886800000000001 14.70228 13.81369 14.28741 13.10597 11.696729999999999 12.83131 10.958359999999999 13.59364 11.91435 12.47372 10.73315 9.18583 12.38251 13.40606 13.50267 13.80515 16.11293 16.28279 16.39084 16.48997 17.096709999999998 18.42502 19.67034 19.54562 18.67483 15.10707 19.79758 19.24105 19.16138 17.93434 14.52197 17.80844 18.36571 17.58713 17.35787 17.67608 19.63697 19.01103 19.63073 17.07284 20.61305 21.11374 13.5062 9.06438 8.75873 6.23846 9.13542 9.553139999999999 7.52531 7.29446 5.52577 5.78316 13.79321 9.040709999999999 
5.50881 4.432790000000001 2.81351 4.40127 4.48611 4.26025 6.69059 8.28393 8.90561 9.66531 9.41331 6.18754 7.6099499999999995 7.511950000000001 7.311030000000001 4.49627 2.85026 3.03403 0 0.66885 1.08738 2.27198 3.29516 1.98068 5.02646 5.53595 7.07928 7.144310000000001 6.83408 5.92617 4.16448 9.134640000000001 10.65923 10.1195 9.847159999999999 10.62713 7.7184 9.35128 11.810469999999999 13.01813 12.96436 12.78093 12.31856 12.736279999999999 11.499039999999999 10.01671 11.26307 9.50279 12.55158 10.61538 11.953019999999999 9.72232 9.36811 12.68265 13.66267 13.25263 13.670169999999999 15.81868 16.40643 16.34419 16.64461 16.86793 18.37855 19.72641 19.93772 19.09996 15.62765 20.15801 19.07693 18.621480000000002 17.17024 13.36433 16.60387 16.52085 15.70698 15.40958 15.42691 17.39862 16.75229 17.20197 14.751 18.44592 18.89907 10.99493 7.299200000000001 6.872120000000001 7.93598 10.54857 10.95475 9.39398 9.88184 8.49302 8.58089 14.65024 6.57424 
5.66191 4.577019999999999 3.48236 3.7324200000000003 5.1342300000000005 4.9291 6.71468 8.44512 9.08264 9.78903 9.78272 6.85639 8.14709 7.944570000000001 7.87142 5.08807 3.51911 3.70288 0.66885 0 0.41853 1.60313 3.45635 2.2593 4.35761 5.35989 6.53984 6.55942 6.165229999999999 5.990259999999999 4.83333 8.48597 9.99038 9.816030000000001 9.17831 9.987260000000001 7.11857 9.07372 11.24146 12.4546 12.55358 12.16801 11.79591 12.24736 11.01012 9.57266 10.7752 9.05522 12.347660000000001 10.35743 11.28417 9.36539 9.7371 12.6053 13.568950000000001 13.02236 13.467379999999999 15.53044 16.15597 16.13536 16.498649999999998 16.64199 18.16583 19.53579 19.73303 19.01153 15.60921 20.03534 18.83724 18.311329999999998 16.81331 12.94614 16.1563 16.00405 15.15825 14.83997 14.821829999999999 16.79342 16.13333 16.57676 14.12616 17.84609 18.28488 10.369720000000001 6.7449 6.31782 8.082460000000001 10.71055 11.10416 9.66932 10.49449 9.086829999999999 9.10259 14.65788 5.90539 
5.24338 4.15849 3.90089 3.83122 5.23303 5.3476300000000005 7.13321 8.86365 9.19297 9.81619 9.86797 7.0269200000000005 7.95925 7.894170000000001 7.66928 4.87849 3.59371 3.4091 1.08738 0.41853 0 1.70193 3.87488 1.84077 4.77614 4.9413599999999995 6.69704 6.97795 5.7467 5.57173 5.251860000000001 8.7802 10.27306 9.76295 9.54761 10.2678 7.5371 9.15701 11.65999 12.87313 12.8248 12.58644 12.17853 12.65157 11.41876 9.98666 11.19373 9.45445 12.54482 10.57938 11.65276 9.78392 10.15563 12.85628 13.861419999999999 13.34775 13.76998 15.87677 16.42197 16.45381 16.77902 16.97203 18.48289 19.85344 20.15156 19.27359 15.86019 20.30818 19.17205 18.680790000000002 17.18553 13.36467 16.55489 16.38607 15.56742 15.25848 15.22426 17.19496 16.55186 16.97143 14.544690000000001 18.26322 18.70006 10.76439 7.1589 6.73182 8.47957 10.83291 11.21953 9.76812 10.59329 8.87504 9.01494 14.93617 6.31669 
5.7427600000000005 3.80589 3.9022300000000003 2.12929 3.5311000000000003 5.01217 6.54861 7.30425 7.4946 8.82406 8.21014 5.32697 6.54396 7.61603 7.46109 6.57691 5.12224 5.1110299999999995 2.27198 1.60313 1.70193 0 3.2634999999999996 3.5427 5.96074 5.44777 7.64639 8.00385 7.25324 6.45463 5.02402 9.59342 11.132390000000001 10.57156 9.896 11.19243 7.25532 8.90344 11.149650000000001 12.32954 12.257190000000001 12.08712 11.35508 11.82917 10.59193 9.13167 10.367540000000002 8.55776 11.57986 9.63571 10.44123 8.71236 8.61456 11.30048 12.41329 11.92078 12.2843 14.47933 14.9203 14.97602 15.2631 15.54347 17.01618 18.35562 18.541339999999998 17.71779 14.19443 18.74422 17.74385 17.36838 15.98797 12.53824 15.65884 15.77634 14.99276 14.7289 15.128290000000002 16.94947 16.31107 16.88359 14.36538 17.974140000000002 18.44575 10.67655 6.43477 6.17607 6.77764 9.13299 9.56747 8.06619 8.89136 8.78886 7.7132 13.353060000000001 6.55617 
6.46497 4.34764 3.83725 2.37602 3.77783 5.2589 3.4772 4.98877 5.62629 6.37015 6.53248 4.74522 5.37057 5.389950000000001 5.82255 3.32445 3.0979099999999997 3.2383999999999995 3.29516 3.45635 3.87488 3.2634999999999996 0 5.2758400000000005 6.30579 6.6527899999999995 8.93845 9.46714 9.52103 7.79222 6.9851399999999995 10.81925 12.35771 11.76421 11.06372 12.35718 7.46952 9.09894 10.96986 12.12467 11.99614 11.84461 10.89582 11.27599 10.05235 8.65464 9.83079 8.80449 10.50111 8.89209 9.38256 7.614979999999999 6.49962 9.62205 10.62673 10.52368 10.999080000000001 13.13601 13.3903 13.48722 13.68593 14.147960000000001 15.52698 16.83229 16.84655 16.03936 12.49783 17.11451 16.31509 16.10874 14.91676 11.43435 14.72082 15.40557 14.66324 14.46719 14.96691 16.90304 16.29633 17.05445 14.46415 17.83561 18.38251 10.99706 6.26147 6.0169 5.46364 7.28079 7.65959 6.24947 7.47017 6.787609999999999 6.52921 11.558440000000001 6.77721 
3.68814 3.77683 4.7668099999999995 5.67199 4.92358 6.2409300000000005 6.60898 8.15728 8.93792 9.54062 9.76027 6.96555 8.39874 8.32566 9.29171 6.47695 4.83094 5.01471 1.98068 2.2593 1.84077 3.5427 5.2758400000000005 0 3.36282 3.55527 6.23133 6.459350000000001 5.9384999999999994 5.60879 3.47952 7.77079 9.3058 8.74646 8.10111 9.30407 6.40382 7.421869999999999 9.82979 11.042929999999998 11.00194 10.8147 10.369530000000001 10.8108 9.58661 8.14628 9.40064 7.7440999999999995 10.78615 8.78513 10.29851 8.12589 8.56664 11.55546 12.49386 11.81235 12.21788 14.42468 14.96291 14.95297 15.474049999999998 15.436630000000001 16.97058 18.3534 18.66779 17.93644 14.55937 18.960250000000002 17.6063 17.00205 15.46151 11.812909999999999 14.76463 14.55034 13.73308 13.43938 13.45624 15.42794 14.78444 15.26681 12.88381 16.52808 16.92768 9.05993 5.31852 4.89144 8.529319999999998 10.47298 10.85803 9.40499 10.60513 9.63349 9.85656 13.798839999999998 4.59444 
6.01026 5.27663 5.79115 4.01821 5.42002 6.90109 8.47335 10.24104 11.02168 12.26875 12.69886 10.32837 11.466339999999999 11.688479999999998 11.836 9.08736 7.876720000000001 7.8759 5.02646 4.35761 4.77614 5.96074 6.30579 3.36282 0 3.7492799999999997 4.954219999999999 5.20686 5.91855 5.81063 6.21038 5.7756 6.07385 5.45842 6.59703 6.87972 6.79777 5.11478 7.83693 9.05007 9.0125 8.70438 8.99166 9.40599 8.625119999999999 7.14279 8.10952 6.93388 10.206430000000001 8.176870000000001 9.71435 7.914070000000001 9.38544 12.6055 13.4712 12.15227 12.61044 14.308300000000001 15.42294 15.30782 15.90245 15.47451 17.31231 18.657049999999998 19.26884 18.64398 15.609409999999999 19.53797 17.64849 16.6355 14.91887 10.71833 13.58398 12.54095 11.67352 11.303329999999999 10.85892 12.80678 12.14669 12.39411 10.10681 13.92319 14.31555 6.27483 4.34954 3.94275 9.98761 12.556740000000001 12.89595 12.18568 13.77494 12.93482 12.75826 15.22796 5.5005 
3.91043 3.81365 2.81554 4.45136 4.43717 5.91824 8.72322 10.76937 11.54976 12.84117 13.11821 10.52082 11.749130000000001 11.8753 12.03107 9.22617 7.87081 8.0525 5.53595 5.359889999999999 4.9413599999999995 5.44777 6.6527899999999995 3.55527 3.74928 0 2.67606 3.23078 4.00086 4.27457 4.11055 4.2165 5.75547 5.21069 5.0801300000000005 5.7488 4.49873 5.70608 8.40872 9.59508 9.59421 9.29568 9.64729 10.05439 8.96982 7.64076 8.76589 7.58609 10.866 8.81445 10.42615 8.66489 10.05014 13.313580000000002 14.09016 12.86414 13.32129 15.02022 16.13451 16.00887 16.61338 16.18595 18.02478 19.36392 19.980710000000002 19.35322 16.2641 20.2535 18.36029 17.339480000000002 15.588239999999999 11.467179999999999 14.241430000000001 13.06496 12.23497 11.87104 11.41334 13.332 12.67191 12.99126 10.80915 14.34692 14.7186 6.81089 5.4457699999999996 5.018689999999999 10.420760000000001 13.028199999999998 13.45823 12.69054 14.122959999999999 13.188759999999998 13.03923 15.89248 2.88223 
4.87548 5.63518 5.4916 7.127420000000001 7.11323 8.23119 11.3258 13.35257 14.12774 15.21158 15.47093 12.59971 13.92663 13.9453 13.87352 11.088799999999999 9.86261 10.033119999999998 7.07928 6.53984 6.69704 7.64639 8.93845 6.23133 4.95422 2.67606 0 0.55472 2.9648600000000003 4.17215 3.5345500000000003 3.3647 4.49456 4.17287 5.3549 4.42924 6.45556 7.51769 10.239840000000001 11.22099 11.28365 10.92756 11.726590000000002 12.08644 11.118780000000001 9.87681 10.91205 10.05811 13.21233 11.09284 12.91625 11.1734 12.7262 15.989640000000001 16.74564 15.43313 15.90853 17.50588 18.70418 18.56002 19.20456 18.66874 20.43924 21.85288 22.5497 21.95561 18.91578 22.82945 20.81531 19.67246 17.81315 13.61225 16.4069 14.56629 13.89801 13.2476 12.30599 14.11691 13.53698 13.300880000000001 11.494119999999999 15.30555 15.584589999999999 8.77074 7.55549 7.214510000000001 12.90701 15.62507 16.05332 15.06095 16.27926 15.06726 15.08334 18.56802 5.16938 
4.32076 6.1899 5.69401 7.43479 7.53158 8.78591 11.79385 13.82742 14.608060000000002 15.71868 15.99962 13.1462 14.46883 14.46462 14.428239999999999 11.64058 9.98942 10.17217 7.144310000000001 6.55942 6.97795 8.00385 9.46714 6.459350000000001 5.20686 3.23078 0.55472 0 2.41014 4.72687 2.97983 2.80998 3.93984 3.61815 5.61198 3.92489 6.63554 7.87699 10.19914 11.412279999999999 11.29912 10.9361 11.83707 12.31198 11.29707 10.05679 11.04946 10.21677 13.43873 11.30402 13.14202 11.42517 13.12124 16.31589 17.08257 15.72245 16.1887 17.75852 18.99092 18.82823 19.49388 18.912750000000003 20.69188 22.10517 22.83902 22.261969999999998 19.26443 23.11877 21.051 19.84795 17.99471 13.76979 16.58639 14.5186 13.66575 13.19215 12.60215 13.95372 13.29363 13.05659 11.7512 15.13383 15.44407 8.94903 7.89423 7.46715 13.40388 16.09842 16.528170000000003 15.56901 16.83398 15.621979999999999 15.6331 18.96811 5.42202 
5.50135 6.84393 5.68378 7.42737 7.99068 9.47175 11.88251 13.79383 14.51703 15.47912 15.46109 12.30816 13.70512 13.601429999999999 13.400509999999999 10.585749999999999 8.81383 8.98595 6.834079999999999 6.165229999999999 5.7467 7.25324 9.52103 5.9384999999999994 5.91855 4.00086 2.9648600000000003 2.41014 0 3.41682 5.38997 5.21788 6.34998 6.02829 7.49497 6.22787 8.277239999999999 9.44272 12.13485 13.23128 13.34366 13.032319999999999 13.56196 13.94999 12.937439999999999 11.59444 12.69652 11.586950000000002 14.865060000000001 12.730350000000001 14.42701 12.58249 13.7273 17.04469 17.91336 16.7991 17.2492 19.02108 20.0629 19.96583 20.53033 20.16829 21.95974 23.30833 23.89405 23.22986 20.0486 24.18141 22.36115 21.338540000000002 19.54484 15.36587 18.14579 16.62733 15.93878 15.400300000000001 14.4357 16.2546 15.677050000000001 15.440990000000001 13.63419 17.44063 17.72466 10.5894 9.085560000000001 8.93414 13.23578 16.10567 16.52002 15.27173 16.132089999999998 14.51144 14.67823 19.51016 6.88309 
5.91247 5.57521 3.95593 5.72887 5.58259 6.82237 9.91698 11.995750000000001 12.71892 13.917760000000001 14.28715 11.68377 12.889520000000001 12.971210000000001 13.076649999999999 10.26189 8.74818 8.932789999999999 5.92617 5.990259999999999 5.57173 6.45463 7.79222 5.60879 5.81063 4.27457 4.17215 4.72687 3.41682 0 2.15186 3.20847 4.74744 5.36287 6.01047 4.99584 6.23184 6.0259 8.74805 9.961189999999998 9.92684 9.6155 10.16831 10.54796 9.743699999999999 8.26137 9.34629 8.34327 11.582139999999999 9.751439999999999 11.286059999999999 9.48708 11.31921 14.496599999999999 15.09539 13.77466 14.24523 15.88287 17.0456 16.8964 17.5387 17.039250000000003 18.82514 20.19678 20.88934 20.29994 17.27776 21.17098 19.16671 18.055619999999998 16.21145 12.335280000000001 14.743 13.2519 12.58464 12.21445 11.21235 13.0927 12.43403 12.44194 10.40143 14.27423 14.59349 7.55054 5.9444 5.51732 11.64878 14.19209 14.626570000000001 13.75548 15.24887 14.259630000000001 14.167829999999999 16.97041 6.02579 
4.4186 4.11777 3.14789 4.92083 5.468570000000001 6.80694 9.3633 11.31258 12.09891 13.01851 13.234160000000001 10.350990000000001 11.56798 11.532150000000001 11.47551 8.66075 7.00959 7.19234 4.16448 4.83333 5.25186 5.02402 6.9851399999999995 3.47952 6.21038 4.11055 3.5345500000000003 2.97983 5.38997 2.15186 0 5.36033 6.62695 6.16898 7.1584 6.6179 6.94881 7.62014 10.34053 11.50459 11.52108 11.20476 11.53076 11.9328 11.006559999999999 9.52423 10.64937 9.311779999999999 12.59866 10.46922 12.05429 10.18034 11.1496 14.50942 15.36945 14.34104 14.78434 16.60924 17.59219 17.50777 18.04297 17.8266 19.46052 20.87685 21.38386 20.7282 17.51053 21.71655 19.96276 19.04934 17.31106 13.21527 16.10475 15.00339 14.17211 13.74055 13.36421 15.09451 14.43442 14.593800000000002 12.55329 16.27462 16.745350000000002 9.23119 6.74773 6.32065 10.87422 13.620980000000001 14.03974 12.884509999999999 13.90907 12.657499999999999 12.68324 16.96173 4.7657 
7.130739999999999 6.71487 7.03204 8.51326 8.1365 9.5517 12.477799999999998 14.54966 15.33644 16.69264 17.18081 14.70438 15.927669999999999 16.08071 16.24757 13.43812 11.95166 12.13627 9.134640000000001 8.48597 8.7802 9.59342 10.81925 7.77079 5.7756 4.2165 3.3647 2.80998 5.21788 3.20847 5.36033 0 1.53897 2.1544 2.802 4.98881 6.0332300000000005 8.445730000000001 8.39877 9.611910000000002 9.37701 8.99529 10.32903 10.803939999999999 9.861 8.92721 9.89394 9.33837 12.2478 10.27509 12.31072 10.78434 13.211310000000001 16.05578 16.69256 15.02917 15.504570000000001 16.75065 18.23042 18.01918 18.77318 17.917749999999998 19.71469 21.12271 22.07354 21.58738 18.87497 22.357129999999998 19.94029 18.51419 16.65134 12.41878 14.63908 12.307739999999999 11.48063 10.97065 9.79217 11.35945 10.984079999999999 10.89689 8.94122 12.56103 12.96898 7.63138 7.4058600000000006 7.11103 14.279 16.69822 17.1327 16.51406 18.28942 17.37712 17.242530000000002 18.87054 5.99076 
6.12005 8.23722 8.57101 10.04554 9.67547 11.05698 13.94032 16.01301 16.81763 18.19719 18.71978 16.24335 17.46613 17.61918 17.77497 14.96514 13.49063 13.675239999999999 10.65923 9.99038 10.27306 11.132390000000001 12.35771 9.3058 6.07385 5.75547 4.49456 3.93984 6.34998 4.74744 6.62695 1.53897 0 0.61543 3.5118199999999997 6.52778 6.95609 9.13901 9.07322 9.76956 9.8971 9.51153 11.24022 11.40103 10.7114 9.9273 10.57168 10.87734 13.19326 11.49525 13.33899 12.30625 14.52225 17.29824 17.9142 16.12567 16.60055 17.74757 19.27659 19.080170000000003 19.86581 18.863210000000002 20.65866 22.05467 23.09232 22.64534 20.06361 23.357219999999998 20.82017 19.27414 17.325789999999998 13.35603 15.21231 12.53593 11.738800000000001 11.19991 10.50199 11.21676 10.55667 9.94686 8.78563 12.35276 12.98953 6.09241 8.77824 8.44248 15.78316 18.14897 18.58333 18.01636 19.82788 18.91609 18.78098 20.15054 7.5222 
5.50462 7.62179 7.97037 9.47663 9.24286 10.44155 13.332809999999998 15.39758 16.2022 17.59398 18.10529 15.706299999999999 16.87689 17.04907 17.22529 14.4188 12.94743 13.1201 10.1195 9.816030000000001 9.76295 10.57156 11.76421 8.74646 5.45842 5.21069 4.17287 3.61815 6.02829 5.36287 6.16898 2.1544 0.61543 0 2.89639 6.29598 7.57152 8.52361 8.58133 9.79447 9.96012 9.57455 11.32508 10.85017 10.19989 9.56549 10.53222 10.81818 12.64473 10.87982 12.78566 11.72695 13.90682 16.70299 17.30238 15.55893 16.03408 17.236060000000002 18.76052 18.52684 19.27613 18.31468 20.14759 21.52985 22.54486 22.09314 19.47505 22.80696 20.30147 18.79318 16.80694 12.7406 14.83131 12.21799 11.40344 10.8809 9.88656 11.06433 11.07847 9.86961 9.03561 12.26571 12.77661 6.70784 8.25413 7.82705 15.16773 17.53611 17.9679 17.40729 19.23336 18.37097 18.20938 19.59019 6.90677 
8.233500000000001 7.72091 7.22647 8.99941 8.96685 9.819320000000001 11.55118 13.57754 14.38216 15.941479999999999 16.62243 14.64006 15.68486 16.02909 16.497030000000002 13.75328 12.46314 12.64156 9.847159999999999 9.17831 9.54761 9.896 11.06372 8.10111 6.59703 5.0801300000000005 5.3549 5.61198 7.49497 6.01047 7.1584 2.802 3.5118199999999997 2.89639 0 3.39959 7.2800899999999995 8.40709 5.68494 6.89808 7.50103 7.8866000000000005 8.51797 8.99288 8.15143 6.6691 7.63583 9.28641 10.11814 7.98343 10.0295 8.83056 11.69182 14.25819 14.71142 12.85085 13.32479 14.4726 15.95804 15.67869 16.55632 15.4786 17.30762 18.68713 19.75827 19.33148 16.85648 20.02103 17.43692 15.90146 13.91055 10.337119999999999 11.93492 9.51201 8.67863 8.17498 6.99017 8.76636 8.18208 8.19539 6.13922 10.022279999999999 10.22969 6.59831 6.74896 6.32188 13.492819999999998 15.60392 15.99565 15.72749 17.98911 17.45746 17.15234 17.08562 6.8313500000000005 
6.11475 8.23093 8.54149 10.09608 9.63644 11.05227 13.98012 16.01827 16.82289 18.20411 18.70882 16.26674 17.45845 17.61865 17.7721 14.96201 13.45642 13.641029999999999 10.62713 9.987260000000001 10.2678 11.192429999999998 12.35718 9.30407 6.87972 5.7488 4.42924 3.92489 6.22787 4.99584 6.6179 4.98881 6.52778 6.29598 3.39959 0 7.41598 7.5183 9.08453 10.29767 9.92122 9.85904 11.12276 11.597669999999999 11.44911 9.96678 10.93351 11.015509999999999 13.19293 11.3121 13.35782 12.12824 14.549139999999998 17.31297 17.90504 16.14355 16.61871 17.790219999999998 19.297620000000002 19.07828 19.88464 18.86288 20.69583 22.07805 23.117269999999998 22.66399 20.21952 23.37219 20.83651 19.30105 17.31014 13.289729999999999 15.252229999999999 12.553389999999998 11.7548 11.22573 10.389759999999999 11.24318 10.58309 11.082450000000001 8.81201 12.37913 13.0159 8.47068 8.78861 8.44886 16.06548 18.1827 18.59161 18.023870000000002 19.82735 18.937559999999998 18.78046 20.212 6.57795 
5.56676 3.44943 4.91655 5.46309 4.06128 5.54235 7.7787 9.67342 10.46742 12.0836 13.12604 11.30334 12.1779 12.735759999999999 13.26986 10.76753 9.83337 10.01798 7.7184 7.11857 7.5371 7.25532 7.46952 6.40382 6.79777 4.49873 6.45556 6.63554 8.277239999999999 6.23184 6.94881 6.0332300000000005 6.95609 7.57152 7.2800899999999995 7.41598 0 3.3239 4.37745 5.42427 5.76624 5.569839999999999 5.34661 5.8215200000000005 4.90358 3.42125 4.4758 5.2801 7.097379999999999 7.052490000000001 6.58301 5.670529999999999 9.26281 10.34215 11.0302 9.29885 9.77339 11.15428 12.55787 12.32419 13.07028 12.322189999999999 14.10866 15.5302 16.37728 15.864419999999999 13.29175 16.66653 14.450119999999998 13.2169 11.35917 7.17709 9.95134 8.95962 8.13177 7.823779999999999 8.34615 9.71584 9.05575 10.5585 7.86505 10.72752 11.19043 5.20704 5.08775 4.80041 9.66567 11.63355 12.02595 11.875770000000001 14.75301 14.18836 13.83878 13.317049999999998 5.52793 
6.42168 5.69378 6.53777 6.80378 5.77817 6.972810000000001 8.82844 10.68477 11.48939 13.14645 14.04109 12.69238 13.50697 14.05708 14.80029 12.423390000000001 11.42091 11.57724 9.35128 9.07372 9.15701 8.90344 9.09894 7.421869999999999 5.11478 5.70608 7.51769 7.87699 9.44272 6.0259 7.62014 8.445730000000001 9.13901 8.52361 8.40709 7.5183 3.3239 0 2.72215 3.93529 3.90094 3.5896 4.42995 4.58881 4.34566 2.86333 5.63324 5.19192 6.11873 6.15657 6.25371 5.09073 8.47223 10.588460000000001 11.0062 9.09847 9.5725 10.64822 12.22857 11.94072 12.77259 11.78868 13.59941 15.00284 16.0203 15.5839 13.12573 16.28015 13.81122 12.39178 10.53993 6.33939 9.12572 7.426169999999999 6.55874 6.18855 6.91314 8.105 7.44491 9.14417 6.60874 9.10621 9.742980000000001 4.26008 2.83747 3.2645500000000003 10.81187 12.49914 12.84302 12.94882 15.6681 15.652800000000001 15.10624 13.522269999999999 5.40101 
7.448919999999999 7.50403 9.11992 9.02036 7.6587700000000005 8.84571 10.0533 11.60216 12.30839 14.1174 15.20244 14.39199 15.05383 15.70506 16.52983 14.283270000000002 13.641919999999999 13.782409999999999 11.810469999999999 11.24146 11.65999 11.149650000000001 10.96986 9.82979 7.83693 8.40872 10.239840000000001 10.19914 12.13485 8.74805 10.34053 8.39877 9.07322 8.58133 5.68494 9.08453 4.37745 2.72215 0 1.21314 2.3818200000000003 2.55798 3.89312 3.41821 3.76086 4.03745 3.93131 3.60147 5.95169 4.4546399999999995 5.31406 5.60368 8.59805 10.05259 10.28671 8.07596 8.55136 9.08645 11.04881 10.51297 11.43965 10.19482 11.91898 13.24623 14.49831 14.21067 12.23588 14.73593 11.917 10.26092 8.25257 4.825699999999999 6.44375 4.762589999999999 3.91758 3.60959 4.19099 6.12936 5.46927 6.56103 3.88659 7.03327 7.43339 2.98081 5.4621200000000005 5.03504 11.90693 12.99123 13.36815 13.88738 17.01871 17.29253 16.68401 12.956859999999999 6.05631 
8.22111 8.71638 10.33306 10.21362 8.87191 9.93915 10.99147 12.53295 13.179870000000001 15.00261 16.12787 15.50384 16.041 16.76596 17.62854 15.41237 14.825579999999999 14.966069999999998 13.01813 12.4546 12.87313 12.32954 12.12467 11.042929999999998 9.05007 9.59508 11.22099 11.412279999999999 13.23128 9.96119 11.50459 9.611910000000002 9.76956 9.79447 6.89808 10.29767 5.42427 3.93529 1.21314 0 1.17174 1.3479 2.67998 2.20507 3.44231 3.59737 2.78397 4.5269 4.73855 4.19203 5.9143 5.77261 9.35998 10.51233 10.568560000000002 8.28479 8.69593 9.4785 11.05253 10.65692 11.578759999999999 10.4085 11.65032 13.07496 14.32504 14.08812 12.41917 14.650469999999999 11.55656 9.96383 7.953569999999999 4.84695 5.504529999999999 3.55251 2.7075 2.3995100000000003 3.33038 5.09647 4.50782 5.78435 3.23536 5.82319 6.35712 3.67715 6.675260000000001 6.2481800000000005 12.85661 13.7527 14.11392 14.77063 17.97738 18.33137 17.67714 13.353980000000002 6.81896 
8.19625 8.6666 10.28588 10.13442 8.76312 9.83226 10.8708 12.32198 12.99608 14.82552 15.94666 15.375309999999999 15.919229999999999 16.61592 17.49919 15.30146 14.746310000000001 14.886800000000001 12.96436 12.55358 12.8248 12.257190000000001 11.99614 11.00194 9.0125 9.59421 11.28365 11.29912 13.34366 9.92684 11.52108 9.37701 9.8971 9.96012 7.50103 9.92122 5.76624 3.90094 2.3818200000000003 1.17174 0 0.38557 2.72245 3.1973599999999998 2.4767 3.9590300000000003 3.8423300000000005 4.4410799999999995 4.51703 4.84277 5.46086 6.02648 9.41609 10.23809 10.34765 8.06335 8.53875 9.365079999999999 10.76147 10.225629999999999 11.271180000000001 9.67338 11.516539999999999 12.74505 14.22581 13.87322 12.22341 14.33753 11.35813 9.90934 7.81583 4.889419999999999 5.33101 3.56442 2.74262 2.50741 3.83552 5.18801 4.68853 6.14588 3.45243 5.93109 6.50914 4.651590000000001 5.82242 6.2489099999999995 12.704989999999999 13.561620000000001 13.91894 14.63703 17.81602 18.1917 17.55296 13.124369999999999 6.906440000000001 
7.89314 8.43147 10.050749999999999 9.961669999999998 8.5786 9.76808 10.78661 12.33374 13.02089 14.84346 15.94523 15.25174 15.89788 16.54109 17.40046 15.16647 14.55955 14.702279999999998 12.78093 12.16801 12.58644 12.087119999999999 11.84461 10.8147 8.70438 9.29568 10.92756 10.9361 13.03232 9.6155 11.20476 8.99529 9.51153 9.57455 7.8866000000000005 9.85904 5.569839999999999 3.5896 2.55798 1.3479 0.38557 0 2.33688 2.81179 2.5836 4.06593 4.01849 4.34426 4.76109 4.4572 5.67453 5.64091 9.23278 10.42004 10.5669 8.29988 8.721119999999999 8.97951 11.05566 10.54341 11.58896 10.05895 11.85602 13.13062 14.56529 14.191669999999998 12.44607 14.66507 11.71097 9.93686 7.91193 4.50385 5.70078 3.83657 2.99024 2.67659 3.44995 5.333810000000001 4.67372 5.89078 3.838 6.01098 6.56969 4.82775 6.207990000000001 6.270639999999999 12.67711 13.62819 14.02664 14.61199 17.79502 18.11474 17.50199 13.2984 6.52087 
