21
22 16 36 7 5 2 35 46 40 13 37 33 12 1 26 28 19 30 20 4 17
0 2.7222 4.4031400000000005 6.3229 7.26656 7.5754 12.07561 14.647829999999999 15.60521 12.52986 14.18809 14.69712 15.80493 14.06874 15.80394 13.69128 12.40432 8.86134 13.44843 9.432970000000001 2.54692 
2.7222 0 1.68094 3.9265 4.54436 8.36292 11.4638 14.02524 14.99335 10.26993 13.2742 13.15612 14.21925 12.234169999999999 14.5461 10.97988 10.14532 6.60234 11.90743 10.58495 4.6194 
4.4031400000000005 1.68094 0 5.45917 6.22219 10.04386 11.32693 13.61468 14.62464 8.58899 11.59326 11.58512 13.172229999999999 10.55323 13.251850000000001 9.31139 8.561160000000001 7.3715399999999995 11.0379 8.90401 6.30034 
6.3229 3.9265 5.45917 0 2.47466 6.0657 11.433 14.00522 14.9626 11.35325 15.25804 14.36844 15.6725 14.730049999999999 18.00905 14.77056 14.020330000000001 10.528839999999999 13.458969999999999 7.67973 5.9756 
7.26656 4.54436 6.22219 2.47466 0 8.44177 13.90766 16.47988 17.26463 12.2153 16.21545 16.72618 17.83556 16.77542 19.07914 15.47026 13.74325 11.1467 15.47749 10.13923 8.45026 
7.5754 8.36292 10.04386 6.0657 8.44177 0 6.9979 9.57012 10.5275 15.010269999999998 11.21743 12.10703 13.14444 13.0652 16.3442 16.4161 16.21333 14.96526 11.40518 11.91453 5.02848 
12.07561 11.4638 11.32693 11.433 13.90766 6.9979 0 2.57222 3.5296 8.01237 6.779059999999999 5.88946 6.14654 8.10841 11.38741 14.224070000000001 16.04005 16.08682 4.64077 6.75281 12.02638 
14.647829999999999 14.02524 13.61468 14.00522 16.47988 9.57012 2.57222 0 1.00996 5.44015 5.76063 6.64738 7.322570000000001 9.51138 12.64919 16.35866 18.33213 18.65904 5.74864 7.82991 13.20614 
15.60521 14.99335 14.62464 14.9626 17.26463 10.5275 3.5296 1.00996 0 6.27432 5.99451 6.88411 6.31261 9.747679999999999 12.91244 17.15523 19.05851 19.43573 6.7585999999999995 8.839870000000001 14.16373 
12.52986 10.26993 8.58899 11.35325 12.2153 15.01027 8.01237 5.44015 6.27432 0 4.22843 5.11803 6.70514 6.05659 9.33559 11.84041 13.007079999999998 13.58031 6.36672 3.67352 10.55957 
14.18809 13.2742 11.59326 15.25804 16.21545 11.21743 6.779059999999999 5.76063 5.99451 4.22843 0 0.8896 2.4767099999999997 3.75317 6.91917 11.16072 14.11226 15.9119 2.13829 7.90195 13.60372 
14.69712 13.15612 11.58512 14.36844 16.72618 12.10703 5.88946 6.64738 6.88411 5.11803 0.8896 0 1.58711 4.64277 7.80877 10.27112 13.6257 15.022300000000001 1.24869 8.33167 14.13381 
15.80493 14.21925 13.172229999999999 15.6725 17.83556 13.14444 6.14654 7.322570000000001 6.31261 6.70514 2.4767099999999997 1.58711 0 4.19759 7.47659 11.6155 15.14433 16.60941 2.35807 9.19378 15.24319 
14.06874 12.234169999999999 10.55323 14.730049999999999 16.77542 13.0652 8.10841 9.51138 9.747679999999999 6.05659 3.75317 4.64277 4.19759 0 3.279 7.41791 11.14257 12.95373 5.8914599999999995 9.68355 14.16252 
15.80394 14.5461 13.251850000000001 18.009050000000002 19.07914 16.3442 11.38741 12.64919 12.91244 9.33559 6.91917 7.80877 7.47659 3.279 0 6.87673 11.35807 14.735980000000001 9.05746 12.68465 17.44152 
13.69128 10.97988 9.31139 14.77056 15.47026 16.4161 14.224070000000001 16.35866 17.15523 11.840409999999999 11.16072 10.27112 11.6155 7.41791 6.87673 0 5.29087 7.93422 10.61135 13.88747 15.10202 
12.40432 10.14532 8.561160000000001 14.020330000000001 13.74325 16.21333 16.04005 18.33213 19.05851 13.007079999999998 14.11226 13.6257 15.14433 11.14257 11.35807 5.29087 0 3.54298 13.61545 15.08495 13.86407 
8.86134 6.60234 7.3715399999999995 10.528839999999999 11.1467 14.96526 16.08682 18.65904 19.43573 13.58031 15.911900000000001 15.022300000000001 16.60941 12.95373 14.735980000000001 7.93422 3.54298 0 14.6573 13.89533 11.15908 
13.44843 11.90743 11.0379 13.458969999999999 15.47749 11.40518 4.64077 5.74864 6.7585999999999995 6.366720000000001 2.13829 1.24869 2.35807 5.89146 9.05746 10.61135 13.61545 14.6573 0 7.09232 12.88512 
9.432970000000001 10.58495 8.90401 7.67973 10.13923 11.91453 6.75281 7.82991 8.83987 3.67352 7.90195 8.33167 9.19378 9.68355 12.68465 13.88747 15.08495 13.89533 7.09232 0 6.88605 
2.54692 4.6194 6.30034 5.9756 8.45026 5.02848 12.02638 13.20614 14.16373 10.55957 13.60372 14.13381 15.24319 14.16252 17.44152 15.10202 13.86407 11.15908 12.88512 6.88605 0 
