19
H25 H23 H22 H21 H18 H17 H16 H14 H13 H12 H6 H11 H5 H4 H3 H2 H1 H20 L0
0 926.0 1342.0 1754.0 2668.0 3181.0 3570.0 4299.0 4457.0 5056.0 5388.0 5583.0 5894.0 5520.0 5082.0 4737.0 4087.0 3218.0 1011.0 
926.0 0 416.0 828.0 1742.0 2255.0 2644.0 3373.0 3531.0 4130.0 4462.0 4657.0 4968.0 5486.0 5820.0 5475.0 4825.0 3431.0 1749.0 
1342.0 416.0 0 412.0 1326.0 1839.0 2228.0 2957.0 3115.0 3714.0 4046.0 4241.0 4552.0 5070.0 5508.0 5853.0 5241.0 3015.0 2165.0 
1754.0 828.0 412.0 0 914.0 1427.0 1816.0 2545.0 2703.0 3302.0 3634.0 3829.0 4140.0 4658.0 5096.0 5441.0 5653.0 2603.0 2577.0 
2668.0 1742.0 1326.0 914.0 0 513.0 902.0 1631.0 1789.0 2388.0 2720.0 2915.0 3226.0 3744.0 4182.0 4527.0 5177.0 1689.0 3491.0 
3181.0 2255.0 1839.0 1427.0 513.0 0 389.0 1118.0 1276.0 1875.0 2207.0 2402.0 2713.0 3231.0 3669.0 4014.0 4664.0 1176.0 3383.0 
3570.0 2644.0 2228.0 1816.0 902.0 389.0 0 729.0 887.0 1486.0 1818.0 2013.0 2324.0 2842.0 3280.0 3625.0 4275.0 1565.0 3772.0 
4299.0 3373.0 2957.0 2545.0 1631.0 1118.0 729.0 0 469.0 1068.0 1400.0 1595.0 1906.0 2424.0 2862.0 3207.0 3857.0 2294.0 4501.0 
4457.0 3531.0 3115.0 2703.0 1789.0 1276.0 887.0 469.0 0 599.0 931.0 1126.0 1437.0 1955.0 2393.0 2738.0 3388.0 2452.0 4659.0 
5056.0 4130.0 3714.0 3302.0 2388.0 1875.0 1486.0 1068.0 599.0 0 332.0 527.0 838.0 1356.0 1794.0 2139.0 2789.0 3051.0 5258.0 
5388.0 4462.0 4046.0 3634.0 2720.0 2207.0 1818.0 1400.0 931.0 332.0 0 195.0 506.0 1024.0 1462.0 1807.0 2457.0 3383.0 5533.0 
5583.0 4657.0 4241.0 3829.0 2915.0 2402.0 2013.0 1595.0 1126.0 527.0 195.0 0 701.0 1219.0 1657.0 2002.0 2652.0 3578.0 5728.0 
5894.0 4968.0 4552.0 4140.0 3226.0 2713.0 2324.0 1906.0 1437.0 838.0 506.0 701.0 0 518.0 956.0 1301.0 1951.0 3889.0 5027.0 
5520.0 5486.0 5070.0 4658.0 3744.0 3231.0 2842.0 2424.0 1955.0 1356.0 1024.0 1219.0 518.0 0 438.0 783.0 1433.0 4407.0 4509.0 
5082.0 5820.0 5508.0 5096.0 4182.0 3669.0 3280.0 2862.0 2393.0 1794.0 1462.0 1657.0 956.0 438.0 0 345.0 995.0 4629.0 4071.0 
4737.0 5475.0 5853.0 5441.0 4527.0 4014.0 3625.0 3207.0 2738.0 2139.0 1807.0 2002.0 1301.0 783.0 345.0 0 650.0 4284.0 3726.0 
4087.0 4825.0 5241.0 5653.0 5177.0 4664.0 4275.0 3857.0 3388.0 2789.0 2457.0 2652.0 1951.0 1433.0 995.0 650.0 0 3634.0 3076.0 
3218.0 3431.0 3015.0 2603.0 1689.0 1176.0 1565.0 2294.0 2452.0 3051.0 3383.0 3578.0 3889.0 4407.0 4629.0 4284.0 3634.0 0 2207.0 
1011.0 1749.0 2165.0 2577.0 3491.0 3383.0 3772.0 4501.0 4659.0 5258.0 5533.0 5728.0 5027.0 4509.0 4071.0 3726.0 3076.0 2207.0 0 
