49
appear feign deck pupil farewell crew ballot bracket breakin tin absorption hide cancel scrap top perception nationalism community maze linear colon mechanism line accessible dose belief think steward predict suffer childish company direct exotic minimize adult skip merit magnitude fuss transmission prove celebration basketball pride creation pastel battery create
0 518457.86012 1059764.47831 1183652.57801 1170951.78159 646356.48679 700674.51722 1208016.89542 1079339.3535000002 1166444.4983 1128403.06916 862495.10949 1153866.0848400001 1161698.69184 928637.15209 1182126.8068 1200323.6221099999 906895.44523 554097.64897 1090724.00993 1201157.38563 998948.37071 1090769.13288 884228.59566 1144327.34468 929949.1631 1096953.98028 564907.66729 1070617.58657 741793.4604 600769.24677 590544.92649 615488.62447 622312.94412 913489.45975 1187837.90876 760325.20178 1067137.1586600002 820883.61571 657046.58934 595822.66078 704201.1442 638287.21255 1169298.47875 687117.60038 1063689.2694 1153936.9603300001 1140652.2554300001 504594.4058 
518457.86012 0 541306.61819 1112151.0008999999 955122.32705 764736.75868 1129739.58903 740752.41202 1059871.72145 1155912.90482 643500.2539 1162625.3666 798038.11679 643240.83172 1061737.91738 821112.3258 983973.61899 1222709.8690499999 908721.21296 987842.64555 682699.52551 1212759.17363 1150467.85745 627274.62934 905545.62248 674750.19113 788197.58127 765458.2347 1185433.97934 1254932.7986 1053266.37774 729452.76019 1133946.48459 712080.46111 577393.5967 1083196.61628 1131507.89566 1141259.77582 1099687.9903000002 1175504.44946 1114280.5209000001 1129026.9313 884151.38184 1121146.6812999998 1103701.98122 545231.40928 817980.55978 622194.39531 541363.72996 
1059764.47831 541306.61819 0 570844.38271 1078783.18886 979058.1598 1147110.4455300001 1094039.94603 575847.32695 759112.21989 652198.29032 1171323.40302 1192490.50668 815795.18147 579441.04188 1082612.35571 661244.22076 1154334.93487 826391.6334 884924.76885 1153521.44138 1108568.67565 790585.2802 750146.77751 922841.00068 1216056.80932 1110220.7656800002 988242.63814 1140930.0433200002 856896.58296 821322.98243 1270759.37838 886848.53794 1206809.94288 1118700.21489 1227324.0964600001 1127377.4345800001 1158509.19277 770456.02171 1110295.66328 719924.35776 1265431.4911 1256876.46464 982109.60975 580346.09499 1086538.02747 1212093.92444 1102015.64769 1082670.34815 
1183652.57801 1112151.0008999999 570844.38271 0 507938.80615 830190.02156 1136702.67713 615698.06534 1100318.08087 1228687.7832499999 1154370.22246 635245.10976 738268.54204 974212.56319 827871.45511 1134802.1358699999 1096870.50814 1222260.7037999998 1115681.18395 579054.82299 1139869.09506 625316.98086 1143504.55833 968587.3346 748128.22874 727611.65331 1062625.9806300001 1114357.13574 608647.21646 1135900.58213 1107840.77892 1231359.8160899999 568163.95354 1077272.09494 1101189.08723 683988.95198 1214437.1634 702730.43602 887062.55283 548392.76144 1146728.7202400002 857368.95638 1160099.1332 997708.31457 1136597.36038 1171658.8632 1203054.19305 1110815.88251 1183555.5306600002 
1170951.78159 955122.32705 1078783.18886 507938.80615 0 534860.45786 628763.87098 1123636.87149 1145605.84759 1230476.80556 912608.72513 573090.81034 628668.0827 1068047.05316 969528.3024 1094188.4295 811379.3445 1176491.35901 889509.29596 842655.46443 1060668.0113899999 784651.42054 1103270.0418 561281.95202 663049.05315 808213.29151 554687.17448 974111.07276 1116586.02261 760587.6731 668423.22846 881529.82354 1047107.38677 728780.08153 966765.50994 1135677.29124 1085274.09693 884681.46933 1180450.7563200002 855689.18821 1173876.04518 759065.91223 661188.73128 550643.5037 705086.70012 1112716.0714 1060031.64152 1060872.19373 894080.9325 
646356.48679 764736.75868 979058.1598 830190.02156 534860.45786 0 544896.06422 932814.27868 1259748.20407 1099102.64234 1149293.90188 1107951.2681999998 870847.84095 956911.99151 1192347.0680200001 941316.13942 1115504.92979 1092623.55225 997748.86032 941744.94629 960698.9323 1205942.9134 840520.51551 647825.92412 907784.68941 639767.68182 1089547.63234 654408.93453 993136.06622 1100696.74304 1167624.7289 1213074.8267299999 1039499.06696 906239.48939 979917.64299 987057.02103 789781.24973 770857.80064 906785.95057 995320.39909 889942.21957 892843.66822 1118171.53644 587160.27024 1151814.8558200002 1085215.3257499998 923283.90207 660999.52954 1150950.89259 
700674.51722 1129739.58903 1147110.4455300001 1136702.67713 628763.87098 544896.06422 0 536181.72427 1054374.34335 1035431.9582799999 1068181.6342799999 1154371.80901 1127072.9411900002 1051410.39095 1084352.0496299998 937159.93041 1080677.65731 547727.48803 745722.48852 832095.57759 644053.55141 1060581.27899 824673.99795 544645.28981 954218.75439 1184663.74604 961048.15086 1032095.0815600001 1071545.3810999999 839251.8339 1037419.94494 925411.20264 871719.90939 803354.1325 963409.4235 639089.77219 593456.48761 957713.26901 551686.88534 1052554.02549 1137672.77775 877545.86844 871398.6549 1132056.33446 1057081.01931 725647.6323 841964.73872 656887.46085 1085339.86454 
1208016.89542 740752.41202 1094039.94603 615698.06534 1123636.87149 932814.27868 536181.72427 0 518192.61908 1073240.9244 1076001.78468 1158969.94885 1099391.20926 780726.28971 1158535.41099 616519.78206 1118664.90218 648724.0559 997928.83741 1048809.7508399999 1096560.45219 609757.33936 1091495.00708 1032522.9930400001 1128239.1734799999 884039.02545 1226863.98727 1105307.1328 1087740.19122 1250323.76819 1078471.86588 1154358.65322 1169152.44704 700882.64558 992934.00985 1050501.88001 643217.55776 1031847.96609 852386.26082 1148468.0510399998 792682.28971 620434.95223 1079353.38713 1045167.1779199999 520899.29504 556169.07047 587356.12771 941367.36209 1188986.91564 
1079339.3535000002 1059871.72145 575847.32695 1100318.08087 1145605.84759 1259748.20407 1054374.34335 518192.61908 0 555048.30532 901821.38709 1135880.79879 894283.2647 815078.57398 1039973.74736 1134712.40114 1010809.78973 1166916.6749800001 1203532.83353 691120.92872 956291.74212 906125.81897 1189162.54917 898639.76219 1187462.56612 888781.5444 1019836.20456 959521.47625 798413.74992 1171736.5210000002 1058102.10231 713846.32072 995691.63204 844344.99917 934460.11516 651476.76951 978046.69932 1139881.28742 899045.93525 784313.07373 1125670.1428399999 1138627.57131 1169914.49764 1193664.84573 920138.09247 1074361.68955 1105548.74679 598748.67453 822056.01196 
1166444.4983 1155912.90482 759112.21989 1228687.7832499999 1230476.80556 1099102.64234 1035431.9582799999 1073240.9244 555048.30532 0 553047.98641 657385.99522 739761.00005 605495.513 1111773.48519 693176.74526 823989.93629 953902.84679 1186259.3212199998 649632.96026 774225.68365 844037.4849 954146.42488 1112260.61414 632414.2608 927690.32322 1156522.87772 1238259.18597 905747.08706 616688.21568 1201235.74282 1182486.0504299998 1137125.8472199999 694817.9058 1175436.91221 1150604.91114 577617.17349 1173423.8541 1201422.64042 944651.10765 570621.83752 1172129.15106 694061.73088 1225072.9970800001 1224612.8723300002 1083406.0621500001 1187630.1476 1137709.3452400002 1183266.2671400001 
1128403.06916 643500.2539 652198.29032 1154370.22246 912608.72513 1149293.90188 1068181.6342799999 1076001.78468 901821.38709 553047.98641 0 519125.1127 1029530.76367 1158543.4994100002 1206369.9594 1119857.3380200001 807459.01182 919900.85471 1176455.0338599999 1158724.75481 1090813.44227 1045860.67654 1267475.74245 1159446.1180099999 694293.26768 950037.68444 921118.10548 1134265.9530500001 1065398.82467 623576.406 896691.71225 724841.60864 1094452.49778 1144101.94377 756861.25956 948329.61474 908139.37841 1035162.97158 1035194.20079 772384.1333 1123669.82393 1250704.7818200001 1225470.35504 1161503.8561 671564.88592 716520.68485 1220355.6286 677623.38693 1061690.0973800002 
862495.10949 1162625.3666 1171323.40302 635245.10976 573090.81034 1107951.2681999998 1154371.80901 1158969.94885 1135880.79879 657385.99522 519125.1127 0 510405.65097 689348.84865 1107762.7134099999 1132899.49335 1197719.35883 1253969.81095 1125270.79375 639599.64211 778932.98325 665255.75147 835933.99516 655674.13958 1178866.74396 1105659.5512 1115587.3845799998 626072.65977 546273.71197 1073527.0776399998 544741.0412 635425.16419 575327.38508 799933.51177 1079904.038 1143416.58317 926376.15896 516037.85888 896420.93853 740122.79861 1195508.08367 759037.3454 706345.24234 919272.4191 990994.94946 1115500.35913 963676.1094 1129028.3032200001 949631.75585 
1153866.0848400001 798038.11679 1192490.50668 738268.54204 628668.0827 870847.84095 1127072.9411900002 1099391.20926 894283.2647 739761.00005 1029530.76367 510405.65097 0 500674.7976 613049.4648 1083631.95101 1103638.75313 983444.5695 651285.79302 1092348.8177299998 531534.54566 1061594.1937799999 853053.97508 1007439.89874 1237666.10335 706335.24267 1121004.73054 588958.41755 1056679.36294 1198494.72932 836613.46194 608338.55552 551896.22282 1061004.36422 1145698.93078 803002.14189 565268.84791 824698.08174 575386.05585 1076253.196 864845.56643 645404.88194 602594.49748 635967.33559 701847.48686 1149928.18524 1177987.71059 871115.98032 1117714.77934 
1161698.69184 643240.83172 815795.18147 974212.56319 1068047.05316 956911.99151 1051410.39095 780726.28971 815078.57398 605495.513 1158543.4994100002 689348.84865 500674.7976 0 506277.97219 950403.03182 602963.95553 579469.03733 1139128.23961 1081858.0232799998 850063.21222 772332.25745 1051749.52599 506765.10114 825423.08249 1207010.04027 1104561.29515 988972.3647 1067766.97363 697819.93172 1120305.70532 1109013.35312 1052571.02042 1149057.7538100001 1094921.99823 676733.70909 1054214.3648899999 660366.61145 845955.54685 899394.17363 1160328.62923 651267.90992 932391.69067 963882.95629 960544.25086 665703.66695 1074927.41439 748708.04309 975096.72254 
928637.15209 1061737.91738 579441.04188 827871.45511 969528.3024 1192347.0680200001 1084352.0496299998 1158535.41099 1039973.74736 1111773.48519 1206369.9594 1107762.7134099999 613049.4648 506277.97219 0 542015.62893 778531.45653 956353.16351 1170582.63589 1092832.71798 702864.28154 982001.81517 651962.07444 692109.56777 1220333.64814 1070005.72951 683590.52863 1049130.5492099999 561489.00144 811453.45538 1032276.8352 1145481.0575899999 635067.21024 642779.78162 1124750.81538 1120924.13035 547936.3927 814944.57597 969673.29101 1119211.75832 1144916.0652899998 788720.89619 899448.46082 845413.95919 1123292.86771 923661.67903 1148412.0423400002 756028.5187 520374.18742 
1182126.8068 821112.3258 1082612.35571 1134802.1358699999 1094188.4295 941316.13942 937159.93041 616519.78206 1134712.40114 693176.74526 1119857.3380200001 1132899.49335 1083631.95101 950403.03182 542015.62893 0 505587.17476 595896.41172 1047027.0391299999 968896.15821 852484.75577 724361.35146 822674.35586 1060946.2947500001 867815.32885 586038.28724 1144382.57125 757040.96946 676033.38807 1139353.52785 778748.74574 936991.58443 566638.18233 1075746.32373 1087298.0104 1220465.26786 1089952.0216299999 914142.97682 508245.89516 1009113.03531 1092426.6638 1116869.02174 582674.66521 543544.9258 807046.51237 817991.65962 1087471.4643899999 1054594.74556 776960.78906 
1200323.6221099999 983973.61899 661244.22076 1096870.50814 811379.3445 1115504.92979 1080677.65731 1118664.90218 1010809.78973 823989.93629 807459.01182 1197719.35883 1103638.75313 602963.95553 778531.45653 505587.17476 0 539760.82085 935538.88319 971651.59633 1092696.62085 660236.03233 749291.4016 555359.11999 1140235.34474 1091625.462 797671.09908 694039.83998 990878.44262 1137106.3731200001 1103300.8512300001 1223220.52346 804368.76113 796245.06256 1011680.79609 857702.37587 1188246.00031 843984.58832 565537.98167 688036.99425 783045.76921 1130573.3172300002 798353.75269 1049132.10056 682668.66224 727977.12246 663591.71731 1021307.59137 1095249.8240399999 
906895.44523 1222709.8690499999 1154334.93487 1222260.7037999998 1176491.35901 1092623.55225 547727.48803 648724.0559 1166916.6749800001 953902.84679 919900.85471 1253969.81095 983444.5695 579469.03733 956353.16351 595896.41172 539760.82085 0 559659.20228 932492.47666 922504.00218 1199996.85318 1167465.90593 1086234.13847 1181328.71832 852436.10998 765260.61424 1233800.66083 1271929.79979 1081041.43148 777583.53259 914102.81204 1162534.59405 1326342.34795 1130371.8757200001 624568.85614 648485.17946 964376.51146 918289.82696 973750.27447 1322806.59006 890671.30482 951081.49405 1139441.33752 573988.83988 994504.74952 1203352.53816 1164272.37912 852839.65681 
554097.64897 908721.21296 826391.6334 1115681.18395 889509.29596 997748.86032 745722.48852 997928.83741 1203532.83353 1186259.3212199998 1176455.0338599999 1125270.79375 651285.79302 1139128.23961 1170582.63589 1047027.0391299999 935538.88319 559659.20228 0 536626.36096 1018460.64405 988583.65719 680574.33936 1097904.6866199998 1133025.8950800002 1198854.62719 1236937.46161 1082631.6162999999 1050145.72834 784965.54016 616188.74405 1129024.21446 1169586.2734400001 1150305.14138 1173099.11399 1129055.03372 1205111.64405 609232.93487 754428.60622 674775.447 1057760.59999 1021978.64826 1105341.96319 635598.39211 1127986.45117 677565.9777 1188794.6032099999 613672.10658 740810.36062 
1090724.00993 987842.64555 884924.76885 579054.82299 842655.46443 941744.94629 832095.57759 1048809.7508399999 691120.92872 649632.96026 1158724.75481 639599.64211 1092348.8177299998 1081858.0232799998 1092832.71798 968896.15821 971651.59633 932492.47666 536626.36096 0 560814.27207 1090873.92019 1095322.29106 1192207.67862 937320.56798 674811.24756 1120672.5387 588626.22571 1094336.14499 1218053.6715 640354.30604 1153189.77645 1131812.15903 799166.44829 929688.94081 904388.14824 1137477.60555 738882.12488 1172842.30686 1127447.58443 1144795.25562 1115238.66674 581044.31021 740603.58808 685185.88994 951945.44999 1123495.89438 755497.19633 1117382.5875 
1201157.38563 682699.52551 1153521.44138 1139869.09506 1060668.0113899999 960698.9323 644053.55141 1096560.45219 956291.74212 774225.68365 1090813.44227 778932.98325 531534.54566 850063.21222 702864.28154 852484.75577 1092696.62085 922504.00218 1018460.64405 560814.27207 0 530059.64812 534508.01899 1079492.4438399998 1212491.1072200001 1235240.83415 833821.25075 874219.80584 802703.58374 676463.42584 690641.93453 1139873.10118 1027528.09134 936244.20075 1114376.36975 949615.74473 1062900.18916 1024114.3564599999 951050.79902 1107718.12616 1063860.26872 1072549.39335 1092220.7110000001 843316.45908 1189372.07776 1071896.25657 1019211.82669 1086007.6924100001 1103354.44998 
998948.37071 1212759.17363 1108568.67565 625316.98086 784651.42054 1205942.9134 1060581.27899 609757.33936 906125.81897 844037.4849 1045860.67654 665255.75147 1061594.1937799999 772332.25745 982001.81517 724361.35146 660236.03233 1199996.85318 988583.65719 1090873.92019 530059.64812 0 631611.42104 1108220.35806 820354.17543 1139273.38392 1057978.11035 1036909.4362300001 1211529.46344 721057.04402 960618.66463 925316.40827 1178738.36202 1130557.5562800001 1154062.52109 1174816.65882 758405.31975 788602.58244 1097344.7998000002 953035.50032 696119.46122 656119.13303 975776.5245 1134915.89751 1130656.6343999999 1086188.19459 867774.21173 1193949.44756 726775.02022 
1090769.13288 1150467.85745 790585.2802 1143504.55833 1103270.0418 840520.51551 824673.99795 1091495.00708 1189162.54917 954146.42488 1267475.74245 835933.99516 853053.97508 1051749.52599 651962.07444 822674.35586 749291.4016 1167465.90593 680574.33936 1095322.29106 534508.01899 631611.42104 0 544984.42485 798222.10117 1170953.12936 799033.49945 1123626.67395 904213.86814 714151.00144 739602.62483 903270.971 1106880.41211 597772.27071 930901.56513 842032.44318 1174451.88913 1089878.54734 1249859.1415300001 1072619.8878600001 1082203.47896 620350.22521 882805.36907 998148.38786 748703.4519 605236.44817 1093823.96049 693247.81804 1059140.81376 
884228.59566 627274.62934 750146.77751 968587.3346 561281.95202 647825.92412 544645.28981 1032522.9930400001 898639.76219 1112260.61414 1159446.1180099999 655674.13958 1007439.89874 506765.10114 692109.56777 1060946.2947500001 555359.11999 1086234.13847 1097904.6866199998 1192207.67862 1079492.4438399998 1108220.35806 544984.42485 0 584876.22475 1130752.22529 597796.19401 1079734.16063 1167109.86662 1115142.9106 884129.27437 701310.97976 878386.9379 1142756.69556 1115634.74167 1039595.18787 1138101.77742 606310.44043 1078663.82725 894034.17622 829589.15528 911334.88441 664216.9994 1111925.45572 1192216.1031900002 761904.83224 865533.47592 1141124.21835 713345.13526 
1144327.34468 905545.62248 922841.00068 748128.22874 663049.05315 907784.68941 954218.75439 1128239.1734799999 1187462.56612 632414.2608 694293.26768 1178866.74396 1237666.10335 825423.08249 1220333.64814 867815.32885 1140235.34474 1181328.71832 1133025.8950800002 937320.56798 1212491.1072200001 820354.17543 798222.10117 584876.22475 0 545876.00054 1088941.11168 842316.00314 1222915.7164500002 695847.48121 671403.22993 1172764.1733900001 1161586.3348400001 1177747.05291 813308.03585 747840.98966 672397.25544 669520.05708 864659.13487 1230851.24741 1203036.0983199999 1307152.62632 1249093.2241500001 755542.25025 607339.87844 757299.79383 772196.57049 1147221.9128299998 1121117.2205400001 
929949.1631 674750.19113 1216056.80932 727611.65331 808213.29151 639767.68182 1184663.74604 884039.02545 888781.5444 927690.32322 950037.68444 1105659.5512 706335.24267 1207010.04027 1070005.72951 586038.28724 1091625.462 852436.10998 1198854.62719 674811.24756 1235240.83415 1139273.38392 1170953.12936 1130752.22529 545876.00054 0 558344.28401 664802.49085 1127657.9566199998 1227825.92198 786259.07042 626888.17285 615710.3343 883127.85632 1099611.90979 1129041.4756 1171344.58689 589621.69232 665797.8718 902372.76124 1244188.7743099998 1222699.48098 838601.64151 790134.06157 1074094.80363 784336.57234 726743.27253 880343.97593 835670.6498 
1096953.98028 788197.58127 1110220.7656800002 1062625.9806300001 554687.17448 1089547.63234 961048.15086 1226863.98727 1019836.20456 1156522.87772 921118.10548 1115587.3845799998 1121004.73054 1104561.29515 683590.52863 1144382.57125 797671.09908 765260.61424 1236937.46161 1120672.5387 833821.25075 1057978.11035 799033.49945 597796.19401 1088941.11168 558344.28401 0 532046.31299 569313.67261 1091651.78747 1026173.3441100001 759762.34784 631360.922 838223.41134 541267.62578 853687.96104 1139087.3645000001 1105133.8048999999 681825.47851 1136606.65931 685844.4903 725032.04316 1148419.2215 1085020.71038 1102705.0109 1078770.67128 1121075.60603 631274.76923 1044335.1300400001 
564907.66729 765458.2347 988242.63814 1114357.13574 974111.07276 654408.93453 1032095.0815600001 1105307.1328 959521.47625 1238259.18597 1134265.9530500001 626072.65977 588958.41755 988972.3647 1049130.5492099999 757040.96946 694039.83998 1233800.66083 1082631.6162999999 588626.22571 874219.80584 1036909.4362300001 1123626.67395 1079734.16063 842316.00314 664802.49085 532046.31299 0 505709.91928 774510.96771 637299.23939 893699.02175 1123163.32366 1118297.85415 619051.81202 733550.79425 1154227.26546 1142110.51865 592549.6425 765103.89505 856938.03486 663512.5574 789803.52084 736321.35577 673409.20683 1057701.99716 589029.29304 723448.63731 528756.36179 
1070617.58657 1185433.97934 1140930.0433200002 608647.21646 1116586.02261 993136.06622 1071545.3810999999 1087740.19122 798413.74992 905747.08706 1065398.82467 546273.71197 1056679.36294 1067766.97363 561489.00144 676033.38807 990878.44262 1271929.79979 1050145.72834 1094336.14499 802703.58374 1211529.46344 904213.86814 1167109.86662 1222915.7164500002 1127657.9566199998 569313.67261 505709.91928 0 527253.36567 551512.48652 1064347.95693 864616.8993 668530.6673 1110581.2983900001 736579.48083 921028.29003 773341.13439 656649.10885 738131.51437 716371.74565 717573.746 918960.08392 1171301.43103 855418.59314 917880.43351 1094739.21232 1061911.00731 780423.63457 
741793.4604 1254932.7986 856896.58296 1135900.58213 760587.6731 1100696.74304 839251.8339 1250323.76819 1171736.5210000002 616688.21568 623576.406 1073527.0776399998 1198494.72932 697819.93172 811453.45538 1139353.52785 1137106.3731200001 1081041.43148 784965.54016 1218053.6715 676463.42584 721057.04402 714151.00144 1115142.9106 695847.48121 1227825.92198 1091651.78747 774510.96771 527253.36567 0 584547.52714 600937.74913 653131.85464 872378.54521 1162982.79473 841215.14822 681836.06491 782958.54854 767935.87411 1108612.5493800002 1100453.52922 695349.44021 1187086.3533700001 799823.66136 1158441.56571 1155306.84507 669902.39453 632738.40329 1096450.1749200001 
600769.24677 1053266.37774 821322.98243 1107840.77892 668423.22846 1167624.7289 1037419.94494 1078471.86588 1058102.10231 1201235.74282 896691.71225 544741.0412 836613.46194 1120305.70532 1032276.8352 778748.74574 1103300.8512300001 777583.53259 616188.74405 640354.30604 690641.93453 960618.66463 739602.62483 884129.27437 671403.22993 786259.07042 1026173.3441100001 637299.23939 551512.48652 584547.52714 0 512835.47041 1072270.0124 1121149.4583899998 986619.79338 1062918.5002 948098.31308 568456.00544 1060315.15763 559448.01748 1136313.12185 814538.8222 949793.76912 866402.15143 1036919.9106000001 570759.31793 1063953.74775 849681.78159 511902.64778 
590544.92649 729452.76019 1270759.37838 1231359.8160899999 881529.82354 1213074.8267299999 925411.20264 1154358.65322 713846.32072 1182486.0504299998 724841.60864 635425.16419 608338.55552 1109013.35312 1145481.0575899999 936991.58443 1223220.52346 914102.81204 1129024.21446 1153189.77645 1139873.10118 925316.40827 903270.971 701310.97976 1172764.1733900001 626888.17285 759762.34784 893699.02175 1064347.95693 600937.74913 512835.47041 0 663195.86255 1147639.9475500002 737445.00414 1086547.13286 1173607.40343 1081291.47585 763042.4332 760401.68258 1124745.8868 1235186.71795 1210933.053 1149722.7992 1180172.7244199999 1083594.78834 1172199.77296 1131597.5325500001 1024738.1181900001 
615488.62447 1133946.48459 886848.53794 568163.95354 1047107.38677 1039499.06696 871719.90939 1169152.44704 995691.63204 1137125.8472199999 1094452.49778 575327.38508 551896.22282 1052571.02042 635067.21024 566638.18233 804368.76113 1162534.59405 1169586.2734400001 1131812.15903 1027528.09134 1178738.36202 1106880.41211 878386.9379 1161586.3348400001 615710.3343 631360.922 1123163.32366 864616.8993 653131.85464 1072270.0124 663195.86255 0 509108.1414 593802.70796 822257.18345 1093009.74034 1031794.25124 1074884.07749 720530.9915 861272.70126 1080229.28813 939122.44343 947149.3073 919852.63934 1079576.15135 935456.5985 585806.47901 852231.13077 
622312.94412 712080.46111 1206809.94288 1077272.09494 728780.08153 906239.48939 803354.1325 700882.64558 844344.99917 694817.9058 1144101.94377 799933.51177 1061004.36422 1149057.7538100001 642779.78162 1075746.32373 796245.06256 1326342.34795 1150305.14138 799166.44829 936244.20075 1130557.5562800001 597772.27071 1142756.69556 1177747.05291 883127.85632 838223.41134 1118297.85415 668530.6673 872378.54521 1121149.4583899998 1147639.9475500002 509108.1414 0 518720.08436 701773.49181 1116539.82308 1082586.26348 1081697.62646 1211653.81318 1147074.95525 1159516.78008 625322.42355 668153.1525 765357.16469 958036.64542 852167.89571 1076876.5658 864270.15952 
913489.45975 577393.5967 1118700.21489 1101189.08723 966765.50994 979917.64299 963409.4235 992934.00985 934460.11516 1175436.91221 756861.25956 1079904.038 1145698.93078 1094921.99823 1124750.81538 1087298.0104 1011680.79609 1130371.8757200001 1173099.11399 929688.94081 1114376.36975 1154062.52109 930901.56513 1115634.74167 813308.03585 1099611.90979 541267.62578 619051.81202 1110581.2983900001 1162982.79473 986619.79338 737445.00414 593802.70796 518720.08436 0 505803.01958 597819.73872 563866.17912 599294.17379 692933.72882 944603.17415 703081.22277 673194.16503 543753.0846 561437.38512 830276.76924 1076044.5825200002 1025626.1704599999 1041361.43579 
1187837.90876 1083196.61628 1227324.0964600001 683988.95198 1135677.29124 987057.02103 639089.77219 1050501.88001 651476.76951 1150604.91114 948329.61474 1143416.58317 803002.14189 676733.70909 1120924.13035 1220465.26786 857702.37587 624568.85614 1129055.03372 904388.14824 949615.74473 1174816.65882 842032.44318 1039595.18787 747840.98966 1129041.4756 853687.96104 733550.79425 736579.48083 841215.14822 1062918.5002 1086547.13286 822257.18345 701773.49181 505803.01958 0 572987.73765 1069669.1987 1096642.71422 760881.24126 1114610.7284 1128652.11769 716023.62616 1049556.10418 1067240.4047 820509.44593 834331.66126 1243848.04459 1199575.24437 
760325.20178 1131507.89566 1127377.4345800001 1214437.1634 1085274.09693 789781.24973 593456.48761 643217.55776 978046.69932 577617.17349 908139.37841 926376.15896 565268.84791 1054214.3648899999 547936.3927 1089952.0216299999 1188246.00031 648485.17946 1205111.64405 1137477.60555 1062900.18916 758405.31975 1174451.88913 1138101.77742 672397.25544 1171344.58689 1139087.3645000001 1154227.26546 921028.29003 681836.06491 948098.31308 1173607.40343 1093009.74034 1116539.82308 597819.73872 572987.73765 0 595878.70918 1140654.9037600001 859646.51469 1148239.01101 1210673.72985 795431.87381 1141572.82332 937233.2329 833567.18151 1130308.27887 1106774.5473 1068310.58012 
1067137.1586600002 1141259.77582 1158509.19277 702730.43602 884681.46933 770857.80064 957713.26901 1031847.96609 1139881.28742 1173423.8541 1035162.97158 516037.85888 824698.08174 660366.61145 814944.57597 914142.97682 843984.58832 964376.51146 609232.93487 738882.12488 1024114.3564599999 788602.58244 1089878.54734 606310.44043 669520.05708 589621.69232 1105133.8048999999 1142110.51865 773341.13439 782958.54854 568456.00544 1081291.47585 1031794.25124 1082586.26348 563866.17912 1069669.1987 595878.70918 0 661802.61114 895239.41738 1154848.83687 1076815.5532499999 936054.47328 1107619.26372 1125303.56424 1076162.41647 892142.01435 1218347.01327 646869.29559 
820883.61571 1099687.9903000002 770456.02171 887062.55283 1180450.7563200002 906785.95057 551686.88534 852386.26082 899045.93525 1201422.64042 1035194.20079 896420.93853 575386.05585 845955.54685 969673.29101 508245.89516 565537.98167 918289.82696 754428.60622 1172842.30686 951050.79902 1097344.7998000002 1249859.1415300001 1078663.82725 864659.13487 665797.8718 681825.47851 592549.6425 656649.10885 767935.87411 1060315.15763 763042.4332 1074884.07749 1081697.62646 599294.17379 1096642.71422 1140654.9037600001 661802.61114 0 500867.14015 1064834.25932 983528.79737 1090920.56037 1051790.82096 983426.75634 1104748.45103 1143101.88779 1101832.50342 558324.26034 
657046.58934 1175504.44946 1110295.66328 548392.76144 855689.18821 995320.39909 1052554.02549 1148468.0510399998 784313.07373 944651.10765 772384.1333 740122.79861 1076253.196 899394.17363 1119211.75832 1009113.03531 688036.99425 973750.27447 674775.447 1127447.58443 1107718.12616 953035.50032 1072619.8878600001 894034.17622 1230851.24741 902372.76124 1136606.65931 765103.89505 738131.51437 1108612.5493800002 559448.01748 760401.68258 720530.9915 1211653.81318 692933.72882 760881.24126 859646.51469 895239.41738 500867.14015 0 598335.9588 1108284.68388 1070102.4106700001 1195520.6631399998 825884.39034 1130207.33541 757463.52284 600965.36327 1059191.40049 
595822.66078 1114280.5209000001 719924.35776 1146728.7202400002 1173876.04518 889942.21957 1137672.77775 792682.28971 1125670.1428399999 570621.83752 1123669.82393 1195508.08367 864845.56643 1160328.62923 1144916.0652899998 1092426.6638 783045.76921 1322806.59006 1057760.59999 1144795.25562 1063860.26872 696119.46122 1082203.47896 829589.15528 1203036.0983199999 1244188.7743099998 685844.4903 856938.03486 716371.74565 1100453.52922 1136313.12185 1124745.8868 861272.70126 1147074.95525 944603.17415 1114610.7284 1148239.01101 1154848.83687 1064834.25932 598335.9588 0 928133.81421 1150741.58786 1230994.99957 1179607.7321199998 1235572.5801300001 1127721.69561 1131032.54025 815719.16492 
704201.1442 1129026.9313 1265431.4911 857368.95638 759065.91223 892843.66822 877545.86844 620434.95223 1138627.57131 1172129.15106 1250704.7818200001 759037.3454 645404.88194 651267.90992 788720.89619 1116869.02174 1130573.3172300002 890671.30482 1021978.64826 1115238.66674 1072549.39335 656119.13303 620350.22521 911334.88441 1307152.62632 1222699.48098 725032.04316 663512.5574 717573.746 695349.44021 814538.8222 1235186.71795 1080229.28813 1159516.78008 703081.22277 1128652.11769 1210673.72985 1076815.5532499999 983528.79737 1108284.68388 928133.81421 0 534194.35653 1065205.62273 897238.343 778264.74928 1071913.02348 1185245.7884 1187378.09497 
638287.21255 884151.38184 1256876.46464 1160099.1332 661188.73128 1118171.53644 871398.6549 1079353.38713 1169914.49764 694061.73088 1225470.35504 706345.24234 602594.49748 932391.69067 899448.46082 582674.66521 798353.75269 951081.49405 1105341.96319 581044.31021 1092220.7110000001 975776.5245 882805.36907 664216.9994 1249093.2241500001 838601.64151 1148419.2215 789803.52084 918960.08392 1187086.3533700001 949793.76912 1210933.053 939122.44343 625322.42355 673194.16503 716023.62616 795431.87381 936054.47328 1090920.56037 1070102.4106700001 1150741.58786 534194.35653 0 531011.2662 688529.79004 863070.64087 664612.44949 1229633.93392 1091870.7181799999 
1169298.47875 1121146.6812999998 982109.60975 997708.31457 550643.5037 587160.27024 1132056.33446 1045167.1779199999 1193664.84573 1225072.9970800001 1161503.8561 919272.4191 635967.33559 963882.95629 845413.95919 543544.9258 1049132.10056 1139441.33752 635598.39211 740603.58808 843316.45908 1134915.89751 998148.38786 1111925.45572 755542.25025 790134.06157 1085020.71038 736321.35577 1171301.43103 799823.66136 866402.15143 1149722.7992 947149.3073 668153.1525 543753.0846 1049556.10418 1141572.82332 1107619.26372 1051790.82096 1195520.6631399998 1230994.99957 1065205.62273 531011.2662 0 665157.79989 751725.20227 882678.36172 711666.36271 986199.15538 
687117.60038 1103701.98122 580346.09499 1136597.36038 705086.70012 1151814.8558200002 1057081.01931 520899.29504 920138.09247 1224612.8723300002 671564.88592 990994.94946 701847.48686 960544.25086 1123292.86771 807046.51237 682668.66224 573988.83988 1127986.45117 685185.88994 1189372.07776 1130656.6343999999 748703.4519 1192216.1031900002 607339.87844 1074094.80363 1102705.0109 673409.20683 855418.59314 1158441.56571 1036919.9106000001 1180172.7244199999 919852.63934 765357.16469 561437.38512 1067240.4047 937233.2329 1125303.56424 983426.75634 825884.39034 1179607.7321199998 897238.343 688529.79004 665157.79989 0 558470.57194 1108255.42275 1109409.34267 668087.6206 
1063689.2694 545231.40928 1086538.02747 1171658.8632 1112716.0714 1085215.3257499998 725647.6323 556169.07047 1074361.68955 1083406.0621500001 716520.68485 1115500.35913 1149928.18524 665703.66695 923661.67903 817991.65962 727977.12246 994504.74952 677565.9777 951945.44999 1071896.25657 1086188.19459 605236.44817 761904.83224 757299.79383 784336.57234 1078770.67128 1057701.99716 917880.43351 1155306.84507 570759.31793 1083594.78834 1079576.15135 958036.64542 830276.76924 820509.44593 833567.18151 1076162.41647 1104748.45103 1130207.33541 1235572.5801300001 778264.74928 863070.64087 751725.20227 558470.57194 0 625451.42099 722787.03188 1008798.71799 
1153936.9603300001 817980.55978 1212093.92444 1203054.19305 1060031.64152 923283.90207 841964.73872 587356.12771 1105548.74679 1187630.1476 1220355.6286 963676.1094 1177987.71059 1074927.41439 1148412.0423400002 1087471.4643899999 663591.71731 1203352.53816 1188794.6032099999 1123495.89438 1019211.82669 867774.21173 1093823.96049 865533.47592 772196.57049 726743.27253 1121075.60603 589029.29304 1094739.21232 669902.39453 1063953.74775 1172199.77296 935456.5985 852167.89571 1076044.5825200002 834331.66126 1130308.27887 892142.01435 1143101.88779 757463.52284 1127721.69561 1071913.02348 664612.44949 882678.36172 1108255.42275 625451.42099 0 1125514.3711199998 923571.39673 
1140652.2554300001 622194.39531 1102015.64769 1110815.88251 1060872.19373 660999.52954 656887.46085 941367.36209 598748.67453 1137709.3452400002 677623.38693 1129028.3032200001 871115.98032 748708.04309 756028.5187 1054594.74556 1021307.59137 1164272.37912 613672.10658 755497.19633 1086007.6924100001 1193949.44756 693247.81804 1141124.21835 1147221.9128299998 880343.97593 631274.76923 723448.63731 1061911.00731 632738.40329 849681.78159 1131597.5325500001 585806.47901 1076876.5658 1025626.1704599999 1243848.04459 1106774.5473 1218347.01327 1101832.50342 600965.36327 1131032.54025 1185245.7884 1229633.93392 711666.36271 1109409.34267 722787.03188 1125514.3711199998 0 1163558.1252700002 
504594.4058 541363.72996 1082670.34815 1183555.5306600002 894080.9325 1150950.89259 1085339.86454 1188986.91564 822056.01196 1183266.2671400001 1061690.0973800002 949631.75585 1117714.77934 975096.72254 520374.18742 776960.78906 1095249.8240399999 852839.65681 740810.36062 1117382.5875 1103354.44998 726775.02022 1059140.81376 713345.13526 1121117.2205400001 835670.6498 1044335.1300400001 528756.36179 780423.63457 1096450.1749200001 511902.64778 1024738.1181900001 852231.13077 864270.15952 1041361.43579 1199575.24437 1068310.58012 646869.29559 558324.26034 1059191.40049 815719.16492 1187378.09497 1091870.7181799999 986199.15538 668087.6206 1008798.71799 923571.39673 1163558.1252700002 0 
