99
thank equinox partnership pupil shelter homosexual wrong lobby dramatic community minimize fuss ballot bracket glide creation rabbit work colon traction mechanism tribe top domestic accessible perception cancel crew car merit dose offensive fortune hide loud celebration integrated mosaic company vote transaction belief contract deter dialect desk steward seller skip battery linear salmon inhibition present formation thread pastel huge farewell absorption trance snap adult magnetic nationalism deck valid childish create direct feign knit appear prove basketball bring suffer line gift mind tin makeup magnitude predict scrap berry east dilemma think breakin denial concern transmission exotic maze leash reach knife pride
0 507605.78799 1028869.62937 714106.49222 1127836.80047 778440.71176 1021605.29433 517032.24894 1029330.8019600001 1099743.74351 1091454.44292 701144.67883 1041142.43347 1109935.91358 621349.15636 1102121.2063199999 886791.5318 814257.8224 998191.73452 988997.33728 593548.7662 531398.39087 896842.48196 900835.01757 829390.8075 1083962.28412 674831.5079 524413.13259 783972.00492 1015126.30265 696365.58959 1124189.90246 1104217.8149 1041460.9519 1032430.66655 749275.97989 820624.88894 687274.7863 682098.00751 1015251.4246 511389.82919 1029504.92083 704762.54645 697866.1296 1068338.05539 949995.37575 579955.49992 1090821.9929499999 1080322.0989299999 811990.69216 946694.92561 1068149.54819 1064295.75786 876731.69785 549255.62737 1064678.21472 1076661.3001899999 662686.13476 613854.03374 573594.76705 706636.49377 1072752.18976 831425.90108 553763.61725 721718.43755 1094239.02392 561867.87211 1097757.7624 982990.08202 1064883.29519 1049499.39941 1106963.64704 551855.17248 1056848.43825 1054952.9148900001 1041627.76882 940050.92929 745521.53227 853696.6906 864282.04398 1097590.38247 1132249.68262 949507.78492 968621.65255 699191.29263 946885.44534 872853.18769 758904.22162 928080.49075 1034394.0808900001 840085.61064 1064335.84426 1089898.04647 928798.1992 517882.29115 754022.68379 965039.04779 614199.72486 502495.70393 
507605.78799 0 521263.84138 644096.50036 1059844.68305 1062479.81046 1030333.7990899999 821243.72882 1144099.39093 1152335.2597500002 958925.41948 1109389.0590599999 1180298.45538 830076.00744 1114327.09074 1024978.02662 629189.87641 1033806.0974399999 531690.66131 1038762.5394 1101154.55419 1039004.17886 1093641.4507499998 641178.55048 894857.58266 1066491.02959 561242.67629 553507.21951 1073590.99915 907137.20869 926874.96663 952908.51741 844781.07531 1103185.2741099999 1079945.27884 640434.64902 944124.49173 705734.21118 800401.46467 815061.27219 1018995.6171800001 1154260.6316200001 1140910.7166 962341.18397 858989.24417 767090.95137 566858.25083 647934.73798 954857.45043 856888.34717 1107583.31101 1046699.4560700001 1052409.7215 1080514.24756 732973.03636 1126780.91874 1026902.80727 524579.29303 1090946.94032 1081200.55504 731139.7201 764731.6083 747440.73476 976118.87954 846789.49937 1019798.9898399999 958867.93106 1109770.64782 1092348.75323 960404.08321 1166471.53332 1070152.74971 541154.185 825095.89577 1166107.8108199998 883206.6425 1065159.21585 825840.56649 727837.12381 748767.53258 1085341.67087 1161678.2668299999 907179.83551 1108858.8685400002 730716.42872 842841.07739 1110681.74247 817251.87869 1198754.44067 811277.79336 1153096.69056 1130795.94779 1085960.28964 1094804.3152700001 734490.24437 1231972.7708100001 1125523.31995 1086187.22204 754176.23031 
1028869.62937 521263.84138 0 500330.78541 1016977.5665 902861.98036 1044488.4307 539915.38531 630157.58173 824657.53859 1195681.38445 816523.11602 1213480.03881 788935.50705 1072319.32484 1100644.5363399999 987352.62215 1124028.89615 867004.80173 1083329.0259 1032758.59143 543438.12009 769058.36888 1068324.21149 1082117.16189 1147156.02115 1082506.51767 608961.14471 740698.30083 682775.2367 1184111.50019 740792.61749 1166524.86883 661884.08802 1008331.79902 507232.6625 840038.09328 886072.43599 1064529.30558 712786.70688 1079219.90926 899489.3917 1112557.16231 903604.61668 668916.01446 759517.69191 1088122.09221 1014598.53002 1036056.54435 849658.39986 773211.49781 1027523.10386 1055762.73295 1066337.4965599999 937290.32876 1071568.96089 1117981.4665299999 1045843.1344099999 653476.09513 669366.22429 838177.60568 1105321.66859 785704.03603 1021410.9316799999 519301.49278 836476.12754 1035734.86283 1070217.46652 1130232.06396 766169.58784 645207.69194 1165325.91138 610217.43682 1087417.95205 811923.91147 1151975.5642499998 1090718.57036 1051308.4074 550854.90385 1052885.98949 961514.96676 824825.46203 778586.71334 1103626.5342299999 1076384.69381 565322.47014 1146892.71603 860948.18978 927977.49668 1176631.29022 869032.36016 981861.57161 1103371.06288 1082956.61927 1120444.32313 1122597.66466 1029048.52825 794934.94437 1067756.17728 
714106.49222 644096.50036 500330.78541 0 516646.78109 1033054.03898 1066817.36975 1040246.17072 1130488.36714 1127926.4896 844034.04592 891426.75939 743411.66538 803029.55939 900325.7826 976986.00011 1098507.77301 1010944.18555 1150706.07167 734322.50822 1021667.7340599999 801546.00625 1109314.40937 1084237.38499 581786.37648 1093842.17932 820208.61329 627836.51937 1018172.59397 1129827.47688 1083326.94173 1169211.25927 860435.72127 963786.51888 1036292.71365 931966.49276 732427.38171 682174.7403 1080810.66496 579519.12022 654400.91258 785855.62072 1038876.1106400001 884428.02448 604584.23342 628787.9493 730101.30932 956129.39243 535725.75894 1044834.37603 635789.80844 892692.28904 783026.91999 1015538.47696 1054712.99321 908914.99307 728892.49639 909346.48462 795360.95941 844765.60192 642706.70555 1121557.83137 1136440.0700700001 622529.60371 1019632.27819 1035929.97692 963656.46231 1090952.60348 790083.92358 1021619.2966400001 1129635.08506 1034881.4323100001 580002.25025 1046196.1301899999 1082257.25895 1033694.3222699999 822263.60882 1070049.20325 1051185.68926 583727.68855 1090404.4272699999 517581.76647 790595.25469 1104432.76277 1091885.48224 634597.54357 1063414.16041 1084241.62242 597961.66687 1091993.45566 774676.93096 1180598.12756 1132636.49945 1120592.96821 836115.0095 981168.65927 817802.85114 693525.4669 819430.51102 
1127836.80047 1059844.68305 1016977.5665 516646.78109 0 516407.25789 550170.58866 1013846.50503 1068698.7195100002 916662.07718 1131737.5472499998 1056890.14617 706299.78641 1153323.86246 1177965.98459 1049716.06895 780897.21657 1147269.83708 1139954.18351 1111842.43311 1119988.65528 1051358.40744 860398.08425 1163909.16213 661458.15362 804051.64173 831766.76562 646243.37894 659746.2877 1103596.5950600002 718729.16386 992936.23862 753880.3677 632633.35414 1124502.88472 1035327.41662 1027105.22068 1067673.88904 1072435.8261000002 572364.00157 1044992.47817 1021316.4216799999 1169909.66365 1107188.49376 867105.88063 1137413.1232099999 1102468.34445 594192.3171 1052372.54003 1036315.8235200001 603508.67319 1012285.29743 1077147.76383 795580.20795 1070131.68737 538821.06833 1051640.8495999998 870606.44957 1075085.49044 1195266.09583 1101388.6827 1026159.91767 778272.04297 1139176.3848 990917.15749 1129343.565 1109557.19113 1058411.10996 1039193.71924 788218.04905 786299.5969 956514.95026 637996.51543 1065672.81214 1048189.92399 1091040.52159 1054155.10302 553402.42216 561064.62452 941155.29836 1086058.18672 826479.66201 1149802.64769 942173.44187 900816.59082 1151244.32466 864528.57679 1075723.06991 1068089.87244 1059451.96214 522665.37508 1093823.71428 833118.17649 1059975.83875 609954.50932 774434.10816 791721.05257 1104700.206 1047003.1732099999 
778440.71176 1062479.81046 902861.98036 1033054.03898 516407.25789 0 511936.79848 1016509.84387 1142592.8447699999 1087409.73185 1080942.38534 1107358.9771099999 1175767.73992 832715.63568 1050086.77517 604764.81498 762803.10942 1008193.06002 1103789.17003 909217.44023 1141920.79382 1106613.74138 1120440.0521900002 1198973.00571 971949.35207 778163.92235 741039.46042 751824.57035 1107465.86027 1120421.3826000001 919196.42128 1153535.35077 1195825.31671 1068547.36986 1110899.20514 737154.9752 1127521.55064 1036281.79155 722138.56413 1034560.4550099999 530698.8596 658010.42622 1061925.04237 661640.66409 813287.50848 1135828.5268 1073747.0873699998 771820.95676 879512.71085 1063603.38404 848448.31933 837502.67582 1143837.24487 1019678.09713 1031897.8971899999 1044435.3288 1086026.51689 1017691.3045399999 1052525.0365499998 1103307.38708 584981.42481 1085021.55532 588334.16594 765734.41646 1109560.05162 752703.99065 955714.98419 739826.62716 1091826.2982100002 1063901.64858 1161816.18702 782479.02025 521325.62546 1026318.89123 1118236.88048 1073479.22434 1093270.8392400001 819256.89698 722607.76622 551078.86882 982619.72676 634539.515 995545.12446 1071706.12712 953821.30035 1031553.15448 688169.18878 1126523.9743599999 1135215.47885 1103737.97511 740960.01015 1080304.60406 1114071.91303 801974.75883 671416.71228 1137724.6607599999 688133.27808 624690.4901 721562.17601 
1021605.29433 1030333.7990899999 1044488.4307 1066817.36975 550170.58866 511936.79848 0 504573.04539 1016871.59841 575472.93337 1109778.28614 1050567.60816 1057592.53508 749221.40438 675397.5133 651717.91067 1061508.77181 1038884.1399300001 1164553.80417 657481.92608 1111689.871 1035752.61999 731719.38985 921033.03318 1149579.51094 1191339.99829 966313.94395 1127199.9211 1169114.95579 1095450.11873 1067215.7962099998 659409.55142 1085752.16334 1029001.74835 1063895.31345 840445.2679 712374.0302 995086.70311 1067146.77403 797123.09067 632978.66809 1057392.32705 1032146.4243600001 1157984.49912 934151.78916 1081310.84311 561810.28889 807688.80075 602561.12717 1054227.736 1107555.5186299998 1038855.0195299999 1080457.44146 827653.96906 519961.09871 532498.53032 647348.06573 505754.50606 782508.79429 1054039.5246899999 903774.13152 1089443.93229 749668.34458 732705.17176 597623.25314 1150006.89504 1035005.12367 745385.65318 1034058.6055 707743.74719 1073288.22314 1198558.1779999998 1033262.42394 927908.00494 1082436.11643 1123040.30687 1071337.64651 549742.68804 1056190.27773 901228.17206 1079735.6487099999 892131.02908 1178223.70247 1068284.19431 1109458.0954 997108.39172 1130034.93487 872222.72202 832873.28987 754869.2958 1072835.96374 579004.32904 1115718.32657 768658.79093 1013989.04135 932573.98987 833401.02791 743083.62561 1129103.30452 
517032.24894 821243.72882 539915.38531 1040246.17072 1013846.50503 1016509.84387 504573.04539 0 512298.55302 838603.06136 1084071.26155 1013078.52312 1019571.39071 950524.38897 1138381.4053 1043093.10787 993212.63054 1080945.4261500002 735933.17478 780316.06993 1075429.91717 1048430.6398100001 752708.53157 1079873.16314 850559.38773 1155025.75886 992754.21562 988866.30416 1036400.69986 590877.07334 859350.89412 1044660.67793 1029069.48377 524428.70296 639539.58801 1044592.96594 916933.61728 1076008.1115 1045276.49997 1043166.1193599999 539304.52395 1057419.61559 1084463.25881 904366.00219 858005.69585 1126067.99798 829755.48963 1088368.29975 925183.49613 659579.99444 919175.90844 1032410.64464 1070524.8027499998 747661.36847 610360.12231 1037071.57571 1045017.8885199999 1010327.5514499999 809732.50237 854740.94534 693890.11761 584870.8869 724644.85018 1070795.86619 828686.76766 756908.47619 1078900.12105 1103764.13251 694827.87405 1096098.86901 617564.71903 1121222.36237 835829.78843 742925.98079 1045609.02492 1088459.62252 1068455.98274 1054315.73343 575514.07011 1056393.57431 1054942.97951 826235.33194 985770.34029 563711.14892 1082292.38493 1105237.8554500001 829575.05515 800837.36615 974324.51413 1104957.19109 893231.39894 946307.40603 1190843.23384 1099451.61911 1034914.54009 1056433.31496 903082.81932 836850.76172 672900.56705 
1029330.8019600001 1144099.39093 630157.58173 1130488.36714 1068698.7195100002 1142592.8447699999 1016871.59841 512298.55302 0 512383.99547 1046689.34824 627972.0531 1105687.06733 1114437.07671 1111561.0025 1025159.1542 991386.40981 1141464.06912 1076367.57457 1065580.80749 1052984.31177 1087543.20702 1142511.8336 972605.4748 897521.3561 1117465.21662 1034268.44838 1044185.92648 524102.14684 1047763.64953 901455.03229 628100.18771 974455.51536 897048.75051 1071645.50853 592400.86447 1094173.63329 903180.9392 1095803.79545 1057267.40154 611893.98517 1057519.3006 838231.52643 806668.17351 1149057.48597 1053025.60674 1033761.92398 821181.09602 1149879.91047 924887.25079 803860.90317 673843.93628 996427.5118 1038006.37101 594370.38057 1145079.68986 1150040.4655300002 1105758.88475 670241.334 709396.07594 1088845.795 809330.12416 934398.05483 590245.58001 1075503.13288 1124589.44102 1120903.0648 1165582.0299300002 1075378.5188199999 1086277.06708 1073908.72376 996819.47441 954645.0601 1043972.5356899999 538878.31332 694924.33719 1126941.3859899999 787558.11983 860736.16906 793374.17133 615196.98241 626149.44884 1114742.5636 1063004.3555 1175000.78951 1052915.69389 1066945.99697 777703.84622 865799.77967 1104715.3505199999 546033.34443 643895.2744 1083907.91308 1128163.0128199998 1013170.5951 544134.76194 1038033.4462 1128575.79915 870949.05802 
1099743.74351 1152335.2597500002 824657.53859 1127926.4896 916662.07718 1087409.73185 575472.93337 838603.06136 512383.99547 0 534305.35277 846007.77961 763831.89917 827053.97309 1005930.9619700001 872593.09134 1045298.74211 1043419.85546 1119206.17381 873484.19304 1070893.10714 714424.51302 637054.55561 689314.87705 744107.08177 649883.50755 1140249.78269 646372.2547 1036486.14231 860312.46526 1180690.00844 707874.8287 615708.66524 1093947.91136 822060.79046 1058894.79118 1087035.82741 1024395.72841 628258.36111 975917.64302 1124277.98064 1037451.6687 820049.21993 779390.7969 861595.58961 540641.61127 585477.00892 1085362.9222900001 935330.16418 1069366.6869 553138.57094 658301.8611 923114.29283 670529.7901 1095434.03208 987817.13021 1144035.4699300001 939340.4358 1087903.43879 1146331.71309 1089788.97939 1135263.25838 870689.61516 1093445.0841 1173096.18651 1107580.2027099999 1061538.12924 894052.2049 1113544.18694 1049460.87077 1116053.77231 760698.32452 1119567.69695 972279.8669 935111.39497 1178174.6973199998 674412.65283 580875.76147 595460.25157 622996.45453 614637.09646 952615.11091 1150957.18046 937598.9627 744461.29161 1150175.5148399998 554562.0015 556815.33204 648411.77087 1125237.6488299998 1058417.3399 911403.06299 582838.99129 1032840.83198 870513.20362 767640.48905 531536.04622 616191.80368 694314.09181 
1091454.44292 958925.41948 1195681.38445 844034.04592 1131737.5472499998 1080942.38534 1109778.28614 1084071.26155 1046689.34824 534305.35277 0 502520.47611 851751.35256 556156.73206 1064768.9630399998 1085159.68297 621893.34015 603984.09101 1046846.8204000001 1066371.09992 1034517.4868399999 697339.50659 1066201.71774 579079.12732 1081530.13583 1060777.0230999999 1065686.6171499998 1108283.6637900001 792174.77182 1130191.82969 857272.7337 1023221.03022 601554.16174 559642.55859 1061075.72718 1059313.90277 1017802.74364 1058986.86745 1012246.2871999999 1065748.59351 702565.01741 677232.84622 1089212.04151 1143927.93495 1068509.6639800002 767345.67168 660001.4908 1110934.61988 1057136.83791 661987.68395 528228.87406 1040347.67742 888831.18372 962798.22306 1179823.80418 1020589.55395 609730.11716 1044875.10725 1062993.7419099999 1108774.6755 702784.58829 1160970.9135500002 951701.70389 599141.7841 1101251.223 1020560.19228 538682.61109 695306.18486 1100166.83585 1078655.23486 814910.80492 1045775.8726599999 1094658.00007 1127808.33316 1015331.75184 779834.49557 871039.36986 1102799.71808 780209.11981 982943.8847 971823.11849 1119298.71129 616651.82769 719418.34506 1115146.72168 1061702.86781 919879.9765 1031540.61008 726505.05414 1164791.27352 882117.28029 1198547.36014 591054.26032 1118776.84425 1056771.9165599998 1165011.6598999999 1065841.3989900001 1067807.8732 1093902.62097 
701144.67883 1109389.0590599999 816523.11602 891426.75939 1056890.14617 1107358.9771099999 1050567.60816 1013078.52312 627972.0531 846007.77961 502520.47611 0 509554.2776 1019480.50523 1055663.76823 824947.81883 694108.03825 1085621.0259 1086953.09013 1016180.0005399999 531997.01073 1040408.3099 1045642.00734 1045630.95034 1033437.9131 1100883.29283 849774.01646 925829.13473 1076415.4186800001 717518.11163 1118027.0187 1165641.0595 723184.06082 1062163.0347 736532.07193 1017055.03635 515282.26753 822731.86387 509725.81109 1011017.35583 1071357.46337 570825.739 1073534.11542 993794.55834 817332.71528 744229.83466 1066519.0588699998 1041917.9949999999 557362.01314 1047121.96733 670187.19849 1073582.93729 1057906.5343300002 1076630.19495 1068778.38713 518069.07784 897061.78336 1071118.07906 1101667.2848200002 753267.11978 1062778.75741 1065828.26199 1164366.82491 678722.29621 1065332.19557 649463.26425 578788.88082 1006749.15391 1169792.07162 1060210.02949 715942.70479 1057525.43551 1103695.81158 625287.85705 512811.27573 629521.95233 837032.17611 637123.64615 541920.08624 846296.89339 960979.88894 1065252.0336499999 746238.54678 1076456.98149 750922.78609 1021443.98217 822723.28032 587668.21562 525094.47239 1058984.60861 1020304.0373 720334.49548 975622.30087 1084225.18459 948594.13325 900609.88656 1041779.78367 1085555.66772 1114673.85204 
1041142.43347 1180298.45538 1213480.03881 743411.66538 706299.78641 1175767.73992 1057592.53508 1019571.39071 1105687.06733 763831.89917 851751.35256 509554.2776 0 509926.22763 1018538.45861 1049618.46935 746405.15431 679101.43831 972263.01865 1031431.00935 1041551.2883299999 1055821.38346 699957.39043 1108474.94901 1118070.04427 714486.44676 716153.543 705048.10406 704562.12949 1041519.1882 908266.37493 1031059.1987 889839.91321 1095432.31812 623759.69686 1017122.2600400001 573762.28596 664265.53601 766805.15517 1030008.46447 926721.76817 1080071.4403000001 818009.88647 939038.31057 968263.24809 1036471.1998700001 1043230.21043 532363.7174 1034851.82771 595928.0487 730023.21783 1113743.90939 1090688.64341 845886.551 1075803.3140500002 525094.00476 690053.6965 1086013.00061 782526.47575 1090179.6252899999 1056314.1149 556273.98439 895006.52643 726740.38978 1218193.0964600001 1094681.6954299998 744691.37268 1105696.43971 1009931.10206 1090731.19293 1095290.75153 852777.88138 1110720.7385 754208.42541 794311.61593 944454.02685 1061219.0901000001 1053524.67611 1051474.36384 696959.07511 1058492.58828 555697.75605 1078867.26524 674652.96188 1050638.30509 836835.26532 728873.13607 724522.62755 584080.05994 581163.14301 720856.42147 1137900.75507 617155.01704 710925.08114 712197.52039 1062780.22567 1133758.6893799999 1066597.73637 628374.24074 
1109935.91358 830076.00744 788935.50705 803029.55939 1153323.86246 832715.63568 749221.40438 950524.38897 1114437.07671 827053.97309 556156.73206 1019480.50523 509926.22763 0 508612.23098 694097.40719 1037569.76536 786738.36331 1134044.95447 1136659.6084699999 750802.49777 881077.55852 708685.90928 1121670.30013 619219.29162 849895.4582 1063523.35736 1043898.49411 748048.96007 755836.63708 1041268.27439 1040189.84353 802014.56919 1115799.2906499999 836636.60662 827067.95807 1083688.51359 631634.23145 620611.34926 730393.32875 673501.15961 1104756.20567 602047.82925 587771.20289 940522.3076 863244.14933 1103269.10267 1015725.77749 792110.82644 922760.17456 697786.98629 1095671.2498599999 583176.76986 1074805.42832 947503.85747 1035020.23239 631016.37274 1139819.9558 1107652.3677400001 703426.74592 1078247.48624 731366.85226 774769.65446 893086.86268 716002.33762 1139384.17035 957550.54103 905582.88717 1019061.7468900001 817281.50107 779707.98231 1106085.39659 1110533.32935 1146841.9598500002 891159.51304 1098631.89957 1070349.73493 1109382.11577 1140881.37274 1051922.73991 802944.63244 667300.03934 1120904.66722 630072.45554 831882.72947 798415.44303 647790.27825 1122740.94122 594694.66549 966308.13693 662512.81358 824479.52067 764741.70567 761711.97656 1170009.33805 1183087.96496 791939.73395 1107898.54144 852625.81576 
621349.15636 1114327.09074 1072319.32484 900325.7826 1177965.98459 1050086.77517 675397.5133 1138381.4053 1111561.0025 1005930.9619700001 1064768.9630399998 1055663.76823 1018538.45861 508612.23098 0 514752.98928 528957.53438 591666.29584 1093781.73197 628047.37749 868194.40826 747588.891 761040.60974 998787.02375 1055458.0108400001 832059.26077 1064894.41788 560819.87123 1050172.67914 1007831.9492500001 873305.60812 1066221.21355 1096967.3732099999 1093174.30827 1061923.62836 1049735.43674 1083359.64408 1028901.13662 858902.33556 820658.96562 1132738.98555 691698.95666 1110660.06023 905426.15726 905098.61869 609898.53623 851616.50726 1114976.16113 1106073.76641 1068726.07008 777951.80725 1080619.00411 913844.41113 1090898.46297 1170604.78373 1058290.97932 525816.44333 1034620.02639 887740.2183 599522.13348 1038977.06678 610725.51258 1029969.22588 940651.43014 1105197.25635 1062411.48066 587619.53959 1034788.20514 794043.03463 809688.14171 1084877.67979 682485.34742 1084674.79165 1104487.73438 1098859.81641 913058.26071 1095355.20504 807422.71472 1074908.50501 1043737.6188399999 1055148.51264 1106980.91612 644041.68525 1067261.9566199998 1049603.58656 1042163.7321899999 1041305.6200899999 1080386.71575 552340.44002 544845.22514 789852.8254 926468.54328 754858.97943 799730.26214 1077139.23731 876061.84496 1053609.4946599999 1109208.4701800002 972952.48205 
1102121.2063199999 1024978.02662 1100644.5363399999 976986.00011 1049716.06895 604764.81498 651717.91067 1043093.10787 1025159.1542 872593.09134 1085159.68297 824947.81883 1049618.46935 694097.40719 514752.98928 0 511917.92542 557713.38324 633290.55258 1063141.69374 554500.43674 1039122.4704799999 1050599.92936 1052986.49345 635067.29601 827027.95381 1038043.58644 939670.73796 1088657.12581 1113576.3234 1079008.02793 1051921.07878 879142.64367 1084248.02733 1092492.02043 1080026.3656700002 1090828.06538 811273.81701 1116877.15794 640201.60221 798429.61367 696332.95932 950756.42419 709068.88541 869030.2719 1102546.46678 1151479.23007 941533.61886 1063629.18057 594259.71421 556930.80891 738107.20867 587371.30729 1065679.58087 1063360.37426 1128548.0485999999 1016774.19317 1031850.93231 1091695.6767600002 1042550.03977 524224.0775 1024264.20801 1081555.68043 794510.54712 1168134.71992 1142975.63708 1064545.52832 1103133.33772 595519.39103 608354.52773 908623.12701 1060788.79403 1037342.05508 1082597.95823 1074191.5591799999 587770.41884 737662.09342 866838.71078 1195231.56158 993018.47793 1050105.28275 1057206.08086 1110678.32146 1049044.10578 1057648.4408999998 961862.42634 571471.867 1058496.9396000002 530450.66387 997752.32006 1068304.92228 570910.25558 1125732.46297 749275.28089 1107874.85625 885059.90134 1048170.673 1093216.2968600001 865664.86919 
886791.5318 629189.87641 987352.62215 1098507.77301 780897.21657 762803.10942 1061508.77181 993212.63054 991386.40981 1045298.74211 621893.34015 694108.03825 746405.15431 1037569.76536 528957.53438 511917.92542 0 502564.7682 1004680.20433 1104302.84348 782837.27463 922111.94014 941456.60802 611311.04453 1113762.05304 649975.13749 643257.09199 924749.32845 576739.20039 863015.82559 1132614.34012 1022244.97724 680808.4792 724242.92989 642871.61576 714361.94028 1160287.72961 990000.02612 983171.52293 976324.32498 1046138.9287 528023.83706 1030732.21348 945403.63899 1154596.54606 1083740.07322 1196048.12724 806041.28606 782270.12753 1074083.38826 1068848.73433 942575.88218 1048192.23703 1054954.9082 791963.19574 933177.59373 1054773.97771 1039945.70053 1074670.82257 1125927.60126 1036142.00292 1131754.81956 1073140.20252 1062459.81835 987491.54043 1112296.90407 1009396.91328 699261.69651 686425.40318 553084.06065 583039.57393 1056667.14448 793019.10235 726275.55299 763364.69659 1099688.3442600002 830192.87279 1053531.85047 807060.73444 514780.08446 725444.2886 1017879.38848 1140631.63738 1155798.4038200001 1022937.87815 1105552.74744 1083389.7924199998 1199911.08169 1042368.58929 1073802.7595199998 1160110.15673 1038819.1022699999 890823.47707 1037557.53334 839774.53967 602782.8944 536252.74758 581298.37144 561498.33373 
814257.8224 1033806.0974399999 1124028.89615 1010944.18555 1147269.83708 1008193.06002 1038884.1399300001 1080945.4261500002 1141464.06912 1043419.85546 603984.09101 1085621.0259 679101.43831 786738.36331 591666.29584 557713.38324 502564.7682 0 502115.43613 1009187.3142200001 794132.31022 1073745.29785 649979.53472 1113875.81273 1079225.58091 956798.50013 1000283.25553 1063687.94203 650350.98864 1045320.84274 1087465.78486 1046983.5839499999 546373.32581 556516.72319 1024002.19678 776515.71091 657722.96141 994855.95054 854516.79174 862813.61625 1063716.7249399999 1030588.6052600001 1012070.97432 986131.013 1036659.1979700001 1027728.66305 1070100.79861 1108527.04563 1025286.3718999999 1058057.53554 733752.79405 562192.66709 1048127.93768 1011565.32649 668598.66009 1111039.92742 1019427.85308 1012134.91484 1044412.26591 623362.83306 1081937.46074 1064651.66003 1031939.4649 559895.05015 1062004.48905 1039203.2968899999 506832.14508 1060087.63626 1097041.0004500002 965506.0049 1085604.34213 1122918.4241999998 677383.21564 612896.38627 706524.20517 726710.72988 620369.93932 1114460.2056200001 1098613.93604 1017344.85266 893906.28372 515314.62028 769804.89501 1054397.4045000002 736048.62741 1083713.41439 1069238.04249 1061998.51871 599772.75534 1096234.0592200002 1105163.62562 1120400.27275 592015.55643 672253.63823 662653.9989 1081150.25401 915053.4797 751356.32275 1064063.10193 
998191.73452 531690.66131 867004.80173 1150706.07167 1139954.18351 1103789.17003 1164553.80417 735933.17478 1076367.57457 1119206.17381 1046846.8204000001 1086953.09013 972263.01865 1134044.95447 1093781.73197 633290.55258 1004680.20433 502115.43613 0 507071.87809 1015713.13509 691348.2485 650901.90692 630211.47175 1132662.48026 1030258.6213199999 774888.20739 1072349.20737 552265.42773 1075926.93042 831380.93011 1119430.2121299999 640410.9941 1058632.15932 1194429.7797 1036666.40964 1080156.7661700002 806218.27379 883300.67267 908048.77142 573090.31043 923647.87779 1129783.09977 883114.65156 859421.93851 578564.56254 871504.02251 1044207.1336700001 666035.58292 1094318.05591 690623.95423 515008.79476 1027503.27476 1139446.32418 1033902.7155800001 700073.83737 995524.64218 902948.08126 762100.93941 744103.73554 1106236.44284 752167.72777 529824.02877 1043734.4951299999 1077994.42084 672985.36916 508164.20931 883857.50976 982656.23221 1121501.30362 1116345.48764 1123990.87597 1072844.84631 1115011.8224 928769.79072 876966.39759 537361.52702 833407.91403 1057849.68668 909538.02584 1163550.03686 1017430.05641 896571.91548 1044513.78199 525932.54598 1036994.76965 1163714.6636 958842.54316 1063497.25966 1087871.50692 1095417.41352 1106142.83376 1094130.99256 1069105.6968 746458.90463 1116923.23732 603576.47907 1120740.74802 1164673.54704 
988997.33728 1038762.5394 1083329.0259 734322.50822 1111842.43311 909217.44023 657481.92608 780316.06993 1065580.80749 873484.19304 1066371.09992 1016180.0005399999 1031431.00935 1136659.6084699999 628047.37749 1063141.69374 1104302.84348 1009187.3142200001 507071.87809 0 508641.257 603804.92411 527975.53577 571485.1376 761983.27335 1122413.1159700002 877158.8554 1068109.76701 642961.8062 1163705.5459500002 702557.40708 1049385.94104 1104464.51314 600270.02179 805891.28318 672487.50361 1157859.46056 825369.13807 704708.08971 1132968.3548599998 985604.63133 601047.26672 1061004.3439699998 883546.57104 1078481.46697 1069635.1640599999 754449.14734 941103.87961 1017770.00083 613197.81165 1065948.37945 1022080.67285 1140973.68294 809989.74085 1137976.1964 587266.88711 893055.2298 611493.47504 1142468.3927799999 1159706.33491 1132727.70151 1208950.6088100001 916927.03565 1149464.63286 762458.88876 1046725.1031 1015236.0874000001 1090847.54592 913308.83415 953218.02059 609273.60955 1131300.4596199999 594636.31959 830748.31119 982226.57266 982301.35849 1044433.40511 1057225.39828 550777.80859 1052808.89423 714099.85572 724418.65211 1100805.7304500001 1140451.64573 960551.56675 927717.92818 1128644.58326 1057705.5209 1049995.03087 607029.95678 918113.89582 1133560.50519 984826.20541 1195419.1452600001 799767.69604 1157111.84907 1031741.0388099999 616897.16251 768481.07343 
593548.7662 1101154.55419 1032758.59143 1021667.7340599999 1119988.65528 1141920.79382 1111689.871 1075429.91717 1052984.31177 1070893.10714 1034517.4868399999 531997.01073 1041551.2883299999 750802.49777 868194.40826 554500.43674 782837.27463 794132.31022 1015713.13509 508641.257 0 508411.29917 519356.44396 929291.20706 511277.40492 975802.61695 1046955.80348 734084.66592 1031452.30227 1057443.30443 1096737.8702099998 678170.1569 650117.32451 1045690.19191 1026625.0654500001 525525.92893 862489.74676 1076797.24003 1041722.82182 1095912.95127 822307.88876 1018060.09797 1116239.6512 685489.08794 569840.20997 1075860.29841 1173504.2661199998 1011616.85414 509128.74383 1022817.45785 767087.85211 1062430.0943800001 1031794.49927 552015.43112 1052268.34845 1046929.3734599999 1040918.97243 1065247.1529299999 633827.13578 1121358.76343 624086.44451 1073073.4648 1068314.2232000001 1130933.53428 940241.67587 660257.05589 664211.48567 1100076.33295 1036658.94637 864074.69032 1063746.80682 1123755.0268899999 1103277.57659 808112.35907 585134.52093 616492.01268 1117077.61656 1169120.6568800001 953259.39005 733878.77398 1095779.52199 1031707.1279499999 1130950.2414199999 631810.38873 1091192.89657 1073107.25513 1125972.30374 763546.934 857330.86754 588223.49574 1038187.9704700001 624919.24819 1122058.22096 1122944.07618 1111431.05735 844135.3953 1127485.60288 906697.24129 1026979.2218599999 
531398.39087 1039004.17886 543438.12009 801546.00625 1051358.40744 1106613.74138 1035752.61999 1048430.6398100001 1087543.20702 714424.51302 697339.50659 1040408.3099 1055821.38346 881077.55852 747588.891 1039122.4704799999 922111.94014 1073745.29785 691348.2485 603804.92411 508411.29917 0 531562.15226 580168.73101 670317.8846 856725.70786 1145149.1206399999 1055811.52346 609141.74815 570647.25326 962487.97065 1061562.45105 683117.95044 799834.03062 861067.05239 644331.81441 1113968.93276 1020531.61693 764825.8595 997986.35689 1042788.22006 717120.40855 805794.64315 1089724.0659400001 1078251.50914 1076820.0404500002 873132.50563 1142682.66863 938059.92045 1086296.33088 1050750.0523700002 1036906.75541 1028733.13066 870791.80158 1080654.0182400001 1059135.08176 835126.46552 1081035.75312 1142238.4349500001 853810.02662 1028279.51886 1033270.6939399999 843284.68843 1037461.95148 679150.16703 1161837.17714 841643.10135 735951.84601 974374.1823 533484.90432 555335.50765 1085591.29679 1083253.56335 1053581.14171 928793.17917 1085578.28389 1071878.7805 836382.12803 1094293.02394 831299.30215 1067215.52843 1053749.17717 1109489.32386 874890.79289 1028808.7323400001 1023331.16532 709399.89851 1124677.56354 596631.28781 911799.82671 1065236.85494 1063935.6261200001 777666.06321 885001.09143 1047866.60178 629884.22765 668647.5743 878810.04571 1033894.0948000001 
896842.48196 1093641.4507499998 769058.36888 1109314.40937 860398.08425 1120440.0521900002 731719.38985 752708.53157 1142511.8336 637054.55561 1066201.71774 1045642.00734 699957.39043 708685.90928 761040.60974 1050599.92936 941456.60802 649979.53472 650901.90692 527975.53577 519356.44396 531562.15226 0 511982.06198 871159.77067 1134429.46819 646711.94315 540134.23124 747790.8319 1102209.40552 819919.1567 1106574.81584 1024374.83016 805711.16284 956020.44716 927682.75337 1022270.8985 1056425.75021 804407.00413 1066634.67279 1080861.31503 730807.8266 1086961.3727199999 1068447.36368 696411.12397 914574.47958 1105304.90791 953083.80409 949133.81923 769049.48792 537972.84368 1050091.6470400002 715127.87286 965675.10282 662024.30849 527572.9295 1051262.68303 1139469.01081 834299.22849 1010199.90894 995144.21426 1123907.6770199998 1057010.25281 1199954.99979 1093265.70701 769433.73931 1090795.71713 1070048.8503 517302.50241 1030797.69841 1086897.65991 1055519.84228 1094953.7903 613840.0434 1104490.96489 674126.24176 1177277.51746 1049970.92788 796208.97817 1085277.2576199998 1074810.04789 1075779.55678 940019.69975 660670.81958 785319.86915 1109707.5104399999 700900.53868 743256.70839 1128193.44007 1044042.34282 601656.61851 1074971.78417 1156365.14446 1064256.4405 722233.32328 1102176.20994 849154.90445 1096468.4610000001 800903.3541 
900835.01757 641178.55048 1068324.21149 1084237.38499 1163909.16213 1198973.00571 921033.03318 1079873.16314 972605.4748 689314.87705 579079.12732 1045630.95034 1108474.94901 1121670.30013 998787.02375 1052986.49345 611311.04453 1113875.81273 630211.47175 571485.1376 929291.20706 580168.73101 511982.06198 0 502451.00851 803460.64112 763848.36432 1052116.2932199999 831585.66362 664772.23226 932149.31359 778280.55587 1107776.73744 792135.81809 850544.71408 1007637.6581900001 1152769.4377899999 648781.81812 1072246.8228200001 707594.9196 774484.01525 1096101.5506099998 729618.69003 694420.85692 929078.27341 964143.87782 1167984.3778900001 1157207.9054999999 1281213.0914500002 992893.23079 1001196.2202900001 873856.71733 945033.62532 1019209.8678 1016890.66119 1039554.99148 1032092.57602 1165757.84351 864593.88692 1110347.4632299999 646121.60806 1064247.06839 610638.83977 1083393.08393 581283.64503 1133667.28693 866678.00663 1050046.1605699998 1029284.56439 920156.82465 731387.65303 1043270.9613900001 1038374.6959599999 856908.98308 1023077.64588 1016012.75428 668376.09827 671228.84723 1122262.94619 1083420.13773 1146959.21055 1066361.96914 529320.59285 1040006.3409899999 737432.4323 883280.3528 952322.18089 1154374.23653 1137666.81382 1156459.98427 995235.48295 1055563.0525800001 754696.60079 1163714.17895 1182915.43324 1146772.78448 833133.23226 631739.51531 534462.07529 
829390.8075 894857.58266 1082117.16189 581786.37648 661458.15362 971949.35207 1149579.51094 850559.38773 897521.3561 744107.08177 1081530.13583 1033437.9131 1118070.04427 619219.29162 1055458.0108400001 635067.29601 1113762.05304 1079225.58091 1132662.48026 761983.27335 511277.40492 670317.8846 871159.77067 502451.00851 0 512055.80284 610974.60756 817441.74151 1091315.7258600001 1084238.04154 1042862.30373 1049680.85294 1121212.81169 1088703.32158 949420.15667 781043.3593 719058.67841 1062082.78431 569795.81431 848767.67251 1088579.7768599999 1047365.1494499999 1067091.17159 787252.80705 633806.90287 1065641.0513499998 1126589.0620900001 1092721.2746299999 815679.91658 1072551.19426 1153091.82223 931132.1988 744601.58942 1063292.83604 855431.88985 1061587.24394 529641.56751 768025.11182 1086149.7438599998 800378.16651 1061836.19039 561796.05988 1049661.77895 860999.3897 616625.12683 639904.9198 644879.92726 1038613.32932 593622.32329 1068025.39113 1120793.35697 855195.65523 1123836.45373 1025720.85974 520626.63737 513561.74577 922299.64414 906813.34637 1098071.35586 1035599.5219399999 1053716.7115500001 563910.96063 649862.43906 537555.33248 1056136.56849 1054319.67206 849709.06534 873093.24452 1115274.73313 782556.87712 1119566.26533 1081057.46548 751743.69173 1096077.87559 927541.38808 1090570.8418999999 914038.16792 815484.28808 842190.11329 
1083962.28412 1066491.02959 1147156.02115 1093842.17932 804051.64173 778163.92235 1191339.99829 1155025.75886 1117465.21662 649883.50755 1060777.0230999999 1100883.29283 714486.44676 849895.4582 832059.26077 827027.95381 649975.13749 956798.50013 1030258.6213199999 1122413.1159700002 975802.61695 856725.70786 1134429.46819 803460.64112 512055.80284 0 505248.3533 782595.90558 1071850.91135 731723.2104 530806.50089 1050353.79395 1046205.9582700001 1057065.08234 613133.30211 639923.35865 1054014.60114 550026.98147 657460.12163 1059287.60157 1114963.9637199999 946003.61586 718604.59532 1151653.31508 625882.71094 1042990.92998 1093824.50985 1091266.9814300002 588778.87112 1030965.69263 1074917.28546 1063869.92572 1063638.39675 613293.6179 1113546.53523 1078879.80218 740415.91271 1095024.37066 1107851.09782 611319.2138 761644.30898 1073851.86272 625099.60202 1139010.06838 1091924.62354 553468.83492 522094.41201 1074770.81102 672191.7694 965187.51393 700582.93016 987818.00327 815084.59587 535081.29149 1032682.44021 561783.94264 1147461.7294100001 847480.38766 1054288.3800300001 1054671.22823 547994.48951 1075966.7634700001 1125894.50733 591314.60994 689577.65174 620831.79099 1090936.13449 1085253.88402 1087228.58585 1062938.4097 631666.30918 723091.74242 1173281.8108 628010.18934 1127681.67751 1144330.11936 870136.63773 1069920.69451 686646.0503 
674831.5079 561242.67629 1082506.51767 820208.61329 831766.76562 741039.46042 966313.94395 992754.21562 1034268.44838 1140249.78269 1065686.6171499998 849774.01646 716153.543 1063523.35736 1064894.41788 1038043.58644 643257.09199 1000283.25553 774888.20739 877158.8554 1046955.80348 1145149.1206399999 646711.94315 763848.36432 610974.60756 505248.3533 0 504074.54665 566602.55805 1090264.06074 1036054.8541900001 1041567.86311 540957.60497 551816.72904 1053249.89763 1071980.99202 1051153.2414 1055275.33477 1137303.58981 954710.23394 758475.45922 1070385.10999 636286.4944 797904.34648 598722.85389 1104742.94233 663902.66294 1041074.5772200001 630638.16004 601031.26054 1026457.07202 558621.57242 760571.49546 1011768.29264 887723.83302 1052793.52724 801445.81743 589776.01736 699141.72506 1054085.23987 623077.52843 1100374.35678 1039996.52859 1142596.21453 1081081.4949400001 1038150.0786600001 1027342.7653099999 1086910.5907800002 531106.07694 847371.46499 1039165.86256 508910.07342 512861.84617 1017855.11194 1131601.24493 645080.09084 709797.61608 617549.558 549040.02673 941474.8678 992430.27821 1102038.24705 770731.82039 578621.48757 522799.98953 1033862.2132 585687.78119 823409.69914 745746.44418 1146256.1698699999 776397.6146 1088775.3587000002 1038296.70312 1031283.24837 653244.19068 825571.88436 685792.97663 1044861.40576 967419.67119 
524413.13259 553507.21951 608961.14471 627836.51937 646243.37894 751824.57035 1127199.9211 988866.30416 1044185.92648 646372.2547 1108283.6637900001 925829.13473 705048.10406 1043898.49411 560819.87123 939670.73796 924749.32845 1063687.94203 1072349.20737 1068109.76701 734084.66592 1055811.52346 540134.23124 1052116.2932199999 817441.74151 782595.90558 504074.54665 0 520083.77964 759974.09122 802575.87369 599776.76987 1045032.1516199999 853504.03685 1105152.3193 609603.44885 1039479.5681 1063623.07 845681.75896 594917.24907 1029795.91776 924859.42001 903969.27177 528313.13244 647354.14092 1022729.2389799999 603196.01162 730308.24803 1057469.70921 543780.99519 1077643.00182 1062696.11907 749499.97892 1107264.67609 1027327.73612 594701.39078 945468.72322 1078086.51254 1138267.16633 1089849.25307 950328.52595 765855.85776 1134585.35035 1055701.84109 1128262.63749 642573.4833 1086281.0047 620041.19956 553766.13277 1067261.32877 919552.60913 776606.58836 719420.63315 1153974.27464 1130021.87109 636030.81876 1072167.98597 1086434.5582400002 1053114.57338 1073735.92173 779134.12057 657244.3157 1202213.90822 747217.10169 618849.10462 924053.06737 1056296.12166 1084099.2088600001 938626.43362 1105665.09637 1092221.7047899999 1074582.45513 1192540.4383299998 599982.96422 1042295.42374 1131083.87634 572016.10044 1138612.85745 714521.32799 
