25
childish ballot crew think tin minimize pastel concern hide company community linear scrap exotic basketball battery creation perception skip belief deck adult farewell maze steward
0 507384.37746 1061907.45059 843360.61947 1198185.9375200002 654819.15351 643589.67994 674121.75783 1098014.6101600002 741238.12162 572728.82889 855495.27593 730372.84241 1094798.68121 1212237.84228 1091425.83243 859000.45396 1183684.4735400002 1020775.87424 519828.42135 699634.8916 924958.94174 695798.45164 1133142.66008 531624.64654 
507384.37746 0 554523.07313 1126018.9653699999 788651.06899 1162203.53097 1150974.0573999998 696025.45186 590630.2327 797704.40039 957856.69143 1195250.05901 847813.3563 1177979.69929 1144069.40178 584041.45497 1112598.65399 676300.09608 1293500.75286 1027212.7988100001 1113205.36179 1185725.42973 1123165.23945 1250045.5337399999 614805.66462 
1061907.45059 554523.07313 0 571495.89224 994456.32623 769953.81297 1153575.4437799999 1121400.40894 603491.42761 1112750.28369 1223972.9681600002 671067.58331 855688.21989 694390.52921 947344.87449 1138564.5281 617089.55869 1167088.22755 1188750.17705 1250407.35212 980515.44874 943926.65541 990971.37652 695522.46061 1169328.73775 
843360.61947 1126018.9653699999 571495.89224 0 502529.038 1057327.62406 1159171.25763 818258.24115 841065.68925 830840.44171 779305.44635 1066274.78073 1259378.61228 1093842.56759 786237.59102 975695.11937 1172973.858 903862.96532 871127.03052 961701.10429 544544.21604 755786.45017 1060439.4136700002 1160397.7297399999 798377.09353 
1198185.9375200002 788651.06899 994456.32623 502529.038 0 554798.58606 911478.84646 1173646.07688 930884.72754 1105497.42012 1116651.12758 563745.74273 858516.00182 685257.24769 1191551.95423 631524.00742 1108326.28158 571391.83889 613879.44798 1113633.53479 1047073.25404 1117377.11623 1204880.1243699999 1057184.4078 1126819.6268099998 
654819.15351 1162203.53097 769953.81297 1057327.62406 554798.58606 0 555323.78975 918473.68364 1279485.23351 1255759.1357399998 782771.70121 818321.19539 701904.73663 1161175.78224 641015.88437 996094.0244 748857.97746 1126190.42495 986143.02558 965384.082 918969.19276 1246013.37799 1192809.42777 502385.82174 625528.53545 
643589.67994 1150974.0573999998 1153575.4437799999 1159171.25763 911478.84646 555323.78975 0 532934.49441 1050843.4757400001 700435.34599 541977.31813 1094882.70298 704549.6631 807810.28036 606828.92216 1127982.9073 973612.55501 1090251.4249800001 713022.75056 1117644.3253 959505.98866 985887.41028 1169601.4402 731110.88618 1175214.3264799998 
674121.75783 696025.45186 1121400.40894 818258.24115 1173646.07688 918473.68364 532934.49441 0 517908.98133 1027167.8374099999 1074911.81254 1147828.80161 713560.29629 882754.24303 1139763.41657 679119.67778 631473.21132 881518.41266 1203133.82968 1126232.15342 921614.99395 1196647.87996 1050443.98808 1264045.3805900002 885882.06621 
1098014.6101600002 590630.2327 603491.42761 841065.68925 930884.72754 1279485.23351 1050843.4757400001 517908.98133 0 509258.85608 1031401.03792 1058183.8215100002 1223415.72839 881635.27256 1146071.32015 1174671.68767 821316.98354 1043364.43731 1249904.21876 1036587.1733200001 1036127.6553 858873.64027 532535.00675 1299013.88822 653956.69806 
741238.12162 797704.40039 1112750.28369 830840.44171 1105497.42012 1255759.1357399998 700435.34599 1027167.8374099999 509258.85608 0 522142.18184 1075047.56669 714156.87231 748217.12057 636812.46407 915179.64149 1084104.25009 534105.58123 1047631.3934000001 1043199.8051 526868.79922 987113.79326 1041793.86283 1229686.36617 672795.33895 
572728.82889 957856.69143 1223972.9681600002 779305.44635 1116651.12758 782771.70121 541977.31813 1074911.81254 1031401.03792 522142.18184 0 552905.38485 1073278.78766 971039.95372 953668.4007 788417.00873 947964.58676 1056247.7630699999 985584.65629 834005.71502 1049010.9810600001 777356.03667 1268527.28053 935374.75796 1104353.47543 
855495.27593 1195250.05901 671067.58331 1066274.78073 563745.74273 818321.19539 1094882.70298 1147828.80161 1058183.8215100002 1075047.56669 552905.38485 0 520373.40281 1120515.92807 807898.11887 951193.16551 1179946.03452 772663.30209 608285.41616 720953.95842 571217.57652 1111783.0844100001 977692.49704 762488.29078 1284565.5680200001 
730372.84241 847813.3563 855688.21989 1259378.61228 858516.00182 701904.73663 704549.6631 713560.29629 1223415.72839 714156.87231 1073278.78766 520373.40281 0 661062.61136 869987.17929 1105430.01603 1030433.0614100001 1215366.15824 994762.82864 791989.84394 785330.73737 1100301.82154 1213076.23941 705771.56145 1224236.64603 
1094798.68121 1177979.69929 694390.52921 1093842.56759 685257.24769 1161175.78224 807810.28036 882754.24303 881635.27256 748217.12057 971039.95372 1120515.92807 661062.61136 0 520159.89787 1080187.84468 1102428.4760500002 1233429.17737 1070060.94573 1065629.35743 549298.35155 580245.77904 797649.82933 923205.60069 563174.03467 
1212237.84228 1144069.40178 947344.87449 786237.59102 1191551.95423 641015.88437 606828.92216 1139763.41657 1146071.32015 636812.46407 953668.4007 807898.11887 869987.17929 520159.89787 0 560027.94681 1088585.1458299998 713269.2795 1027864.07449 1211183.45534 694852.44946 1100405.67691 1317809.7272 1143401.70611 1083333.93254 
1091425.83243 584041.45497 1138564.5281 975695.11937 631524.00742 996094.0244 1127982.9073 679119.67778 1174671.68767 915179.64149 788417.00873 951193.16551 1105430.01603 1080187.84468 560027.94681 0 528557.19902 1078555.8678799998 717082.1568 1218029.60969 716684.36482 1191101.23841 1240334.98142 1086688.0779 963418.33148 
859000.45396 1112598.65399 617089.55869 1172973.858 1108326.28158 748857.97746 973612.55501 631473.21132 821316.98354 1084104.25009 947964.58676 1179946.03452 1030433.0614100001 1102428.4760500002 1088585.1458299998 528557.19902 0 549998.66886 571660.61836 973942.38129 783530.48822 1075158.2866099998 711777.7824 1082705.44414 1175094.39298 
1183684.4735400002 676300.09608 1167088.22755 903862.96532 571391.83889 1126190.42495 1090251.4249800001 881518.41266 1043364.43731 534105.58123 1056247.7630699999 772663.30209 1215366.15824 1233429.17737 713269.2795 1078555.8678799998 549998.66886 0 617200.65678 897549.83192 875502.168 1120698.32503 681567.56248 950950.38943 1206900.92018 
1020775.87424 1293500.75286 1188750.17705 871127.03052 613879.44798 986143.02558 713022.75056 1203133.82968 1249904.21876 1047631.3934000001 985584.65629 608285.41616 994762.82864 1070060.94573 1027864.07449 717082.1568 571660.61836 617200.65678 0 500947.45289 520762.59418 503497.66825 1003957.39175 1114261.69162 1123982.51079 
519828.42135 1027212.7988100001 1250407.35212 961701.10429 1113633.53479 965384.082 1117644.3253 1126232.15342 1036587.1733200001 1043199.8051 834005.71502 720953.95842 791989.84394 1065629.35743 1211183.45534 1218029.60969 973942.38129 897549.83192 500947.45289 0 516331.00588 889725.75721 635943.85009 613314.23873 1051453.06789 
699634.8916 1113205.36179 980515.44874 544544.21604 1047073.25404 918969.19276 959505.98866 921614.99395 1036127.6553 526868.79922 1049010.9810600001 571217.57652 785330.73737 549298.35155 694852.44946 716684.36482 783530.48822 875502.168 520762.59418 516331.00588 0 690470.81183 1152274.85597 702817.56695 713347.9915 
924958.94174 1185725.42973 943926.65541 755786.45017 1117377.11623 1246013.37799 985887.41028 1196647.87996 858873.64027 987113.79326 777356.03667 1111783.0844100001 1100301.82154 580245.77904 1100405.67691 1191101.23841 1075158.2866099998 1120698.32503 503497.66825 889725.75721 690470.81183 0 500459.7235 992497.85319 620484.84254 
695798.45164 1123165.23945 990971.37652 1060439.4136700002 1204880.1243699999 1192809.42777 1169601.4402 1050443.98808 532535.00675 1041793.86283 1268527.28053 977692.49704 1213076.23941 797649.82933 1317809.7272 1240334.98142 711777.7824 681567.56248 1003957.39175 635943.85009 1152274.85597 500459.7235 0 911064.07871 902414.88628 
1133142.66008 1250045.5337399999 695522.46061 1160397.7297399999 1057184.4078 502385.82174 731110.88618 1264045.3805900002 1299013.88822 1229686.36617 935374.75796 762488.29078 705771.56145 923205.60069 1143401.70611 1086688.0779 1082705.44414 950950.38943 1114261.69162 613314.23873 702817.56695 992497.85319 911064.07871 0 917605.18962 
531624.64654 614805.66462 1169328.73775 798377.09353 1126819.6268099998 625528.53545 1175214.3264799998 885882.06621 653956.69806 672795.33895 1104353.47543 1284565.5680200001 1224236.64603 563174.03467 1083333.93254 963418.33148 1175094.39298 1206900.92018 1123982.51079 1051453.06789 713347.9915 620484.84254 902414.88628 917605.18962 0 
