38
location88 location62 location23 location16 location74 location47 location6 location34 location24 location56 location13 location37 location0 location43 location70 location86 location69 location89 location3 location81 location97 location49 location57 location83 location53 location44 location39 location11 location60 location50 location76 location98 location15 location79 location99 location28 location94 location4
0 24.0 53.0 64.0 73.0 138.0 188.0 215.0 227.0 241.0 259.0 287.0 302.0 304.0 307.0 355.0 374.0 48.0 55.0 69.0 93.0 128.0 162.0 168.0 175.0 191.0 219.0 262.0 281.0 282.0 297.0 300.0 339.0 391.0 470.0 476.0 540.0 12.0 
24.0 0 29.0 40.0 49.0 114.0 164.0 191.0 203.0 217.0 235.0 263.0 278.0 280.0 283.0 331.0 350.0 72.0 79.0 93.0 117.0 152.0 186.0 192.0 199.0 215.0 243.0 286.0 305.0 306.0 321.0 324.0 363.0 415.0 494.0 500.0 564.0 36.0 
53.0 29.0 0 11.0 20.0 85.0 135.0 162.0 174.0 188.0 206.0 234.0 249.0 251.0 254.0 302.0 321.0 101.0 108.0 122.0 146.0 181.0 215.0 221.0 228.0 244.0 272.0 315.0 334.0 335.0 350.0 353.0 392.0 444.0 523.0 529.0 593.0 65.0 
64.0 40.0 11.0 0 9.0 74.0 124.0 151.0 163.0 177.0 195.0 223.0 238.0 240.0 243.0 291.0 310.0 112.0 119.0 133.0 157.0 192.0 226.0 232.0 239.0 255.0 283.0 326.0 345.0 346.0 361.0 364.0 403.0 455.0 534.0 540.0 604.0 76.0 
73.0 49.0 20.0 9.0 0 65.0 115.0 142.0 154.0 168.0 186.0 214.0 229.0 231.0 234.0 282.0 301.0 121.0 128.0 142.0 166.0 201.0 235.0 241.0 248.0 264.0 292.0 335.0 354.0 355.0 370.0 373.0 412.0 464.0 543.0 549.0 613.0 85.0 
138.0 114.0 85.0 74.0 65.0 0 50.0 77.0 89.0 103.0 121.0 149.0 164.0 166.0 169.0 217.0 236.0 186.0 193.0 207.0 231.0 266.0 300.0 306.0 313.0 329.0 357.0 400.0 419.0 420.0 435.0 438.0 477.0 529.0 608.0 614.0 678.0 150.0 
188.0 164.0 135.0 124.0 115.0 50.0 0 27.0 39.0 53.0 71.0 99.0 114.0 116.0 119.0 167.0 186.0 236.0 243.0 257.0 281.0 316.0 350.0 356.0 363.0 379.0 407.0 450.0 469.0 470.0 485.0 488.0 527.0 579.0 658.0 664.0 728.0 200.0 
215.0 191.0 162.0 151.0 142.0 77.0 27.0 0 12.0 26.0 44.0 72.0 87.0 89.0 92.0 140.0 159.0 263.0 270.0 284.0 308.0 343.0 377.0 383.0 390.0 406.0 434.0 477.0 496.0 497.0 512.0 515.0 554.0 606.0 685.0 691.0 755.0 227.0 
227.0 203.0 174.0 163.0 154.0 89.0 39.0 12.0 0 14.0 32.0 60.0 75.0 77.0 80.0 128.0 147.0 275.0 282.0 296.0 320.0 355.0 389.0 395.0 402.0 418.0 446.0 489.0 508.0 509.0 524.0 527.0 566.0 618.0 697.0 703.0 767.0 239.0 
241.0 217.0 188.0 177.0 168.0 103.0 53.0 26.0 14.0 0 18.0 46.0 61.0 63.0 66.0 114.0 133.0 289.0 296.0 310.0 334.0 369.0 403.0 409.0 416.0 432.0 460.0 503.0 522.0 523.0 538.0 541.0 580.0 632.0 711.0 717.0 781.0 253.0 
259.0 235.0 206.0 195.0 186.0 121.0 71.0 44.0 32.0 18.0 0 28.0 43.0 45.0 48.0 96.0 115.0 307.0 314.0 328.0 352.0 387.0 421.0 427.0 434.0 450.0 478.0 521.0 540.0 541.0 556.0 559.0 598.0 650.0 729.0 735.0 799.0 271.0 
287.0 263.0 234.0 223.0 214.0 149.0 99.0 72.0 60.0 46.0 28.0 0 15.0 17.0 20.0 68.0 87.0 335.0 342.0 356.0 380.0 415.0 449.0 455.0 462.0 478.0 506.0 549.0 568.0 569.0 584.0 587.0 626.0 678.0 757.0 763.0 827.0 299.0 
302.0 278.0 249.0 238.0 229.0 164.0 114.0 87.0 75.0 61.0 43.0 15.0 0 2.0 5.0 53.0 72.0 350.0 357.0 371.0 395.0 430.0 464.0 470.0 477.0 493.0 521.0 564.0 583.0 584.0 599.0 602.0 641.0 693.0 772.0 778.0 842.0 314.0 
304.0 280.0 251.0 240.0 231.0 166.0 116.0 89.0 77.0 63.0 45.0 17.0 2.0 0 3.0 51.0 70.0 352.0 359.0 373.0 397.0 432.0 466.0 472.0 479.0 495.0 523.0 566.0 585.0 586.0 601.0 604.0 643.0 695.0 774.0 780.0 844.0 316.0 
307.0 283.0 254.0 243.0 234.0 169.0 119.0 92.0 80.0 66.0 48.0 20.0 5.0 3.0 0 48.0 67.0 355.0 362.0 376.0 400.0 435.0 469.0 475.0 482.0 498.0 526.0 569.0 588.0 589.0 604.0 607.0 646.0 698.0 777.0 783.0 847.0 319.0 
355.0 331.0 302.0 291.0 282.0 217.0 167.0 140.0 128.0 114.0 96.0 68.0 53.0 51.0 48.0 0 19.0 403.0 410.0 424.0 448.0 483.0 517.0 523.0 530.0 546.0 574.0 617.0 636.0 637.0 652.0 655.0 694.0 746.0 825.0 831.0 895.0 367.0 
374.0 350.0 321.0 310.0 301.0 236.0 186.0 159.0 147.0 133.0 115.0 87.0 72.0 70.0 67.0 19.0 0 422.0 429.0 443.0 467.0 502.0 536.0 542.0 549.0 565.0 593.0 636.0 655.0 656.0 671.0 674.0 713.0 765.0 844.0 850.0 914.0 386.0 
48.0 72.0 101.0 112.0 121.0 186.0 236.0 263.0 275.0 289.0 307.0 335.0 350.0 352.0 355.0 403.0 422.0 0 7.0 21.0 45.0 80.0 114.0 120.0 127.0 143.0 171.0 214.0 233.0 234.0 249.0 252.0 291.0 343.0 422.0 428.0 492.0 36.0 
55.0 79.0 108.0 119.0 128.0 193.0 243.0 270.0 282.0 296.0 314.0 342.0 357.0 359.0 362.0 410.0 429.0 7.0 0 14.0 38.0 73.0 107.0 113.0 120.0 136.0 164.0 207.0 226.0 227.0 242.0 245.0 284.0 336.0 415.0 421.0 485.0 43.0 
69.0 93.0 122.0 133.0 142.0 207.0 257.0 284.0 296.0 310.0 328.0 356.0 371.0 373.0 376.0 424.0 443.0 21.0 14.0 0 24.0 59.0 93.0 99.0 106.0 122.0 150.0 193.0 212.0 213.0 228.0 231.0 270.0 322.0 401.0 407.0 471.0 57.0 
93.0 117.0 146.0 157.0 166.0 231.0 281.0 308.0 320.0 334.0 352.0 380.0 395.0 397.0 400.0 448.0 467.0 45.0 38.0 24.0 0 35.0 69.0 75.0 82.0 98.0 126.0 169.0 188.0 189.0 204.0 207.0 246.0 298.0 377.0 383.0 447.0 81.0 
128.0 152.0 181.0 192.0 201.0 266.0 316.0 343.0 355.0 369.0 387.0 415.0 430.0 432.0 435.0 483.0 502.0 80.0 73.0 59.0 35.0 0 34.0 40.0 47.0 63.0 91.0 134.0 153.0 154.0 169.0 172.0 211.0 263.0 342.0 348.0 412.0 116.0 
162.0 186.0 215.0 226.0 235.0 300.0 350.0 377.0 389.0 403.0 421.0 449.0 464.0 466.0 469.0 517.0 536.0 114.0 107.0 93.0 69.0 34.0 0 6.0 13.0 29.0 57.0 100.0 119.0 120.0 135.0 138.0 177.0 229.0 308.0 314.0 378.0 150.0 
168.0 192.0 221.0 232.0 241.0 306.0 356.0 383.0 395.0 409.0 427.0 455.0 470.0 472.0 475.0 523.0 542.0 120.0 113.0 99.0 75.0 40.0 6.0 0 7.0 23.0 51.0 94.0 113.0 114.0 129.0 132.0 171.0 223.0 302.0 308.0 372.0 156.0 
175.0 199.0 228.0 239.0 248.0 313.0 363.0 390.0 402.0 416.0 434.0 462.0 477.0 479.0 482.0 530.0 549.0 127.0 120.0 106.0 82.0 47.0 13.0 7.0 0 16.0 44.0 87.0 106.0 107.0 122.0 125.0 164.0 216.0 295.0 301.0 365.0 163.0 
191.0 215.0 244.0 255.0 264.0 329.0 379.0 406.0 418.0 432.0 450.0 478.0 493.0 495.0 498.0 546.0 565.0 143.0 136.0 122.0 98.0 63.0 29.0 23.0 16.0 0 28.0 71.0 90.0 91.0 106.0 109.0 148.0 200.0 279.0 285.0 349.0 179.0 
219.0 243.0 272.0 283.0 292.0 357.0 407.0 434.0 446.0 460.0 478.0 506.0 521.0 523.0 526.0 574.0 593.0 171.0 164.0 150.0 126.0 91.0 57.0 51.0 44.0 28.0 0 43.0 62.0 63.0 78.0 81.0 120.0 172.0 251.0 257.0 321.0 207.0 
262.0 286.0 315.0 326.0 335.0 400.0 450.0 477.0 489.0 503.0 521.0 549.0 564.0 566.0 569.0 617.0 636.0 214.0 207.0 193.0 169.0 134.0 100.0 94.0 87.0 71.0 43.0 0 19.0 20.0 35.0 38.0 77.0 129.0 208.0 214.0 278.0 250.0 
281.0 305.0 334.0 345.0 354.0 419.0 469.0 496.0 508.0 522.0 540.0 568.0 583.0 585.0 588.0 636.0 655.0 233.0 226.0 212.0 188.0 153.0 119.0 113.0 106.0 90.0 62.0 19.0 0 1.0 16.0 19.0 58.0 110.0 189.0 195.0 259.0 269.0 
282.0 306.0 335.0 346.0 355.0 420.0 470.0 497.0 509.0 523.0 541.0 569.0 584.0 586.0 589.0 637.0 656.0 234.0 227.0 213.0 189.0 154.0 120.0 114.0 107.0 91.0 63.0 20.0 1.0 0 15.0 18.0 57.0 109.0 188.0 194.0 258.0 270.0 
297.0 321.0 350.0 361.0 370.0 435.0 485.0 512.0 524.0 538.0 556.0 584.0 599.0 601.0 604.0 652.0 671.0 249.0 242.0 228.0 204.0 169.0 135.0 129.0 122.0 106.0 78.0 35.0 16.0 15.0 0 3.0 42.0 94.0 173.0 179.0 243.0 285.0 
300.0 324.0 353.0 364.0 373.0 438.0 488.0 515.0 527.0 541.0 559.0 587.0 602.0 604.0 607.0 655.0 674.0 252.0 245.0 231.0 207.0 172.0 138.0 132.0 125.0 109.0 81.0 38.0 19.0 18.0 3.0 0 39.0 91.0 170.0 176.0 240.0 288.0 
339.0 363.0 392.0 403.0 412.0 477.0 527.0 554.0 566.0 580.0 598.0 626.0 641.0 643.0 646.0 694.0 713.0 291.0 284.0 270.0 246.0 211.0 177.0 171.0 164.0 148.0 120.0 77.0 58.0 57.0 42.0 39.0 0 52.0 131.0 137.0 201.0 327.0 
391.0 415.0 444.0 455.0 464.0 529.0 579.0 606.0 618.0 632.0 650.0 678.0 693.0 695.0 698.0 746.0 765.0 343.0 336.0 322.0 298.0 263.0 229.0 223.0 216.0 200.0 172.0 129.0 110.0 109.0 94.0 91.0 52.0 0 79.0 85.0 149.0 379.0 
470.0 494.0 523.0 534.0 543.0 608.0 658.0 685.0 697.0 711.0 729.0 757.0 772.0 774.0 777.0 825.0 844.0 422.0 415.0 401.0 377.0 342.0 308.0 302.0 295.0 279.0 251.0 208.0 189.0 188.0 173.0 170.0 131.0 79.0 0 6.0 70.0 458.0 
476.0 500.0 529.0 540.0 549.0 614.0 664.0 691.0 703.0 717.0 735.0 763.0 778.0 780.0 783.0 831.0 850.0 428.0 421.0 407.0 383.0 348.0 314.0 308.0 301.0 285.0 257.0 214.0 195.0 194.0 179.0 176.0 137.0 85.0 6.0 0 64.0 464.0 
540.0 564.0 593.0 604.0 613.0 678.0 728.0 755.0 767.0 781.0 799.0 827.0 842.0 844.0 847.0 895.0 914.0 492.0 485.0 471.0 447.0 412.0 378.0 372.0 365.0 349.0 321.0 278.0 259.0 258.0 243.0 240.0 201.0 149.0 70.0 64.0 0 528.0 
12.0 36.0 65.0 76.0 85.0 150.0 200.0 227.0 239.0 253.0 271.0 299.0 314.0 316.0 319.0 367.0 386.0 36.0 43.0 57.0 81.0 116.0 150.0 156.0 163.0 179.0 207.0 250.0 269.0 270.0 285.0 288.0 327.0 379.0 458.0 464.0 528.0 0 
