20
location22 location1 location11 location29 location47 location15 location2 location35 location24 location32 location25 location5 location3 location0 location8 location45 location37 location39 location42 location12
0 54.0 87.0 114.0 216.0 250.0 256.0 306.0 317.0 327.0 375.0 379.0 61.0 157.0 204.0 232.0 339.0 374.0 381.0 15.0 
54.0 0 33.0 60.0 162.0 196.0 202.0 252.0 263.0 273.0 321.0 325.0 115.0 211.0 258.0 286.0 393.0 428.0 435.0 39.0 
87.0 33.0 0 27.0 129.0 163.0 169.0 219.0 230.0 240.0 288.0 292.0 148.0 244.0 291.0 319.0 426.0 461.0 468.0 72.0 
114.0 60.0 27.0 0 102.0 136.0 142.0 192.0 203.0 213.0 261.0 265.0 175.0 271.0 318.0 346.0 453.0 488.0 495.0 99.0 
216.0 162.0 129.0 102.0 0 34.0 40.0 90.0 101.0 111.0 159.0 163.0 277.0 373.0 420.0 448.0 555.0 590.0 597.0 201.0 
250.0 196.0 163.0 136.0 34.0 0 6.0 56.0 67.0 77.0 125.0 129.0 311.0 407.0 454.0 482.0 589.0 624.0 631.0 235.0 
256.0 202.0 169.0 142.0 40.0 6.0 0 50.0 61.0 71.0 119.0 123.0 317.0 413.0 460.0 488.0 595.0 630.0 637.0 241.0 
306.0 252.0 219.0 192.0 90.0 56.0 50.0 0 11.0 21.0 69.0 73.0 367.0 463.0 510.0 538.0 645.0 680.0 687.0 291.0 
317.0 263.0 230.0 203.0 101.0 67.0 61.0 11.0 0 10.0 58.0 62.0 378.0 474.0 521.0 549.0 656.0 691.0 698.0 302.0 
327.0 273.0 240.0 213.0 111.0 77.0 71.0 21.0 10.0 0 48.0 52.0 388.0 484.0 531.0 559.0 666.0 701.0 708.0 312.0 
375.0 321.0 288.0 261.0 159.0 125.0 119.0 69.0 58.0 48.0 0 4.0 436.0 532.0 579.0 607.0 714.0 749.0 756.0 360.0 
379.0 325.0 292.0 265.0 163.0 129.0 123.0 73.0 62.0 52.0 4.0 0 440.0 536.0 583.0 611.0 718.0 753.0 760.0 364.0 
61.0 115.0 148.0 175.0 277.0 311.0 317.0 367.0 378.0 388.0 436.0 440.0 0 96.0 143.0 171.0 278.0 313.0 320.0 76.0 
157.0 211.0 244.0 271.0 373.0 407.0 413.0 463.0 474.0 484.0 532.0 536.0 96.0 0 47.0 75.0 182.0 217.0 224.0 172.0 
204.0 258.0 291.0 318.0 420.0 454.0 460.0 510.0 521.0 531.0 579.0 583.0 143.0 47.0 0 28.0 135.0 170.0 177.0 219.0 
232.0 286.0 319.0 346.0 448.0 482.0 488.0 538.0 549.0 559.0 607.0 611.0 171.0 75.0 28.0 0 107.0 142.0 149.0 247.0 
339.0 393.0 426.0 453.0 555.0 589.0 595.0 645.0 656.0 666.0 714.0 718.0 278.0 182.0 135.0 107.0 0 35.0 42.0 354.0 
374.0 428.0 461.0 488.0 590.0 624.0 630.0 680.0 691.0 701.0 749.0 753.0 313.0 217.0 170.0 142.0 35.0 0 7.0 389.0 
381.0 435.0 468.0 495.0 597.0 631.0 637.0 687.0 698.0 708.0 756.0 760.0 320.0 224.0 177.0 149.0 42.0 7.0 0 396.0 
15.0 39.0 72.0 99.0 201.0 235.0 241.0 291.0 302.0 312.0 360.0 364.0 76.0 172.0 219.0 247.0 354.0 389.0 396.0 0 
