18
6 10 19 56 60 69 5 14 64 28 78 22 24 72 74 55 76 1
0 2.0 3.0 2.0 2.0 3.0 4.0 2.0 2.0 7.6 7.6 2.0 12.0 2.0 12.0 15.0 2.0 1.0 
2.0 0 3.0 2.0 2.0 3.0 4.0 2.0 2.0 7.6 7.6 2.0 12.0 2.0 12.0 15.0 2.0 1.0 
3.0 3.0 0 3.0 3.0 4.0 5.0 3.0 3.0 8.6 8.6 3.0 13.0 3.0 13.0 16.0 3.0 2.0 
2.0 2.0 3.0 0 2.0 3.0 4.0 2.0 2.0 7.6 7.6 2.0 12.0 2.0 12.0 15.0 2.0 1.0 
2.0 2.0 3.0 2.0 0 3.0 4.0 2.0 2.0 7.6 7.6 2.0 12.0 2.0 12.0 15.0 2.0 1.0 
3.0 3.0 4.0 3.0 3.0 0 5.0 3.0 3.0 8.6 8.6 3.0 13.0 3.0 13.0 16.0 3.0 2.0 
4.0 4.0 5.0 4.0 4.0 5.0 0 4.0 4.0 9.6 9.6 4.0 14.0 4.0 14.0 17.0 4.0 3.0 
2.0 2.0 3.0 2.0 2.0 3.0 4.0 0 2.0 7.6 7.6 2.0 12.0 2.0 12.0 15.0 2.0 1.0 
2.0 2.0 3.0 2.0 2.0 3.0 4.0 2.0 0 7.6 7.6 2.0 12.0 2.0 12.0 15.0 2.0 1.0 
7.6 7.6 8.6 7.6 7.6 8.6 9.6 7.6 7.6 0 13.2 7.6 17.6 7.6 17.6 20.6 7.6 6.6 
7.6 7.6 8.6 7.6 7.6 8.6 9.6 7.6 7.6 13.2 0 7.6 17.6 7.6 17.6 20.6 5.6 6.6 
2.0 2.0 3.0 2.0 2.0 3.0 4.0 2.0 2.0 7.6 7.6 0 10.0 2.0 12.0 15.0 2.0 1.0 
12.0 12.0 13.0 12.0 12.0 13.0 14.0 12.0 12.0 17.6 17.6 10.0 0 12.0 22.0 25.0 12.0 11.0 
2.0 2.0 3.0 2.0 2.0 3.0 4.0 2.0 2.0 7.6 7.6 2.0 12.0 0 10.0 15.0 2.0 1.0 
12.0 12.0 13.0 12.0 12.0 13.0 14.0 12.0 12.0 17.6 17.6 12.0 22.0 10.0 0 25.0 12.0 11.0 
15.0 15.0 16.0 15.0 15.0 16.0 17.0 15.0 15.0 20.6 20.6 15.0 25.0 15.0 25.0 0 15.0 14.0 
2.0 2.0 3.0 2.0 2.0 3.0 4.0 2.0 2.0 7.6 5.6 2.0 12.0 2.0 12.0 15.0 0 1.0 
1.0 1.0 2.0 1.0 1.0 2.0 3.0 1.0 1.0 6.6 6.6 1.0 11.0 1.0 11.0 14.0 1.0 0 
