8
6 10 19 5 14 28 24 1
0 2.0 3.0 4.0 2.0 7.6 12.0 1.0 
2.0 0 3.0 4.0 2.0 7.6 12.0 1.0 
3.0 3.0 0 5.0 3.0 8.6 13.0 2.0 
4.0 4.0 5.0 0 4.0 9.6 14.0 3.0 
2.0 2.0 3.0 4.0 0 7.6 12.0 1.0 
7.6 7.6 8.6 9.6 7.6 0 17.6 6.6 
12.0 12.0 13.0 14.0 12.0 17.6 0 11.0 
1.0 1.0 2.0 3.0 1.0 6.6 11.0 0 
