23
67a 60a 55a 39a 36a 63a 14a 49a 18a 73a 47a 41a 4a 53a 40a 33a 15a 58a 72a 26a 8a 38a 66a
0 4.24264 6.0 9.09902 11.224540000000001 14.38682 15.69668 19.470750000000002 19.40849 21.400039999999997 16.36287 13.15383 30.40849 31.46665 30.79515 28.94704 32.55259 22.40849 27.069110000000002 31.45178 31.017719999999997 30.03116 1.41421 
4.24264 0 4.24264 6.32456 7.28011 10.44239 11.48528 15.526319999999998 16.0 18.062260000000002 15.28011 11.605550000000001 27.0 28.05816 27.00261 25.00261 28.60816 19.0 22.85771 27.240380000000002 27.17037 26.18381 4.47214 
6.0 4.24264 0 3.16228 11.522749999999998 14.37495 12.544 18.790210000000002 20.24264 22.3049 19.52275 15.848189999999999 31.24264 30.768539999999998 29.60626 27.60626 30.872970000000002 23.24264 23.916430000000002 28.299100000000003 25.14987 24.16331 7.07107 
9.09902 6.32456 3.16228 0 10.2111 12.83095 11.0 17.246209999999998 19.43323 21.61432 20.25742 16.04205 29.94474 29.22454 28.062260000000002 26.062260000000002 29.328969999999998 22.39647 22.37243 26.7551 22.087609999999998 21.10105 10.19804 
11.224540000000001 7.28011 11.522749999999998 10.2111 0 3.16228 4.47214 8.24621 9.22213 11.40322 10.04632 5.83095 20.18537 20.77805 19.7225 17.7225 21.32805 12.185369999999999 15.844570000000001 20.227240000000002 27.104150000000004 26.117590000000003 10.89069 
14.38682 10.44239 14.37495 12.83095 3.16228 0 3.16228 5.09902 6.7082 8.94427 9.516179999999999 6.0 17.61577 17.61577 16.56022 14.56022 18.16577 9.7082 14.37495 18.84709 27.391090000000002 27.504170000000002 14.052970000000002 
15.69668 11.48528 12.544 11.0 4.47214 3.16228 0 6.32456 9.857299999999999 11.78828 12.66527 9.08276 19.039350000000002 18.22454 17.062260000000002 15.06226 18.44239 11.78828 11.372430000000001 15.7551 24.299100000000003 25.04532 15.362829999999999 
19.47075 15.526319999999998 18.790210000000002 17.246209999999998 8.24621 5.09902 6.32456 0 4.12311 5.83095 10.831309999999998 8.60233 12.71479 12.678459999999998 11.516179999999999 9.516179999999999 13.12173 5.65685 13.01614 17.48828 26.03228 31.36988 19.1369 
19.408489999999997 16.0 20.24264 19.433230000000002 9.22213 6.7082 9.857299999999999 4.12311 0 2.23607 6.7082 6.7082 11.0 12.615770000000001 12.2111 10.65685 14.2624 3.0 17.088 21.56014 30.10414 34.21237 18.77927 
21.40004 18.062260000000002 22.304900000000004 21.61432 11.40322 8.94427 11.78828 5.83095 2.23607 0 7.07107 8.24621 9.09902 12.08791 11.68324 10.01654 13.62209 1.41421 18.84709 23.31923 31.86323 36.44844 20.31728 
16.36287 15.28011 19.522750000000002 20.25742 10.04632 9.516179999999999 12.66527 10.831309999999998 6.7082 7.07107 0 4.24264 16.170090000000002 19.15898 18.754309999999997 17.087609999999998 20.69316 8.48528 23.104219999999998 27.576359999999998 36.12036 36.16391 15.28011 
13.15383 11.605550000000001 15.84819 16.04205 5.83095 6.0 9.08276 8.60233 6.7082 8.24621 4.24264 0 17.34523 19.32397 18.9193 17.36505 20.9706 9.66042 19.94722 24.41936 32.9351 31.94854 12.071069999999999 
30.408489999999997 27.0 31.24264 29.944740000000003 20.185370000000002 17.61577 19.03935 12.71479 11.0 9.09902 16.17009 17.34523 0 6.0 7.07107 7.61577 9.0 8.0 24.04653 28.4292 36.973200000000006 44.084669999999996 29.4163 
31.466649999999998 28.05816 30.768539999999998 29.224539999999998 20.77805 17.61577 18.224539999999998 12.67846 12.615770000000001 12.08791 19.15898 19.323970000000003 6.0 0 1.41421 3.16228 3.0 10.77805 19.89511 24.27778 32.821780000000004 40.821780000000004 31.1328 
30.795149999999996 27.00261 29.606260000000002 28.062260000000002 19.7225 16.56022 17.062260000000002 11.51618 12.2111 11.68324 18.75431 18.9193 7.07107 1.41421 0 2.0 2.23607 10.373380000000001 18.4809 22.86357 31.40757 39.40757 30.461299999999998 
28.947039999999998 25.00261 27.606260000000002 26.062260000000002 17.7225 14.56022 15.06226 9.516179999999999 10.65685 10.01654 17.087609999999998 17.36505 7.61577 3.16228 2.0 0 3.60555 8.60233 16.74773 21.1304 29.674400000000002 37.674400000000006 28.61319 
32.55259 28.608159999999998 30.87297 29.328969999999998 21.328049999999998 18.16577 18.44239 13.12173 14.2624 13.62209 20.69316 20.970599999999997 9.0 3.0 2.23607 3.60555 0 12.20788 18.78284 22.69157 31.23557 39.235569999999996 32.21874 
22.408489999999997 19.0 23.24264 22.39647 12.185369999999999 9.7082 11.78828 5.65685 3.0 1.41421 8.48528 9.66042 8.0 10.77805 10.373380000000001 8.60233 12.20788 0 18.4809 22.86357 31.40757 36.8336 21.73149 
27.06911 22.85771 23.916430000000002 22.37243 15.844570000000001 14.37495 11.372430000000001 13.01614 17.088 18.84709 23.10422 19.94722 24.04653 19.89511 18.4809 16.747729999999997 18.78284 18.4809 0 4.47214 13.01614 21.01614 26.73526 
31.451780000000003 27.24038 28.2991 26.7551 20.227240000000002 18.84709 15.7551 17.48828 21.56014 23.319229999999997 27.57636 24.41936 28.4292 24.27778 22.86357 21.1304 22.69157 22.863569999999996 4.47214 0 8.544 16.544 31.117930000000005 
31.017719999999997 27.17037 25.14987 22.087609999999998 27.104149999999997 27.39109 24.299100000000003 26.03228 30.10414 31.86323 36.12036 32.9351 36.9732 32.82178 31.40757 29.6744 31.23557 31.40757 13.01614 8.544 0 8.0 31.642509999999998 
30.03116 26.18381 24.163310000000003 21.10105 26.11759 27.504170000000002 25.04532 31.369880000000002 34.21237 36.44844 36.16391 31.94854 44.08467 40.82177999999999 39.40756999999999 37.6744 39.235569999999996 36.8336 21.01614 16.544 8.0 0 30.65595 
1.41421 4.47214 7.07107 10.19804 10.89069 14.052969999999998 15.362829999999999 19.136899999999997 18.779269999999997 20.317279999999997 15.28011 12.071069999999999 29.416299999999996 31.1328 30.461299999999998 28.61319 32.21874 21.731489999999997 26.73526 31.11793 31.64251 30.65595 0 
