41
loc12 loc14 loc18 loc52 loc66 loc58 loc92 loc16 loc60 loc63 loc98 loc38 loc36 loc68 loc44 loc30 loc46 loc24 loc56 loc20 loc90 loc81 loc10 loc48 loc50 loc32 loc4 loc74 loc62 loc82 loc78 loc26 loc22 loc84 loc42 loc88 loc70 loc51 loc39 loc72 loc0
0 13.66223 17.36815 29.27184 16.16724 33.75879 42.32963 48.68057 41.56713 35.47226 29.72472 19.12117 18.8147 26.24802 51.66428 69.66601 71.23275 64.55837 50.49117 46.09013 61.44978 60.63256 56.31248 58.40124 55.25993 44.8604 35.71595 23.91752 14.51636 22.0119 36.0967 39.45118 28.61731 52.37431 58.21333 53.89091 65.53348 78.09968 46.48959 47.40539 7.07006 
13.66223 0 3.84864 16.63603 16.19353 39.5826 49.21588 55.5314 53.64026 46.75209 41.45522 32.7834 28.27595 39.91025 62.09351 80.07285 80.75536 71.82413 59.95859 59.75236 73.90393 73.83606 69.97471 72.00211 68.92215999999999 58.52263 49.37818 37.57975 28.17859 26.26682 35.98289 39.604589999999995 31.49186 52.17373 58.5493 55.95488 66.56335999999999 79.66156 35.00766 35.59198 16.90786 
17.36815 3.84864 0 12.78739 19.01808 42.68922 52.39567 58.6792 57.46528 50.52814 45.25494 36.04363 30.75646 42.03467 64.43913 82.35118 81.39899 73.1784 60.51298 61.96496 76.9045 77.15516 73.38111 75.56993 72.59816 61.75468 53.03978 41.23843 31.88136 22.41818 35.70243 38.07668 27.64322 51.57623 58.03284 55.61529 66.1716 79.33662 31.43837 31.94446 20.73844 
29.27184 16.63603 12.78739 0 24.57845 47.5287 57.331559999999996 63.105230000000006 66.68564 59.15892 54.8777 46.84513 43.5082 54.82206 77.22652000000001 94.94822 94.18638 84.85691 73.30037 74.75234999999999 89.66362 89.69043 85.58432 87.66127 84.53177 74.13224 64.98779 52.712309999999995 43.7882 35.20557 45.11903 48.74073 40.43061 59.85912 66.38354 65.09102 74.70215 87.87187 28.54656 28.2152 30.90921 
16.16724 16.19353 19.01808 24.57845 0 23.75935 33.54747 39.76582 42.67923 34.89077 30.6598 25.6906 34.94386 40.31063 67.07235 84.93819 87.22533 80.71563 66.57903 59.2491 74.80395 72.33703 66.55286 68.13237 63.76822 56.05889 45.20264 32.24179 25.54792 35.61303 50.05399 53.08773 42.0444 66.49262 72.64399 68.9325 80.32717 93.17112 50.02676 50.30827 11.63254 
33.75879 39.5826 42.68922 47.5287 23.75935 0 14.84066 19.748060000000002 28.46522 20.73642 24.38756 27.84853 48.85312 47.72855 74.84212 90.87884 96.69744 92.38627 78.06175999999999 62.922880000000006 75.86363 70.09713 62.93561 62.68186 57.00265 56.966139999999996 45.13214000000001 33.642250000000004 32.831410000000005 55.762789999999995 69.81902 73.20859 62.37135 85.99036 91.66095 86.892 98.68002 110.85937 73.77393 74.01719 26.68889 
42.32963 49.21588 52.39567 57.331559999999996 33.54747 14.84066 0 24.12784 25.59219 19.58934 25.57843 36.4852 55.7788 54.90717 79.20209 93.81644 101.05740999999999 97.48565 83.74551 63.90322 77.20011 70.2334 61.78853 61.68395 55.3742 55.84659 44.68508 38.87374 41.46808 64.34153 78.0637 81.6854 70.94694 93.99486 99.44911 94.49557999999999 106.31719 118.02068 83.57422 83.83887 35.33579 
48.68057 55.5314 58.6792 63.105230000000006 39.76582 19.748060000000002 24.12784 0 27.73182 23.21061 29.1997 41.5484 61.74668 58.52844 83.33816 98.03181 106.01127 102.67701 88.74137 67.52449 80.67935 73.10539 64.22312 63.97995 57.51383 59.46786 48.306349999999995 42.49501 47.85286 70.69247 84.33072 87.95242 77.29788 100.19707 105.59195 100.46346 112.28506999999999 123.96182 89.77437 90.00174 41.70188 
41.56713 53.64026 57.46528 66.68564 42.67923 28.46522 25.59219 27.73182 0 8.16519 12.25524 23.00172 46.16344 36.32401 58.57355 71.93094 81.1046 79.72112 65.75851 41.45917 53.46604 45.43706 36.4913 36.28301 29.78201 32.49227 22.75978 21.55247 29.85422 60.10916 71.37199 74.99197 65.93529 85.39213 89.73959 83.55685 95.09112 105.43436 88.0001 88.83719 36.73308 
35.47226 46.75209 50.52814 59.15892 34.89077 20.73642 19.58934 23.21061 8.16519 0 5.98909 18.33779 42.9207 35.31783 60.12755 74.83022 82.80066 80.36567 65.97659 44.31388 57.6711 51.55798 42.19919 42.43368 36.26623 36.25725 25.09574 19.2844 25.62159 55.38992 67.57775 71.19041 61.52875 82.36534 87.12821 81.28388 93.00738 104.01572 81.50919999999999 82.2334 29.96338 
29.72472 41.45522 45.25494 54.8777 30.6598 24.38756 25.57843 29.1997 12.25524 5.98909 0 24.32688 37.05186 41.30692 57.0978 71.3783 78.95312 75.64145 61.641220000000004 50.302969999999995 55.27886 49.22749 45.097970000000004 42.00023 42.03725 42.24634 31.08483 25.273490000000002 31.610680000000002 51.73662 61.60884 65.23054 58.11973999999999 76.47458 81.30457 75.76864 87.59025 98.40976 75.97772 76.76391 24.54736 
19.12117 32.7834 36.04363 46.84513 25.6906 27.84853 36.4852 41.5484 23.00172 18.33779 24.32688 0 24.78333 39.11138 47.825469999999996 64.21139 69.68079 65.61116 52.36888999999999 49.34793 50.86474 47.13507 45.54225 42.44451 49.2048 54.59504 43.43353 37.62219 30.118299999999998 41.133070000000004 49.24018 52.86188 45.851209999999995 64.14681 69.0623 63.50011 75.32172 86.58451 65.53371 66.49511 15.95266 
18.8147 28.27595 30.75646 43.5082 34.94386 48.85312 55.7788 61.74668 46.16344 42.9207 37.05186 24.78333 0 14.32805 33.81756 51.82388 52.47941 45.78278 31.68264 32.69123 46.80351 48.68034 46.95091 49.64513 48.5877 35.12118 30.49798 24.62029 17.55985 16.9066 25.33191 28.93412 21.06788 39.4506 44.27901 38.71678 50.53839 62.242 50.85114 52.3657 24.33306 
26.24802 39.91025 42.03467 54.82206 40.31063 47.72855 54.90717 58.52844 36.32401 35.31783 41.30692 39.11138 14.32805 0 27.814819999999997 45.04542 49.670139999999996 45.653 32.358239999999995 29.33728 35.20866 35.27076 38.47855 35.38081 42.141099999999994 36.80133 40.57857 38.94834 31.887900000000002 31.234650000000002 38.18002 41.801719999999996 35.39593 50.17508 53.95082 53.04483 62.28442 69.11949 65.00601 66.46351 28.67862 
51.66428 62.09351 64.43913 77.22652000000001 67.07235 74.84212 79.20209 83.33816 58.57355 60.12755 57.0978 47.825469999999996 33.81756 27.814819999999997 0 18.03599 32.31474 22.12898 30.70552 27.684559999999998 20.32041 28.97114 38.32993 37.22042 43.980709999999995 35.14861 38.92585 43.22328 43.17537 49.33871 43.70309 47.32479 50.7301 46.73583 47.12101 51.39785 54.43728 53.93292 79.02035 80.85919 55.5573 
69.66601 80.07285 82.35118 94.94822 84.93819 90.87884 93.81644 98.03181 71.93094 74.83022 71.3783 64.21139 51.82388 45.04542 18.03599 0 14.68076 22.69229 24.45465 30.56686 21.14422 32.1177 40.53571 42.89688 48.57652 39.5457 49.75897 58.60497 60.52041 63.19712 58.76793 60.21268 62.27124 57.90397 56.42663 50.12724 54.82284 56.4891 95.05426 96.96654 73.3685 
71.23275 80.75536 81.39899 94.18638 87.22533 96.69744 101.05740999999999 106.01127 81.1046 82.80066 78.95312 69.68079 52.47941 49.670139999999996 32.31474 14.68076 0 10.71121 25.40858 43.06487 34.56418 45.47999 53.14493 55.76703 60.978719999999996 51.596450000000004 60.781169999999996 65.0786 65.03068999999999 62.12918 52.71759 53.794200000000004 59.0966 48.16942 45.45157 39.98008 43.019510000000004 42.43136 89.22033 91.21333 76.06096 
64.55837 71.82413 73.1784 84.85691 80.71563 92.38627 97.48565 102.67701 79.72112 80.36567 75.64145 65.61116 45.78278 45.653 22.12898 22.69229 10.71121 0 14.69737 40.62925 39.15571 49.4585 55.87891 58.77199 63.00115 50.3144 57.10073 61.64819 59.91621 51.41797 42.71097 43.08299 48.38539 37.45916 34.83303 29.26887 32.3083 34.16478 79.02741 81.03502 69.98098 
50.49117 59.95859 60.51298 73.30037 66.57903 78.06175999999999 83.74551 88.74137 65.75851 65.97659 61.641220000000004 52.36888999999999 31.68264 32.358239999999995 30.70552 24.45465 25.40858 14.69737 0 32.22798 32.4516 41.05116 49.45241 48.73874 54.25346999999999 39.69203 43.469269999999995 47.7667 47.71879 48.589240000000004 34.31433 37.936029999999995 42.46038 35.00768 35.01279 42.08288 43.34639 42.48183 70.67633 72.60514 55.62224 
46.09013 59.75236 61.96496 74.75234999999999 59.2491 62.922880000000006 63.90322 67.52449 41.45917 44.31388 50.302969999999995 49.34793 32.69123 29.33728 27.684559999999998 30.56686 43.06487 40.62925 32.22798 0 15.55491 16.16756 23.538649999999997 20.44091 27.2012 32.47331 40.44831 44.74574 44.697829999999996 49.59783 51.90168 55.00058 52.25256 59.61433 61.50435 54.8915 65.0697 71.40058 83.19147 84.79454 47.75281 
61.44978 73.90393 76.9045 89.66362 74.80395 75.86363 77.20011 80.67935 53.46604 57.6711 55.27886 50.86474 46.80351 35.20866 20.32041 21.14422 34.56418 39.15571 32.4516 15.55491 0 10.99716 19.5531 21.78215 27.69131 21.43496 33.08588 44.45024 49.26177 61.99727 62.46955 64.93446 63.30109 66.96193 67.43749 60.45403 68.1731 72.89372 96.12021 97.83495 63.2998 
60.63256 73.83606 77.15516 89.69043 72.33703 70.09713 70.2334 73.10539 45.43706 51.55798 49.22749 47.13507 48.68034 35.27076 28.97114 32.1177 45.47999 49.4585 41.05116 16.16756 10.99716 0 9.35879 11.0483 17.43364 16.30575 27.84085 40.48375 47.11415 65.02315 67.76634 70.58612 67.35483 74.30867 75.49941 68.43667 77.03914 82.90406 99.34119000000001 100.9162 61.25159 
56.31248 69.97471 73.38111 85.58432 66.55286 62.93561 61.78853 64.22312 36.4913 42.19919 45.097970000000004 45.54225 46.95091 38.47855 38.32993 40.53571 53.14493 55.87891 49.45241 23.538649999999997 19.5531 9.35879 0 3.09774 9.85803 17.62311 26.11737 39.01538 47.18345 63.857510000000005 68.49932 72.12102 68.01879 76.9188 78.84552 72.11593 82.29413 88.06135 97.7507 99.21364 55.96155 
58.40124 72.00211 75.56993 87.66127 68.13237 62.68186 61.68395 63.97995 36.28301 42.43368 42.00023 42.44451 49.64513 35.38081 37.22042 42.89688 55.76703 58.77199 48.73874 20.44091 21.78215 11.0483 3.09774 0 6.76029 14.52537 23.01963 35.91764 44.08571 66.51542 71.46737 74.58753 69.81504 80.00108 81.94255 74.8918 84.36014 91.09229 100.37926 101.81848 57.75238 
55.25993 68.92215999999999 72.59816 84.53177 63.76822 57.00265 55.3742 57.51383 29.78201 36.26623 42.03725 49.2048 48.5877 42.141099999999994 43.980709999999995 48.57652 60.978719999999996 63.00115 54.25346999999999 27.2012 27.69131 17.43364 9.85803 6.76029 0 21.28566 29.77992 42.677929999999996 50.846 65.4943 71.73032 75.35202000000001 69.65558 81.46889 83.90171 76.91699 87.09519 94.40635 98.76753 100.10966 53.89271 
44.8604 58.52263 61.75468 74.13224 56.05889 56.966139999999996 55.84659 59.46786 32.49227 36.25725 42.24634 54.59504 35.12118 36.80133 35.14861 39.5457 51.596450000000004 50.3144 39.69203 32.47331 21.43496 16.30575 17.62311 14.52537 21.28566 0 37.545 50.44301 52.16188 52.02778000000001 57.32102 60.942719999999994 56.18906 66.79998 69.28727 62.35555 72.53375 80.45675 85.88508 87.34056 45.06622 
35.71595 49.37818 53.03978 64.98779 45.20264 45.13214000000001 44.68508 48.306349999999995 22.75978 25.09574 31.08483 43.43353 30.49798 40.57857 38.92585 49.75897 60.781169999999996 57.10073 43.469269999999995 40.44831 33.08588 27.84085 26.11737 23.01963 29.77992 37.545 0 44.31225 48.057829999999996 47.404579999999996 55.11935 58.741049999999994 51.56586 66.99622 70.48573 66.13279 76.31099 84.31629 79.62362 80.89831 34.7354 
23.91752 37.57975 41.23843 52.712309999999995 32.24179 33.642250000000004 38.87374 42.49501 21.55247 19.2844 25.273490000000002 37.62219 24.62029 38.94834 43.22328 58.60497 65.0786 61.64819 47.7667 44.74574 44.45024 40.48375 39.01538 35.91764 42.677929999999996 50.44301 44.31225 0 36.15432 41.52689 49.88465 53.50635 45.68817 63.86895 68.33062 63.33707 75.15868 84.73132 69.58554 70.68192 21.98868 
14.51636 28.17859 31.88136 43.7882 25.54792 32.831410000000005 41.46808 47.85286 29.85422 25.62159 31.610680000000002 30.118299999999998 17.55985 31.887900000000002 43.17537 60.52041 65.03068999999999 59.91621 47.71879 44.697829999999996 49.26177 47.11415 47.18345 44.08571 50.846 52.16188 48.057829999999996 36.15432 0 34.46645 41.96208 45.58378 38.62773 56.86084 61.82193 56.27663 68.09824 79.59664 59.90342 60.99614 14.16564 
22.0119 26.26682 22.41818 35.20557 35.61303 55.762789999999995 64.34153 70.69247 60.10916 55.38992 51.73662 41.133070000000004 16.9066 31.234650000000002 49.33871 63.19712 62.12918 51.41797 48.589240000000004 49.59783 61.99727 65.02315 63.857510000000005 66.51542 65.4943 52.02778000000001 47.404579999999996 41.52689 34.46645 0 14.44444 18.06614 22.590490000000003 30.88596 37.04286 34.416430000000005 45.02491 57.82141 34.31804 35.94737 29.0739 
36.0967 35.98289 35.70243 45.11903 50.05399 69.81902 78.0637 84.33072 71.37199 67.57775 61.60884 49.24018 25.33191 38.18002 43.70309 58.76793 52.71759 42.71097 34.31433 51.90168 62.46955 67.76634 68.49932 71.46737 71.73032 57.32102 55.11935 49.88465 41.96208 14.44444 0 3.6217 8.14605 16.44156 22.64414 19.97199 30.58047 43.68904 36.57382 38.54696 43.15653 
39.45118 39.604589999999995 38.07668 48.74073 53.08773 73.20859 81.6854 87.95242 74.99197 71.19041 65.23054 52.86188 28.93412 41.801719999999996 47.32479 60.21268 53.794200000000004 43.08299 37.936029999999995 55.00058 64.93446 70.58612 72.12102 74.58753 75.35202000000001 60.942719999999994 58.741049999999994 53.50635 45.58378 18.06614 3.6217 0 11.767750000000001 13.54739 19.96002 21.793219999999998 28.29362 41.29996 35.94864 37.96056 46.5197 
28.61731 31.49186 27.64322 40.43061 42.0444 62.37135 70.94694 77.29788 65.93529 61.52875 58.11973999999999 45.851209999999995 21.06788 35.39593 50.7301 62.27124 59.0966 48.38539 42.46038 52.25256 63.30109 67.35483 68.01879 69.81504 69.65558 56.18906 51.56586 45.68817 38.62773 22.590490000000003 8.14605 11.767750000000001 0 24.48979 30.76883 28.11804 38.72652 51.82517 33.11061 34.94006 35.68246 
52.37431 52.17373 51.57623 59.85912 66.49262 85.99036 93.99486 100.19707 85.39213 82.36534 76.47458 64.14681 39.4506 50.17508 46.73583 57.90397 48.16942 37.45916 35.00768 59.61433 66.96193 74.30867 76.9188 80.00108 81.46889 66.79998 66.99622 63.86895 56.86084 30.88596 16.44156 13.54739 24.48979 0 6.52572 8.24583 14.84303 28.01344 44.9861 47.0127 59.40526 
58.21333 58.5493 58.03284 66.38354 72.64399 91.66095 99.44911 105.59195 89.73959 87.12821 81.30457 69.0623 44.27901 53.95082 47.12101 56.42663 45.45157 34.83303 35.01279 61.50435 67.43749 75.49941 78.84552 81.94255 83.90171 69.28727 70.48573 68.33062 61.82193 37.04286 22.64414 19.96002 30.76883 6.52572 0 7.07009 8.3336 21.48839 50.82327 52.83485 65.19784 
53.89091 55.95488 55.61529 65.09102 68.9325 86.892 94.49557999999999 100.46346 83.55685 81.28388 75.76864 63.50011 38.71678 53.04483 51.39785 50.12724 39.98008 29.26887 42.08288 54.8915 60.45403 68.43667 72.11593 74.8918 76.91699 62.35555 66.13279 63.33707 56.27663 34.416430000000005 19.97199 21.793219999999998 28.11804 8.24583 7.07009 0 15.403690000000001 24.24666 52.44571 54.48063 60.74272 
65.53348 66.56335999999999 66.1716 74.70215 80.32717 98.68002 106.31719 112.28506999999999 95.09112 93.00738 87.59025 75.32172 50.53839 62.28442 54.43728 54.82284 43.019510000000004 32.3083 43.34639 65.0697 68.1731 77.03914 82.29413 84.36014 87.09519 72.53375 76.31099 75.15868 68.09824 45.02491 30.58047 28.29362 38.72652 14.84303 8.3336 15.403690000000001 0 13.19621 58.74655 60.74135 72.43621 
78.09968 79.66156 79.33662 87.87187 93.17112 110.85937 118.02068 123.96182 105.43436 104.01572 98.40976 86.58451 62.242 69.11949 53.93292 56.4891 42.43136 34.16478 42.48183 71.40058 72.89372 82.90406 88.06135 91.09229 94.40635 80.45675 84.31629 84.73132 79.59664 57.82141 43.68904 41.29996 51.82517 28.01344 21.48839 24.24666 13.19621 0 71.0325 72.96005 84.90655 
46.48959 35.00766 31.43837 28.54656 50.02676 73.77393 83.57422 89.77437 88.0001 81.50919999999999 75.97772 65.53371 50.85114 65.00601 79.02035 95.05426 89.22033 79.02741 70.67633 83.19147 96.12021 99.34119000000001 97.7507 100.37926 98.76753 85.88508 79.62362 69.58554 59.90342 34.31804 36.57382 35.94864 33.11061 44.9861 50.82327 52.44571 58.74655 71.0325 0 2.03544 51.54582 
47.40539 35.59198 31.94446 28.2152 50.30827 74.01719 83.83887 90.00174 88.83719 82.2334 76.76391 66.49511 52.3657 66.46351 80.85919 96.96654 91.21333 81.03502 72.60514 84.79454 97.83495 100.9162 99.21364 101.81848 100.10966 87.34056 80.89831 70.68192 60.99614 35.94737 38.54696 37.96056 34.94006 47.0127 52.83485 54.48063 60.74135 72.96005 2.03544 0 52.27165 
7.07006 16.90786 20.73844 30.90921 11.63254 26.68889 35.33579 41.70188 36.73308 29.96338 24.54736 15.95266 24.33306 28.67862 55.5573 73.3685 76.06096 69.98098 55.62224 47.75281 63.2998 61.25159 55.96155 57.75238 53.89271 45.06622 34.7354 21.98868 14.16564 29.0739 43.15653 46.5197 35.68246 59.40526 65.19784 60.74272 72.43621 84.90655 51.54582 52.27165 0 
