21
loc12 loc14 loc18 loc22 loc36 loc34 loc42 loc26 loc24 loc46 loc30 loc44 loc20 loc48 loc10 loc32 loc17 loc4 loc2 loc27 loc0
0 6.83111 8.68408 14.30866 9.40735 15.72591 29.10667 19.72559 32.27919 35.61637 34.833 25.83214 23.04507 29.20062 28.15624 22.4302 28.95262 17.85797 9.70299 13.33649 3.53503 
6.83111 0 1.92432 15.74593 14.13797 19.604850000000003 29.27465 20.962660000000003 35.91206 40.37768 40.03642 31.04675 29.876179999999998 36.00106 34.98735 29.261309999999998 35.78373 24.68908 16.5341 16.75339 8.45393 
8.68408 1.92432 0 13.82161 15.37823 17.68053 29.01642 19.03834 36.5892 40.6995 41.17559 32.21956 30.98248 37.78497 36.69055 30.87734 37.16262 26.51989 18.28301 18.42116 10.36922 
14.30866 15.74593 13.82161 0 10.53394 19.23843 15.38441 25.000999999999998 24.19269 29.548289999999998 31.13562 27.44272 26.879559999999998 34.90752 34.009389999999996 28.09453 33.37724 25.78293 22.2811 27.64447 17.84123 
9.40735 14.13797 15.37823 10.53394 0 8.70449 22.1395 14.46706 22.89139 26.23971 25.91194 16.90878 16.34562 24.82257 23.47545 17.56059 22.8433 15.24899 11.74716 20.82447 12.16653 
15.72591 19.604850000000003 17.68053 19.23843 8.70449 0 13.63753 23.17155 19.28807 24.64367 26.02628 25.61327 25.05011 31.23704 32.17994 26.26508 31.54779 23.95348 20.45165 28.63738 19.14164 
29.10667 29.27465 29.01642 15.38441 22.1395 13.63753 0 9.98001 17.41651 22.72578 28.21332 23.5605 30.75217 40.97127 39.42276 34.64363 36.35468 35.24286 33.87348 42.22124 32.59892 
19.72559 20.962660000000003 19.03834 25.000999999999998 14.46706 23.17155 9.98001 0 21.5415 26.8971 30.10634 31.37584 30.81268 37.29376 37.94251 32.02765 37.31036 29.71605 26.214219999999997 33.03775 23.25985 
32.27919 35.91206 36.5892 24.19269 22.89139 19.28807 17.41651 21.5415 0 5.3556 11.34614 11.06449 20.31463 29.386 27.93946 25.1572 23.67813 28.55036 31.87593 42.75317 34.99049 
35.61637 40.37768 40.6995 29.548289999999998 26.23971 24.64367 22.72578 26.8971 5.3556 0 7.34038 16.15737 21.53244 27.88351 26.572470000000003 25.79823 22.84866 31.11351 37.23153 45.04688 38.03048 
34.833 40.03642 41.17559 31.13562 25.91194 26.02628 28.21332 30.10634 11.34614 7.34038 0 9.018 15.28343 21.44844 20.26785 19.77285 15.50828 24.87948 31.13316 42.40007 36.68425 
25.83214 31.04675 32.21956 27.44272 16.90878 25.61327 23.5605 31.37584 11.06449 16.15737 9.018 0 14.16526 18.61021 19.20529 18.43105 24.52628 23.74633 28.65594 34.0308 27.77865 
23.04507 29.876179999999998 30.98248 26.879559999999998 16.34562 25.05011 30.75217 30.81268 20.31463 21.53244 15.28343 14.16526 0 10.22046 11.76933 17.48315 16.17778 21.730269999999997 28.092779999999998 27.84086 23.87641 
29.20062 36.00106 37.78497 34.90752 24.82257 31.23704 40.97127 37.29376 29.386 27.88351 21.44844 18.61021 10.22046 0 1.54887 7.26269 5.95732 11.50981 20.53867 29.49119 28.87619 
28.15624 34.98735 36.69055 34.009389999999996 23.47545 32.17994 39.42276 37.94251 27.93946 26.572470000000003 20.26785 19.20529 11.76933 1.54887 0 8.81156 7.50619 13.058679999999999 22.08754 29.06904 27.98077 
22.4302 29.261309999999998 30.87734 28.09453 17.56059 26.26508 34.64363 32.02765 25.1572 25.79823 19.77285 18.43105 17.48315 7.26269 8.81156 0 13.22001 18.7725 27.80136 24.86249 22.53311 
28.95262 35.78373 37.16262 33.37724 22.8433 31.54779 36.35468 37.31036 23.67813 22.84866 15.50828 24.52628 16.17778 5.95732 7.50619 13.22001 0 17.46713 26.49599 35.44851 29.35182 
17.85797 24.68908 26.51989 25.78293 15.24899 23.95348 35.24286 29.71605 28.55036 31.11351 24.87948 23.74633 21.730269999999997 11.50981 13.058679999999999 18.7725 17.46713 0 25.8219 18.94548 17.3677 
9.70299 16.5341 18.28301 22.2811 11.74716 20.45165 33.87348 26.214219999999997 31.87593 37.23153 31.13316 28.65594 28.092779999999998 20.53867 22.08754 27.80136 26.49599 25.8219 0 11.27759 8.4542 
13.33649 16.75339 18.42116 27.64447 20.82447 28.63738 42.22124 33.03775 42.75317 45.04688 42.40007 34.0308 27.84086 29.49119 29.06904 24.86249 35.44851 18.94548 11.27759 0 9.80888 
3.53503 8.45393 10.36922 17.84123 12.16653 19.14164 32.59892 23.25985 34.99049 38.03048 36.68425 27.77865 23.87641 28.87619 27.98077 22.53311 29.35182 17.3677 8.4542 9.80888 0 
