26
building17 building19 building20 building18 building16 building21 building25 building24 building23 building22 building9 building6 building8 building7 building10 building14 building12 building11 building15 building13 building27 building30 building26 building29 building28 Soda
0 2.41086 2.5044500000000003 2.51799 2.7548399999999997 4.82772 4.88062 5.380330000000001 5.64315 5.70321 4.99619 5.04614 5.24551 5.32319 5.6087299999999995 5.15685 5.38386 5.388590000000001 5.413640000000001 5.55379 5.37748 5.63283 5.9701 6.221990000000001 6.296050000000001 2.3684700000000003 
2.41086 0 2.82067 2.8342099999999997 3.07106 5.143940000000001 5.19684 5.69655 5.95937 6.01943 5.31241 5.36236 5.56173 5.63941 5.924949999999999 5.47307 5.70008 5.70481 5.72986 5.87001 5.6937 5.94905 6.28632 6.53821 6.6122700000000005 2.68469 
2.5044500000000003 2.82067 0 2.9278 3.16465 5.23753 5.29043 5.79014 6.05296 6.11302 5.406000000000001 5.4559500000000005 5.655320000000001 5.7330000000000005 6.01854 5.56666 5.79367 5.7984 5.823449999999999 5.9636 5.7872900000000005 6.0426400000000005 6.37991 6.6318 6.7058599999999995 2.77828 
2.51799 2.8342099999999997 2.9278 0 3.17819 5.25107 5.30397 5.80368 6.0665 6.12656 5.4195400000000005 5.46949 5.6688600000000005 5.74654 6.0320800000000006 5.5802 5.8072099999999995 5.81194 5.83699 5.9771399999999995 5.8008299999999995 6.0561799999999995 6.39345 6.64534 6.7194 2.79182 
2.7548399999999997 3.07106 3.16465 3.17819 0 5.487920000000001 5.54082 6.04053 6.30335 6.36341 5.65639 5.70634 5.90571 5.98339 6.268929999999999 5.81705 6.04406 6.04879 6.073840000000001 6.21399 6.03768 6.29303 6.6303 6.8821900000000005 6.956250000000001 3.02867 
4.82772 5.143940000000001 5.2375300000000005 5.25107 5.48792 0 2.1409000000000002 2.64061 2.90343 2.96349 5.08697 5.13692 5.33629 5.41397 5.69951 5.24763 5.47464 5.47937 5.50442 5.64457 5.468259999999999 5.723609999999999 6.060879999999999 6.3127699999999995 6.38683 2.45925 
4.88062 5.19684 5.290430000000001 5.3039700000000005 5.54082 2.1409000000000002 0 2.69351 2.95633 3.01639 5.13987 5.18982 5.38919 5.46687 5.752409999999999 5.30053 5.52754 5.5322700000000005 5.557320000000001 5.69747 5.52116 5.77651 6.11378 6.365670000000001 6.439730000000001 2.51215 
5.38033 5.69655 5.79014 5.80368 6.0405299999999995 2.64061 2.69351 0 3.45604 3.5161 5.6395800000000005 5.68953 5.8889000000000005 5.96658 6.25212 5.80024 6.0272499999999996 6.03198 6.057029999999999 6.1971799999999995 6.02087 6.27622 6.61349 6.86538 6.939439999999999 3.01186 
5.64315 5.95937 6.052960000000001 6.0665000000000004 6.30335 2.90343 2.95633 3.45604 0 3.77892 5.9024 5.95235 6.15172 6.2294 6.514939999999999 6.06306 6.29007 6.2948 6.319850000000001 6.46 6.28369 6.53904 6.87631 7.1282000000000005 7.202260000000001 3.27468 
5.70321 6.01943 6.113020000000001 6.1265600000000004 6.36341 2.96349 3.01639 3.5161 3.77892 0 5.96246 6.01241 6.21178 6.28946 6.574999999999999 6.12312 6.35013 6.35486 6.379910000000001 6.52006 6.34375 6.5991 6.93637 7.1882600000000005 7.262320000000001 3.33474 
4.99619 5.31241 5.406000000000001 5.4195400000000005 5.65639 5.086970000000001 5.13987 5.6395800000000005 5.9024 5.96246 0 2.18277 2.38214 2.45982 2.74536 5.4161 5.64311 5.64784 5.672890000000001 5.81304 5.63673 5.89208 6.22935 6.481240000000001 6.555300000000001 2.62772 
5.04614 5.362360000000001 5.4559500000000005 5.46949 5.70634 5.13692 5.189819999999999 5.6895299999999995 5.952349999999999 6.012409999999999 2.18277 0 2.43209 2.50977 2.7953099999999997 5.46605 5.69306 5.69779 5.72284 5.86299 5.686679999999999 5.942029999999999 6.279299999999999 6.53119 6.60525 2.67767 
5.24551 5.561730000000001 5.655320000000001 5.6688600000000005 5.90571 5.33629 5.389189999999999 5.8889 6.151719999999999 6.211779999999999 2.38214 2.43209 0 2.70914 2.99468 5.66542 5.89243 5.89716 5.92221 6.06236 5.886049999999999 6.141399999999999 6.478669999999999 6.73056 6.80462 2.87704 
5.32319 5.63941 5.7330000000000005 5.74654 5.98339 5.413970000000001 5.46687 5.96658 6.2294 6.28946 2.45982 2.50977 2.70914 0 3.0723599999999998 5.7431 5.97011 5.97484 5.999890000000001 6.14004 5.96373 6.21908 6.55635 6.8082400000000005 6.882300000000001 2.95472 
5.60873 5.924950000000001 6.018540000000001 6.0320800000000006 6.26893 5.69951 5.752409999999999 6.25212 6.514939999999999 6.574999999999999 2.74536 2.7953099999999997 2.99468 3.0723599999999998 0 6.02864 6.25565 6.2603800000000005 6.28543 6.42558 6.249269999999999 6.504619999999999 6.841889999999999 7.09378 7.16784 3.24026 
5.15685 5.47307 5.566660000000001 5.5802000000000005 5.81705 5.247630000000001 5.30053 5.8002400000000005 6.06306 6.12312 5.4161 5.46605 5.66542 5.7431 6.028639999999999 0 2.26713 2.27186 2.29691 2.43706 5.79739 6.05274 6.39001 6.641900000000001 6.715960000000001 2.78838 
5.38386 5.70008 5.7936700000000005 5.80721 6.04406 5.474640000000001 5.52754 6.02725 6.29007 6.35013 5.64311 5.69306 5.89243 5.97011 6.255649999999999 2.26713 0 2.49887 2.52392 2.6640699999999997 6.0244 6.27975 6.61702 6.8689100000000005 6.942970000000001 3.01539 
5.38859 5.70481 5.7984 5.81194 6.0487899999999994 5.479369999999999 5.53227 6.03198 6.2947999999999995 6.3548599999999995 5.64784 5.69779 5.89716 5.97484 6.26038 2.27186 2.49887 0 2.52865 2.6688 6.02913 6.28448 6.62175 6.87364 6.947699999999999 3.02012 
5.41364 5.72986 5.82345 5.83699 6.07384 5.50442 5.557319999999999 6.057029999999999 6.319849999999999 6.379909999999999 5.67289 5.72284 5.92221 5.99989 6.28543 2.29691 2.52392 2.52865 0 2.6938500000000003 6.054179999999999 6.309529999999999 6.646799999999999 6.898689999999999 6.97275 3.0451699999999997 
5.55379 5.870010000000001 5.9636000000000005 5.97714 6.21399 5.64457 5.697469999999999 6.1971799999999995 6.459999999999999 6.520059999999999 5.81304 5.86299 6.06236 6.14004 6.42558 2.43706 2.6640699999999997 2.6688 2.6938500000000003 0 6.194329999999999 6.449679999999999 6.786949999999999 7.0388399999999995 7.1129 3.18532 
5.37748 5.6937 5.7872900000000005 5.80083 6.03768 5.468260000000001 5.52116 6.02087 6.28369 6.34375 5.63673 5.68668 5.88605 5.96373 6.249269999999999 5.79739 6.0244 6.02913 6.054180000000001 6.19433 0 2.28803 2.6253 2.8771899999999997 2.95125 3.00901 
5.63283 5.94905 6.0426400000000005 6.05618 6.29303 5.723610000000001 5.77651 6.27622 6.53904 6.5991 5.89208 5.94203 6.1414 6.21908 6.504619999999999 6.05274 6.27975 6.28448 6.3095300000000005 6.44968 2.28803 0 2.88065 3.1325399999999997 3.2066 3.26436 
5.9701 6.28632 6.379910000000001 6.3934500000000005 6.6303 6.060880000000001 6.11378 6.6134900000000005 6.87631 6.93637 6.22935 6.2793 6.47867 6.55635 6.841889999999999 6.39001 6.61702 6.6217500000000005 6.646800000000001 6.78695 2.6253 2.88065 0 3.46981 3.54387 3.60163 
6.22199 6.538209999999999 6.6318 6.64534 6.88219 6.31277 6.36567 6.86538 7.1282 7.18826 6.48124 6.53119 6.73056 6.80824 7.093779999999999 6.6419 6.86891 6.87364 6.89869 7.0388399999999995 2.8771899999999997 3.1325399999999997 3.46981 0 3.7957599999999996 3.8535199999999996 
6.29605 6.6122700000000005 6.70586 6.7194 6.95625 6.38683 6.439729999999999 6.939439999999999 7.202259999999999 7.262319999999999 6.5553 6.60525 6.80462 6.8823 7.16784 6.71596 6.94297 6.9477 6.97275 7.1129 2.95125 3.2066 3.54387 3.7957599999999996 0 3.92758 
2.3684700000000003 2.68469 2.77828 2.79182 3.02867 2.45925 2.51215 3.01186 3.27468 3.33474 2.62772 2.67767 2.87704 2.95472 3.24026 2.78838 3.01539 3.02012 3.0451699999999997 3.18532 3.00901 3.26436 3.60163 3.8535199999999996 3.92758 0 
