10
building16 building3 building5 building4 building21 building6 building1 building2 building11 Soda
0 1.05281 3.60206 3.3982400000000004 5.31993 5.25075 4.1931 4.24169 6.0232 2.24208 
1.05281 0 2.54925 2.3454300000000003 4.26712 4.19794 3.1402900000000002 3.18888 4.97039 1.18927 
3.60206 2.54925 0 2.51614 4.43783 4.36865 3.311 3.35959 5.1411 1.35998 
3.3982400000000004 2.3454300000000003 2.51614 0 1.92169 4.16483 3.10718 3.1557700000000004 4.93728 1.15616 
5.31993 4.26712 4.43783 1.92169 0 6.086519999999999 5.0288699999999995 5.07746 6.85897 3.0778499999999998 
5.25075 4.19794 4.36865 4.16483 6.08652 0 1.05765 5.00828 6.78979 3.00867 
4.1931 3.1402900000000002 3.311 3.10718 5.0288699999999995 1.05765 0 3.9506300000000003 5.73214 1.95102 
4.24169 3.18888 3.35959 3.1557700000000004 5.07746 5.00828 3.9506300000000003 0 1.78151 1.99961 
6.0232 4.97039 5.1411 4.93728 6.85897 6.78979 5.73214 1.78151 0 3.78112 
2.24208 1.18927 1.35998 1.15616 3.0778499999999998 3.00867 1.95102 1.99961 3.78112 0 
