38
4 28 23 30 10 19 24 29 17 16 21 2 27 36 13 20 8 14 33 22 37 34 26 3 25 9 11 5 1 32 7 35 18 57 75 15 59 0
0 5.28704 9.64298 7.34361 5.72619 8.51341 8.31169 8.25022 8.97783 7.75618 7.16284 8.33595 9.51935 9.52548 9.70254 9.3611 8.85328 8.73016 8.59087 9.18217 6.1772 7.64219 8.70911 8.01951 6.21969 6.27982 6.36388 5.43169 9.82698 6.90436 9.69624 9.09629 8.04277 7.07584 7.00211 9.89251 8.72915 5.15395 
5.28704 0 5.1072 5.38706 5.20501 6.8605 7.14768 7.04411 5.67086 7.2619 6.92081 7.0312 7.03217 8.29743 7.27383 7.22902 9.22575 8.31763 8.2376 9.58922 9.15952 6.11646 5.26616 7.51576 8.83498 9.02472 9.47177 7.31734 5.98995 6.03211 7.52513 6.77564 9.71914 5.28031 6.40001 6.12855 6.99866 6.91184 
9.64298 5.1072 0 5.02083 9.22042 7.88621 9.85135 8.72304 6.21004 8.06471 9.17387 8.70276 6.87611 6.90027 6.96295 5.97313 5.99961 6.04532 6.22805 5.57631 9.03613 9.16963 6.23573 9.62442 7.77055 8.91161 6.90056 8.48545 6.76192 8.47039 7.66898 5.16587 5.45743 5.27623 9.21748 5.65357 7.6401 5.34694 
7.34361 5.38706 5.02083 0 5.01097 9.20604 9.83702 9.95747 5.98255 6.97524 6.59473 8.73302 7.29299 7.74546 7.51087 8.03922 9.05053 8.994 9.02876 6.90928 9.18238 5.85771 5.66475 5.87091 9.82214 6.16785 7.0198 8.53414 7.72046 7.19784 8.32099 5.98662 5.85774 5.33851 6.01858 6.18471 7.53363 7.31416 
5.72619 5.20501 9.22042 5.01097 0 5.15913 9.07894 5.86945 6.99515 8.82892 6.90148 8.29646 7.78044 7.74081 7.92269 8.45115 8.69851 7.78125 7.97956 6.68625 7.46661 9.58948 7.07968 6.60175 6.4769 5.29402 5.8645 6.31583 9.76542 9.31325 8.33026 7.46163 5.84761 5.01042 9.03893 6.50871 8.44908 8.39897 
8.51341 6.8605 7.88621 9.20604 5.15913 0 5.01778 5.84027 9.53182 5.24744 7.04105 9.86622 5.77767 6.06962 6.02463 6.93171 6.93005 7.39155 7.20297 5.88795 7.92811 9.73513 9.08885 6.76624 8.71788 7.23428 7.87848 7.63625 6.48825 9.21866 6.19451 7.34746 9.76478 8.89089 9.20481 5.30153 5.46909 7.5587 
8.31169 7.14768 9.85135 9.83702 9.07894 5.01778 0 5.06489 9.20014 6.81136 5.91278 6.26588 5.5413 8.8762 5.78846 5.79502 8.88714 6.8242 6.70811 9.85353 7.13588 5.68228 8.77176 5.44249 9.16586 7.07733 8.23603 7.66252 9.45796 9.23644 8.31921 9.64585 9.46143 9.61026 5.74146 9.78033 5.38506 5.68056 
8.25022 7.04411 8.72304 9.95747 5.86945 5.84027 5.06489 0 5.03575 6.07982 7.72633 5.12167 6.19897 6.61952 6.44111 7.75834 7.76915 8.08873 7.88989 6.55847 7.92913 5.5306 9.5998 5.93428 9.53883 7.01641 8.4371 8.42876 7.24646 9.32536 6.66341 6.59303 5.45639 9.63272 5.02074 5.86455 5.77848 8.39896 
8.97783 5.67086 6.21004 5.98255 6.99515 9.53182 9.20014 5.03575 0 5.34249 8.18522 8.65993 6.3618 8.6952 6.60306 8.44532 5.6329 7.37756 7.49427 7.84093 7.29763 5.81257 5.44324 5.55781 8.35133 8.86527 6.19913 8.00846 9.74749 7.36125 9.16494 6.57521 6.83794 5.87346 5.16805 5.92866 6.6123 8.83077 
7.75618 7.2619 8.06471 6.97524 8.82892 5.24744 6.81136 6.07982 5.34249 0 5.05479 5.70045 6.48796 9.27125 6.66824 8.51003 7.08117 9.04352 9.16827 8.03896 5.99645 6.15381 5.1473 7.01231 8.50948 6.76143 8.8444 7.72934 8.92548 7.11167 9.98058 7.37981 7.54312 7.21413 6.17713 5.249 6.95452 7.73817 
7.16284 6.92081 9.17387 6.59473 6.90148 7.04105 5.91278 7.72633 8.18522 5.05479 0 5.06975 8.15145 9.24367 8.14459 5.35131 9.09722 9.6515 9.84494 8.07718 9.35652 6.02698 8.48131 8.41693 6.85234 6.94853 7.68086 7.10384 6.65669 5.47962 9.89345 9.31899 7.38506 6.65304 5.58083 7.28477 9.06334 5.25297 
8.33595 7.0312 8.70276 8.73302 8.29646 9.86622 6.26588 5.12167 8.65993 5.70045 5.06975 0 5.01972 7.63422 5.26274 5.21475 7.75703 6.2976 6.21277 8.58949 7.38507 9.55273 8.25024 5.68907 7.911 7.0628 7.47204 6.40313 8.95996 9.01058 7.14982 5.09531 8.26216 8.54866 9.69464 9.14745 9.97009 9.94535 
9.51935 7.03217 6.87611 7.29299 7.78044 5.77767 5.5413 6.19897 6.3618 6.48796 8.15145 5.01972 0 5.02141 5.24829 9.80502 6.45596 8.72898 8.83422 9.12433 8.60619 7.06482 6.77288 6.61168 9.25146 9.75287 7.56055 9.07166 6.09678 7.63763 5.50827 7.6785 8.15052 7.20056 6.4377 6.27221 5.93285 5.18449 
9.52548 8.29743 6.90027 7.74546 7.74081 6.06962 8.8762 6.61952 8.6952 9.27125 9.24367 7.63422 5.02141 0 5.24312 5.51842 6.07611 6.57238 6.56806 6.32437 9.55808 8.21748 8.35707 7.40256 5.54968 8.26709 8.19537 9.02749 9.70176 9.70026 5.77892 7.11167 6.89493 7.82193 8.70368 8.92882 5.21513 9.91296 
9.70254 7.27383 6.96295 7.51087 7.92269 6.02463 5.78846 6.44111 6.60306 6.66824 8.14459 5.26274 5.24829 5.24312 0 5.04801 6.57357 8.97427 9.08096 9.33374 8.85448 7.26784 7.01864 6.84475 9.37719 9.97365 7.80207 9.23072 6.34274 7.80872 5.73612 7.91509 8.36859 7.42351 6.64559 6.42607 6.03565 5.41815 
9.3611 7.22902 5.97313 8.03922 8.45115 6.93171 5.79502 7.75834 8.44532 8.51003 5.35131 5.21475 9.80502 5.51842 5.04801 0 5.03254 6.09789 6.05668 9.93395 9.03453 8.28117 8.03714 8.65136 7.0195 8.27447 7.75982 6.10314 6.35011 9.19226 5.87872 9.26672 8.81341 7.81195 7.64642 8.98546 9.80582 5.79767 
8.85328 9.22575 5.99961 9.05053 8.69851 6.93005 8.88714 7.76915 5.6329 7.08117 9.09722 7.75703 6.45596 6.07611 6.57357 5.03254 0 5.18934 5.36353 9.76191 8.03759 8.20768 5.59906 8.67877 7.815 8.05626 5.90588 8.06132 5.7743 7.8021 6.83207 9.19157 9.53504 9.29528 8.2222 5.19462 7.14615 9.37913 
8.73016 8.31763 6.04532 8.994 7.78125 7.39155 6.8242 8.08873 7.37756 9.04352 9.6515 6.2976 8.72898 6.57238 8.97427 6.09789 5.18934 0 5.20252 5.90328 9.95971 9.08261 6.95621 8.84809 7.48976 7.86863 8.85331 6.75024 7.36993 8.21187 6.96008 9.68046 9.80955 8.80659 8.41639 8.00396 8.70819 6.68236 
8.59087 8.2376 6.22805 9.02876 7.97956 7.20297 6.70811 7.88989 7.49427 9.16827 9.84494 6.21277 8.83422 6.56806 9.08096 6.05668 5.36353 5.20252 0 5.93632 9.8162 9.15813 7.06366 8.64565 7.63136 7.69287 8.78443 6.8628 7.26571 8.16933 6.93539 9.48223 9.83135 8.82715 8.49569 8.15728 8.76763 6.71563 
9.18217 9.58922 5.57631 6.90928 6.68625 5.88795 9.85353 6.55847 7.84093 8.03896 8.07718 8.58949 9.12433 6.32437 9.33374 9.93395 9.76191 5.90328 5.93632 0 5.03366 7.09681 7.54185 7.42359 9.34214 7.97177 8.19208 7.82304 9.41744 9.10565 7.09787 7.33062 6.13953 7.12406 7.68894 7.96936 9.41249 9.2229 
6.1772 9.15952 9.03613 9.18238 7.46661 7.92811 7.13588 7.92913 7.29763 5.99645 9.35652 7.38507 8.60619 9.55808 8.85448 9.03453 8.03759 9.95971 9.8162 5.03366 0 5.01407 6.85867 8.35756 8.9658 9.94171 7.1694 7.5759 7.70119 7.13559 9.32739 7.71062 9.20284 8.8667 9.82429 7.96253 8.37162 9.14246 
7.64219 6.11646 9.16963 5.85771 9.58948 9.73513 5.68228 5.5306 5.81257 6.15381 6.02698 9.55273 7.06482 8.21748 7.26784 8.28117 8.20768 9.08261 9.15813 7.09681 5.01407 0 5.54352 6.46017 9.07002 6.53207 7.84484 7.90114 8.28966 7.28225 8.88929 6.67636 6.40547 6.14937 5.66888 5.88773 7.40699 7.48989 
8.70911 5.26616 6.23573 5.66475 7.07968 9.08885 8.77176 9.5998 5.44324 5.1473 8.48131 8.25024 6.77288 8.35707 7.01864 8.03714 5.59906 6.95621 7.06366 7.54185 6.85867 5.54352 0 5.13896 8.26491 8.49451 5.79606 7.84474 9.32411 7.24094 8.80711 6.14611 6.51597 5.53913 9.88871 6.30317 6.87065 8.46508 
8.01951 7.51576 9.62442 5.87091 6.60175 6.76624 5.44249 5.93428 5.55781 7.01231 8.41693 5.68907 6.61168 7.40256 6.84475 8.65136 8.67877 8.84809 8.64565 7.42359 8.35756 6.46017 5.13896 0 5.47306 6.99353 9.26005 9.35617 8.17201 9.45287 7.38506 6.11476 6.33795 5.54268 5.95475 6.43485 6.07891 9.32014 
6.21969 8.83498 7.77055 9.82214 6.4769 8.71788 9.16586 9.53883 8.35133 8.50948 6.85234 7.911 9.25146 5.54968 9.37719 7.0195 7.815 7.48976 7.63136 9.34214 8.9658 9.07002 8.26491 5.47306 0 5.26278 6.83048 6.52427 7.32589 5.39791 6.31175 5.74355 9.80655 5.15616 9.5193 7.98334 9.90619 6.24482 
6.27982 9.02472 8.91161 6.16785 5.29402 7.23428 7.07733 7.01641 8.86527 6.76143 6.94853 7.0628 9.75287 8.26709 9.97365 8.27447 8.05626 7.86863 7.69287 7.97177 9.94171 6.53207 8.49451 6.99353 5.26278 0 5.09392 9.37723 8.58048 7.46102 8.42257 8.10827 6.83304 5.8855 5.91385 9.78725 9.13835 9.07101 
6.36388 9.47177 6.90056 7.0198 5.8645 7.87848 8.23603 8.4371 6.19913 8.8444 7.68086 7.47204 7.56055 8.19537 7.80207 7.75982 5.90588 8.85331 8.78443 8.19208 7.1694 7.84484 5.79606 9.26005 6.83048 5.09392 0 5.48638 6.60799 6.73719 8.3359 9.14548 7.17886 6.69881 7.68368 6.67552 7.55206 7.48295 
5.43169 7.31734 8.48545 8.53414 6.31583 7.63625 7.66252 8.42876 8.00846 7.72934 7.10384 6.40313 9.07166 9.02749 9.23072 6.10314 8.06132 6.75024 6.8628 7.82304 7.5759 7.90114 7.84474 9.35617 6.52427 9.37723 5.48638 0 6.18416 9.84089 9.79265 9.52015 8.37712 8.87251 8.47126 7.80557 9.6126 5.30622 
9.82698 5.98995 6.76192 7.72046 9.76542 6.48825 9.45796 7.24646 9.74749 8.92548 6.65669 8.95996 6.09678 9.70176 6.34274 6.35011 5.7743 7.36993 7.26571 9.41744 7.70119 8.28966 9.32411 8.17201 7.32589 8.58048 6.60799 6.18416 0 5.12999 9.92183 8.45454 8.28676 7.40301 7.8117 5.32939 6.01071 6.50473 
6.90436 6.03211 8.47039 7.19784 9.31325 9.21866 9.23644 9.32536 7.36125 7.11167 5.47962 9.01058 7.63763 9.70026 7.80872 9.19226 7.8021 8.21187 8.16933 9.10565 7.13559 7.28225 7.24094 9.45287 5.39791 7.46102 6.73719 9.84089 5.12999 0 5.01456 5.567 7.99811 6.99409 6.61371 8.19963 6.82481 9.88393 
9.69624 7.52513 7.66898 8.32099 8.33026 6.19451 8.31921 6.66341 9.16494 9.98058 9.89345 7.14982 5.50827 5.77892 5.73612 5.87872 6.83207 6.96008 6.93539 7.09787 9.32739 8.88929 8.80711 7.38506 6.31175 8.42257 8.3359 9.79265 9.92183 5.01456 0 6.98041 7.5084 8.33622 9.31896 9.45731 5.64617 5.34232 
9.09629 6.77564 5.16587 5.98662 7.46163 7.34746 9.64585 6.59303 6.57521 7.37981 9.31899 5.09531 7.6785 7.11167 7.91509 9.26672 9.19157 9.68046 9.48223 7.33062 7.71062 6.67636 6.14611 6.11476 5.74355 8.10827 9.14548 9.52015 8.45454 5.567 6.98041 0 6.31565 5.64861 6.25315 7.42707 7.17542 9.82005 
8.04277 9.71914 5.45743 5.85774 5.84761 9.76478 9.46143 5.45639 6.83794 7.54312 7.38506 8.26216 8.15052 6.89493 8.36859 8.81341 9.53504 9.80955 9.83135 6.13953 9.20284 6.40547 6.51597 6.33795 9.80655 6.83304 7.17886 8.37712 8.28676 7.99811 7.5084 6.31565 0 6.0042 6.81567 7.04061 8.3833 8.12766 
7.07584 5.28031 5.27623 5.33851 5.01042 8.89089 9.61026 9.63272 5.87346 7.21413 6.65304 8.54866 7.20056 7.82193 7.42351 7.81195 9.29528 8.80659 8.82715 7.12406 8.8667 6.14937 5.53913 5.54268 5.15616 5.8855 6.69881 8.87251 7.40301 6.99409 8.33622 5.64861 6.0042 0 6.14602 6.12448 7.40186 7.12565 
7.00211 6.40001 9.21748 6.01858 9.03893 9.20481 5.74146 5.02074 5.16805 6.17713 5.58083 9.69464 6.4377 8.70368 6.64559 7.64642 8.2222 8.41639 8.49569 7.68894 9.82429 5.66888 9.88871 5.95475 9.5193 5.91385 7.68368 8.47126 7.8117 6.61371 9.31896 6.25315 6.81567 6.14602 0 5.28199 6.75555 6.8496 
9.89251 6.12855 5.65357 6.18471 6.50871 5.30153 9.78033 5.86455 5.92866 5.249 7.28477 9.14745 6.27221 8.92882 6.42607 8.98546 5.19462 8.00396 8.15728 7.96936 7.96253 5.88773 6.30317 6.43485 7.98334 9.78725 6.67552 7.80557 5.32939 8.19963 9.45731 7.42707 7.04061 6.12448 5.28199 0 6.98982 9.21798 
8.72915 6.99866 7.6401 7.53363 8.44908 5.46909 5.38506 5.77848 6.6123 6.95452 9.06334 9.97009 5.93285 5.21513 6.03565 9.80582 7.14615 8.70819 8.76763 9.41249 8.37162 7.40699 6.87065 6.07891 9.90619 9.13835 7.55206 9.6126 6.01071 6.82481 5.64617 7.17542 8.3833 7.40186 6.75555 6.98982 0 5.30828 
5.15395 6.91184 5.34694 7.31416 8.39897 7.5587 5.68056 8.39896 8.83077 7.73817 5.25297 9.94535 5.18449 9.91296 5.41815 5.79767 9.37913 6.68236 6.71563 9.2229 9.14246 7.48989 8.46508 9.32014 6.24482 9.07101 7.48295 5.30622 6.50473 9.88393 5.34232 9.82005 8.12766 7.12565 6.8496 9.21798 5.30828 0 
