18
5 16 8 10 15 17 14 20 1 19 3 12 9 6 11 18 2 0
0 54.5868 61.2265 126.317 156.111 160.169 135.005 122.063 123.683 152.725 187.123 189.892 187.545 180.469 109.728 67.5423 128.063 51.7045 
54.5868 0 41.6235 76.5784 104.98 106.85 80.8705 70.2006 78.5097 104.949 140.246 140.239 135.229 127.452 76.888 50.8625 114.009 86.8556 
61.2265 41.6235 0 73.9702 103.892 112.658 103.787 100.651 115.486 138.601 173.575 170.5 161.125 151.887 118.118 90.7007 155.141 63.5908 
126.317 76.5784 73.9702 0 30.1742 39.903 55.6251 69.023 95.3085 103.183 132.035 122.355 105.88 95.3289 117.29 116.952 165.929 137.31 
156.111 104.98 103.892 30.1742 0 18.5732 60.0793 79.7091 106.588 106.031 128.697 115.737 95.745 85.2536 133.51 140.812 182.949 166.943 
160.169 106.85 112.658 39.903 18.5732 0 47.5512 68.9065 94.9498 90.6365 111.156 97.6477 77.3054 66.8731 123.983 136.759 173.199 176.245 
135.005 80.8705 103.787 55.6251 60.0793 47.5512 0 21.9578 47.3986 47.831 76.9619 69.2634 57.3726 48.1563 77.0663 96.191 125.952 163.891 
122.063 70.2006 100.651 69.023 79.7091 68.9065 21.9578 0 27.0021 38.6343 73.0272 70.4999 65.4895 58.6569 55.1963 76.2681 104.295 156.473 
123.683 78.5097 115.486 95.3085 106.588 94.9498 47.3986 27.0021 0 29.765 63.4403 67.7392 71.6096 68.4346 32.1598 65.7353 79.1993 164.739 
152.725 104.949 138.601 103.183 106.031 90.6365 47.831 38.6343 29.765 0 35.3248 37.9836 44.6856 44.3623 57.5697 95.2956 97.3244 191.791 
187.123 140.246 173.575 132.035 128.697 111.156 76.9619 73.0272 63.4403 35.3248 0 17.8466 39.8707 47.4643 85.2009 126.759 113.781 227.069 
189.892 140.239 170.5 122.355 115.737 97.6477 69.2634 70.4999 67.7392 37.9836 17.8466 0 22.6898 31.5575 94.081 133.224 127.678 226.867 
187.545 135.229 161.125 105.88 95.745 77.3054 57.3726 65.4895 71.6096 44.6856 39.8707 22.6898 0 10.6425 101.878 136.661 141.256 220.393 
180.469 127.452 151.887 95.3289 85.2536 66.8731 48.1563 58.6569 68.4346 44.3623 47.4643 31.5575 10.6425 0 99.8065 132.178 141.682 211.856 
109.728 76.888 118.118 117.29 133.51 123.983 77.0663 55.1963 32.1598 57.5697 85.2009 94.081 101.878 99.8065 0 43.5771 49.4407 156.678 
67.5423 50.8625 90.7007 116.952 140.812 136.759 96.191 76.2681 65.7353 95.2956 126.759 133.224 136.661 132.178 43.5771 0 65.2432 116.967 
128.063 114.009 155.141 165.929 182.949 173.199 125.952 104.295 79.1993 97.3244 113.781 127.678 141.256 141.682 49.4407 65.2432 0 179.444 
51.7045 86.8556 63.5908 137.31 166.943 176.245 163.891 156.473 164.739 191.791 227.069 226.867 220.393 211.856 156.678 116.967 179.444 0 
