46
CV AP BY DD CZ CD CF BD DV AV AU AM BZ AN AL BN CS BL AZ AY CP BV AT DL DC BU DS CA CU BF CN AJ AF CL DM CB DI DF BP BG BC DU DO AW DP CH
0 52.4646 115.9675 130.6011 129.1331 137.0864 102.6745 94.781 147.16590000000002 120.3433 146.9496 173.4728 121.4349 161.8888 141.927 165.9717 127.6832 143.64569999999998 96.3244 150.3788 154.1279 96.27420000000001 61.8315 70.46889999999999 64.6137 120.8587 100.589 132.9891 113.0131 131.7038 165.5539 123.7958 162.7366 119.09039999999999 115.7572 124.74539999999999 59.8829 111.60900000000001 65.7549 134.5904 123.1303 181.7115 120.5696 144.8697 107.702 36.1623 
52.4646 0 63.5029 115.5971 155.9077 168.59629999999999 155.13909999999998 147.2456 161.89170000000001 126.35390000000001 174.78629999999998 144.1081 173.8995 168.3784 152.12099999999998 168.11270000000002 135.14170000000001 188.53879999999998 131.0111 177.4095 101.6633 122.6507 114.2961 80.66290000000001 74.8077 131.05270000000002 110.783 185.4537 80.8491 126.21010000000001 134.40980000000002 92.6517 150.4147 151.0752 135.4509 177.20999999999998 112.3475 152.68869999999998 118.2195 187.05499999999998 133.818 184.99360000000001 136.37470000000002 155.06369999999998 117.896 88.6269 
115.9675 63.5029 0 52.0942 92.4048 113.46509999999999 138.8964 150.3496 154.79520000000002 115.7442 157.99 133.4984 129.7723 170.2262 153.7421 132.74880000000002 71.6388 125.0359 151.893 164.71589999999998 107.0926 151.0556 107.7881 73.5664 76.4288 144.0471 123.7774 210.8067 144.352 115.60040000000001 197.8764 156.15460000000002 208.6932 177.47320000000002 171.32580000000002 173.0547 134.8732 192.7002 119.41560000000001 185.79160000000002 123.20830000000001 175.39839999999998 181.9314 156.6848 152.7871 91.7309 
130.6011 115.59710000000001 52.0942 0 40.3106 61.370900000000006 86.8022 126.3315 158.17239999999998 105.2131 163.3702 129.716 77.6781 118.132 155.4471 132.4272 71.3172 72.9417 141.6402 168.1637 154.3611 130.2866 134.8437 125.6606 128.523 134.6555 132.667 185.1474 163.1069 136.5144 164.4905 185.9173 214.53860000000003 128.0664 160.7338 120.9605 143.1696 208.04770000000002 167.8487 138.6251 102.00460000000001 123.30420000000001 172.7279 132.9599 153.939 101.8282 
129.1331 155.9077 92.4048 40.3106 0 21.0603 46.4916 86.0209 132.91469999999998 145.52370000000002 193.7789 170.0266 117.9887 131.2203 132.9342 125.24010000000001 111.62780000000001 113.25229999999999 103.0345 141.6187 161.39589999999998 134.6275 111.0265 140.7965 91.0057 94.3449 104.0044 144.83679999999998 146.3828 96.2038 133.5774 175.33550000000002 184.2822 87.7558 137.27339999999998 118.1234 115.3983 167.7371 180.32659999999998 132.5118 142.3152 82.9936 132.4173 92.6493 113.6284 92.9708 
137.0864 168.59629999999999 113.4651 61.370900000000006 21.0603 0 49.3444 88.8737 141.2586 166.584 194.34210000000002 166.4887 139.049 152.2806 146.55169999999998 146.3004 132.68810000000002 134.3126 81.9742 144.4715 182.4562 155.68779999999998 128.76549999999997 161.85680000000002 112.066 115.4052 125.0647 162.5758 136.92159999999998 99.0566 112.5171 154.27519999999998 163.2219 66.6955 116.2131 102.0038 118.25110000000001 188.79739999999998 187.29489999999998 135.3646 138.2137 61.9333 121.5641 95.5021 116.4812 100.9241 
102.6745 155.13909999999998 138.8964 86.8022 46.4916 49.3444 0 39.5293 91.9142 150.788 148.2436 153.7151 101.6772 142.1311 120.9901 166.3521 144.5901 159.7439 96.7048 95.1271 141.5769 131.5446 79.4211 113.6428 126.4137 110.0698 92.0603 113.2314 99.8912 49.7122 131.9882 144.773 172.48340000000002 116.03989999999999 123.4225 71.6318 68.9067 155.793 137.9505 86.0202 160.99349999999998 89.9836 100.8119 46.1577 67.1368 98.148 
94.781 147.2456 150.3496 126.3315 86.0209 88.8737 39.5293 0 52.3849 111.2587 169.4158 151.37630000000001 99.33840000000001 126.6103 135.9898 188.4281 139.24009999999998 148.37189999999998 118.7808 55.5978 137.2552 114.28020000000001 118.95039999999999 133.6137 159.39470000000003 149.59910000000002 131.5896 152.76069999999999 139.4205 89.2415 145.5687 105.24369999999999 163.0067 136.98669999999998 138.21359999999999 111.1611 108.436 194.1023 98.4212 125.5495 192.5232 119.3337 69.8219 85.687 106.6661 58.6187 
147.16590000000002 161.89170000000001 154.79520000000002 158.17239999999998 132.91469999999998 141.2586 91.9142 52.3849 0 58.8738 117.0309 172.2744 120.2365 144.2848 166.57760000000002 147.96519999999998 86.8552 139.1524 171.16570000000002 107.9827 129.5623 61.8953 114.2672 81.2288 131.01960000000003 187.26460000000003 166.99490000000003 154.7566 163.8517 141.6264 93.1838 125.0102 182.7732 157.88479999999998 188.316 146.38150000000002 156.2404 207.9665 150.80610000000001 177.93439999999998 140.13830000000002 143.76760000000002 122.2068 138.0719 126.3031 111.0036 
120.3433 126.35390000000001 115.7442 105.2131 145.5237 166.584 150.788 111.2587 58.8738 0 58.1571 134.8656 167.3955 126.9416 183.13709999999998 119.2681 80.74080000000001 134.7156 173.9007 102.7451 163.7939 119.3579 94.8689 129.0906 138.3997 139.29489999999998 159.56459999999998 204.60459999999998 142.3668 127.746 152.0576 182.4728 191.6455 119.378 148.5915 150.49540000000002 145.22379999999998 162.4343 161.08859999999999 127.6964 81.2645 130.25549999999998 181.0806 160.243 118.72749999999999 156.50560000000002 
146.9496 174.78629999999998 157.99 163.3702 193.7789 194.34210000000002 148.2436 169.4158 117.0309 58.1571 0 76.7085 112.3628 152.8167 187.21609999999998 166.203 138.8979 192.8727 161.223 160.9022 189.5413 164.36430000000001 111.9924 94.3989 144.18970000000002 154.096 145.36180000000002 221.7281 167.47039999999998 185.829 145.6186 187.37669999999997 190.64339999999999 177.5351 144.12900000000002 92.3383 87.0667 196.7466 165.3689 185.8535 139.4216 188.4126 195.3979 102.0859 133.4547 174.6736 
173.4728 144.1081 133.4984 129.716 170.0266 166.4887 153.7151 151.37630000000001 172.2744 134.8656 76.7085 0 52.0379 92.4918 129.8069 154.1618 200.4349 153.213 84.5145 155.6701 154.5941 146.3294 150.2194 171.10739999999998 157.7632 130.6843 110.41460000000001 184.0297 132.5232 110.8742 144.7868 168.2185 217.05610000000001 161.95 135.0936 138.9247 163.77519999999998 210.3705 114.6894 236.7314 193.6255 195.3706 171.6102 145.741 132.62290000000002 144.6766 
121.4349 173.8995 129.7723 77.6781 117.9887 139.049 101.6772 99.33840000000001 120.2365 167.39549999999997 112.3628 52.0379 0 40.4539 77.769 144.3218 148.9953 150.6198 115.46520000000001 154.9362 159.237 150.5534 98.1815 132.4032 155.0823 108.4586 128.7283 131.9918 137.6575 151.3894 151.1628 116.1806 173.9436 109.9121 83.0557 134.84640000000002 160.7492 212.4753 166.7273 186.5915 179.6827 162.3874 119.5723 93.7031 150.91230000000002 157.5972 
161.8888 168.3784 170.2262 118.132 131.2203 152.28060000000002 142.1311 126.6103 144.2848 126.9416 152.8167 92.4918 40.4539 0 70.2034 136.7562 146.272 175.4399 155.9191 150.59539999999998 118.7831 138.8416 138.6354 170.3701 147.51670000000001 148.9125 144.4779 157.7483 153.4374 174.3238 117.48479999999999 75.7267 133.4897 150.36599999999999 123.5096 175.3003 200.6754 214.1546 191.6967 227.04540000000003 168.3193 154.8218 96.0868 134.157 186.58239999999998 171.01979999999998 
141.927 152.12099999999998 153.7421 155.4471 132.9342 146.55169999999998 120.9901 135.9898 166.57760000000002 183.13709999999998 187.21609999999998 129.8069 77.769 70.2034 0 66.5528 127.6628 175.61399999999998 136.20010000000002 80.392 142.5621 160.1495 130.365 127.10409999999999 77.3133 105.4403 85.1706 172.1999 165.5558 155.6698 73.3938 115.1519 172.9149 161.029 160.8247 185.7246 189.89679999999998 148.9033 152.71640000000002 178.6323 182.6582 84.6184 145.7603 157.5693 157.46429999999998 178.08929999999998 
165.9717 168.11270000000002 132.74880000000002 132.4272 125.24010000000001 146.30040000000002 166.3521 188.4281 147.96519999999998 119.2681 166.203 154.1618 144.3218 136.7562 66.5528 0 61.11 115.0848 69.6473 140.80290000000002 190.76330000000002 164.8576 131.1054 165.3271 143.86610000000002 171.9931 151.7234 171.1205 125.9507 176.1297 139.9466 180.3503 191.0026 94.4762 139.6356 191.42630000000003 175.25549999999998 206.8805 212.6234 112.0795 123.0056 151.1712 184.2472 159.5424 153.2642 129.8094 
127.6832 135.14170000000001 71.6388 71.3172 111.62780000000001 132.68810000000002 144.5901 139.24009999999998 86.8552 80.74080000000001 138.8979 200.43489999999997 148.9953 146.272 127.6628 61.11 0 53.9748 122.6733 149.1968 150.2503 105.8143 110.37140000000001 144.5931 148.0676 139.1135 159.3832 161.4299 122.9979 170.0769 180.039 168.9292 190.0663 105.83439999999999 155.35199999999998 142.4857 114.1455 177.4802 151.5134 114.15279999999998 61.8956 194.62140000000002 191.74439999999998 98.4324 144.3233 155.4072 
143.6457 188.53879999999998 125.0359 72.9417 113.25229999999999 134.3126 159.7439 148.37189999999998 139.1524 134.7156 192.8727 153.213 150.6198 175.4399 175.61399999999998 115.0848 53.9748 0 68.6985 95.222 144.9241 77.2571 81.8142 116.0359 142.7517 154.91559999999998 134.64589999999998 190.5978 176.9727 157.87369999999999 166.4694 140.37199999999999 182.7193 159.80919999999998 165.7192 113.9285 168.1203 218.63729999999998 122.9562 168.12759999999997 115.8704 196.2459 179.1304 152.4072 141.6649 128.8606 
96.3244 131.0111 151.893 141.6402 103.0345 81.9742 96.7048 118.7808 171.16570000000002 173.9007 161.223 84.5145 115.46520000000001 155.91910000000001 136.20010000000002 69.6473 122.6733 68.6985 0 71.1556 152.813 145.58100000000002 93.2091 105.9942 100.139 156.38400000000001 136.11430000000001 127.01939999999999 188.38150000000002 146.417 183.925 153.62 194.1142 148.66969999999998 139.757 168.3366 147.769 178.01999999999998 161.5624 152.2169 184.56889999999999 143.9075 114.59989999999999 142.8625 134.0029 60.1621 
150.3788 177.4095 164.71589999999998 168.1637 141.6187 144.4715 95.1271 55.5978 107.9827 102.7451 160.9022 155.6701 154.93619999999999 150.59539999999998 80.392 140.80290000000002 149.1968 95.222 71.1556 0 81.6574 149.3244 118.7183 152.39260000000002 146.53740000000002 130.1189 109.84920000000001 196.87850000000003 195.0183 144.8393 153.7858 160.8415 218.6045 150.63600000000002 150.8401 166.75889999999998 164.03379999999999 173.58190000000002 154.019 181.1473 184.00959999999998 165.0104 125.4197 141.2848 162.26389999999998 114.2165 
154.1279 101.6633 107.0926 154.3611 161.39589999999998 182.4562 141.5769 137.2552 129.5623 163.7939 189.5413 154.5941 159.237 118.7831 142.5621 190.76330000000002 150.2503 144.9241 152.813 81.6574 0 67.667 120.0389 154.2606 150.3205 133.902 113.6323 200.66160000000002 142.0437 91.8647 172.54000000000002 130.7819 188.5449 188.8875 196.6455 152.1532 162.0121 177.365 161.1809 197.20589999999999 160.5854 223.12380000000002 205.50209999999998 187.7346 132.07479999999998 190.29020000000003 
96.27420000000001 122.6507 151.0556 130.2866 134.6275 155.6878 131.5446 114.28020000000001 61.8953 119.3579 164.3643 146.3294 150.5534 138.8416 160.1495 164.8576 105.8143 77.2571 145.581 149.3244 67.667 0 52.3719 86.5936 91.7786 148.0236 127.7539 161.15550000000002 165.56449999999998 128.4314 104.87299999999999 63.1149 120.8779 135.4685 135.6726 84.4862 94.3451 146.0712 93.51389999999999 152.7699 116.1494 155.4568 137.8351 172.0346 64.4078 123.9982 
61.8315 114.2961 107.7881 134.8437 111.0265 128.7655 79.4211 118.9504 114.2672 94.8689 111.9924 150.2194 98.1815 138.6354 130.365 131.1054 110.3714 81.8142 93.2091 118.7183 120.0389 52.3719 0 34.2217 60.9375 121.70490000000001 101.43520000000001 109.7357 146.4697 129.1333 157.24489999999997 115.48679999999999 100.9051 141.38549999999998 91.86789999999999 89.0433 121.7144 161.8935 98.071 108.4067 120.7065 158.4581 97.3162 125.5788 116.77969999999999 97.9938 
70.4689 80.66290000000001 73.5664 125.6606 140.7965 161.85680000000002 113.6428 133.6137 81.2288 129.0906 94.3989 171.10739999999998 132.4032 170.3701 127.1041 165.3271 144.5931 116.0359 105.9942 152.39260000000002 154.2606 86.5936 34.2217 0 49.790800000000004 106.0358 85.7661 143.9574 138.0333 163.355 174.4126 149.0035 135.1268 175.60719999999998 126.08959999999999 123.265 130.3518 127.67179999999999 111.2142 142.6284 154.9282 172.4997 111.3578 130.04680000000002 92.8791 106.6312 
64.61370000000001 74.8077 76.4288 128.523 91.0057 112.066 126.4137 159.3947 131.01960000000003 138.3997 144.18970000000002 157.76319999999998 155.0823 147.51670000000001 77.3133 143.86610000000002 148.0676 142.7517 100.139 146.5374 150.32049999999998 91.7786 60.9375 49.790800000000004 0 67.6183 47.3486 134.3779 88.2425 138.4215 150.7071 143.1483 161.8426 158.4686 142.8443 149.9808 124.4966 121.8166 105.35900000000001 169.3442 144.83620000000002 161.93169999999998 105.5026 80.256 80.151 100.77600000000001 
120.85870000000001 131.05270000000002 144.0471 134.6555 94.3449 115.4052 110.0698 149.5991 187.2646 139.29489999999998 154.096 130.6843 108.4586 148.9125 105.44030000000001 171.99310000000003 139.1135 154.91559999999998 156.38400000000001 130.1189 133.902 148.0236 121.70490000000001 106.0358 67.6183 0 20.2697 78.8491 138.3202 159.782 170.54590000000002 176.0318 222.61 182.1007 178.54000000000002 181.70159999999998 167.0777 140.2432 161.604 196.09 77.2179 177.3385 161.7476 147.8743 116.8337 157.02100000000002 
100.58900000000001 110.783 123.7774 132.667 104.0044 125.0647 92.0603 131.5896 166.9949 159.56459999999998 145.36180000000002 110.41460000000001 128.7283 144.4779 85.1706 151.7234 159.3832 134.64589999999998 136.11430000000001 109.84920000000001 113.6323 127.7539 101.43520000000001 85.7661 47.3486 20.2697 0 87.0293 124.8596 141.7725 150.27620000000002 155.7621 202.3403 191.7033 158.27030000000002 163.69209999999998 146.808 119.9735 141.3343 178.0805 97.4876 169.789 141.4779 127.6046 122.9992 136.75130000000001 
132.9891 185.4537 210.8067 185.14739999999998 144.83679999999998 162.5758 113.2314 152.76069999999999 154.7566 204.6046 221.72809999999998 184.02970000000002 131.9918 157.7483 172.1999 171.1205 161.4299 190.5978 127.01939999999999 196.87850000000003 200.66160000000002 161.15550000000002 109.7357 143.9574 134.3779 78.8491 87.0293 0 109.3186 159.4976 200.45159999999998 177.2406 195.9803 115.39590000000001 163.9204 184.8632 172.3034 207.0028 198.744 199.2516 156.067 192.26839999999999 131.1265 159.38909999999998 180.3682 169.15140000000002 
113.0131 80.8491 144.352 163.1069 146.3828 136.9216 99.8912 139.4205 163.8517 142.3668 167.47039999999998 132.5232 137.6575 153.4374 165.5558 125.9507 122.9979 176.9727 188.38150000000002 195.0183 142.0437 165.5645 146.4697 138.0333 88.2425 138.3202 124.8596 109.3186 0 50.179 132.45499999999998 132.0708 86.6617 70.2261 54.6018 106.3925 137.3723 189.0984 146.9704 158.13760000000002 61.1023 183.03879999999998 143.0586 146.0489 104.56400000000001 134.1967 
131.7038 126.21010000000001 115.60040000000001 136.5144 96.2038 99.0566 49.7122 89.2415 141.6264 127.746 185.829 110.8742 151.38940000000002 174.3238 155.6698 176.1297 170.0769 157.87369999999999 146.417 144.8393 91.8647 128.4314 129.13330000000002 163.35500000000002 138.4215 159.78199999999998 141.7725 159.4976 50.179 0 82.276 124.0341 136.8407 120.4051 104.7808 93.4907 118.6189 181.5008 96.79140000000001 135.7324 111.2813 132.8598 150.5241 95.8699 113.4469 147.8602 
165.5539 134.40980000000002 197.8764 164.4905 133.5774 112.5171 131.9882 145.5687 93.1838 152.0576 145.6186 144.7868 151.1628 117.48479999999999 73.3938 139.9466 180.039 166.4694 183.92499999999998 153.7858 172.54 104.87299999999999 157.24489999999997 174.4126 150.7071 170.5459 150.2762 200.45159999999998 132.45499999999998 82.276 0 41.7581 99.52109999999999 144.6498 95.1322 146.9229 184.8886 186.5261 111.1189 198.668 193.5573 50.5838 111.72569999999999 168.6491 169.2808 174.7271 
123.7958 92.6517 156.1546 185.9173 175.3355 154.27519999999998 144.773 105.24369999999999 125.0102 182.4728 187.37669999999997 168.2185 116.1806 75.7267 115.1519 180.3503 168.9292 140.372 153.62 160.8415 130.7819 63.1149 115.4868 149.0035 143.1483 176.0318 155.7621 177.2406 132.0708 124.0341 41.7581 0 57.763 138.1481 136.8903 147.6011 143.13049999999998 192.788 152.877 215.88479999999998 179.2643 92.3419 74.7202 168.0322 127.52269999999999 159.9581 
162.7366 150.4147 208.6932 214.5386 184.28220000000002 163.2219 172.48340000000002 163.0067 182.7732 191.6455 190.64339999999999 217.05610000000001 173.9436 133.4897 172.9149 191.0026 190.0663 182.71929999999998 194.11419999999998 218.6045 188.54489999999998 120.8779 100.9051 135.1268 161.8426 222.60999999999999 202.34029999999998 195.9803 86.6617 136.8407 99.52109999999999 57.763 0 96.5264 129.7132 129.1888 103.5767 160.15300000000002 198.97609999999997 209.3118 147.764 150.1049 132.4832 156.303 185.2857 191.1836 
119.09039999999999 151.0752 177.4732 128.0664 87.7558 66.6955 116.03989999999999 136.98669999999998 157.88479999999998 119.378 177.5351 161.95 109.9121 150.36599999999999 161.029 94.4762 105.83439999999999 159.80919999999998 148.66969999999998 150.63600000000002 188.8875 135.4685 141.38549999999998 175.60719999999998 158.4686 182.1007 191.7033 115.39590000000001 70.2261 120.4051 144.6498 138.1481 96.5264 0 49.5176 101.3083 119.9621 137.5186 177.51440000000002 152.79 116.1695 128.6288 149.1359 80.922 174.7901 129.1125 
115.7572 135.4509 171.32580000000002 160.7338 137.2734 116.2131 123.4225 138.21359999999999 188.316 148.5915 144.12900000000002 135.0936 83.0557 123.5096 160.8247 139.6356 155.352 165.7192 139.757 150.8401 196.6455 135.6726 91.86789999999999 126.08959999999999 142.8443 178.54000000000002 158.27030000000002 163.9204 54.6018 104.7808 95.1322 136.8903 129.7132 49.5176 0 51.7907 116.6532 187.0362 177.7185 103.5358 115.7041 145.716 189.1841 109.3378 153.4357 79.5949 
124.74539999999999 177.20999999999998 173.0547 120.9605 118.1234 102.0038 71.6318 111.1611 146.3815 150.49540000000002 92.3383 138.9247 134.84640000000002 175.30030000000002 185.7246 191.4263 142.4857 113.9285 168.3366 166.7589 152.1532 84.4862 89.0433 123.265 149.9808 181.70159999999998 163.69209999999998 184.8632 106.3925 93.4907 146.9229 147.6011 129.1888 101.3083 51.7907 0 64.8625 174.5424 130.18529999999998 155.3265 152.82080000000002 101.1062 162.2481 117.7895 138.7686 131.3856 
59.8829 112.3475 134.8732 143.1696 115.3983 118.25110000000001 68.9067 108.436 156.2404 145.22379999999998 87.0667 163.77519999999998 160.7492 200.6754 189.89679999999998 175.25549999999998 114.1455 168.1203 147.769 164.0338 162.0121 94.3451 121.7144 130.3518 124.49659999999999 167.0777 146.808 172.3034 137.3723 118.6189 184.8886 143.13049999999998 103.5767 119.9621 116.6532 64.8625 0 109.6799 125.6378 148.8525 121.2012 158.8903 159.88389999999998 115.0644 136.0435 87.6069 
111.60900000000001 152.68869999999998 192.7002 208.0477 167.7371 188.7974 155.793 194.1023 207.9665 162.4343 196.7466 210.3705 212.4753 214.1546 148.9033 206.88049999999998 177.4802 218.63729999999998 178.01999999999998 173.58190000000002 177.365 146.0712 161.8935 127.67179999999999 121.8166 140.2432 119.9735 207.0028 189.0984 181.5008 186.5261 192.78799999999998 160.15300000000002 137.5186 187.0362 174.5424 109.6799 0 95.6811 210.4108 172.9273 233.5217 183.3836 201.9507 164.9049 139.333 
65.7549 118.21950000000001 119.4156 167.8487 180.32659999999998 187.2949 137.9505 98.4212 150.80610000000001 161.08859999999999 165.3689 114.6894 166.7273 191.6967 152.71640000000002 212.6234 151.5134 122.9562 161.5624 154.019 161.1809 93.51389999999999 98.071 111.2142 105.359 161.60399999999998 141.33429999999998 198.744 146.9704 96.79140000000001 111.1189 152.877 198.9761 177.51440000000002 177.7185 130.18529999999998 125.6378 95.6811 0 140.296 161.8485 161.7027 166.926 184.1082 148.44729999999998 101.91720000000001 
134.5904 187.05499999999998 185.7916 138.6251 132.5118 135.3646 86.0202 125.5495 177.93439999999998 127.6964 185.8535 236.7314 186.5915 227.0454 178.6323 112.0795 114.15279999999998 168.12759999999997 152.2169 181.1473 197.20589999999999 152.7699 108.4067 142.6284 169.3442 196.09000000000003 178.0805 199.2516 158.1376 135.7324 198.668 215.8848 209.3118 152.79 103.5358 155.3265 148.8525 210.4108 140.296 0 124.4879 176.0038 186.8321 132.1779 153.15699999999998 170.7527 
123.1303 133.81799999999998 123.2083 102.00460000000001 142.3152 138.2137 160.9935 192.52320000000003 140.13830000000002 81.2645 139.4216 193.6255 179.6827 168.3193 182.6582 123.0056 61.8956 115.8704 184.56889999999999 184.00959999999998 160.5854 116.1494 120.7065 154.9282 144.8362 77.2179 97.4876 156.067 61.1023 111.2813 193.5573 179.2643 147.764 116.1695 115.7041 152.82080000000002 121.2012 172.9273 161.8485 124.4879 0 200.147 204.16089999999997 160.328 165.66629999999998 140.648 
181.7115 184.99360000000001 175.3984 123.30420000000001 82.9936 61.9333 89.9836 119.3337 143.76760000000002 130.25549999999998 188.4126 195.3706 162.3874 154.8218 84.6184 151.1712 194.6214 196.2459 143.9075 165.0104 223.1238 155.4568 158.4581 172.49970000000002 161.93169999999998 177.3385 169.789 192.26839999999999 183.0388 132.8598 50.5838 92.3419 150.1049 128.6288 145.716 101.1062 158.8903 233.5217 161.7027 176.0038 200.14700000000002 0 61.1419 136.1413 157.1204 162.85739999999998 
120.5696 136.37470000000002 181.9314 172.7279 132.4173 121.5641 100.8119 69.8219 122.2068 181.0806 195.3979 171.6102 119.5723 96.0868 145.7603 184.2472 191.74439999999998 179.1304 114.59989999999999 125.4197 205.5021 137.8351 97.3162 111.3578 105.5026 161.7476 141.4779 131.1265 143.0586 150.5241 111.72569999999999 74.7202 132.4832 149.1359 189.1841 162.2481 159.88389999999998 183.3836 166.92600000000002 186.8321 204.16090000000003 61.1419 0 93.312 148.5909 128.4406 
144.8697 155.06369999999998 156.6848 132.9599 92.6493 95.5021 46.1577 85.687 138.0719 160.243 102.0859 145.741 93.7031 134.157 157.5693 159.5424 98.4324 152.4072 142.86249999999998 141.2848 187.7346 172.0346 125.57879999999999 130.0468 80.256 147.8743 127.6046 159.38909999999998 146.0489 95.8699 168.6491 168.0322 156.303 80.922 109.3378 117.7895 115.0644 201.95069999999998 184.1082 132.1779 160.328 136.1413 93.312 0 113.2945 144.3057 
107.70200000000001 117.896 152.7871 153.939 113.6284 116.4812 67.1368 106.6661 126.3031 118.72749999999999 133.4547 132.62290000000002 150.91230000000002 186.5824 157.46429999999998 153.26420000000002 144.3233 141.6649 134.0029 162.2639 132.07479999999998 64.4078 116.77969999999999 92.8791 80.151 116.8337 122.9992 180.3682 104.56400000000001 113.4469 169.2808 127.52269999999999 185.2857 174.7901 153.4357 138.7686 136.0435 164.9049 148.4473 153.15699999999998 165.6663 157.1204 148.5909 113.2945 0 73.8408 
36.1623 88.6269 91.7309 101.8282 92.9708 100.9241 98.148 58.6187 111.0036 156.50560000000002 174.6736 144.6766 157.5972 171.01979999999998 178.08929999999998 129.8094 155.4072 128.8606 60.1621 114.2165 190.29020000000003 123.9982 97.9938 106.6312 100.776 157.02100000000002 136.75130000000001 169.1514 134.1967 147.8602 174.7271 159.9581 191.1836 129.1125 79.5949 131.3856 87.6069 139.333 101.91720000000001 170.7527 140.648 162.85739999999998 128.4406 144.3057 73.8408 0 
