23
BK BC AL AE BV BT AM BL BG AJ BB BU AU AZ BQ BE BA AO BS BW BJ BN AW
0 39.5594 49.731 62.305800000000005 108.6498 109.1733 181.5815 134.9588 97.9043 83.7473 110.1876 156.84730000000002 161.7593 171.10320000000002 174.34879999999998 188.269 203.08280000000002 249.7733 175.9093 156.9519 129.4604 200.29449999999997 33.9432 
39.5594 0 56.8512 69.426 115.77000000000001 69.6139 142.0221 151.496 105.02449999999999 90.8675 79.9671 126.6268 158.6728 131.5438 149.517 225.2921 215.925 231.2254 183.0295 184.5515 104.4808 160.7351 73.5026 
49.731 56.8512 0 12.5748 58.918800000000005 125.7245 181.18970000000002 139.8415 48.1733 34.0163 60.456599999999995 107.1163 112.0283 142.9437 129.9422 170.8015 181.5094 200.0423 126.17830000000001 128.0191 161.332 156.0837 83.6742 
62.305800000000005 69.426 12.5748 0 46.344 113.1497 185.5579 152.41629999999998 60.748099999999994 46.5911 47.8818 94.5415 124.6031 130.3689 117.43169999999999 183.37630000000001 194.0842 187.4675 113.6035 115.4443 163.31779999999998 168.6585 96.249 
108.6498 115.77000000000001 58.918800000000005 46.344 0 66.8057 139.2139 191.4953 107.0921 92.9351 94.22579999999999 140.88549999999998 170.94710000000003 176.7129 163.77569999999997 222.0861 208.6685 141.1235 67.2595 69.1003 149.171 215.0025 142.593 
109.1733 69.6139 125.72449999999999 113.1497 66.8057 0 72.4082 136.7662 173.8978 159.74079999999998 149.58100000000002 160.5548 222.8369 176.6295 145.4651 196.8939 198.5295 207.9292 134.0652 135.906 137.0469 195.9773 143.1165 
181.5815 142.0221 181.18970000000002 185.5579 139.2139 72.4082 0 64.358 156.0262 147.17340000000002 221.98919999999998 180.4275 203.15890000000002 143.687 165.33780000000002 156.1022 170.916 210.8394 136.9754 144.70940000000002 64.6387 123.5691 160.1559 
134.9588 151.496 139.8415 152.4163 191.4953 136.7662 64.358 0 91.6682 138.6173 200.2981 203.8295 201.88350000000003 152.8588 177.1742 91.7442 106.558 172.065 175.7177 122.395 128.9967 187.9271 168.902 
97.9043 105.02449999999999 48.1733 60.748099999999994 107.09209999999999 173.8978 156.02620000000002 91.6682 0 82.1896 108.62989999999999 155.2896 160.20159999999998 191.117 153.6006 144.9784 159.79219999999998 197.1154 174.3516 113.6613 144.8343 107.9104 131.8475 
83.7473 90.8675 34.0163 46.5911 92.9351 159.7408 147.17340000000002 138.6173 82.1896 0 94.4729 141.1326 146.0446 176.96 163.95850000000002 162.30689999999998 147.4931 215.0381 160.1946 162.0354 132.3844 190.1 117.69049999999999 
110.1876 79.9671 60.456599999999995 47.8818 94.22579999999999 149.58100000000002 221.9892 200.29809999999998 108.62989999999999 94.4729 0 46.6597 137.8022 112.618 69.5499 154.9799 155.6432 223.1882 161.4853 163.3261 176.7239 140.0542 87.6474 
156.8473 126.6268 107.1163 94.5415 140.8855 160.5548 180.4275 203.8295 155.2896 141.1326 46.6597 0 91.1425 159.27769999999998 116.2096 123.7973 108.9835 176.5285 205.6991 209.9858 223.3836 186.71390000000002 134.3071 
161.7593 158.6728 112.0283 124.6031 170.9471 222.8369 203.15890000000002 201.88350000000003 160.20159999999998 146.0446 137.8022 91.1425 0 80.5017 123.5698 110.1393 124.9531 192.49810000000002 238.2066 155.15439999999998 220.29109999999997 194.12529999999998 195.7025 
171.10320000000002 131.5438 142.9437 130.3689 176.7129 176.6295 143.687 152.8588 191.11700000000002 176.96 112.618 159.27769999999998 80.5017 0 43.0681 128.49810000000002 143.31190000000004 202.8286 233.6775 188.31500000000003 201.2369 113.6236 200.2654 
174.34879999999998 149.517 129.9422 117.43169999999999 163.7757 145.4651 165.33780000000002 177.1742 153.6006 163.95850000000002 69.5499 116.2096 123.5698 43.0681 0 85.43 100.24380000000001 167.7888 190.6094 145.2469 210.3836 150.6574 157.19729999999998 
188.269 225.2921 170.8015 183.37630000000001 222.08610000000002 196.89390000000003 156.1022 91.7442 144.9784 162.30689999999998 154.9799 123.7973 110.1393 128.49810000000002 85.43 0 14.8138 82.3588 156.2228 152.9858 162.4887 171.56380000000001 200.9043 
203.08280000000002 215.925 181.5094 194.0842 208.6685 198.52949999999998 170.916 106.558 159.7922 147.4931 155.6432 108.9835 124.9531 143.3119 100.24380000000001 14.8138 0 67.545 141.409 156.5983 147.67489999999998 156.75 215.7181 
249.7733 231.22539999999998 200.0423 187.4675 141.1235 207.9292 210.8394 172.065 197.1154 215.0381 223.1882 176.5285 192.49810000000002 202.8286 167.7888 82.3588 67.545 0 73.864 210.2238 215.2199 89.205 283.2631 
175.9093 183.02949999999998 126.1783 113.6035 67.2595 134.0652 136.9754 175.7177 174.3516 160.19459999999998 161.4853 205.6991 238.20659999999998 233.6775 190.6094 156.2228 141.409 73.864 0 136.3598 201.6141 163.06900000000002 209.8525 
156.95190000000002 184.5515 128.0191 115.4443 69.1003 135.906 144.70940000000002 122.395 113.66130000000001 162.0354 163.3261 209.98579999999998 155.1544 188.315 145.2469 152.9858 156.5983 210.2238 136.3598 0 80.0707 216.5929 175.5879 
129.4604 104.4808 161.332 163.3178 149.171 137.0469 64.6387 128.9967 144.83429999999998 132.3844 176.72390000000001 223.3836 220.29110000000003 201.2369 210.3836 162.4887 147.67489999999998 215.2199 201.6141 80.0707 0 171.92610000000002 95.5172 
200.29449999999997 160.7351 156.0837 168.6585 215.0025 195.9773 123.5691 187.9271 107.9104 190.1 140.0542 186.71390000000002 194.12529999999998 113.6236 150.6574 171.56380000000001 156.75 89.205 163.06900000000002 216.59290000000001 171.9261 0 227.7016 
33.9432 73.5026 83.6742 96.249 142.593 143.1165 160.1559 168.902 131.8475 117.6905 87.6474 134.3071 195.7025 200.2654 157.19729999999998 200.9043 215.7181 283.2631 209.8525 175.5879 95.5172 227.70159999999998 0 
