48
h1 h49 h12 h13 h16 h17 h43 h37 h36 h38 h15 h34 h47 h33 h40 h24 h44 h25 h39 h41 h46 h14 h26 h6 h42 h7 h3 h8 h5 h45 h4 h0 h2 h31 h18 h20 h30 h21 h29 h27 h32 h23 h19 h48 l30 h9 l42 l0
0 79.0 129.0 117.0 214.0 232.0 217.0 253.0 262.0 285.0 280.0 315.0 365.0 352.0 290.0 203.0 234.0 266.0 333.0 329.0 261.0 218.0 324.0 265.0 277.0 253.0 219.0 223.0 193.0 205.0 206.0 90.0 175.0 161.0 117.0 130.0 131.0 153.0 133.0 170.0 164.0 199.0 106.0 167.0 153.0 354.0 275.0 42.0 
79.0 0 50.0 137.0 245.0 256.0 262.0 279.0 280.0 310.0 307.0 322.0 310.0 372.0 270.0 171.0 201.0 233.0 275.0 301.0 290.0 139.0 245.0 186.0 213.0 191.0 140.0 149.0 114.0 126.0 180.0 79.0 169.0 216.0 172.0 209.0 201.0 223.0 207.0 187.0 210.0 266.0 185.0 246.0 210.0 308.0 260.0 98.0 
129.0 50.0 0 87.0 195.0 206.0 212.0 232.0 232.0 262.0 262.0 272.0 260.0 322.0 220.0 121.0 151.0 183.0 225.0 258.0 240.0 89.0 270.0 221.0 250.0 204.0 162.0 173.0 136.0 176.0 230.0 123.0 186.0 210.0 166.0 217.0 241.0 252.0 218.0 217.0 260.0 287.0 188.0 242.0 238.0 358.0 287.0 91.0 
117.0 137.0 87.0 0 130.0 147.0 162.0 193.0 151.0 176.0 181.0 198.0 248.0 235.0 246.0 208.0 186.0 207.0 243.0 235.0 153.0 176.0 315.0 308.0 333.0 291.0 244.0 255.0 218.0 256.0 269.0 197.0 162.0 210.0 224.0 208.0 229.0 232.0 244.0 254.0 281.0 290.0 193.0 217.0 254.0 442.0 351.0 149.0 
214.0 245.0 195.0 130.0 0 43.0 58.0 89.0 54.0 82.0 77.0 115.0 178.0 222.0 174.0 213.0 254.0 263.0 234.0 226.0 144.0 161.0 300.0 411.0 435.0 391.0 341.0 352.0 319.0 364.0 384.0 298.0 260.0 299.0 255.0 297.0 312.0 323.0 307.0 340.0 360.0 348.0 273.0 261.0 326.0 549.0 454.0 256.0 
232.0 256.0 206.0 147.0 43.0 0 15.0 46.0 72.0 97.0 86.0 128.0 195.0 239.0 181.0 230.0 286.0 293.0 248.0 231.0 182.0 178.0 317.0 423.0 450.0 407.0 358.0 356.0 332.0 377.0 398.0 303.0 217.0 297.0 253.0 267.0 287.0 294.0 305.0 336.0 358.0 339.0 255.0 252.0 324.0 559.0 461.0 270.0 
217.0 262.0 212.0 162.0 58.0 15.0 0 61.0 78.0 82.0 71.0 143.0 195.0 254.0 166.0 243.0 285.0 297.0 261.0 243.0 180.0 170.0 332.0 430.0 455.0 412.0 365.0 358.0 339.0 386.0 392.0 304.0 232.0 303.0 268.0 265.0 285.0 289.0 298.0 332.0 351.0 331.0 248.0 246.0 318.0 562.0 465.0 257.0 
253.0 279.0 232.0 193.0 89.0 46.0 61.0 0 118.0 143.0 132.0 174.0 224.0 283.0 137.0 236.0 292.0 280.0 251.0 264.0 228.0 173.0 300.0 442.0 467.0 428.0 383.0 372.0 357.0 400.0 412.0 336.0 263.0 336.0 299.0 312.0 333.0 329.0 347.0 378.0 398.0 385.0 296.0 297.0 366.0 585.0 486.0 295.0 
262.0 280.0 232.0 151.0 54.0 72.0 78.0 118.0 0 82.0 85.0 106.0 149.0 183.0 120.0 208.0 264.0 267.0 223.0 178.0 140.0 168.0 290.0 437.0 463.0 425.0 374.0 363.0 351.0 397.0 414.0 344.0 265.0 348.0 308.0 325.0 347.0 346.0 359.0 392.0 412.0 402.0 312.0 314.0 379.0 585.0 484.0 297.0 
285.0 310.0 262.0 176.0 82.0 97.0 82.0 143.0 82.0 0 14.0 69.0 148.0 205.0 172.0 240.0 293.0 302.0 244.0 211.0 170.0 217.0 314.0 467.0 494.0 450.0 399.0 403.0 381.0 429.0 443.0 367.0 287.0 367.0 331.0 340.0 363.0 362.0 376.0 409.0 429.0 413.0 328.0 325.0 396.0 615.0 512.0 322.0 
280.0 307.0 262.0 181.0 77.0 86.0 71.0 132.0 85.0 14.0 0 83.0 152.0 219.0 158.0 244.0 298.0 302.0 258.0 225.0 173.0 212.0 328.0 468.0 496.0 450.0 400.0 405.0 384.0 432.0 447.0 363.0 297.0 360.0 317.0 330.0 351.0 348.0 369.0 402.0 422.0 401.0 318.0 314.0 387.0 613.0 514.0 316.0 
315.0 322.0 272.0 198.0 115.0 128.0 143.0 174.0 106.0 69.0 83.0 0 79.0 157.0 166.0 265.0 275.0 264.0 207.0 142.0 117.0 200.0 285.0 461.0 489.0 443.0 392.0 389.0 367.0 430.0 453.0 389.0 315.0 408.0 370.0 394.0 415.0 414.0 422.0 447.0 475.0 463.0 371.0 376.0 440.0 621.0 512.0 346.0 
365.0 310.0 260.0 248.0 178.0 195.0 195.0 224.0 149.0 148.0 152.0 79.0 0 78.0 87.0 186.0 215.0 206.0 137.0 162.0 184.0 257.0 206.0 422.0 450.0 404.0 356.0 367.0 330.0 403.0 422.0 383.0 328.0 422.0 421.0 411.0 432.0 436.0 435.0 466.0 488.0 494.0 397.0 419.0 455.0 594.0 481.0 346.0 
352.0 372.0 322.0 235.0 222.0 239.0 254.0 283.0 183.0 205.0 219.0 157.0 78.0 0 146.0 243.0 286.0 279.0 212.0 240.0 262.0 316.0 284.0 486.0 517.0 471.0 421.0 432.0 395.0 465.0 469.0 425.0 366.0 445.0 458.0 427.0 446.0 451.0 462.0 489.0 515.0 503.0 412.0 415.0 476.0 651.0 543.0 383.0 
290.0 270.0 220.0 246.0 174.0 181.0 166.0 137.0 120.0 172.0 158.0 166.0 87.0 146.0 0 99.0 155.0 148.0 114.0 139.0 150.0 172.0 231.0 343.0 371.0 325.0 275.0 286.0 249.0 319.0 341.0 297.0 241.0 335.0 371.0 338.0 358.0 362.0 360.0 379.0 402.0 420.0 323.0 343.0 375.0 508.0 397.0 296.0 
203.0 171.0 121.0 208.0 213.0 230.0 243.0 236.0 208.0 240.0 244.0 265.0 186.0 243.0 99.0 0 56.0 86.0 157.0 183.0 205.0 73.0 254.0 246.0 274.0 228.0 178.0 189.0 153.0 237.0 242.0 234.0 237.0 310.0 281.0 321.0 334.0 356.0 325.0 337.0 367.0 401.0 309.0 329.0 345.0 418.0 304.0 210.0 
234.0 201.0 151.0 186.0 254.0 286.0 285.0 292.0 264.0 293.0 298.0 275.0 215.0 286.0 155.0 56.0 0 32.0 103.0 190.0 158.0 124.0 300.0 211.0 242.0 197.0 156.0 167.0 130.0 214.0 225.0 247.0 237.0 318.0 298.0 356.0 365.0 379.0 356.0 359.0 390.0 432.0 339.0 368.0 363.0 393.0 281.0 242.0 
266.0 233.0 183.0 207.0 263.0 293.0 297.0 280.0 267.0 302.0 302.0 264.0 206.0 279.0 148.0 86.0 32.0 0 71.0 158.0 161.0 156.0 281.0 243.0 274.0 229.0 188.0 199.0 162.0 240.0 242.0 279.0 266.0 350.0 330.0 385.0 395.0 408.0 385.0 390.0 422.0 464.0 371.0 395.0 395.0 425.0 313.0 274.0 
333.0 275.0 225.0 243.0 234.0 248.0 261.0 251.0 223.0 244.0 258.0 207.0 137.0 212.0 114.0 157.0 103.0 71.0 0 87.0 90.0 143.0 221.0 301.0 332.0 296.0 245.0 242.0 219.0 299.0 303.0 317.0 337.0 375.0 351.0 397.0 411.0 433.0 404.0 436.0 443.0 478.0 382.0 403.0 424.0 481.0 370.0 316.0 
329.0 301.0 258.0 235.0 226.0 231.0 243.0 264.0 178.0 211.0 225.0 142.0 162.0 240.0 139.0 183.0 190.0 158.0 87.0 0 82.0 230.0 246.0 387.0 417.0 371.0 324.0 329.0 300.0 379.0 384.0 380.0 344.0 438.0 423.0 441.0 449.0 467.0 462.0 469.0 493.0 524.0 425.0 442.0 465.0 564.0 451.0 348.0 
261.0 290.0 240.0 153.0 144.0 182.0 180.0 228.0 140.0 170.0 173.0 117.0 184.0 262.0 150.0 205.0 158.0 161.0 90.0 82.0 0 188.0 268.0 355.0 385.0 339.0 288.0 299.0 262.0 334.0 341.0 318.0 263.0 357.0 358.0 360.0 381.0 385.0 382.0 407.0 424.0 443.0 345.0 360.0 396.0 523.0 412.0 283.0 
218.0 139.0 89.0 176.0 161.0 178.0 170.0 173.0 168.0 217.0 212.0 200.0 257.0 316.0 172.0 73.0 124.0 156.0 143.0 230.0 188.0 0 181.0 269.0 295.0 262.0 220.0 229.0 194.0 262.0 260.0 199.0 233.0 252.0 208.0 264.0 270.0 292.0 265.0 293.0 308.0 338.0 239.0 261.0 285.0 439.0 342.0 180.0 
324.0 245.0 270.0 315.0 300.0 317.0 332.0 300.0 290.0 314.0 328.0 285.0 206.0 284.0 231.0 254.0 300.0 281.0 221.0 246.0 268.0 181.0 0 271.0 289.0 324.0 273.0 281.0 299.0 314.0 275.0 319.0 390.0 433.0 389.0 424.0 446.0 452.0 423.0 432.0 455.0 507.0 408.0 442.0 443.0 455.0 345.0 343.0 
265.0 186.0 221.0 308.0 411.0 423.0 430.0 442.0 437.0 467.0 468.0 461.0 422.0 486.0 343.0 246.0 211.0 243.0 301.0 387.0 355.0 269.0 271.0 0 31.0 77.0 70.0 74.0 94.0 99.0 62.0 196.0 262.0 286.0 296.0 359.0 354.0 374.0 322.0 307.0 324.0 409.0 367.0 387.0 330.0 184.0 74.0 226.0 
277.0 213.0 250.0 333.0 435.0 450.0 455.0 467.0 463.0 494.0 496.0 489.0 450.0 517.0 371.0 274.0 242.0 274.0 332.0 417.0 385.0 295.0 289.0 31.0 0 46.0 97.0 105.0 123.0 87.0 93.0 206.0 279.0 317.0 308.0 371.0 364.0 384.0 329.0 328.0 349.0 415.0 357.0 405.0 328.0 173.0 105.0 245.0 
253.0 191.0 204.0 291.0 391.0 407.0 412.0 428.0 425.0 450.0 450.0 443.0 404.0 471.0 325.0 228.0 197.0 229.0 296.0 371.0 339.0 262.0 324.0 77.0 46.0 0 51.0 62.0 77.0 120.0 120.0 240.0 246.0 274.0 286.0 343.0 341.0 363.0 332.0 335.0 363.0 399.0 332.0 372.0 312.0 196.0 151.0 211.0 
219.0 140.0 162.0 244.0 341.0 358.0 365.0 383.0 374.0 399.0 400.0 392.0 356.0 421.0 275.0 178.0 156.0 188.0 245.0 324.0 288.0 220.0 273.0 70.0 97.0 51.0 0 11.0 26.0 69.0 69.0 189.0 211.0 253.0 254.0 317.0 317.0 336.0 304.0 311.0 312.0 377.0 318.0 340.0 315.0 240.0 139.0 194.0 
223.0 149.0 173.0 255.0 352.0 356.0 358.0 372.0 363.0 403.0 405.0 389.0 367.0 432.0 286.0 189.0 167.0 199.0 242.0 329.0 299.0 229.0 281.0 74.0 105.0 62.0 11.0 0 37.0 69.0 64.0 200.0 200.0 242.0 265.0 308.0 306.0 325.0 296.0 321.0 307.0 367.0 310.0 329.0 316.0 240.0 134.0 193.0 
193.0 114.0 136.0 218.0 319.0 332.0 339.0 357.0 351.0 381.0 384.0 367.0 330.0 395.0 249.0 153.0 130.0 162.0 219.0 300.0 262.0 194.0 299.0 94.0 123.0 77.0 26.0 37.0 0 84.0 95.0 163.0 212.0 279.0 243.0 305.0 308.0 329.0 283.0 285.0 300.0 370.0 292.0 329.0 289.0 265.0 151.0 168.0 
205.0 126.0 176.0 256.0 364.0 377.0 386.0 400.0 397.0 429.0 432.0 430.0 403.0 465.0 319.0 237.0 214.0 240.0 299.0 379.0 334.0 262.0 314.0 99.0 87.0 120.0 69.0 69.0 84.0 0 100.0 205.0 233.0 267.0 223.0 286.0 310.0 332.0 310.0 308.0 329.0 358.0 311.0 344.0 330.0 191.0 173.0 192.0 
206.0 180.0 230.0 269.0 384.0 398.0 392.0 412.0 414.0 443.0 447.0 453.0 422.0 469.0 341.0 242.0 225.0 242.0 303.0 384.0 341.0 260.0 275.0 62.0 93.0 120.0 69.0 64.0 95.0 100.0 0 136.0 226.0 303.0 259.0 318.0 294.0 314.0 260.0 258.0 263.0 347.0 309.0 345.0 280.0 237.0 126.0 184.0 
90.0 79.0 123.0 197.0 298.0 303.0 304.0 336.0 344.0 367.0 363.0 389.0 383.0 425.0 297.0 234.0 247.0 279.0 317.0 380.0 318.0 199.0 319.0 196.0 206.0 240.0 189.0 200.0 163.0 205.0 136.0 0 90.0 167.0 123.0 182.0 158.0 178.0 128.0 122.0 143.0 217.0 176.0 209.0 145.0 271.0 262.0 48.0 
175.0 169.0 186.0 162.0 260.0 217.0 232.0 263.0 265.0 287.0 297.0 315.0 328.0 366.0 241.0 237.0 237.0 266.0 337.0 344.0 263.0 233.0 390.0 262.0 279.0 246.0 211.0 200.0 212.0 233.0 226.0 90.0 0 94.0 138.0 119.0 129.0 142.0 119.0 157.0 172.0 208.0 153.0 159.0 134.0 359.0 297.0 138.0 
161.0 216.0 210.0 210.0 299.0 297.0 303.0 336.0 348.0 367.0 360.0 408.0 422.0 445.0 335.0 310.0 318.0 350.0 375.0 438.0 357.0 252.0 433.0 286.0 317.0 274.0 253.0 242.0 279.0 267.0 303.0 167.0 94.0 0 44.0 93.0 69.0 91.0 70.0 113.0 123.0 125.0 113.0 120.0 90.0 339.0 273.0 119.0 
117.0 172.0 166.0 224.0 255.0 253.0 268.0 299.0 308.0 331.0 317.0 370.0 421.0 458.0 371.0 281.0 298.0 330.0 351.0 423.0 358.0 208.0 389.0 296.0 308.0 286.0 254.0 265.0 243.0 223.0 259.0 123.0 138.0 44.0 0 63.0 87.0 109.0 114.0 85.0 106.0 135.0 138.0 138.0 108.0 359.0 299.0 75.0 
130.0 209.0 217.0 208.0 297.0 267.0 265.0 312.0 325.0 340.0 330.0 394.0 411.0 427.0 338.0 321.0 356.0 385.0 397.0 441.0 360.0 264.0 424.0 359.0 371.0 343.0 317.0 308.0 305.0 286.0 318.0 182.0 119.0 93.0 63.0 0 24.0 46.0 91.0 92.0 105.0 158.0 75.0 75.0 71.0 415.0 349.0 137.0 
131.0 201.0 241.0 229.0 312.0 287.0 285.0 333.0 347.0 363.0 351.0 415.0 432.0 446.0 358.0 334.0 365.0 395.0 411.0 449.0 381.0 270.0 446.0 354.0 364.0 341.0 317.0 306.0 308.0 310.0 294.0 158.0 129.0 69.0 87.0 24.0 0 22.0 71.0 73.0 81.0 138.0 95.0 51.0 51.0 391.0 342.0 161.0 
153.0 223.0 252.0 232.0 323.0 294.0 289.0 329.0 346.0 362.0 348.0 414.0 436.0 451.0 362.0 356.0 379.0 408.0 433.0 467.0 385.0 292.0 452.0 374.0 384.0 363.0 336.0 325.0 329.0 332.0 314.0 178.0 142.0 91.0 109.0 46.0 22.0 0 59.0 92.0 103.0 148.0 99.0 73.0 73.0 413.0 364.0 161.0 
133.0 207.0 218.0 244.0 307.0 305.0 298.0 347.0 359.0 376.0 369.0 422.0 435.0 462.0 360.0 325.0 356.0 385.0 404.0 462.0 382.0 265.0 423.0 322.0 329.0 332.0 304.0 296.0 283.0 310.0 260.0 128.0 119.0 70.0 114.0 91.0 71.0 59.0 0 43.0 53.0 89.0 110.0 122.0 20.0 366.0 342.0 127.0 
170.0 187.0 217.0 254.0 340.0 336.0 332.0 378.0 392.0 409.0 402.0 447.0 466.0 489.0 379.0 337.0 359.0 390.0 436.0 469.0 407.0 293.0 432.0 307.0 328.0 335.0 311.0 321.0 285.0 308.0 258.0 122.0 157.0 113.0 85.0 92.0 73.0 92.0 43.0 0 96.0 105.0 106.0 123.0 23.0 323.0 361.0 128.0 
164.0 210.0 260.0 281.0 360.0 358.0 351.0 398.0 412.0 429.0 422.0 475.0 488.0 515.0 402.0 367.0 390.0 422.0 443.0 493.0 424.0 308.0 455.0 324.0 349.0 363.0 312.0 307.0 300.0 329.0 263.0 143.0 172.0 123.0 106.0 105.0 81.0 103.0 53.0 96.0 0 96.0 163.0 132.0 73.0 348.0 297.0 180.0 
199.0 266.0 287.0 290.0 348.0 339.0 331.0 385.0 402.0 413.0 401.0 463.0 494.0 503.0 420.0 401.0 432.0 464.0 478.0 524.0 443.0 338.0 507.0 409.0 415.0 399.0 377.0 367.0 370.0 358.0 347.0 217.0 208.0 125.0 135.0 158.0 138.0 148.0 89.0 105.0 96.0 0 99.0 189.0 87.0 428.0 393.0 210.0 
106.0 185.0 188.0 193.0 273.0 255.0 248.0 296.0 312.0 328.0 318.0 371.0 397.0 412.0 323.0 309.0 339.0 371.0 382.0 425.0 345.0 239.0 408.0 367.0 357.0 332.0 318.0 310.0 292.0 311.0 309.0 176.0 153.0 113.0 138.0 75.0 95.0 99.0 110.0 106.0 163.0 99.0 0 95.0 129.0 404.0 367.0 141.0 
167.0 246.0 242.0 217.0 261.0 252.0 246.0 297.0 314.0 325.0 314.0 376.0 419.0 415.0 343.0 329.0 368.0 395.0 403.0 442.0 360.0 261.0 442.0 387.0 405.0 372.0 340.0 329.0 329.0 344.0 345.0 209.0 159.0 120.0 138.0 75.0 51.0 73.0 122.0 123.0 132.0 189.0 95.0 0 102.0 436.0 391.0 161.0 
153.0 210.0 238.0 254.0 326.0 324.0 318.0 366.0 379.0 396.0 387.0 440.0 455.0 476.0 375.0 345.0 363.0 395.0 424.0 465.0 396.0 285.0 443.0 330.0 328.0 312.0 315.0 316.0 289.0 330.0 280.0 145.0 134.0 90.0 108.0 71.0 51.0 73.0 20.0 23.0 73.0 87.0 129.0 102.0 0 346.0 362.0 147.0 
354.0 308.0 358.0 442.0 549.0 559.0 562.0 585.0 585.0 615.0 613.0 621.0 594.0 651.0 508.0 418.0 393.0 425.0 481.0 564.0 523.0 439.0 455.0 184.0 173.0 196.0 240.0 240.0 265.0 191.0 237.0 271.0 359.0 339.0 359.0 415.0 391.0 413.0 366.0 323.0 348.0 428.0 404.0 436.0 346.0 0 114.0 314.0 
275.0 260.0 287.0 351.0 454.0 461.0 465.0 486.0 484.0 512.0 514.0 512.0 481.0 543.0 397.0 304.0 281.0 313.0 370.0 451.0 412.0 342.0 345.0 74.0 105.0 151.0 139.0 134.0 151.0 173.0 126.0 262.0 297.0 273.0 299.0 349.0 342.0 364.0 342.0 361.0 297.0 393.0 367.0 391.0 362.0 114.0 0 233.0 
42.0 98.0 91.0 149.0 256.0 270.0 257.0 295.0 297.0 322.0 316.0 346.0 346.0 383.0 296.0 210.0 242.0 274.0 316.0 348.0 283.0 180.0 343.0 226.0 245.0 211.0 194.0 193.0 168.0 192.0 184.0 48.0 138.0 119.0 75.0 137.0 161.0 161.0 127.0 128.0 180.0 210.0 141.0 161.0 147.0 314.0 233.0 0 
