23
h1 h16 h2 h7 h6 h3 h0 h20 h17 h15 h11 h10 h14 h23 h8 h24 h21 l17 h22 h18 h5 l2 l0
0 94.0 150.0 137.0 139.0 164.0 101.0 172.0 167.0 264.0 203.0 262.0 210.0 222.0 254.0 277.0 254.0 195.0 259.0 301.0 230.0 227.0 54.0 
94.0 0 111.0 153.0 158.0 156.0 115.0 117.0 190.0 200.0 262.0 247.0 193.0 161.0 192.0 215.0 167.0 272.0 231.0 264.0 231.0 221.0 77.0 
150.0 111.0 0 42.0 49.0 45.0 92.0 134.0 153.0 285.0 317.0 358.0 304.0 262.0 294.0 282.0 278.0 196.0 120.0 153.0 120.0 118.0 96.0 
137.0 153.0 42.0 0 7.0 27.0 50.0 111.0 149.0 290.0 320.0 320.0 315.0 304.0 333.0 314.0 320.0 228.0 157.0 183.0 135.0 100.0 92.0 
139.0 158.0 49.0 7.0 0 34.0 43.0 114.0 142.0 283.0 313.0 327.0 322.0 311.0 326.0 307.0 315.0 221.0 150.0 176.0 132.0 97.0 85.0 
164.0 156.0 45.0 27.0 34.0 0 66.0 137.0 128.0 269.0 347.0 347.0 338.0 307.0 339.0 327.0 302.0 241.0 165.0 169.0 108.0 73.0 119.0 
101.0 115.0 92.0 50.0 43.0 66.0 0 71.0 99.0 240.0 304.0 290.0 308.0 276.0 305.0 295.0 272.0 223.0 193.0 219.0 132.0 126.0 128.0 
172.0 117.0 134.0 111.0 114.0 137.0 71.0 0 155.0 272.0 281.0 315.0 310.0 262.0 289.0 312.0 284.0 279.0 251.0 286.0 202.0 197.0 150.0 
167.0 190.0 153.0 149.0 142.0 128.0 99.0 155.0 0 141.0 236.0 239.0 221.0 261.0 229.0 210.0 174.0 124.0 195.0 213.0 177.0 195.0 113.0 
264.0 200.0 285.0 290.0 283.0 269.0 240.0 272.0 141.0 0 115.0 135.0 160.0 199.0 167.0 188.0 278.0 102.0 292.0 343.0 317.0 329.0 254.0 
203.0 262.0 317.0 320.0 313.0 347.0 304.0 281.0 236.0 115.0 0 59.0 69.0 181.0 194.0 196.0 261.0 216.0 394.0 447.0 406.0 407.0 232.0 
262.0 247.0 358.0 320.0 327.0 347.0 290.0 315.0 239.0 135.0 59.0 0 58.0 167.0 167.0 185.0 262.0 212.0 403.0 452.0 409.0 413.0 277.0 
210.0 193.0 304.0 315.0 322.0 338.0 308.0 310.0 221.0 160.0 69.0 58.0 0 112.0 144.0 127.0 204.0 213.0 367.0 426.0 398.0 406.0 239.0 
222.0 161.0 262.0 304.0 311.0 307.0 276.0 262.0 261.0 199.0 181.0 167.0 112.0 0 32.0 55.0 145.0 137.0 344.0 401.0 352.0 370.0 233.0 
254.0 192.0 294.0 333.0 326.0 339.0 305.0 289.0 229.0 167.0 194.0 167.0 144.0 32.0 0 23.0 113.0 105.0 321.0 379.0 384.0 402.0 262.0 
277.0 215.0 282.0 314.0 307.0 327.0 295.0 312.0 210.0 188.0 196.0 185.0 127.0 55.0 23.0 0 90.0 86.0 301.0 359.0 367.0 386.0 285.0 
254.0 167.0 278.0 320.0 315.0 302.0 272.0 284.0 174.0 278.0 261.0 262.0 204.0 145.0 113.0 90.0 0 176.0 369.0 387.0 351.0 350.0 244.0 
195.0 272.0 196.0 228.0 221.0 241.0 223.0 279.0 124.0 102.0 216.0 212.0 213.0 137.0 105.0 86.0 176.0 0 217.0 275.0 301.0 314.0 237.0 
259.0 231.0 120.0 157.0 150.0 165.0 193.0 251.0 195.0 292.0 394.0 403.0 367.0 344.0 321.0 301.0 369.0 217.0 0 59.0 122.0 157.0 216.0 
301.0 264.0 153.0 183.0 176.0 169.0 219.0 286.0 213.0 343.0 447.0 452.0 426.0 401.0 379.0 359.0 387.0 275.0 59.0 0 115.0 150.0 248.0 
230.0 231.0 120.0 135.0 132.0 108.0 132.0 202.0 177.0 317.0 406.0 409.0 398.0 352.0 384.0 367.0 351.0 301.0 122.0 115.0 0 35.0 177.0 
227.0 221.0 118.0 100.0 97.0 73.0 126.0 197.0 195.0 329.0 407.0 413.0 406.0 370.0 402.0 386.0 350.0 314.0 157.0 150.0 35.0 0 176.0 
54.0 77.0 96.0 92.0 85.0 119.0 128.0 150.0 113.0 254.0 232.0 277.0 239.0 233.0 262.0 285.0 244.0 237.0 216.0 248.0 177.0 176.0 0 
