50
37APL8dpwT5Ds5AIG0t4 d6xeP6xeDJ3O2jY8D4pB rMd1TXBMCuFfO59jF1Tq zs7X4IJgeJEM8iqAbvF3 RpMJGAvULIBCQ0RI369s vLwJebpyApE3MPksc9OW XBxLd5K0m0Gtk5fTL45q WN0Nl06Zx9w6LYUHMZam R6ZzYYWqarkWldqbKDab 7PoxePhwnlLvMilKVpER 4ilNvg3IkxoJuvkwqYsS MiPSEwVMn3bbGh4tbRTf qkrT0EYt8AHuefFD25g1 XWHR07Y6kfSBbEuD62PN rkMvLqMMN5Aq3onq5XeZ XYk0VV4ujV55qqS8YiHV 6koX1rNvAwrB84m39eQv tUVqKo1E6AibIE6zShkv mv3tFPDoT2NlrLp24T9l 8mLI4Cl8exxeLw5eLCvi jTdja1e2hUhydiExPlJM fp9JaV5iTp8QxXwwkR68 oFNlFPub6zLirsQwo0fu W1jWYYdH0atiKtbaVDRT 535WuquKiicRqEyzCI3d eKaPpzrMwOPxNzeoOSFH DybFcuyeWxt51LawzVvs RRlYwTFLYqL48JIMSAmC EHYUZOt1fTtm7KJue8on fHfopcx4v3MKBN0TMn7s InZnvPu8h9zAoLCNj2in NAqhSs9OpS9XtIaJtTCD 2LthmnS3Cdd5FBfY5GQ9 R7crXexksQ4TN5zY2ck3 WwLzOfqcc3FIzub2jh8R cs6LkMYfySGYUzb8VLcc n2Cqtp5v2DuwGX7LhuzE JEGgKJfdY8owvwdYhKMk uUumBfQJDh6S0d06Kb78 XX8iZd9Mw56dkKCstFAC 8Le4AI986fwHZXPoOMK1 nB1RHSnvjX4nG0Tch5En J00g7hlLLSWTXvTYK9v2 9B0w6Ahn3NsugfNn6veD 6PPTzNGrNxrgfdvm8cwZ 17OoKHzumyPaqfjSSc7S ohy3S5QXymEhh63dMBQE wHEcyeduhdH7p3Lr1PtC iki3BohF22ET0rMPxXQ5 vBhpoFdJZxyttIlfaf7D
0 1017309695.20594 1128839022.38932 1137659831.07456 2097813449.4225903 1767429448.44825 1246010442.1614 1761993747.80115 1162413564.22711 1572734439.91748 1500279054.19349 1540360868.31118 1489638035.00971 1714247687.45072 1903652332.32588 2212149410.4841204 2103414166.8759599 1197383086.37528 1526918383.37612 1433778847.6918 2165059136.84692 1695550294.27638 1165637516.03474 1874487607.66147 1936470448.21941 2093934703.80969 1188616169.25474 1079964727.22346 1732004499.87111 1755848693.88382 1900084421.85454 1287506524.92941 1711222893.15947 1984925650.55289 1235656825.16218 1962517259.95825 1236999827.22275 1329379420.02396 1709271058.88479 1322680557.76763 1688200870.73476 1498377832.40685 1207896403.02198 1708812124.28771 2055839385.82547 1377657796.15419 1361687074.72434 1396532452.82049 1323944875.01646 1006538055.1583 
1017309695.20594 0 1006280935.4185 1762561929.07863 1094566942.97627 1009454796.73953 1840562711.87388 1593288534.79595 1464370729.89162 1828426400.80237 1212131183.27038 1873357387.2124 1093103861.44239 1745292445.1596 1032061590.79322 1470187181.88277 2050939163.7877998 1824582497.49612 1022560402.15929 1330323999.23439 1646922267.03478 1954234699.03389 1914487916.17368 1360153587.94237 1215303879.30844 1629757886.32279 1897415386.43193 1445706376.61072 1030284293.2421 2044958325.65167 1718692117.71306 1294390904.69381 1383781964.57689 1484612069.11746 1054109785.42957 1794785073.01736 1348780218.35107 1555254726.92445 1530885370.64052 1703576980.52513 1973568199.75235 1240085684.463 1722782362.13525 1007965466.44607 2162313752.7763996 1982975460.12125 1141160951.88029 1992204063.98714 1093369398.33627 1839436407.57413 
1128839022.38932 1006280935.4185 0 1051204654.55598 1369403038.52236 1919666492.98177 1092823474.31711 1161305078.5314 2152397982.53062 1761321649.26317 1751975300.79551 1162743811.8586 1951925771.00853 1109549544.97948 1545235531.99865 1622694183.39852 2172546221.16819 1348217314.57811 1591648796.92648 1203094926.72095 1464924781.53775 2054108000.23188 1307410766.27394 1299752094.24278 2060886860.72189 1804010487.3566 1203852790.82282 1512565284.07984 1626058367.07503 1115602824.44161 1758114003.79392 1462997101.94141 1318509322.75229 1991762960.79321 1675919712.71089 1174540106.82654 1474244198.08365 1204083499.08496 1352077380.9265 1696605346.22551 1911400490.74201 1835118158.0062 1607812144.01094 1354787045.99333 1634735063.50237 1738042572.66293 1876073086.57274 1142358017.29889 1289340659.61437 2135377077.5476198 
1137659831.07456 1762561929.07863 1051204654.55598 0 1010128910.37159 1849196647.88329 1038054947.51687 1656474811.7204 2197868414.22776 1313009144.81719 1983262833.90273 1140600586.58743 1563674980.73667 1492217209.43491 1331378770.94297 1697521727.02527 1594406892.97832 1385724810.79339 2069192257.5913 1897708859.70003 1835348126.00068 1509561595.41394 1196773044.63124 1293868819.4618 2105039935.39503 1097889799.12142 1908911668.9437 1459548508.70483 1348103287.31909 2166807478.99759 1214120179.32395 1258053358.57823 1894076339.92651 2256535713.89102 1651526252.07492 1111453874.00439 1839131244.38698 1292862340.99177 1638985019.04803 1382865900.48082 1668894773.75383 1716536785.73637 1552971304.00355 1560562083.87605 1642566460.81351 1114653102.36271 1830167107.05781 1710987043.94443 1288328865.18677 1709246940.90619 
2097813449.4225903 1094566942.97627 1369403038.52236 1010128910.37159 0 1042998506.86887 2048183857.8884602 1416050353.4855 1984968369.65347 1999738177.89014 1128861041.88018 1528322117.64076 1998028936.60434 1535970627.30021 1823794807.53396 1358451462.60629 1830346027.36824 1642740845.77515 1059063347.21971 1182438643.55198 1987014195.4769 2116413030.61202 1148902811.04393 2127033476.58881 2231717965.04557 1436171012.02586 1222618752.56487 1869177432.09635 1939405496.64795 1232173001.40982 1251837214.59615 1718332044.69726 1931546665.65792 1535797435.33982 1394306162.46774 1235002252.42799 1614166685.01478 1067731086.72248 2077680158.67702 1568144201.51016 1059381276.73701 1317042183.44376 1249075244.1983 1893368120.66038 1235019319.98609 1364299074.418 1757897606.41145 1432651194.88273 1686885434.16115 1091275394.26429 
1767429448.44825 1009454796.73953 1919666492.98177 1849196647.88329 1042998506.86887 0 1052202544.8697 1784827495.48893 1305087874.01312 1271307288.34554 1214041122.14866 1140534157.0394 1459695484.81595 1479592424.35823 1438241449.21058 1247442556.44653 1599820367.04787 1312470813.5038 1082874901.05567 2114604360.68769 1494842959.31107 1073414523.74315 1716219553.05921 1481676587.06848 1934308554.69845 1694507255.12204 1868780088.7036 1163496599.06364 1239152541.36402 1780864751.11168 1961775984.02423 1054979879.43865 1909572656.34959 2111342954.19257 1665069210.85385 1935105464.71524 1190360974.02824 1368856753.67978 1312666522.09645 1295191929.18961 1996220407.72363 1301235938.83473 1304074134.29284 1389994916.0172 1648274546.99557 1315732083.97931 1906981774.88864 1650010221.56089 2090468698.22936 1979086959.01526 
1246010442.1614 1840562711.87388 1092823474.31711 1038054947.51687 2048183857.8884602 1052202544.8697 0 1001076774.67215 1729432571.92968 1101461838.13712 1170900554.33685 1038447818.91286 1734682220.79531 2161008589.13486 1136337601.9088 1975878036.05959 1276173788.94024 1059782117.85912 1883579694.26437 1563848708.91128 1869182976.92873 1663085269.61994 1684797082.85945 1415575775.73812 1189466848.16177 1116053072.0315 1985048095.14538 1148981815.9561 1154004380.1623 1564416145.07693 1643914788.0958 2107182424.30835 2230066352.62293 1574126975.30265 1158585123.23592 1386754250.48332 1107169927.41257 1273147900.26859 1369436863.69424 1170705581.87615 1794054200.66442 1197262539.79865 1095912082.81205 1717351531.84461 1297566535.79861 2066502174.38041 1345181120.99587 1757698236.82249 1332949851.69853 1996533830.36772 
1761993747.80115 1593288534.79595 1161305078.5314 1656474811.7204 1416050353.4855 1784827495.48893 1001076774.67215 0 1010665661.06872 2081983924.28257 1364409233.63039 1596324281.3058 1213305570.36895 2187075405.87825 1139846779.90252 1286086614.24825 1281445760.22034 1701043937.89737 1550511213.33604 1825957275.90824 1026200054.26811 1553287738.8054 1875152624.80346 1389236877.00346 1389002250.65114 1629658939.49097 1373800552.43938 1336366652.79697 1088874031.66653 1263310298.72204 1837117679.06141 1967957969.77253 1517720523.85041 1825084844.81836 1268227248.99051 1038272877.30648 1398512949.78819 1420143832.822 1412114076.7159 1225613683.0233 1022176636.15405 1929320490.57158 1075773866.46807 1677004020.45311 1945230902.70117 1093685489.98687 1765830959.22691 2146424922.97088 1168597023.76381 1198856924.65945 
1162413564.22711 1464370729.89162 2152397982.53062 2197868414.22776 1984968369.65347 1305087874.01312 1729432571.92968 1010665661.06872 0 1071318263.21385 2081526996.6767402 1495634131.35558 1572549569.10563 1972279846.83814 1108220657.01056 1601988204.91394 1965937874.20683 1196909915.25719 1692795238.37314 1442865049.30553 1624535947.39492 1942054497.97877 1751809303.47899 1291285983.64202 1256312153.79428 1099978615.10634 1819170295.64037 1377329080.17978 1133344999.74826 2143422357.17207 1142984442.02706 1584998648.41106 1239557191.59707 1258316995.73339 1899040520.00625 1737892745.96934 1427535472.93421 1524610275.53033 1251636751.70746 1948897974.38279 1564944150.15132 2167795244.8009 1911773253.34135 1256175952.84695 1862872803.91986 1503086723.66727 1758174869.65993 1506849637.7119 1382869059.60487 1032853116.64785 
1572734439.91748 1828426400.80237 1761321649.26317 1313009144.81719 1999738177.89014 1271307288.34554 1101461838.13712 2081983924.28257 1071318263.21385 0 1010208733.46289 1308444075.54502 1857915349.72601 1907994611.61446 1199370649.8356 1947118335.56884 1668419016.84693 1803194161.61886 1845484283.16364 1510926713.18336 1874216253.47902 1310768042.632 1737442602.76479 1079107041.51351 1298412298.24308 1960369390.09104 1566332074.16108 1015457060.90948 1973739701.83667 1427504960.26665 2147408666.1384199 1570450507.25637 2145569393.5794802 1477580456.03118 1180952644.3639 1779712329.5191 2045940429.8050299 1394981773.74143 2088953869.4117699 1127249207.77253 1568383969.00879 1988098561.38975 1831356520.68223 1965260712.32229 1824664358.28233 1560897470.3054 1947172869.52348 1177870149.44233 1910843627.39586 1166341283.56921 
1500279054.19349 1212131183.27038 1751975300.79551 1983262833.90273 1128861041.88018 1214041122.14866 1170900554.33685 1364409233.63039 2081526996.6767402 1010208733.46289 0 1027056921.87278 1223888686.14573 1532901561.0158 1801434138.28104 1830819337.93971 1666423080.39196 1080628576.89008 1094926229.89723 1097331399.12102 1742804103.54982 1232010640.44264 1814956510.36806 1159469043.18767 1102856923.16539 1555829593.19723 1816627657.46718 1557895697.35661 1156128895.64138 1466924948.86162 1848174674.12664 1110991050.39608 1510373163.24459 1801564439.62774 1401759998.04639 1206119762.04974 1309020194.66103 1862787493.82664 1170627562.80655 1489672052.66699 1437269837.55214 1347996297.01607 1610960878.49112 1805259912.90263 1669020353.38797 1186672965.71431 1828351277.84118 1817508405.98605 1181776876.63364 1279735405.4785 
1540360868.31118 1873357387.2124 1162743811.8586 1140600586.58743 1528322117.64076 1140534157.0394 1038447818.91286 1596324281.3058 1495634131.35558 1308444075.54502 1027056921.87278 0 1036757816.07105 1541903591.74478 2114194986.4963799 1373951755.92256 1459130910.70194 2098229936.77198 1296447611.06258 1951305318.74193 1804137638.635 1264258674.68913 1143360795.30254 1976192553.50203 1048299500.90114 1218804197.54955 1358021812.49013 1670571540.94966 1435787901.88901 1118794947.35087 1990387455.0784 1973328738.81371 2185421389.38943 1855340278.41765 1693485190.76176 1790446771.45778 1976300785.73641 1192462620.5717 2092436554.71366 1577986889.53985 1858065037.94162 1050458441.60657 1980426569.4054 1248675585.07508 1101446520.5551 1707106428.17933 2152915653.4421 1930329321.58755 1647955859.0752 1664474201.24471 
1489638035.00971 1093103861.44239 1951925771.00853 1563674980.73667 1998028936.60434 1459695484.81595 1734682220.79531 1213305570.36895 1572549569.10563 1857915349.72601 1223888686.14573 1036757816.07105 0 1008276576.14502 1225692929.97394 1970176646.68032 1802353310.6651 1947016925.22835 1384126513.26224 1653373588.80868 1152917280.93142 1145735149.99546 1522112614.97789 1989532999.84365 1467012572.72789 1641821050.97874 1933058311.15924 1652581772.17417 1892765348.51649 1467444569.29207 1083981999.22484 1569807378.74533 1533500385.81863 1884591464.0315 1298100470.20433 1719811592.53872 2076042416.25753 1246428607.34 1055678738.64261 1231741205.43479 2235482206.523 1214617333.90722 1340731252.54842 1408044078.25101 1571813813.81205 1977689143.13704 1151313187.0104 1249879955.31854 1428480257.97496 1015340146.82861 
1714247687.45072 1745292445.1596 1109549544.97948 1492217209.43491 1535970627.30021 1479592424.35823 2161008589.13486 2187075405.87825 1972279846.83814 1907994611.61446 1532901561.0158 1541903591.74478 1008276576.14502 0 1055157994.81893 2073482892.2537599 1821428596.67126 1101226471.27574 1823415164.68461 2223620092.41015 1560112847.94831 1758589208.79218 1154937777.62393 1765420219.15341 1825555137.92939 1574901949.1098 1961832560.1331 1211256915.13224 1691638615.82412 1382522665.40607 1879031971.20937 2138118107.7891502 1264331095.41435 1224702086.17629 1966891723.63434 1658853360.8549 1721873562.60471 1075456927.32497 1643965852.86881 1131280715.39325 1760911080.354 1343756439.16749 2153843247.97086 1894774364.1933 1584531682.94589 1490121637.81493 1991493736.35638 2251907562.27837 1551693029.92186 1818112264.93194 
1903652332.32588 1032061590.79322 1545235531.99865 1331378770.94297 1823794807.53396 1438241449.21058 1136337601.9088 1139846779.90252 1108220657.01056 1199370649.8356 1801434138.28104 2114194986.4963799 1225692929.97394 1055157994.81893 0 1055984623.50895 1743353563.24436 1452232821.44896 1552499312.73231 1654721952.37433 1852273666.82158 1230199383.00505 1137031352.37242 1474097181.03003 1065895485.59524 2140458254.83352 1238613725.15251 1109563387.13668 1312083502.48676 1949775157.25474 1689371340.51354 1351485201.00907 1858279331.95831 1343208669.83576 1552831275.08165 1458055096.92279 1853885370.4424 1162410835.44784 1798082154.49489 2186438710.21218 1836621239.52821 1694740652.06501 2215620646.37059 1866206601.13013 1223608460.65275 1336056606.09008 1067178175.77896 1971181442.29791 2125430989.1294901 1646309145.82505 
2212149410.4841204 1470187181.88277 1622694183.39852 1697521727.02527 1358451462.60629 1247442556.44653 1975878036.05959 1286086614.24825 1601988204.91394 1947118335.56884 1830819337.93971 1373951755.92256 1970176646.68032 2073482892.2537599 1055984623.50895 0 1021811591.60768 1878435172.83762 1593569142.88917 2295454275.2066603 1714300533.28817 1145495903.70267 1869257307.95399 1081311658.02774 1302140940.20268 1779308224.25713 2141732969.68653 1190158952.33167 1074556647.69799 1575053000.77259 1732660837.93438 1022400549.32212 1672050789.48282 1501465872.38329 1308393578.34698 1465500420.87331 1127513854.93169 1703709505.82875 1899168334.85734 2187227321.3724 1453390697.14432 1371054636.00849 2040507721.45147 1120310142.86525 2045567029.45596 1495664706.62009 1624130881.51572 1802386043.61436 1966704645.29388 1214055246.58996 
2103414166.8759599 2050939163.7877998 2172546221.16819 1594406892.97832 1830346027.36824 1599820367.04787 1276173788.94024 1281445760.22034 1965937874.20683 1668419016.84693 1666423080.39196 1459130910.70194 1802353310.6651 1821428596.67126 1743353563.24436 1021811591.60768 0 1003956480.1041 1427672227.51025 1954978998.37479 1451999701.09954 1145117446.32495 1755614418.6722 2078440176.37067 1695431753.75915 1758664437.61139 1597878462.01647 1847490746.15573 1070110126.19937 1099355370.95801 1614282821.07498 1101223683.48596 1815029854.88705 1834797743.77658 1994728155.09466 1260161343.67 1849905770.24486 1675475631.40567 1200143879.98276 1288921539.11872 1778646891.47515 1107627562.23429 1744416168.94466 1042973697.34173 1067601648.4552 1824337061.02504 1354700880.91849 1164045334.36766 1591597129.7866 1913432084.36967 
1197383086.37528 1824582497.49612 1348217314.57811 1385724810.79339 1642740845.77515 1312470813.5038 1059782117.85912 1701043937.89737 1196909915.25719 1803194161.61886 1080628576.89008 2098229936.77198 1947016925.22835 1101226471.27574 1452232821.44896 1878435172.83762 1003956480.1041 0 1083115950.25473 1718068930.89012 1735170852.80884 1110667177.0343 1634390312.41223 1198394287.29272 1417947924.90349 1177406930.19862 1148569743.60433 1567447225.49934 1784024723.25745 1417964498.69229 1125330783.86767 1561711290.57278 1179621872.93543 1667364301.46564 1499870730.74952 1310630443.56896 1418852819.11744 1247488326.89917 1200694549.73458 1719667350.97616 1643153492.04734 1905619833.14083 1214512548.44806 1319617585.74047 1824444767.92886 2196643449.76411 2250687009.25318 1317241269.45384 1743414479.3119 1978570042.51486 
1526918383.37612 1022560402.15929 1591648796.92648 2069192257.5913 1059063347.21971 1082874901.05567 1883579694.26437 1550511213.33604 1692795238.37314 1845484283.16364 1094926229.89723 1296447611.06258 1384126513.26224 1823415164.68461 1552499312.73231 1593569142.88917 1427672227.51025 1083115950.25473 0 1031729459.63202 1533044943.67524 1614982730.06404 1071727189.43994 1108302124.07377 1649139105.45512 1082533022.69543 1052572705.58591 1320608264.65822 1744205510.37542 1043469099.71367 1791544210.21568 2085665759.5444198 1083722285.94182 2101726091.4960098 1818367373.78325 1627210777.46048 1689014877.20491 1241457209.86904 1457591460.54598 1915263639.09809 1866319769.21593 1954223981.83769 1142790764.67155 1427379272.18063 2193398691.47902 1445764644.86475 2077589805.8049002 2112716754.70985 1497921006.18062 1746170270.6887 
1433778847.6918 1330323999.23439 1203094926.72095 1897708859.70003 1182438643.55198 2114604360.68769 1563848708.91128 1825957275.90824 1442865049.30553 1510926713.18336 1097331399.12102 1951305318.74193 1653373588.80868 2223620092.41015 1654721952.37433 2295454275.2066603 1954978998.37479 1718068930.89012 1031729459.63202 0 1001338034.32888 1388298573.79882 1378207309.30819 2140031583.70579 1236233613.88872 1287851859.83768 1973244787.45265 1340829241.21493 1897100830.75285 2075198559.34569 2165823799.65246 2197618292.67765 2115451745.57384 1320281817.90747 1504397665.23824 1932522764.23375 1904023785.42815 1225862429.61444 1531550125.64094 1755555839.27293 2241819920.28899 1299502625.65824 1203601922.28629 2264806646.03999 1823539855.39635 2191448994.78109 1061205124.66981 1080987295.07783 1992261717.31202 1835859853.48498 
2165059136.84692 1646922267.03478 1464924781.53775 1835348126.00068 1987014195.4769 1494842959.31107 1869182976.92873 1026200054.26811 1624535947.39492 1874216253.47902 1742804103.54982 1804137638.635 1152917280.93142 1560112847.94831 1852273666.82158 1714300533.28817 1451999701.09954 1735170852.80884 1533044943.67524 1001338034.32888 0 1006930760.55662 1395356757.52776 1675932597.81191 1718787859.05021 1531090561.89378 1198766155.85977 1085094409.62346 1486276535.3568 1460628824.74816 1666565236.17592 1462351201.86958 1238159975.02436 1689104532.08666 1794239738.9072 1506767486.42284 2140306779.49414 1351436747.66941 1435168080.36672 1920947264.05286 1444895838.4605 1057602188.12344 2101973920.73618 1263468611.71111 1020401650.99846 2040312124.57543 1566422293.96087 2082325329.4067101 1664353416.61692 1707609066.24699 
1695550294.27638 1954234699.03389 2054108000.23188 1509561595.41394 2116413030.61202 1073414523.74315 1663085269.61994 1553287738.8054 1942054497.97877 1310768042.632 1232010640.44264 1264258674.68913 1145735149.99546 1758589208.79218 1230199383.00505 1145495903.70267 1145117446.32495 1110667177.0343 1614982730.06404 1388298573.79882 1006930760.55662 0 1037402780.4815 1415614703.97038 1755838363.59935 1321623219.17424 1569985295.12685 1672259295.93158 1479724041.18156 2217651579.64415 1375522160.84318 1962873631.61706 1533310805.33531 1855809105.57226 1230454555.35824 1728134307.58871 1152678700.00595 1845166690.62157 1057788474.79417 1502511348.90067 1761264639.10648 1683344038.56892 1465953090.60599 1282829171.27025 1120947958.79251 1860920827.81761 1216096700.55758 1833389039.32124 1271004075.37332 1135146891.41506 
1165637516.03474 1914487916.17368 1307410766.27394 1196773044.63124 1148902811.04393 1716219553.05921 1684797082.85945 1875152624.80346 1751809303.47899 1737442602.76479 1814956510.36806 1143360795.30254 1522112614.97789 1154937777.62393 1137031352.37242 1869257307.95399 1755614418.6722 1634390312.41223 1071727189.43994 1378207309.30819 1395356757.52776 1037402780.4815 0 1025442693.33418 1322271300.45552 1782349556.50069 1644581981.19886 1589903916.98441 1549660879.16546 1238651140.46583 2091899039.16309 1844478976.56324 1042060594.08689 1822497104.82239 1429535557.36332 2078089178.76121 1055645545.65397 1862891369.76359 1635471982.55485 1829922082.65436 1165868603.43501 2138350137.02467 1636752137.53454 1111769392.84096 2061732141.71275 1250467924.15134 1146303126.39307 1542772396.62546 1443846682.03496 1253723287.01066 
1874487607.66147 1360153587.94237 1299752094.24278 1293868819.4618 2127033476.58881 1481676587.06848 1415575775.73812 1389236877.00346 1291285983.64202 1079107041.51351 1159469043.18767 1976192553.50203 1989532999.84365 1765420219.15341 1474097181.03003 1081311658.02774 2078440176.37067 1198394287.29272 1108302124.07377 2140031583.70579 1675932597.81191 1415614703.97038 1025442693.33418 0 1066565255.54917 1271885162.75983 1462739130.54128 1090013345.72066 1471968086.79449 1345006467.39528 2190126019.67074 2103712207.34986 1405952695.48136 1180833209.80596 1647657844.25481 1962398780.39384 1633047440.14551 1781853961.60223 1254358366.00498 2206356249.2860403 1254306762.08188 2282581801.89402 1222281782.94965 1376898890.07185 1487265204.78457 1788100998.72714 2062004325.33889 1901030663.28176 1787895306.16841 1808793676.89491 
1936470448.21941 1215303879.30844 2060886860.72189 2105039935.39503 2231717965.04557 1934308554.69845 1189466848.16177 1389002250.65114 1256312153.79428 1298412298.24308 1102856923.16539 1048299500.90114 1467012572.72789 1825555137.92939 1065895485.59524 1302140940.20268 1695431753.75915 1417947924.90349 1649139105.45512 1236233613.88872 1718787859.05021 1755838363.59935 1322271300.45552 1066565255.54917 0 1127230334.95525 1796376388.09779 1694798193.60677 1681341453.71284 1668813716.85126 1390606251.75969 1507779303.94432 1207643282.5962 1983641312.64447 1809546055.44298 1614164548.2713 1336522872.60505 1937004137.46202 1938922710.24478 1336311021.02462 1954993999.86561 2098757942.50771 1227866028.39029 1600505936.25725 1639773394.39912 1135124114.64784 1986911960.64021 1597913520.72057 1876539761.3758 1280616291.61568 
2093934703.80969 1629757886.32279 1804010487.3566 1097889799.12142 1436171012.02586 1694507255.12204 1116053072.0315 1629658939.49097 1099978615.10634 1960369390.09104 1555829593.19723 1218804197.54955 1641821050.97874 1574901949.1098 2140458254.83352 1779308224.25713 1758664437.61139 1177406930.19862 1082533022.69543 1287851859.83768 1531090561.89378 1321623219.17424 1782349556.50069 1271885162.75983 1127230334.95525 0 1046114243.19046 1253066553.32752 1187043846.09502 1745527599.13713 1834832611.10197 1622224696.67517 1574705699.14842 1742001186.23596 2154919890.09026 1708821440.67226 1608242317.48351 1134650234.45524 1380049797.02336 1363436949.99307 1520984548.78353 1607151353.33588 1958817575.32917 1649407066.70743 1411154985.84613 2112023600.62556 1073280079.05456 1414847944.30188 1146733799.14249 1087396648.65139 
1188616169.25474 1897415386.43193 1203852790.82282 1908911668.9437 1222618752.56487 1868780088.7036 1985048095.14538 1373800552.43938 1819170295.64037 1566332074.16108 1816627657.46718 1358021812.49013 1933058311.15924 1961832560.1331 1238613725.15251 2141732969.68653 1597878462.01647 1148569743.60433 1052572705.58591 1973244787.45265 1198766155.85977 1569985295.12685 1644581981.19886 1462739130.54128 1796376388.09779 1046114243.19046 0 1095240137.51392 1739526470.99361 1314411285.74442 2197739905.78505 1569930089.94522 1832123275.03777 1696144866.34088 2232591019.61322 1474484043.04082 1242712177.53183 1953734185.08838 1916710367.19398 1292998074.97627 1580668413.78528 2256368343.98321 1283540002.89142 1112881441.25174 1140825985.89311 1605764933.55272 1338810893.31137 1209148910.76242 1894779815.51102 1996261468.60007 
1079964727.22346 1445706376.61072 1512565284.07984 1459548508.70483 1869177432.09635 1163496599.06364 1148981815.9561 1336366652.79697 1377329080.17978 1015457060.90948 1557895697.35661 1670571540.94966 1652581772.17417 1211256915.13224 1109563387.13668 1190158952.33167 1847490746.15573 1567447225.49934 1320608264.65822 1340829241.21493 1085094409.62346 1672259295.93158 1589903916.98441 1090013345.72066 1694798193.60677 1253066553.32752 1095240137.51392 0 1062553726.98773 1644744647.89354 2377884990.82859 1388801917.81793 2234664691.03687 1388725030.77804 2196409705.27338 1612218420.35449 1999674815.22475 1548981309.79028 1941804197.91271 1831084619.98977 1404916946.95211 1711614779.22058 1820696081.60241 1204727364.27356 2105496060.62192 1439463316.55232 1805895369.72111 1157144581.34539 1481558480.99472 1246924888.61922 
1732004499.87111 1030284293.2421 1626058367.07503 1348103287.31909 1939405496.64795 1239152541.36402 1154004380.1623 1088874031.66653 1133344999.74826 1973739701.83667 1156128895.64138 1435787901.88901 1892765348.51649 1691638615.82412 1312083502.48676 1074556647.69799 1070110126.19937 1784024723.25745 1744205510.37542 1897100830.75285 1486276535.3568 1479724041.18156 1549660879.16546 1471968086.79449 1681341453.71284 1187043846.09502 1739526470.99361 1062553726.98773 0 1060143050.19213 1498635515.66788 1098372174.63317 1715769445.27038 1977649032.97173 2084394078.67167 1800522395.60921 1235283438.28362 1985085797.66189 1822909983.0109 1334852209.81814 1336293835.26187 1519692025.88826 1710892864.0029 1768256235.45831 1254435657.94607 1185280483.39707 1259653178.86909 1234713477.30846 1349271492.83306 1141372331.09945 
1755848693.88382 2044958325.65167 1115602824.44161 2166807478.99759 1232173001.40982 1780864751.11168 1564416145.07693 1263310298.72204 2143422357.17207 1427504960.26665 1466924948.86162 1118794947.35087 1467444569.29207 1382522665.40607 1949775157.25474 1575053000.77259 1099355370.95801 1417964498.69229 1043469099.71367 2075198559.34569 1460628824.74816 2217651579.64415 1238651140.46583 1345006467.39528 1668813716.85126 1745527599.13713 1314411285.74442 1644744647.89354 1060143050.19213 0 1000437915.14501 1434756889.95196 1275632783.1359 1356127898.2135 2296982069.08954 1832412289.23622 1507479312.75622 1969579208.77554 1196231949.34564 1386120165.14346 1951762019.81276 1350624240.72022 1255700138.21743 1756304640.97687 1188778101.74271 1886338913.62733 1034120706.09123 1610300553.63505 1138505039.50412 1129409153.74462 
1900084421.85454 1718692117.71306 1758114003.79392 1214120179.32395 1251837214.59615 1961775984.02423 1643914788.0958 1837117679.06141 1142984442.02706 2147408666.1384199 1848174674.12664 1990387455.0784 1083981999.22484 1879031971.20937 1689371340.51354 1732660837.93438 1614282821.07498 1125330783.86767 1791544210.21568 2165823799.65246 1666565236.17592 1375522160.84318 2091899039.16309 2190126019.67074 1390606251.75969 1834832611.10197 2197739905.78505 2377884990.82859 1498635515.66788 1000437915.14501 0 1003116249.09048 1049838445.0762 1091491982.16544 1752940213.66251 2087012360.96657 1708825386.64262 1907456228.50666 1553854353.75642 1600308568.29987 1796782544.06141 1678009930.66711 1461470895.44014 1605381795.66694 1056913919.89194 1871747819.99112 1839921218.66609 1934870342.75975 1722831897.9214 1684570821.19629 
1287506524.92941 1294390904.69381 1462997101.94141 1258053358.57823 1718332044.69726 1054979879.43865 2107182424.30835 1967957969.77253 1584998648.41106 1570450507.25637 1110991050.39608 1973328738.81371 1569807378.74533 2138118107.7891502 1351485201.00907 1022400549.32212 1101223683.48596 1561711290.57278 2085665759.5444198 2197618292.67765 1462351201.86958 1962873631.61706 1844478976.56324 2103712207.34986 1507779303.94432 1622224696.67517 1569930089.94522 1388801917.81793 1098372174.63317 1434756889.95196 1003116249.09048 0 1001943473.6026 2019947279.15679 1627054248.22076 1128717593.80919 1026175194.27719 1879006496.16135 1369649825.51574 1896377399.17367 1622537602.32401 1709496375.89568 1018107172.12935 1429833051.98402 1410667140.26211 1738388334.77237 1635720169.80901 1983724047.37494 1739087445.5268 1374327322.64002 
1711222893.15947 1383781964.57689 1318509322.75229 1894076339.92651 1931546665.65792 1909572656.34959 2230066352.62293 1517720523.85041 1239557191.59707 2145569393.5794802 1510373163.24459 2185421389.38943 1533500385.81863 1264331095.41435 1858279331.95831 1672050789.48282 1815029854.88705 1179621872.93543 1083722285.94182 2115451745.57384 1238159975.02436 1533310805.33531 1042060594.08689 1405952695.48136 1207643282.5962 1574705699.14842 1832123275.03777 2234664691.03687 1715769445.27038 1275632783.1359 1049838445.0762 1001943473.6026 0 1018003805.55419 1148947964.87443 1166230161.78613 1688860505.44721 1198135323.65059 1359074453.41114 1375332806.84957 1085444583.78727 1669300730.58536 1500810033.88588 1119232911.98031 1425983376.5917 1063277738.25609 1932515747.77002 1671139262.98172 1547226473.68432 1056514198.47718 
1984925650.55289 1484612069.11746 1991762960.79321 2256535713.89102 1535797435.33982 2111342954.19257 1574126975.30265 1825084844.81836 1258316995.73339 1477580456.03118 1801564439.62774 1855340278.41765 1884591464.0315 1224702086.17629 1343208669.83576 1501465872.38329 1834797743.77658 1667364301.46564 2101726091.4960098 1320281817.90747 1689104532.08666 1855809105.57226 1822497104.82239 1180833209.80596 1983641312.64447 1742001186.23596 1696144866.34088 1388725030.77804 1977649032.97173 1356127898.2135 1091491982.16544 2019947279.15679 1018003805.55419 0 1023084908.5371 2033965268.24367 2068979371.28855 1813391882.7815 1613714123.77279 1279164930.96352 1455770087.65143 2312314743.1978 2123482446.2880402 1289880692.81122 1069122719.96629 1942434399.13184 1039492302.04686 1542440336.29069 1832553068.9511 1869795931.83851 
1235656825.16218 1054109785.42957 1675919712.71089 1651526252.07492 1394306162.46774 1665069210.85385 1158585123.23592 1268227248.99051 1899040520.00625 1180952644.3639 1401759998.04639 1693485190.76176 1298100470.20433 1966891723.63434 1552831275.08165 1308393578.34698 1994728155.09466 1499870730.74952 1818367373.78325 1504397665.23824 1794239738.9072 1230454555.35824 1429535557.36332 1647657844.25481 1809546055.44298 2154919890.09026 2232591019.61322 2196409705.27338 2084394078.67167 2296982069.08954 1752940213.66251 1627054248.22076 1148947964.87443 1023084908.5371 0 1064612967.66468 1386700175.4932 1191212787.34833 1123506709.93285 1887229517.79114 1611548792.47291 1557678576.75438 1854039443.8856 1119709578.36148 1108203967.34683 1800699612.8439 1429692705.17288 1976857192.03077 1446291664.96381 1278770250.29701 
1962517259.95825 1794785073.01736 1174540106.82654 1111453874.00439 1235002252.42799 1935105464.71524 1386754250.48332 1038272877.30648 1737892745.96934 1779712329.5191 1206119762.04974 1790446771.45778 1719811592.53872 1658853360.8549 1458055096.92279 1465500420.87331 1260161343.67 1310630443.56896 1627210777.46048 1932522764.23375 1506767486.42284 1728134307.58871 2078089178.76121 1962398780.39384 1614164548.2713 1708821440.67226 1474484043.04082 1612218420.35449 1800522395.60921 1832412289.23622 2087012360.96657 1128717593.80919 1166230161.78613 2033965268.24367 1064612967.66468 0 1022443633.10724 1961591206.13481 1934478396.43958 1257831044.18115 2060449513.46053 1508314610.99768 1976646228.75596 1976463101.35281 1897768841.53601 1313583793.20724 1821952977.15925 1240030519.78836 1256285134.61539 1350302950.21351 
1236999827.22275 1348780218.35107 1474244198.08365 1839131244.38698 1614166685.01478 1190360974.02824 1107169927.41257 1398512949.78819 1427535472.93421 2045940429.8050299 1309020194.66103 1976300785.73641 2076042416.25753 1721873562.60471 1853885370.4424 1127513854.93169 1849905770.24486 1418852819.11744 1689014877.20491 1904023785.42815 2140306779.49414 1152678700.00595 1055645545.65397 1633047440.14551 1336522872.60505 1608242317.48351 1242712177.53183 1999674815.22475 1235283438.28362 1507479312.75622 1708825386.64262 1026175194.27719 1688860505.44721 2068979371.28855 1386700175.4932 1022443633.10724 0 1048566902.97893 1437383297.93512 1665915980.83695 2103483320.7637699 1082704591.3707 1417484735.95359 1171566456.09671 1290441083.9395 1794702207.15426 1159856764.38101 1308285454.93436 1613021925.81345 2019375011.4850702 
1329379420.02396 1555254726.92445 1204083499.08496 1292862340.99177 1067731086.72248 1368856753.67978 1273147900.26859 1420143832.822 1524610275.53033 1394981773.74143 1862787493.82664 1192462620.5717 1246428607.34 1075456927.32497 1162410835.44784 1703709505.82875 1675475631.40567 1247488326.89917 1241457209.86904 1225862429.61444 1351436747.66941 1845166690.62157 1862891369.76359 1781853961.60223 1937004137.46202 1134650234.45524 1953734185.08838 1548981309.79028 1985085797.66189 1969579208.77554 1907456228.50666 1879006496.16135 1198135323.65059 1813391882.7815 1191212787.34833 1961591206.13481 1048566902.97893 0 1125032993.59588 2132600113.4819598 1141341582.25191 1574835937.02066 1460642785.3433 1357789693.28958 1975606341.55989 1450942325.59761 1572571642.05176 1997745510.90329 1336127273.02011 1062977226.86243 
1709271058.88479 1530885370.64052 1352077380.9265 1638985019.04803 2077680158.67702 1312666522.09645 1369436863.69424 1412114076.7159 1251636751.70746 2088953869.4117699 1170627562.80655 2092436554.71366 1055678738.64261 1643965852.86881 1798082154.49489 1899168334.85734 1200143879.98276 1200694549.73458 1457591460.54598 1531550125.64094 1435168080.36672 1057788474.79417 1635471982.55485 1254358366.00498 1938922710.24478 1380049797.02336 1916710367.19398 1941804197.91271 1822909983.0109 1196231949.34564 1553854353.75642 1369649825.51574 1359074453.41114 1613714123.77279 1123506709.93285 1934478396.43958 1437383297.93512 1125032993.59588 0 1099445254.23888 1519934424.43394 1133112669.44383 2218183320.47174 1620600591.70125 1099466691.5115 1272939017.87739 1339122260.18226 1797555487.24565 1752922875.95539 1167597432.43732 
1322680557.76763 1703576980.52513 1696605346.22551 1382865900.48082 1568144201.51016 1295191929.18961 1170705581.87615 1225613683.0233 1948897974.38279 1127249207.77253 1489672052.66699 1577986889.53985 1231741205.43479 1131280715.39325 2186438710.21218 2187227321.3724 1288921539.11872 1719667350.97616 1915263639.09809 1755555839.27293 1920947264.05286 1502511348.90067 1829922082.65436 2206356249.2860403 1336311021.02462 1363436949.99307 1292998074.97627 1831084619.98977 1334852209.81814 1386120165.14346 1600308568.29987 1896377399.17367 1375332806.84957 1279164930.96352 1887229517.79114 1257831044.18115 1665915980.83695 2132600113.4819598 1099445254.23888 0 1112419898.7221 1605397349.27472 1487681442.48208 1910034445.30848 1857461547.0149 1180498470.64913 1973589244.88569 1849461214.38523 1739989991.88126 1069622886.61953 
1688200870.73476 1973568199.75235 1911400490.74201 1668894773.75383 1059381276.73701 1996220407.72363 1794054200.66442 1022176636.15405 1564944150.15132 1568383969.00879 1437269837.55214 1858065037.94162 2235482206.523 1760911080.354 1836621239.52821 1453390697.14432 1778646891.47515 1643153492.04734 1866319769.21593 2241819920.28899 1444895838.4605 1761264639.10648 1165868603.43501 1254306762.08188 1954993999.86561 1520984548.78353 1580668413.78528 1404916946.95211 1336293835.26187 1951762019.81276 1796782544.06141 1622537602.32401 1085444583.78727 1455770087.65143 1611548792.47291 2060449513.46053 2103483320.7637699 1141341582.25191 1519934424.43394 1112419898.7221 0 1028275039.81214 1804616176.59746 1572289365.72621 1317276990.47342 1182073083.14306 2275922372.58325 1261975246.12607 1388680470.69757 1374769769.1028 
1498377832.40685 1240085684.463 1835118158.0062 1716536785.73637 1317042183.44376 1301235938.83473 1197262539.79865 1929320490.57158 2167795244.8009 1988098561.38975 1347996297.01607 1050458441.60657 1214617333.90722 1343756439.16749 1694740652.06501 1371054636.00849 1107627562.23429 1905619833.14083 1954223981.83769 1299502625.65824 1057602188.12344 1683344038.56892 2138350137.02467 2282581801.89402 2098757942.50771 1607151353.33588 2256368343.98321 1711614779.22058 1519692025.88826 1350624240.72022 1678009930.66711 1709496375.89568 1669300730.58536 2312314743.1978 1557678576.75438 1508314610.99768 1082704591.3707 1574835937.02066 1133112669.44383 1605397349.27472 1028275039.81214 0 1234911404.39753 2150601259.57602 1359474789.52449 1492692163.92826 1448670271.23664 1711415890.85032 2333455082.79927 1732192240.11376 
1207896403.02198 1722782362.13525 1607812144.01094 1552971304.00355 1249075244.1983 1304074134.29284 1095912082.81205 1075773866.46807 1911773253.34135 1831356520.68223 1610960878.49112 1980426569.4054 1340731252.54842 2153843247.97086 2215620646.37059 2040507721.45147 1744416168.94466 1214512548.44806 1142790764.67155 1203601922.28629 2101973920.73618 1465953090.60599 1636752137.53454 1222281782.94965 1227866028.39029 1958817575.32917 1283540002.89142 1820696081.60241 1710892864.0029 1255700138.21743 1461470895.44014 1018107172.12935 1500810033.88588 2123482446.2880402 1854039443.8856 1976646228.75596 1417484735.95359 1460642785.3433 2218183320.47174 1487681442.48208 1804616176.59746 1234911404.39753 0 1110598384.15413 1462712417.35404 1629789609.8123 1702781550.42239 1239354088.17992 2208068570.01723 1737650690.69834 
1708812124.28771 1007965466.44607 1354787045.99333 1560562083.87605 1893368120.66038 1389994916.0172 1717351531.84461 1677004020.45311 1256175952.84695 1965260712.32229 1805259912.90263 1248675585.07508 1408044078.25101 1894774364.1933 1866206601.13013 1120310142.86525 1042973697.34173 1319617585.74047 1427379272.18063 2264806646.03999 1263468611.71111 1282829171.27025 1111769392.84096 1376898890.07185 1600505936.25725 1649407066.70743 1112881441.25174 1204727364.27356 1768256235.45831 1756304640.97687 1605381795.66694 1429833051.98402 1119232911.98031 1289880692.81122 1119709578.36148 1976463101.35281 1171566456.09671 1357789693.28958 1620600591.70125 1910034445.30848 1572289365.72621 2150601259.57602 1110598384.15413 0 1627745919.54452 1805066516.41574 1974794633.99666 1725654997.34497 1699583787.95094 1961510472.11003 
2055839385.82547 2162313752.7763996 1634735063.50237 1642566460.81351 1235019319.98609 1648274546.99557 1297566535.79861 1945230902.70117 1862872803.91986 1824664358.28233 1669020353.38797 1101446520.5551 1571813813.81205 1584531682.94589 1223608460.65275 2045567029.45596 1067601648.4552 1824444767.92886 2193398691.47902 1823539855.39635 1020401650.99846 1120947958.79251 2061732141.71275 1487265204.78457 1639773394.39912 1411154985.84613 1140825985.89311 2105496060.62192 1254435657.94607 1188778101.74271 1056913919.89194 1410667140.26211 1425983376.5917 1069122719.96629 1108203967.34683 1897768841.53601 1290441083.9395 1975606341.55989 1099466691.5115 1857461547.0149 1317276990.47342 1359474789.52449 1462712417.35404 1627745919.54452 0 1019910473.57697 1851418139.68877 2180138671.48133 1741147108.84199 1049301330.66717 
1377657796.15419 1982975460.12125 1738042572.66293 1114653102.36271 1364299074.418 1315732083.97931 2066502174.38041 1093685489.98687 1503086723.66727 1560897470.3054 1186672965.71431 1707106428.17933 1977689143.13704 1490121637.81493 1336056606.09008 1495664706.62009 1824337061.02504 2196643449.76411 1445764644.86475 2191448994.78109 2040312124.57543 1860920827.81761 1250467924.15134 1788100998.72714 1135124114.64784 2112023600.62556 1605764933.55272 1439463316.55232 1185280483.39707 1886338913.62733 1871747819.99112 1738388334.77237 1063277738.25609 1942434399.13184 1800699612.8439 1313583793.20724 1794702207.15426 1450942325.59761 1272939017.87739 1180498470.64913 1182073083.14306 1492692163.92826 1629789609.8123 1805066516.41574 1019910473.57697 0 1262663515.06756 1475487872.28688 1603628364.00231 1992836586.1677 
