99
dOWv4G57nxm9UArCvQlq 5ebtvAsyAh8vEmm1Z3wm Y5ZKsuPbCDUQp5LjPNey 3Yod5nNtIcKNmTtNQ3xH wtlCpdxHbUUmSY7DnD2u JfzkldRR1w0Y52KBg47D Crbc9OlCoJ9dTIJXXsjb Xucw5TdPOzp0SQGWHjkE WZxeHszJ2ShfYgJs53YV mGfIqoDGGajPXw9RvY8S OyOgefgJfgx6VwEfudZn JfWSVxbK8iOEPzK7FV9x 1aGCWVuyE8DRxIV204ZW 4CVQrsejmjPmVL7elf2w b2icxuMf1zEyF7ImMEzE HKK5Jm9eHd0V7gvBWuw9 BLgd9OLqnPIJY5LCIxDK CLNCAWQgYnzuvt7RChAf QZIvvAQe1weWyQjLrGi1 GfTqQpqjWivAFXbCN2BL acwLCbshqBQuYbTzAPRI km12BN3CByUGmRV2tX7b 4mdSIFCsq2HySOzm2H4M R87rV3jFUvYuE0RN4Z4a UvtGaTsTes8Gs4gE8ya3 SQhK0n9L9aixdJxvdeKd e2usEAoRX2qu6mneHOxg y3cL4LyhfEAlU1Jj1Xj6 W1IcDWCQWwTCriXsjtm4 zDq8bGYKiSYw3c53IWfw RrBlUMzlEzdRa5S1pyiF BcvYB1mubFuRTbgMUsXg czjPVxJvSz9DoMc0Y7Vv BCVfaQnOCgLubJ23r8nF XfWllIgv9lA6ZwGuKvLt 7c4FoaFf1TJetsLZUEok IwnN6xRahpjWnxZTYR2F ydEppVwK15UN0USyP00U lrLgTYF7nIsDkEYlxuHz PLyQF48YPXs4LxxIxWHM 1crXui4lUlMG7IuTFiXo CxdADQl1Lh5mGQMAravk WQlZty1AKP9gLfjz0EYW u4VGAkqq00Jhej3knMJI 1wZce3qjltyIzzlL1Zfw bBJ5TDHtVrSIxXmQJ63J fsCdklolnC3ndvzFtyM3 TkZ4LHIfwKap48xdp8m2 kGhQ3uDjcFA7MLP7UF4W aU4DeG46NC8vRU6N0ahg NtZncVsU7O40k1BXousH aH2XDl7CjGFhEP3bbYjH Q4jkxyPtGKis0eXik3Gg AjMqEYKq0eELwsiEhQNE cAkwFDH7tSQkP40ewGcD CHHJQHxp9VQGraviPBS2 4mRiy2s23Ljl4N4CqEav N7mkTpLI9Mgh0txBOflw 7ArLVA3N0doHBQAlCDtl a6uUA0TEdnZwD1b73O9r VaRx19QfIOvUT5pZyulj Yw0z9L8p6xIk7hgYCgVd byF5FvS6RJUrgCsP3o6T sSdPSXUotKahf03SRnBn KCy3uvDFe4h3kwRgxFiX NvfSRypj4POoHWC3jDz3 pxBA1Tii62WPeRWcccVp wyZ3Q4gHyaxpdYdezyjU QMmklR1fA1rnjMsU1WMc KKiBHd9DTQAd6AZYxlK3 iRg3oRlKsAtLuOm5tUrC bLojQFXmB5k6r0zKTWYe YrtjNlKZcZnAXu7owFPA JWE9kJZ3fUSBbRtkVScl eA2uctxdjBuXDZUrmUHy TmdW4dU59umpgT9XX8G3 p6bp9pYgtaGo4Q50DQAM Hpniux0SkkA6CliHWNDc flliQzyn5hSC8yLOMyYJ trOoQ3enuOI8GUJqwAMC GzkbHop7cJv0CvjQalTE jAzyDyaN1mD5Ei1RjCiO OGxA8YvD4WfIxOfmtWm4 0O3lDJvzYSiuZNzHimQX 56ePYTmTGzdOHfvnLEPd tH0lbMmdJDVlC4Pr7uAb jZUUy27kZ3z2uIv0PGPy HhITLZSwERe6osGRUBXt ul7ierPjffkmvfh4Ylme Ic20PkDM6xxefUTvJEIQ VqBuOSJBVqxMG4rldwQn S0PhmGw8tyUPzxvRSE5R 2bMCdMiNzTpm8a2kNe9G kVdbGuYm0jD2q8vsLFHY rzYdrZxXnbXlOjFVWVaR Ad4iMaOuAofXNjJzNKWl TBEGhhvsdStRJh2Eqkyf ZDA7k1XMUYTsnmCfuUtR Mf966TmCJF9l0PTKetVd
0 1041008705.61957 1390102870.53096 1709162916.94425 1805762021.2232 1432260736.93836 1373956106.15431 1913718523.75269 2165201581.83549 2069653164.26759 1175020163.19382 1758983050.06164 1782611010.6472 1690268620.91107 1052162202.45756 1422130070.16229 1492732013.58497 1069484862.87919 1224865297.1129 1663832715.52515 1141073980.12666 2073255787.25766 1789226280.30624 1724440589.12249 2064819777.49645 1149649522.49914 1356272710.82884 1768459053.53383 2097956785.86065 1735610379.6925 1491615557.96033 1506147518.99097 1243282079.83025 1051753155.10115 1577105944.08643 1740765504.72434 1333467359.04869 1565968407.5316 1239677732.10149 1799881715.21797 1196442335.95175 1358092979.07893 1253630698.29903 1443663265.86066 1528284991.60828 1321799999.90037 1536981653.43803 1287134930.21955 1838547001.2707 1268728843.56549 2211366744.71716 1552235907.09943 1525590717.54538 1786668813.87028 1599845646.7334 1778957714.70223 1677892404.03927 1689490682.33719 1349407210.39335 1876581721.38909 1328630171.0917 1278019474.32225 1229685923.14582 1559376692.06504 1208911470.80041 1830910252.53654 1471258227.70736 1664178160.14196 1308031359.5123 1460749380.58348 1142613692.74987 1315414999.65683 1693916494.09295 1482454092.2316 1450028590.01328 1828386459.59211 1857301577.74449 1403062566.48956 1565474287.53342 1626035766.67674 1095591848.08583 1803607589.25834 1884869281.91134 2085119785.96466 1449914750.2862 1658073511.2313 1049768725.17145 1101551409.29831 1760906242.51743 1226087338.81356 2188556995.25651 1379133726.38123 1571102947.22761 1917899564.46054 1776302390.48251 1514145014.16151 1194353802.21254 1175755128.75025 1008151006.40049 
1041008705.61957 0 1001423235.15575 1291540292.94067 1876734433.72273 1143170785.05561 1065389455.8985 1522108367.14034 2098210717.16296 1072643861.88124 1152657157.12312 1185793617.6207 1538213523.4142 1588066320.67878 1487339480.439 1552358871.85328 2130943631.8284702 1142521576.70637 1291609370.96844 2152646221.15522 1188789231.56171 1418928203.45939 1567904988.13794 1710450600.2284 1700818995.16394 2050982493.0980701 2018137814.53374 1346306280.77226 1320701360.09468 1849310071.71557 2039431670.9439602 2157969790.23782 1332978689.12178 1790055327.39067 1427593270.91332 1066372214.52115 1557916808.70321 1542310733.9495 1781135931.40566 1459559166.20825 1942234513.44233 1291371377.76287 1338562210.39493 1766636321.18383 2055185357.4650102 1637015838.66386 1326771311.34534 1937413600.28714 2208210845.37021 1820979838.748 2094062143.77918 1950425233.60836 1923066536.45717 2152843522.21555 1499767526.12787 2210965233.4982796 1443354745.52837 1635745329.22039 1421960193.21443 1301504411.66066 1303942431.42972 1162450430.49935 1982235756.30047 1269926837.45269 1483045343.12261 1322727570.15473 1095407448.86088 1038702648.50138 1663649798.08895 1149707164.18505 1466916858.69428 1619026977.67825 1729572598.67417 1466033300.35974 1889235431.96754 1378633088.66809 1858715295.67341 1628503480.3193 1161620634.40619 1457682925.72912 1719890598.3098 1473691935.20518 1755406727.69004 1456637777.26283 1033537460.81775 1293600446.78184 1345383737.64778 1367212460.24725 1582844155.59399 1482762575.43776 1440139101.32724 1830865262.10822 1871834726.71943 1710233136.97361 1962367194.42542 1566738915.51747 1142909226.22634 1791198424.90407 1606976783.49367 
1390102870.53096 1001423235.15575 0 1002141506.71185 1897955799.16497 1896846469.95511 2066812691.05425 1954465956.76581 1463114894.37725 2074067097.0369902 1961334501.67412 1880387977.24653 1472930392.4867 1420722210.59731 1627034806.42365 1868159303.62324 1452778355.58082 1866488644.84274 1273655497.44177 1712482538.10769 2179398827.71254 1819288448.35835 1788004591.80443 1062791911.5626 2066209776.7537498 1180542301.38256 1524380535.31848 1630340585.40211 2055909476.15439 1459676944.27973 1970743364.55152 1318799005.75545 1185323960.22927 1167651847.20739 1229025796.75493 2067795449.6769 1085797091.75113 1476020661.06342 2166543231.78219 1267762600.0832 1750779985.85693 1357187116.98865 1667726460.54654 1410694085.63368 1235907569.33656 1883559558.07638 1760780665.51785 1642141488.5327 1758515610.0566 1585217004.36647 1371000315.68338 1703685215.31764 1923898751.60763 1714124420.97131 2026786057.63292 1791013080.63129 1794182168.90458 1371245802.05626 1384597768.14325 1710018378.37351 1138073721.29904 1261093189.43449 1288038193.76556 1650737642.55723 2164689773.58783 1796288993.79782 1800107215.36256 1417639805.14091 1525477992.62642 1997680582.21444 1155633834.28968 2072217160.3280702 1430016214.62508 2106691798.3411298 1945212987.081 1182816999.07823 1563625062.43396 1340116776.01121 1469975915.5228 1500682045.77433 1114609658.28883 1020468863.27167 1114959282.10592 1940183792.36123 1923021048.96362 1812065693.0186 1407202438.79783 1370026006.87025 2130290871.86438 1013968164.80017 1823772028.91466 1904367073.14063 1968197772.94985 1651844702.09648 1640841167.75278 1096948130.84157 2064662047.7951899 1879253197.80512 1382765664.18761 
1709162916.94425 1291540292.94067 1002141506.71185 0 1004669488.68427 1355384050.85876 2082505357.41264 1148394941.88635 1937808652.48686 1977068965.32639 1355624686.3717 2162235347.8953 1751092635.36111 2069734791.26015 1638273822.71026 1731600662.96589 1129240235.22383 1692201088.02671 1302113247.12621 1255049252.30102 1822583869.39116 1015819241.28717 1163314064.09837 1571338290.26003 1757637759.78898 1964749124.60304 1063369482.87021 1229443445.39664 1844888620.14899 1863015680.1572 2090789985.42716 1089854158.37992 1318072044.85423 2071700802.89399 1190098694.98808 1639646650.02478 1334770663.89523 1025478131.24566 1853736335.15095 1667316666.3492 1249547211.41603 1157333112.01571 1522082303.66533 1058840874.44547 1146611125.0664 1317299526.85206 1145850188.72755 1085520697.67112 1337615435.71075 1624992085.95484 1118637334.10005 1638883310.78531 1847300275.94596 1769690028.10366 1024644550.92107 1060189987.41458 1650130776.62633 1861946270.29023 1298029569.17862 1258063254.71781 1136176554.1466 1902821298.08345 1878003274.36847 1169842185.96047 1795571060.38688 1132370427.30238 1794034092.39231 1631748157.28679 1256183044.20838 1489216781.01923 1482326748.90549 1247263275.31861 1278109147.29107 1637064529.79617 2116379575.0925002 1476675264.02459 1897293165.68394 1824884003.82925 1409396810.03375 1527056221.3867 1015923202.57456 1875164744.61871 2100189484.4819999 1273642761.18709 1871619570.71924 1679352159.50369 1976661131.6391 1780968712.18344 1677484782.76557 1292866868.66735 1935723947.69355 1974846545.3698 2117670934.4989 1253704485.03026 1594122284.21018 1531244500.6584 1927429026.11618 1675330068.99406 1286285819.19837 
1805762021.2232 1876734433.72273 1897955799.16497 1004669488.68427 0 1017321616.15297 1492730528.0421 1951314823.84693 1059736221.77308 1590025364.71875 1469953606.13112 1319468254.58518 1299455697.49527 2068304589.73599 1053890103.30929 1978600564.24497 2099910163.4046102 1483460395.84123 1481169043.94604 1234619663.30295 1375074545.26189 1281780852.22974 1160644756.95256 1532547926.73654 1598800086.6582 1831493396.27162 1432170997.96329 2031136912.53059 1965550864.67067 1139859345.96296 1325400277.68679 1451462489.78102 1192770573.89934 1068062199.14586 1988395656.10938 1024536732.71342 1533753820.15221 1754064916.33975 2073425046.08479 1927902288.87515 2126427882.8311698 1520223017.87517 1098260135.90415 2035780920.84667 1904959845.9323 2069962687.04605 1928103145.78813 2018565445.5850801 1720742841.30952 2160933555.28049 1810493186.81055 1145860636.55125 1684614279.1699 1995121900.20193 1146340547.83833 1192279623.66096 1063209157.94846 1400602311.75953 1886372968.8387 1651778357.57515 1869516609.08045 1570825081.06393 1451899997.51877 1953404425.98994 1358244509.02963 1385442375.97302 1291948777.46623 1953101696.8096 1526565254.99413 1441920058.61376 1117708146.9201 1044096799.94394 1506434588.28244 1976253989.99439 1219989576.3522 2093227078.65366 1757540653.04491 1508076883.24323 1605599284.66349 1555687818.48552 1864820364.1462 1045131314.21958 2062917471.90474 1422451489.55438 1264261117.18293 1762480989.31508 1273462338.41593 1441875648.06626 2070377969.73207 1249489867.18737 1732394237.16848 1915136910.73392 1949780206.9633 1510486765.25454 1141462486.8629 1771506274.3281 1066419955.45179 2185480045.77172 1501788341.14136 
1432260736.93836 1143170785.05561 1896846469.95511 1355384050.85876 1017321616.15297 0 1010737464.06813 1837954968.18948 1967843977.19353 1016666397.70775 2019250558.84275 1652115266.77895 1423871839.10576 1676776110.3562 1912838927.01952 1307883732.72657 2024291539.80193 1020532102.40016 1973174321.87988 1272067864.36276 1443613497.8731 1961565799.97356 2037147480.1266499 1569644865.81326 1879332298.73282 1234139459.85497 2107515216.9516602 1615048427.88843 1537723310.23241 1475336874.53124 1429258149.03352 1579000407.35135 1045832413.99702 2080384512.1958199 1144165138.68908 1602911874.58257 2055057473.42062 1740999086.76799 2102761902.00584 1520876131.95601 1963099396.95638 2098689544.6244001 1982225469.48499 2070207611.7614598 1766366378.37966 1445845174.77189 1787554827.99992 1327717403.18693 1236936310.48638 1817098475.28278 1020757307.47502 1021568885.22668 1317625769.33961 2063822394.37977 2105199895.3285098 1895742447.29558 1047121535.07145 1426385113.38633 2079702478.0355701 1356635187.58909 1876454102.40144 1907978060.80675 1475131704.4422 1310690078.13782 1677500654.34553 1831792112.42118 1794433302.27475 1266896612.13133 1256762761.89044 1245107864.83342 1414057100.12347 1198407826.45454 1894056433.43645 1720149025.9609 1222476105.94115 1271825986.11174 1208761466.55966 1564797577.46649 1759069427.32044 1994165637.21751 1754910295.82629 1290778798.56469 1121409682.36019 2143441310.60391 1583981761.31555 1153991744.38884 1932961224.64277 2132581172.34619 1324569063.2969 1675368252.5851 1686884533.75101 1465528348.93072 1953577952.98557 1802529838.50732 1192246680.1323 1399820431.17692 1965017978.74856 1207915886.55127 1713708338.08998 
1373956106.15431 1065389455.8985 2066812691.05425 2082505357.41264 1492730528.0421 1010737464.06813 0 1033842063.50327 1973797105.64984 1161984132.4853 1694701039.41017 1345327950.04866 1117576442.53735 1868018289.19635 1322755390.03383 1918204448.10111 1960706333.11827 2031269566.4682899 1577922513.75227 1933673529.05568 1838214633.94298 1289038257.55565 1861683167.96906 1560929566.86254 1805985811.62822 2161072287.82867 2208425464.93882 1490655481.69363 1829438159.275 2030397104.36124 1075377670.10071 1136401464.15969 1312472116.96726 1890808361.31258 1156169408.44668 1377615077.23506 1044320009.35249 1650038005.01667 1267646151.29062 1479952278.18587 1761978575.96029 1198016798.72951 1698993711.12139 1778720836.30682 1608119887.51298 1541367202.4311 1987674686.68749 1091181775.59111 1253768697.55275 1268775788.53833 1728583678.61778 1247046033.12646 1545385470.89382 1648192124.17528 1318198228.71904 2109032327.7000098 1848814273.44039 1652548547.21642 1693019260.60128 1668670698.40058 1052881521.88793 1486806193.84977 1728684870.01076 1899519788.04539 1069415313.51465 1131807638.49639 1310122137.82103 1284272406.75784 1808893012.60637 1432919017.94785 1820473775.89665 1940837514.75925 1597842128.00623 1063381701.02114 1767736154.64098 2078116166.054 1520393596.54523 1866220211.90139 1896318718.2475 1195539543.88574 1360235739.53104 1334735299.26893 1263155460.1828 1575427991.65664 1122947946.75467 1553413961.1952 1599386449.60022 1893243758.65573 1515912152.35073 1128641507.64688 1333212709.28369 1085510766.873 1640013282.78052 2117701401.5341501 1097488565.46836 1060406044.86883 2071254987.75846 2077888181.81066 1413385907.62267 
1913718523.75269 1522108367.14034 1954465956.76581 1148394941.88635 1951314823.84693 1837954968.18948 1033842063.50327 0 1006520159.32383 1063499516.2983 1937736355.70352 1927422136.25691 1991059697.07182 1155156933.81183 1897461755.11283 1971722737.25673 1162913798.87156 1922176214.54502 1289533692.38057 1854950275.31396 1943386172.75495 2101878193.7737498 1906028071.9718 1180360268.24061 1115918810.43032 1886630809.43292 1598682994.07792 1380204791.90033 2051106878.42912 2137998250.00056 1794018379.67089 1657804189.43817 1521028673.41226 1384684931.03254 1836674438.53419 1665873353.76574 1618440985.86902 1321552712.5164 1598484367.44601 1457973583.7224 1652397923.29583 1863221979.50563 1227111833.53961 2038535899.65505 1029041402.69874 1899918370.24604 1652555949.92006 1572799138.73532 1738500274.12713 1383593542.08986 2079475154.77182 1909509023.58853 1993874803.38801 1785192173.40594 1287722041.9985 2144752279.25174 1939746375.17223 1719115760.78016 1105116250.51825 2085849947.1783 1139301082.29987 1967102377.57933 1286496846.05909 1363984663.60485 1123865401.51951 1552942145.00959 1242620278.7938 1548640101.90861 1308711639.7028 1523291276.88967 1162620788.69257 1683032200.12504 1609388911.27759 1768096195.66163 1356333328.57353 1646021466.40455 1818843554.74353 1275517826.65391 2191644371.2996902 2137542581.29738 1706796768.91005 1359013008.90717 2089616578.5349798 2055711468.85042 1055151053.36741 1433415888.21063 1699459914.14172 1783127211.07945 1270388864.66218 1479400452.04062 1806895004.19952 1183892525.10183 1409931454.2707 1104554830.99711 1177702422.58198 2094248108.3720999 1711699680.52835 1044046118.30739 1069304002.30744 
2165201581.83549 2098210717.16296 1463114894.37725 1937808652.48686 1059736221.77308 1967843977.19353 1973797105.64984 1006520159.32383 0 1025566855.28172 1577248376.94385 1289798770.56806 1601260222.78978 1138134520.60001 1400511546.89302 1907923899.00103 1199673963.76607 1798526538.79934 2095275261.05878 1088726526.45693 2092187396.7206302 1976169251.55634 1672729795.73596 1692414488.79182 1359067179.40256 1317438508.01292 1361364497.99087 1188226875.15242 2152047690.27122 1222006758.59344 1396494003.46644 1557386552.0647 1091970831.74567 1485581737.18485 1332954797.2952 1170196537.90172 1849774476.8743 1074229752.44197 1469147710.48746 1935616795.23558 1191758185.58973 1807585174.04841 1773720569.35006 2027156168.6533298 1308503235.94703 1301673903.33742 1094934811.01106 2104457635.84067 1681392003.94811 1103161683.64117 1418941832.3912 1177065799.98491 1629797165.28538 1686123859.23616 1065245599.29268 1407518836.55081 1905790878.91109 1063607968.67077 1359283085.91271 2071701439.9182901 1414695397.99294 1597674897.78265 1345905510.73143 1579536033.61546 1842874465.40292 1573362154.05357 1501896148.92527 1851293737.98641 1845117167.50149 1869015528.7559 1692659415.56265 1944433514.65955 1060515894.4069 1869795272.78427 1626906839.35075 2096142498.62107 1240158462.15037 1648257977.18338 1331242715.16579 1163208506.80633 1676355179.63852 1114402653.67912 1785414740.37976 1487763678.41128 1233728143.75664 1228680625.53107 1962128150.01571 1360584747.83721 1563533274.47998 1445793154.11846 1216496590.7928 1109177157.80995 1986958162.14714 1873758632.94632 1802502900.88627 1804211937.08106 1852862531.87068 1692773769.29582 1500978014.43912 
2069653164.26759 1072643861.88124 2074067097.0369902 1977068965.32639 1590025364.71875 1016666397.70775 1161984132.4853 1063499516.2983 1025566855.28172 0 1002584161.135 1212256903.41307 1163690013.869 1921196233.45197 1658071391.08807 1889306825.2241 1591925636.00225 2037198500.10791 1262050687.17848 1562578265.72966 1708221478.47291 1161445521.65962 1608070063.24687 1385124376.70756 1679735328.94126 1509793556.3062 1554933895.65079 1813273865.26205 1858924632.95039 1962899663.5687 1838693303.5243 1399057545.39895 1429636196.13914 1140933073.75202 1666862548.88511 1105267033.6407 1051784933.83857 1324841136.78983 2018239105.91335 1116062663.35185 1399107891.0067 1726920086.38572 1060037030.54711 1628151388.80202 2092540918.99704 1779855396.6183 1837636106.56709 1916127226.19825 1290796342.0415 1904432259.89022 1700140918.30065 2038235282.9344301 1312417840.49826 1140555482.62406 1799363206.81246 2097357524.84721 1864638497.69285 1972902382.17528 1189920123.10929 1897558597.13545 2031239580.3038201 1088828911.96557 1874911811.91874 1629650950.16857 2126829886.25141 2044964133.1542401 1984737464.51574 1090742425.87785 1234670039.94126 1244662867.24254 1007329708.42084 1993847125.54937 1437088111.77536 1101068719.49871 1976634913.22743 1528141209.61653 1278036355.35706 1195734376.17944 2075236524.32029 1861073738.44503 1527893893.37038 1694868828.59045 1846019097.37092 2051953096.2428699 1097548048.25156 1757711312.63232 1354481277.21428 1115914774.63844 1047104580.58758 1303765580.34494 1036663612.95704 1294943821.80332 1307975145.20614 1937585176.268 1473252032.51388 1723475596.7177 1200947547.17712 1401650198.59041 1061502157.8671 
1175020163.19382 1152657157.12312 1961334501.67412 1355624686.3717 1469953606.13112 2019250558.84275 1694701039.41017 1937736355.70352 1577248376.94385 1002584161.135 0 1033017844.50109 1495880852.29003 1446915611.1865 1165086870.33517 1386178195.79343 1410690016.12472 1201738581.13548 1301427246.2453 1888421131.05199 1429770935.00827 1949980275.57285 1719692424.4577 1999787192.9917 1778984467.09928 1199030639.47061 1350891000.36888 1893365597.82669 1961877995.03777 1523263118.26645 1312721779.4719 1524236648.22627 1101099878.42361 1222864224.13481 1452545390.21013 1338309772.17946 1630772962.19887 1785441226.45141 1222042119.72801 1385288538.4065 1190721817.60418 1468540939.06174 2062621191.6821098 1609873861.07097 1417469389.4066 2085278016.51341 1249900210.48465 1700930014.86623 1257233179.50993 1606218513.48967 1526262015.71118 2180712227.48567 2061515860.98741 1061080319.38948 1856656546.27819 1147648596.9213 1710231487.56782 2067274801.4843102 1836132865.67954 1719158048.41587 1829402573.88928 1779735145.53714 1893700639.80886 1568367510.4705 1344986347.96688 1620671913.92134 1635804431.23312 1875318449.74289 1409320738.37012 1145216429.8239 2009913869.55584 1136498103.1779 1714101622.68462 1945434847.00566 1404670561.81484 2106462915.27414 1509547946.01837 1564258987.34967 1985597619.69901 1598914222.26261 1558945393.48806 1447076902.3628 1427333792.94259 1177481184.48395 1887816575.94735 1105559335.31784 1994440958.55791 1173091551.49515 1930343552.61812 2061521086.1511102 1583106110.34934 1728726683.75083 1917458463.73709 1961846956.90203 1497200835.62077 1603873096.61777 1996300607.24476 1753609600.92717 1554956187.34102 
1758983050.06164 1185793617.6207 1880387977.24653 2162235347.8953 1319468254.58518 1652115266.77895 1345327950.04866 1927422136.25691 1289798770.56806 1212256903.41307 1033017844.50109 0 1016656303.07047 1622688606.44499 1990474173.14184 2067092989.89975 1032995112.67147 1716446200.92785 1986812677.80695 1489045896.94346 1112144580.5968 1608456281.90673 1219541477.14329 1158854814.54314 2097688243.20547 1820710649.74116 1516078212.2259 2070551398.7396202 1845099852.15641 1575682406.43887 2049634484.293 2099091705.0402598 1704131112.1809 1804041017.53861 1921536147.08448 1477967107.38137 1311051265.73593 1858452055.80873 1204987411.86737 1369598672.52624 2145696931.89017 1145961479.9654 1279560230.79723 1720219594.84786 1484105632.80741 1963817292.3626 1998615285.32326 1722799550.83096 1105937291.38808 1226871566.73887 1159707009.0445 1147694382.98458 1999817808.31806 1982368017.98247 1571671777.35638 1745977612.00859 1327384026.07629 1068246031.37679 1212752034.01281 1042089797.85159 1960088922.92748 1992472297.89165 1788476320.42917 1487293143.17354 1182887654.36225 1750965700.44622 1719067919.45425 1908045914.7286 1385007003.84167 1930970619.7643 1055159390.06758 1304549880.52774 1999819958.26597 1974997395.89479 1413659884.03018 1073445070.77305 1628368409.80215 1574410606.05073 1790296364.77755 1361563403.64366 1169923923.79082 1963822802.50898 1851780411.13482 1680815509.93164 1848144902.02171 1343583195.41006 1125003787.06652 1792624556.01919 1963786931.65427 1435435223.5428 1977863166.77979 1137344185.47225 1164165944.45211 1145626818.62311 1288601462.3216 1654576488.70299 1539353774.74987 1653533906.96262 1965893934.12417 
1782611010.6472 1538213523.4142 1472930392.4867 1751092635.36111 1299455697.49527 1423871839.10576 1117576442.53735 1991059697.07182 1601260222.78978 1163690013.869 1495880852.29003 1016656303.07047 0 1011075614.68296 1083793693.73396 1058532035.40428 1533245954.65483 1308693724.32818 2105562412.73143 1526528346.42355 1639776891.05717 1487884201.2451 1229643251.40511 1772966880.53678 1866059187.28485 1709898343.50869 1977657176.42353 1366407559.64797 1257046102.59235 1548107846.42553 1279613211.41571 1922577197.4252 1428525002.05476 1622574100.40832 1561533998.0417 2128489177.9664001 1130548881.53792 1537651589.1425 1400278008.11965 2017899740.3677201 1776062912.87642 1982635814.28795 1080332394.70692 1182713693.57414 1986580695.03856 1107412318.60951 1759357455.71811 1708355533.34645 1072692749.99414 1772481527.89471 1204793010.1919 1446069521.60913 2117648119.13151 1524873991.49723 1492034462.41658 1307057253.19496 1718894922.78553 1768010512.06887 1817012429.00501 1158348578.12249 1362701448.48265 1122516268.1002 1645871180.26419 1946715187.67985 1457476775.88383 1907452596.61735 1606743557.24149 2121675366.98929 1989225762.59057 1641275256.95007 2071815693.13805 1240916425.24872 1729132422.56405 1719415705.71414 1170350601.41706 1019055642.92845 1908570344.71037 1909126107.38468 1089729566.34007 1884811838.80173 1157691253.11273 1685442847.99989 1730931712.38226 1201259034.0408 1688294615.92136 1230792773.9166 1528951418.0293 1520509994.87049 1326057058.84332 2118607085.40485 1191978538.83541 1441187007.10479 1307380473.93852 1326823917.7853 1264693486.58459 1853978539.61123 1739901648.49117 1161823429.32475 1781271028.4013 
1690268620.91107 1588066320.67878 1420722210.59731 2069734791.26015 2068304589.73599 1676776110.3562 1868018289.19635 1155156933.81183 1138134520.60001 1921196233.45197 1446915611.1865 1622688606.44499 1011075614.68296 0 1024319966.64206 1060424200.32277 1190270889.71695 1336119553.62832 1207583544.29774 1270799560.75528 1631571502.45208 2045413551.4421601 1389290071.01503 1537236468.98331 1802639966.32316 1563498491.96876 1164234615.88473 1433821423.37655 1553842323.04255 1598335265.57674 1473665854.62443 1766820926.97828 1841184260.08626 1885185360.82526 1193330477.38654 1820044630.24304 1108200689.39271 1414920421.21298 2105949773.8169599 1883009545.91606 1572715403.1926 2129749105.87001 1965178856.07313 1662355773.70568 1104827840.00598 1100252048.74705 1839179701.28075 1372197503.22314 1072323632.16687 1786247982.88656 1433900637.00676 1302375946.47142 1404286542.23593 1038949035.67384 1644072491.92368 1098391887.91488 1595553249.26201 1990819349.0467 1082477516.26471 1403378756.62746 1727779854.11543 1919408029.26521 1113750082.5261 1088309811.24212 1251438656.68359 2063252705.9140801 1051241699.25771 1611244870.50254 1600629980.84487 1052731787.70282 2034013316.43688 1925413446.8034 1600944757.16944 1718368428.83866 1388342777.01085 1946838508.21672 1654596645.21411 1623443162.92073 1225832247.13108 1437012510.17772 1053811588.68559 1039952926.19903 1701795530.9989 1131919206.119 1044595368.78856 1900774055.20456 1891491780.49282 1874046627.7674 1857498307.21886 2022926989.53658 1562972441.11606 1967163077.87666 1908377664.35598 1549846285.83437 2059426087.21441 1847703454.09169 1552007374.92912 1478062456.24289 1161415426.58575 
1052162202.45756 1487339480.439 1627034806.42365 1638273822.71026 1053890103.30929 1912838927.01952 1322755390.03383 1897461755.11283 1400511546.89302 1658071391.08807 1165086870.33517 1990474173.14184 1083793693.73396 1024319966.64206 0 1009331133.90606 1975673381.97993 1453322643.64038 1021768718.99747 1238912329.88105 1855583217.40418 1021093584.8001 1523893698.05809 1957956763.26173 1566852636.69835 1340676189.47156 1599282474.15751 1903840784.71864 1928759382.62024 1978237245.05802 1286490417.28402 2124104003.9666 1966672073.34186 1611716838.3534 1761318237.67703 1744785620.95116 2124892539.1041398 1503012296.59952 1917101287.16229 1822673750.31393 1327860410.95984 2081357461.48635 1647101184.28595 1877762123.68513 1868498285.05563 1737275748.22681 1684502827.26183 1050435300.68284 1071542900.37947 1858893657.73433 1699835139.24537 1663476535.07497 1264997979.89206 2063269002.3159 1869621822.34296 1252403643.12914 1565483336.44868 1410223518.02381 1792561275.33659 1614280440.30187 1632844579.14618 1715093537.90649 1723524818.27948 1098675880.10637 1077178374.08391 1320816430.3994 2075561665.89977 1364190373.05725 2138469570.21928 1491711015.06403 1838283377.6134 1310990076.52174 1508793702.29855 1736805924.75918 1636287674.37748 1447186729.44802 1993001220.29644 1238333063.3468 1514754495.46969 1286156383.54504 1015958670.38201 1616994485.04946 1409127002.20143 1204338014.89874 1935712014.31104 1773023876.70265 1268377728.45906 1281646528.99596 1637367527.08822 1034813391.67089 1970891177.74245 1913252778.70803 1154464713.03689 1573582042.41562 2086724899.14974 1802297257.92829 1841056850.96671 1375117358.18511 1041565029.48583 
1422130070.16229 1552358871.85328 1868159303.62324 1731600662.96589 1978600564.24497 1307883732.72657 1918204448.10111 1971722737.25673 1907923899.00103 1889306825.2241 1386178195.79343 2067092989.89975 1058532035.40428 1060424200.32277 1009331133.90606 0 1034097877.22828 1892744825.59804 1898242599.1553 1465922470.64935 1573027030.62332 1158776788.40578 1836482655.73177 1041142991.43819 1265445692.80724 1358348483.80638 1515794559.00604 1804036500.23476 1443444693.54754 1680331867.78493 2226152753.50819 1572466951.64878 2193818918.74121 1333597111.83206 1956816827.92182 1514985028.73896 1460818622.98333 1915581483.41518 1999207744.10191 1117864077.39083 1373300452.01332 1080167001.52917 1353972922.72415 1407489158.2844 1541316907.71436 2069557310.51481 2249786952.00847 1576399894.44249 1979578128.71491 1644363761.74345 1819928308.33994 1496127549.68757 1352712166.26027 1202689036.84878 1501816629.80807 1166944964.53086 1382402190.64284 1466691434.62939 2080606577.8744302 1310394167.20632 1445865389.07235 1336983121.148 1782156372.52566 1286490481.01294 1136886311.66172 2063988130.90905 1850396921.79709 1894897811.68513 1132337819.83701 1750178015.34759 2123146353.47643 1121135039.20087 1242759874.26897 1700179883.61294 1204637401.93264 2077587678.3327298 1891195184.76426 1787679854.13534 2148261601.74435 2159830934.01354 1279099661.41998 1230664950.55551 1578743277.41013 1932802818.52964 1440938752.51918 1700551021.04275 1635218113.05095 1813010171.34461 1798895515.98277 1085116051.1421 1045138117.99182 1448562943.79301 1758168292.41938 1611693859.41789 1803618224.95889 1355288343.69841 1309389960.97195 1039467623.42848 1423759562.05184 
1492732013.58497 2130943631.8284702 1452778355.58082 1129240235.22383 2099910163.4046102 2024291539.80193 1960706333.11827 1162913798.87156 1199673963.76607 1591925636.00225 1410690016.12472 1032995112.67147 1533245954.65483 1190270889.71695 1975673381.97993 1034097877.22828 0 1003759437.40177 1038135637.49064 1160117600.29499 2145139693.26827 1442825662.77587 1989830412.60374 1870268131.90969 1531522584.52011 1722316409.21296 1489487862.11469 2118986777.25144 1434737366.14983 1121514168.26795 1707403512.6606 1829311459.01337 1519495125.94656 1750035775.59919 1267438001.58407 1998027166.99238 1056215266.96061 1428162615.02733 1857474840.29159 1524586994.09538 1776781875.0165 1856246846.40853 1816764631.79407 1227890497.99031 1184903108.27078 1523903507.36907 1676304506.27687 1579996493.9774 1157495819.31394 1932421964.63014 1894660128.11656 1906595597.97091 1167203116.78864 1223206958.20123 1642672828.42181 2142277860.4798 1369520323.31964 2062547202.88819 1829369541.15224 1144160892.75238 1130106238.87113 1448390628.54369 1395536507.52614 1045003019.46477 1353219708.54438 1578182408.78588 1470789394.68514 1624849242.77894 1877997479.91038 1722908890.2193 1786062785.70986 1792412584.62422 1627653680.85906 1960224825.16842 2103243451.8267398 2106440183.44452 1183842511.43506 1200411359.70829 1506403517.03103 1548574546.38163 2145163437.79839 1994877131.91315 1024973202.66502 1347157384.96436 1420230877.3384 1227927981.78653 1132792303.12768 1552386094.10453 1679626296.66348 1633850068.57572 1636859056.91056 1814560469.86677 1849333072.04399 1073521604.16079 1423449345.06601 1588682528.21274 1497972975.66321 1171147584.68441 1473365758.3836 
1069484862.87919 1142521576.70637 1866488644.84274 1692201088.02671 1483460395.84123 1020532102.40016 2031269566.4682899 1922176214.54502 1798526538.79934 2037198500.10791 1201738581.13548 1716446200.92785 1308693724.32818 1336119553.62832 1453322643.64038 1892744825.59804 1003759437.40177 0 1025144464.76159 1793122447.42755 1409142450.64354 1230128100.79368 1359403153.44356 1069743272.02743 1064892612.6579 1909199698.52167 1086983114.5515 1450823611.8033 1221717442.03528 1274358836.32842 1859752623.67874 1680659623.09902 1308907898.98869 1234259619.37363 1087473971.86888 1711406546.30518 1869271924.11455 1233502391.38986 1240533260.86296 1604845786.36879 1483553841.517 1825737660.60338 1983019786.12411 2033724906.23634 1478668231.40899 1395944212.072 1491503921.05521 1604134921.8678 1286116849.6868 2164070003.32273 2041289409.87518 1559321257.07629 2118991611.84144 1556994280.66406 1528613710.38678 1636152739.82647 1045364509.81767 1058787765.48642 1322583713.21275 2147920330.15415 2133865676.2729 1077503253.77459 1485939013.73063 1436603292.42011 1504021314.84931 1137933702.44496 1733116503.99947 1600119457.31584 1374902208.74783 1716049225.86358 1267749495.58562 1603593070.05651 1863967954.89244 1971002997.2866 1829882566.39423 1275068995.73826 2187601948.83683 1329170181.29309 1850141896.69563 1089437680.91418 1485961020.17213 1196672185.55818 1844656144.07426 1854749337.50402 1149966083.68169 1541832193.26697 1873500176.97053 1851160303.50604 1922136286.1831 1065574541.92372 1119072132.37732 1747294824.916 1463023531.98932 1804146435.62257 1158698073.61351 2071334018.5527802 1739799863.28641 1465638268.46935 1408206239.61107 
1224865297.1129 1291609370.96844 1273655497.44177 1302113247.12621 1481169043.94604 1973174321.87988 1577922513.75227 1289533692.38057 2095275261.05878 1262050687.17848 1301427246.2453 1986812677.80695 2105562412.73143 1207583544.29774 1021768718.99747 1898242599.1553 1038135637.49064 1025144464.76159 0 1006548734.60185 1627340601.96784 1358611645.39548 1292621577.51982 1379707863.23348 1825905360.80984 1908949073.17347 1654444565.80414 1827534731.33753 1644415797.57143 1949327929.16577 1980042321.82328 2179821648.42861 1474577196.00243 1595883702.48901 1161310319.01825 1754747018.70647 1103123820.10667 1509567520.46859 1368338246.06112 1727816268.69646 1686096509.30178 1595749963.18399 1229880676.97311 1569648982.45932 1645711430.50696 1628127869.10866 2117743046.84453 1847229032.81566 1543648082.72353 1858645798.61708 1626690841.42253 1551007663.45361 1753230806.70189 1306466496.31741 1780569832.058 2066419127.16371 1029301586.39208 1045920723.20668 1435774820.7216 1528089710.62906 1546109189.00949 2102647718.53618 1246184747.55293 1644946194.86326 1921462527.6486 1284754784.82893 1804594155.27243 1772175513.90029 1359841920.56279 1539400696.33371 1280829315.29175 1044663049.09892 1158769955.81082 2108439144.79386 1581739067.89718 1245652777.8257 1789426389.72062 1959230439.85461 1885248230.28764 1534096984.02699 1998509972.56777 1788106335.22984 1472019654.38441 2144473763.68721 1896799720.55587 2047073856.76826 1324903870.95226 1544058422.62441 1134107966.96259 1635598581.84494 1568370518.479 1688379077.85179 1813093221.27645 1882127548.67887 1064956180.15227 1058751890.18662 1610827405.2762 1386421556.2279 1033339786.99849 
1663832715.52515 2152646221.15522 1712482538.10769 1255049252.30102 1234619663.30295 1272067864.36276 1933673529.05568 1854950275.31396 1088726526.45693 1562578265.72966 1888421131.05199 1489045896.94346 1526528346.42355 1270799560.75528 1238912329.88105 1465922470.64935 1160117600.29499 1793122447.42755 1006548734.60185 0 1031999807.07 2045199306.22262 1922624082.98495 1187133196.13928 1661579915.19084 1731460256.44958 1942534896.38847 1705537136.68724 1196504316.82331 1586576695.39227 1331395656.05157 2128104477.0454302 1331691876.52997 1932947058.94049 1056788576.57655 2058049518.22962 1318171755.73945 1297986852.31201 1864742970.65519 1583008480.85288 1884947082.5956 1278157030.02153 1196870577.96084 1573326262.85344 1058516930.8708 1144170561.17374 1914305711.09541 1528784412.18731 1524743398.81998 1257770320.49742 1748316518.62669 1669862554.40054 1385298844.90544 1294909846.90345 1682631593.75196 1999389935.45537 1037419719.69718 1150181738.94557 1609461241.16625 1320166176.72255 1391511191.7402 1318073883.85421 1604026297.63219 1348457528.55223 1576230342.53716 1516352187.17526 1057238772.29434 1222769718.03855 1205858844.31866 1566469032.01859 2037428981.27875 1375840334.8033 1355625519.83484 1693230250.38883 1201824410.78207 1453866203.78305 1429794220.5907 1880835644.50416 1289288466.23249 1924265619.59973 1823538587.75376 1454352705.4807 1670461749.10939 1183164093.37765 1578849306.36319 1959552077.42721 1914180028.57362 1446486976.08051 1563543420.93649 1398349425.75267 1956073517.89144 1338197922.58865 1198722080.60381 1102511460.25512 1093532039.41776 1068527857.48552 2083431948.08249 1390652912.27684 2039888521.60034 
1141073980.12666 1188789231.56171 2179398827.71254 1822583869.39116 1375074545.26189 1443613497.8731 1838214633.94298 1943386172.75495 2092187396.7206302 1708221478.47291 1429770935.00827 1112144580.5968 1639776891.05717 1631571502.45208 1855583217.40418 1573027030.62332 2145139693.26827 1409142450.64354 1627340601.96784 1031999807.07 0 1013199499.15262 1869736154.5675 1526935985.55961 1932891435.16588 1642336992.6193 1719009102.43259 1172233447.6856 1967895830.45767 1355630291.78034 2097040497.02267 1096104669.97543 1247975719.57028 1762175616.80531 1415763460.30135 1701505477.43684 1676389425.2999 1986396073.11531 1211859396.90853 1859926036.5472 1366569664.41252 1970168104.55001 1545737212.63133 1786777007.95849 1928199737.95955 1026400376.50415 1380954898.06524 2163342828.62145 1654261003.52692 1986986295.73874 1694028632.73657 1291950607.20052 1691289832.95897 1304501348.44262 1571246367.64459 1079899834.34649 2069419526.76718 1374627022.05801 1401506431.04843 1120504781.59628 1612319986.21618 1369800158.66334 1975387489.30659 1890571830.11446 1146177897.01334 1551183288.32046 2089238579.36434 1886765736.14131 1999946529.52231 1358248562.40257 1115357406.07941 1128653080.61183 2140367159.2925 1098222372.73004 1709891291.78286 1196120494.13084 2084340175.14425 2085360158.82932 1204679057.79115 2045697858.2745 1998220122.07841 1607626134.08112 1939892419.19372 1516234481.25374 1937883512.5823 1493555343.79298 1767823183.88164 1715785813.60257 1613156239.00786 2127276258.31898 1602874383.83106 1530178332.83705 2111962744.51036 1512244145.08865 1832370823.8401 1374272961.67511 1759382080.06791 1891045941.15188 1509710376.94973 
2073255787.25766 1418928203.45939 1819288448.35835 1015819241.28717 1281780852.22974 1961565799.97356 1289038257.55565 2101878193.7737498 1976169251.55634 1161445521.65962 1949980275.57285 1608456281.90673 1487884201.2451 2045413551.4421601 1021093584.8001 1158776788.40578 1442825662.77587 1230128100.79368 1358611645.39548 2045199306.22262 1013199499.15262 0 1003967554.46676 1788833292.42426 1444537559.05196 1513727925.16898 1595899043.11704 1555562244.31633 1474532388.77583 2123651182.7465 1974635296.99962 2094498278.92252 1533135490.0561 1055881561.60682 1192787112.2414 1686586885.95307 1293283617.99545 1200132814.9983 1193193270.91428 1078665118.38951 1242248140.39975 1060263876.68625 1540001029.66639 1855122151.30896 2162430366.35357 1342061928.97315 1606375449.87301 1893352643.84787 1813579621.46967 1093985837.45616 1791985772.70461 1835957896.25362 2119902143.08125 1202448581.25385 1932763717.01485 1854116331.84252 1558290661.77042 1031082092.55226 2072117788.34557 1068060053.93201 2100728028.83415 1284142351.25881 1285385231.07468 1214718737.16377 1757783333.85815 1946189682.59699 1760143502.68272 1693548542.93546 1167366123.25801 1884561959.84323 1338500507.52436 1944057968.71261 1575665790.7563 1330900101.86149 1100560333.80533 1329207456.97807 1747162513.31791 1780831754.3359 1149340102.22965 1090097940.18715 1753058920.15189 1396893074.29825 1139386356.99793 1699995856.58781 1046727140.40634 1300816836.53149 1807839683.58843 1796341941.88747 1877711489.69542 1451223443.44167 2027357453.6482701 1069253673.38063 1823065306.10244 1612159322.01813 1947290114.10064 1474930479.99771 1652253681.62297 1482281495.1747 1922591314.17248 
