25
TWpWLT2JICvczaB6q8Bo IVZaGmLbfT5MQpxXO2DP 3iRTkaf7suaV2i91D7AI m5Au4RgVgXhOUKbKSdGW pWBi6tyyRZpOm0dbsZfH 4ZMxz7AKccmgx6JK5gZn cZGUbNgsLGnuZE3Ot20K HET4yE4ksHFmFRytJhfu 75EgdJC8MacBE2zKZlon hk9ECfFhibg7bmIlco5h j7jI3vJM5SWQs3N9YWK4 YRtAAkfi0YIaAv0XqGni b69ITlIgTtPRUIpmSw5o lEZ0YMvUzTvQYxlTiMir LtVuPtXkki7L0rCf1ysG K5LnOJV1Zh18kgMnZsVe vgcAaadTbDs3lU9Z1t49 idUlMWK1ZaKWh4awCdHY oFJmSdI9Mubs3awqWY5w LTgssryHh3BZe1w1IMJd I7VRK3VugXxRlgxCe54Q sTkrLjSI0wAyZQvL0L8q tnUjNl6cWuoaXQEfxH4p Auo4k9dWSL8IPJ5ZlV3y 0EzLvznzqSsDTCbR5WWQ
0 1003271787.96477 1159763325.99369 1987943309.04365 1272045440.89289 1676115508.7293 1920660292.47482 1216052409.50967 1962868953.88771 1040139174.26179 1708255185.98194 1988630068.56949 1259119118.17549 1609178497.9124 2261267114.37766 1449299331.25692 1675941405.56529 1285302187.96363 1661990196.96043 1817283685.73618 1966863828.34555 1517271806.7373 1875969136.20882 1229436382.47504 1073910310.51366 
1003271787.96477 0 1058550320.49088 2100174383.0050101 1501542466.30963 1556909550.73691 1754498260.49574 2219324197.47444 1356068307.10257 1536099121.95596 2194477456.5303497 2349112106.22957 1304593326.58165 1817593659.69133 1939469829.17611 1917004090.54771 1429018895.87821 1942790278.29669 1599332861.12073 1652544080.56234 1570767759.74159 1384296979.56994 2135921219.88309 1648218797.89229 1319588758.72225 
1159763325.99369 1058550320.49088 0 1041624062.51413 1584606123.87974 1165985344.37476 1628289291.66559 1621368656.87301 1720112955.58719 1661321332.54924 1812513166.98548 1903275118.22528 1068457760.82683 1871051625.23203 1115734478.90756 1744821349.94421 1323195418.77805 1390631317.50922 1121301387.69248 1404717100.49795 1113739621.18684 1154336994.2094 1471365873.37967 1519233404.19128 1685797447.49802 
1987943309.04365 2100174383.0050101 1041624062.51413 0 1000145674.35199 1691284390.52222 1020122603.23896 1613568459.39706 1730126665.53653 1201186016.31701 1570097868.06695 1453000677.20847 1594929658.69937 1716374531.99362 1756429002.788 2365130162.4126997 1968034788.98509 1882726063.06609 1579544798.65256 1162945711.08282 1344581694.94119 1513702594.85738 1089155855.61606 1461874525.09653 2177066501.4850397 
1272045440.89289 1501542466.30963 1584606123.87974 1000145674.35199 0 1059742209.58238 1119007355.33241 1282403495.74131 1542701303.2023 1529346500.97094 2280959362.22891 1864389933.47057 1989848554.63676 1066119794.44738 1258611988.86123 1862378709.608 1915670627.28615 1675803613.5154 1690485077.93 1097518150.50281 1366954245.00758 1544763784.701 1970072687.28148 1304714028.97301 1552052917.1759 
1676115508.7293 1556909550.73691 1165985344.37476 1691284390.52222 1059742209.58238 0 1060396721.99303 1389548447.93853 2250292063.6234 1984964633.87961 1543812311.62641 1975216442.53515 2234443105.20159 1449717916.34187 1238695037.40458 1772793222.83191 1920537234.30797 1639470668.39643 1384404762.13792 1313696955.89814 1893270276.76944 1206953836.91772 1799801588.16108 1368529232.4489 1419212480.86147 
1920660292.47482 1754498260.49574 1628289291.66559 1020122603.23896 1119007355.33241 1060396721.99303 0 1000696448.14813 2088178453.99294 1469509583.98365 1794312858.24781 1195380735.718 1862852596.65688 1567403900.86156 1706424608.49693 1622215015.61349 1425208729.01241 2101593715.74482 2303247159.1371 1716538302.96369 1572237564.86345 1060572925.0614 2109278458.85502 1710572162.89514 1242497951.9987 
1216052409.50967 2219324197.47444 1621368656.87301 1613568459.39706 1282403495.74131 1389548447.93853 1000696448.14813 0 1087482005.84481 1651477189.80934 1434571632.14572 1087618339.10421 1727183420.88933 1620899989.0951 1831083243.35335 1958931290.79884 1582869748.15507 1242753969.67025 1368373845.22979 1651030190.86814 1658620167.91312 1218951551.7984 1992638969.67267 2195350340.92261 2243194400.14683 
1962868953.88771 1356068307.10257 1720112955.58719 1730126665.53653 1542701303.2023 2250292063.6234 2088178453.99294 1087482005.84481 0 1002890305.20138 1477593327.5054 1309800493.24058 1075777831.56523 1551202711.3718 2241269399.87326 1558783080.58747 2294838874.09274 1970350021.61998 1130191726.28709 1286699475.52499 1844256805.80256 1043338226.70568 2130343752.1305099 1963271560.38607 1191980636.81586 
1040139174.26179 1536099121.95596 1661321332.54924 1201186016.31701 1529346500.97094 1984964633.87961 1469509583.98365 1651477189.80934 1002890305.20138 0 1003543903.79939 1916082404.00605 1761745633.05978 1570484391.12892 1371059957.35636 1418277471.07459 1291948568.89136 1688835475.04779 1351095431.79928 1675662485.416 1791951714.30842 1182023992.53165 1930081347.99887 1636359726.42879 1979317261.21205 
1708255185.98194 2194477456.5303497 1812513166.98548 1570097868.06695 2280959362.22891 1543812311.62641 1794312858.24781 1434571632.14572 1477593327.5054 1003543903.79939 0 1106610710.76277 1231111870.04693 1336415147.32697 1300110364.23126 1475731488.9797 1314950676.84322 1502444317.51776 1665008893.21549 1293805297.55825 1388522867.66081 1083465481.60615 1471716570.9183 1410852716.07163 2140367363.1466799 
1988630068.56949 2349112106.22957 1903275118.22528 1453000677.20847 1864389933.47057 1975216442.53515 1195380735.718 1087618339.10421 1309800493.24058 1916082404.00605 1106610710.76277 0 1044518779.64792 2075528232.73033 1370886173.51579 1728595917.012 1502323356.65946 1404180116.36682 2403080516.4017897 1465718456.18188 1769245916.02254 1188947851.96129 1151391110.26041 1749184813.55051 1369427327.92665 
1259119118.17549 1304593326.58165 1068457760.82683 1594929658.69937 1989848554.63676 2234443105.20159 1862852596.65688 1727183420.88933 1075777831.56523 1761745633.05978 1231111870.04693 1044518779.64792 0 1031009453.08241 1860443068.30706 1609742480.46515 2391653179.60488 1944647435.84599 1554961185.11108 1996381837.70364 1993954740.40221 1555807693.39033 1061795093.22754 1018368820.68134 1303174236.39688 
1609178497.9124 1817593659.69133 1871051625.23203 1716374531.99362 1066119794.44738 1449717916.34187 1567403900.86156 1620899989.0951 1551202711.3718 1570484391.12892 1336415147.32697 2075528232.73033 1031009453.08241 0 1000848780.89761 1917628850.25491 1363067659.94452 1698278041.92885 1898833269.17228 1563666108.92064 1737261872.25711 1659293456.26249 1015015720.48721 1468073404.24408 1450069884.44965 
2261267114.37766 1939469829.17611 1115734478.90756 1756429002.788 1258611988.86123 1238695037.40458 1706424608.49693 1831083243.35335 2241269399.87326 1371059957.35636 1300110364.23126 1370886173.51579 1860443068.30706 1000848780.89761 0 1036138278.99016 1303351100.88135 1065454135.37322 1362491225.34003 1895250870.07327 1182253110.87711 1197931173.16758 1412447345.48792 1443515613.27947 1820774954.07709 
1449299331.25692 1917004090.54771 1744821349.94421 2365130162.4126997 1862378709.608 1772793222.83191 1622215015.61349 1958931290.79884 1558783080.58747 1418277471.07459 1475731488.9797 1728595917.012 1609742480.46515 1917628850.25491 1036138278.99016 0 1329295539.19337 1874354337.56098 1894915658.002 2415059330.37348 1410149303.4717 1910477545.01856 1728368849.33811 2298517176.81339 1975959403.4135 
1675941405.56529 1429018895.87821 1323195418.77805 1968034788.98509 1915670627.28615 1920537234.30797 1425208729.01241 1582869748.15507 2294838874.09274 1291948568.89136 1314950676.84322 1502323356.65946 2391653179.60488 1363067659.94452 1303351100.88135 1329295539.19337 0 1160938477.01571 1704114589.30052 1770984259.52745 1752063089.63812 1348356419.35053 1738473458.4814 2186313683.12806 1379241863.99871 
1285302187.96363 1942790278.29669 1390631317.50922 1882726063.06609 1675803613.5154 1639470668.39643 2101593715.74482 1242753969.67025 1970350021.61998 1688835475.04779 1502444317.51776 1404180116.36682 1944647435.84599 1698278041.92885 1065454135.37322 1874354337.56098 1160938477.01571 0 1156835849.33743 1180416050.50768 1950910870.16764 1657831103.84868 1968322137.95217 1354004616.4284 1784077544.40643 
1661990196.96043 1599332861.12073 1121301387.69248 1579544798.65256 1690485077.93 1384404762.13792 2303247159.1371 1368373845.22979 1130191726.28709 1351095431.79928 1665008893.21549 2403080516.4017897 1554961185.11108 1898833269.17228 1362491225.34003 1894915658.002 1704114589.30052 1156835849.33743 0 1197070975.28073 1371779913.23515 1387033789.96001 1322846650.94172 1484975751.37986 1331642102.44512 
1817283685.73618 1652544080.56234 1404717100.49795 1162945711.08282 1097518150.50281 1313696955.89814 1716538302.96369 1651030190.86814 1286699475.52499 1675662485.416 1293805297.55825 1465718456.18188 1996381837.70364 1563666108.92064 1895250870.07327 2415059330.37348 1770984259.52745 1180416050.50768 1197070975.28073 0 1566674755.36604 1265759778.46674 1910816547.8758 1461390197.65504 2117858594.473 
1966863828.34555 1570767759.74159 1113739621.18684 1344581694.94119 1366954245.00758 1893270276.76944 1572237564.86345 1658620167.91312 1844256805.80256 1791951714.30842 1388522867.66081 1769245916.02254 1993954740.40221 1737261872.25711 1182253110.87711 1410149303.4717 1752063089.63812 1950910870.16764 1371779913.23515 1566674755.36604 0 1404513618.29501 1687322564.52141 1446002714.16933 2098737328.15034 
1517271806.7373 1384296979.56994 1154336994.2094 1513702594.85738 1544763784.701 1206953836.91772 1060572925.0614 1218951551.7984 1043338226.70568 1182023992.53165 1083465481.60615 1188947851.96129 1555807693.39033 1659293456.26249 1197931173.16758 1910477545.01856 1348356419.35053 1657831103.84868 1387033789.96001 1265759778.46674 1404513618.29501 0 1231199599.81409 1302476054.0172 1652229325.11096 
1875969136.20882 2135921219.88309 1471365873.37967 1089155855.61606 1970072687.28148 1799801588.16108 2109278458.85502 1992638969.67267 2130343752.1305099 1930081347.99887 1471716570.9183 1151391110.26041 1061795093.22754 1015015720.48721 1412447345.48792 1728368849.33811 1738473458.4814 1968322137.95217 1322846650.94172 1910816547.8758 1687322564.52141 1231199599.81409 0 1199852525.3933 1945955472.33697 
1229436382.47504 1648218797.89229 1519233404.19128 1461874525.09653 1304714028.97301 1368529232.4489 1710572162.89514 2195350340.92261 1963271560.38607 1636359726.42879 1410852716.07163 1749184813.55051 1018368820.68134 1468073404.24408 1443515613.27947 2298517176.81339 2186313683.12806 1354004616.4284 1484975751.37986 1461390197.65504 1446002714.16933 1302476054.0172 1199852525.3933 0 1466881228.40121 
1073910310.51366 1319588758.72225 1685797447.49802 2177066501.4850397 1552052917.1759 1419212480.86147 1242497951.9987 2243194400.14683 1191980636.81586 1979317261.21205 2140367363.1466799 1369427327.92665 1303174236.39688 1450069884.44965 1820774954.07709 1975959403.4135 1379241863.99871 1784077544.40643 1331642102.44512 2117858594.473 2098737328.15034 1652229325.11096 1945955472.33697 1466881228.40121 0 
