48
L74 L51 L84 L88 L41 L29 L39 L32 L24 L10 L14 L69 L81 L8 L48 L77 L7 L6 L73 L80 L68 L12 L72 L22 L92 L93 L60 L45 L2 L50 L62 L43 L42 L31 L86 L97 L19 L79 L33 L54 L20 L21 L1 L85 L15 L75 L27 L0
0 2.08777 4.29141 4.86209 5.02899 4.869540000000001 4.85379 6.91061 6.970000000000001 6.208030000000001 4.0412300000000005 4.30753 4.4202200000000005 6.648999999999999 4.76415 2.76535 4.95692 4.38863 2.30991 4.33958 4.85917 4.553 2.84458 2.17695 4.18995 6.20074 5.15805 6.25099 5.48701 4.633839999999999 4.88239 4.493320000000001 4.598 4.4166799999999995 2.33113 4.58783 4.7532700000000006 6.47131 5.2655 6.30189 4.86688 4.41962 4.34455 4.87209 4.53493 2.49057 4.72287 2.0671 
2.08777 0 2.20364 4.2665299999999995 4.9559 5.44996 5.33246 4.93407 6.944750000000001 4.42703 6.129 4.85081 6.50799 5.348990000000001 2.948 4.8531200000000005 7.044690000000001 4.8673 2.78858 4.80868 6.7748099999999996 6.64077 4.60305 4.2647200000000005 6.27772 5.33081 5.76347 6.74021 4.7588 2.54607 5.0865100000000005 4.69447 2.51023 5.4338999999999995 4.4189 6.675599999999999 5.6135 6.94041 4.70059 6.8402899999999995 2.77911 4.89829 4.82322 4.4857700000000005 6.6227 4.57834 6.810639999999999 4.15487 
4.29141 2.20364 0 2.06289 4.61395 6.77736 5.34353 4.994949999999999 4.741110000000001 2.22339 4.3901900000000005 2.64717 4.92659 5.036630000000001 5.06794 5.16685 5.4624500000000005 5.01522 4.63471 2.60504 4.57117 4.60022 2.39941 4.89922 4.52695 5.3916900000000005 5.42665 4.53657 5.08718 4.45851 2.88287 4.92173 4.71387 5.6678999999999995 4.8230900000000005 4.83213 6.92013 4.73677 2.49695 5.03099 4.98275 5.29751 4.6714 2.28213 4.73886 2.76466 4.91536 4.8876 
4.86209 4.2665299999999995 2.06289 0 2.82256 4.98597 5.07102 6.918289999999999 4.7924299999999995 4.28628 5.76956 4.71006 4.76515 6.808540000000001 4.4075500000000005 6.47555 6.74897 4.217639999999999 6.29636 4.5315 6.53579 6.5576 4.4623 5.37232 5.67824 6.48129 5.506550000000001 6.5994600000000005 6.555820000000001 5.2323900000000005 4.94576 4.83825 5.76715 5.15822 4.143890000000001 4.93633 5.22935 5.2936700000000005 4.5598399999999994 5.2695 5.3582 6.65987 6.533200000000001 4.34502 5.467700000000001 4.8275500000000005 6.583130000000001 5.07283 
5.02899 4.9559 4.61395 2.82256 0 2.16341 4.73662 4.834899999999999 4.61195 2.39056 4.557359999999999 6.746509999999999 4.94184 5.430400000000001 5.39654 6.77608 6.95021 4.85499 6.576879999999999 4.6028400000000005 6.58781 6.58908 5.43727 5.2025500000000005 4.69412 5.00315 4.70528 4.4074100000000005 4.62256 2.40983 5.18959 4.7925699999999996 2.94459 5.1266300000000005 4.84664 4.9993 4.65447 2.47111 4.9799500000000005 4.87805 2.53564 4.85534 4.54224 4.9039 2.64514 4.689500000000001 5.696580000000001 6.4741599999999995 
4.869540000000001 5.44996 6.77736 4.98597 2.16341 0 2.57321 4.9203399999999995 4.73423 4.55397 6.72077 6.739559999999999 4.69608 7.14555 5.0400100000000005 7.10801 7.43224 4.90091 5.11709 4.84628 6.77779 5.35714 5.539580000000001 5.30325 6.68782 4.67703 5.07026 6.570819999999999 4.75156 4.57324 7.353 4.76918 2.93973 5.41844 7.01005 7.060049999999999 4.8979099999999995 2.71455 5.22339 7.04146 4.69905 5.49983 6.7056499999999994 6.7588799999999996 4.80855 6.80431 4.77308 5.46798 
4.85379 5.33246 5.34353 5.07102 4.73662 2.57321 0 2.34713 4.472989999999999 5.14785 5.02577 4.1663499999999996 6.4457699999999996 7.17385 6.58712 6.3707 6.668089999999999 4.13676 2.54388 4.57355 4.8986 4.31343 4.81385 4.48432 6.49732 6.99936 6.86417 4.80696 4.47743 4.7722 5.13821 4.986599999999999 4.509 4.841060000000001 5.21537 4.81552 7.03595 4.852589999999999 4.9765 6.5848700000000004 4.95665 2.92662 4.57852 4.18567 5.58811 7.15739 6.64235 4.588900000000001 
6.91061 4.93407 4.994949999999999 6.91829 4.834899999999999 4.9203399999999995 2.34713 0 2.12586 4.66019 6.82699 5.2897099999999995 4.97619 7.42566 6.928710000000001 7.28746 6.965450000000001 4.88828 4.89101 4.58058 2.55147 4.59183 4.72323 6.83145 6.66302 4.65223 6.88494 6.3304 4.6378 2.42507 5.204829999999999 5.10106 5.4176 2.49393 4.787850000000001 7.00442 4.68882 2.50546 2.62937 5.163410000000001 6.78669 5.27375 5.00732 6.5328 6.96443 4.92007 6.9968 4.84351 
6.970000000000001 6.944750000000001 4.741110000000001 4.7924299999999995 4.61195 4.73423 4.472989999999999 2.12586 0 2.69996 4.866759999999999 5.63683 6.9838000000000005 5.51708 6.673439999999999 6.5732099999999996 7.06321 4.531879999999999 4.9161 5.31235 4.6773299999999995 5.25132 5.41691 5.04941 5.00352 4.308 6.261749999999999 4.20454 4.38253 4.550929999999999 5.61466 4.589700000000001 4.79416 4.61979 4.92474 5.3087 6.814679999999999 4.63132 4.75523 7.28927 6.90156 5.1273 2.88146 5.55185 5.5385 6.4352800000000006 6.37763 5.18141 
6.20803 4.42703 2.22339 4.28628 2.39056 4.55397 5.14785 4.66019 2.69996 0 2.1668 4.35595 6.4923 4.7626100000000005 5.1547 5.30364 5.49428 4.32122 4.4839400000000005 4.7584 4.30862 4.30989 4.6228 4.31656 2.30356 4.31435 4.598509999999999 4.3646 2.86379 2.23512 2.9147 5.69759 5.33515 6.544549999999999 4.61232 2.60874 6.71993 4.79157 4.72034 6.5293399999999995 4.9262 5.40604 5.219989999999999 4.505520000000001 4.94223 4.96406 6.52287 4.19497 
4.0412300000000005 6.1290000000000004 4.3901900000000005 5.76956 4.557359999999999 6.720769999999999 5.02577 6.82699 4.866759999999999 2.1668 0 2.18915 4.46857 5.08594 4.609920000000001 4.708830000000001 5.29493 6.24615 4.57568 4.98936 4.73173 4.566269999999999 2.55997 4.40507 4.4703599999999994 4.73079 2.43171 4.48892 5.00328 4.4019200000000005 5.0815 4.29265 6.47689 5.10657 4.9107 4.7755399999999995 4.915570000000001 6.939299999999999 6.42809 6.99363 5.4160699999999995 4.834 5.09542 5.23216 2.77543 4.81979 6.489179999999999 4.42958 
4.30753 4.85081 2.64717 4.71006 6.74651 6.739559999999999 4.1663499999999996 5.2897099999999995 5.63683 4.35595 2.18915 0 2.27942 4.72889 2.42077 2.51968 4.71125 4.679819999999999 6.57502 4.68337 2.73824 4.7786 4.74912 2.54011 4.55311 4.839 2.77948 4.83669 4.711679999999999 6.59107 5.05572 5.28783 4.3977699999999995 4.5900099999999995 5.68613 4.70429 4.9266000000000005 4.75015 5.06799 6.878830000000001 5.46949 5.14859 4.54038 4.66859 4.772349999999999 4.86334 4.30003 2.24043 
4.4202200000000005 6.50799 4.92659 4.76515 4.94184 4.69608 6.4457699999999996 4.97619 6.9838000000000005 6.4923 4.46857 2.27942 0 2.44947 4.59069 4.7991 4.8645 4.967280000000001 4.80649 2.77682 4.80593 5.78221 5.090260000000001 4.81953 4.908519999999999 4.568960000000001 4.55307 2.93663 4.98472 5.15346 5.27358 4.31986 4.755269999999999 4.87012 4.91068 6.405799999999999 4.4429099999999995 2.47073 4.60742 5.69272 4.133039999999999 6.4527399999999995 6.62121 4.7801100000000005 2.49293 4.53126 2.02061 4.51985 
6.648999999999999 5.348990000000001 5.036630000000001 6.808540000000001 5.430400000000001 7.14555 7.17385 7.425659999999999 5.51708 4.7626100000000005 5.08594 4.72889 2.44947 0 2.40099 4.46899 2.41503 4.94636 7.025080000000001 5.22629 4.93919 4.94046 6.9718599999999995 4.472049999999999 2.45905 2.89208 2.65423 4.52009 4.6919 6.904630000000001 4.925549999999999 4.696289999999999 6.880529999999999 7.17512 7.01502 5.32184 5.729150000000001 4.9201999999999995 4.94824 6.54087 2.89476 5.214460000000001 5.09815 5.22453 4.714370000000001 5.94043 4.470079999999999 4.82554 
4.76415 2.948 5.06794 4.4075500000000005 5.39654 5.0400100000000005 6.5871200000000005 6.92871 6.67344 5.1547 4.609920000000001 2.42077 4.59069 2.40099 0 2.068 4.25957 4.68034 5.73658 6.243060000000001 5.15901 5.09315 5.43419 4.89282 4.86004 5.29307 5.05522 4.339 2.29091 4.50364 6.83915 4.6637900000000005 5.45823 4.970409999999999 5.3645 4.74319 7.02394 5.67087 6.97317 4.45806 4.525460000000001 6.7447 4.64711 2.82354 5.28027 4.74541 6.6113 4.511950000000001 
2.76535 4.8531200000000005 5.16685 6.47555 6.77608 7.10801 6.3707 7.287460000000001 6.5732099999999996 5.30364 4.708830000000001 2.51968 4.7991 4.46899 2.068 0 2.19157 4.41663 4.96342 4.17506 5.13062 6.5497700000000005 5.60993 4.9423 4.86651 6.8773 4.69857 6.36867 4.35891 6.57164 4.7711500000000004 4.862080000000001 4.93107 4.7935300000000005 5.09648 4.2066 5.13012 5.271050000000001 6.85229 6.526059999999999 5.34585 5.88552 4.3464 4.65254 6.758710000000001 4.87767 4.86828 2.44395 
4.95692 7.04469 5.4624500000000005 6.74897 6.95021 7.43224 6.668089999999999 6.96545 7.06321 5.49428 5.29493 4.71125 4.8645 2.41503 4.25957 2.19157 0 2.53133 4.61005 6.36663 7.32219 7.3554900000000005 6.88002 5.40928 4.874079999999999 5.30711 4.96555 5.246230000000001 6.55048 4.54038 2.57958 5.3731 7.1226400000000005 4.92568 6.92007 4.8819300000000005 7.32169 7.335229999999999 7.185220000000001 7.31328 5.30979 4.5851299999999995 6.53797 6.6729199999999995 7.025690000000001 6.906879999999999 6.885109999999999 4.63552 
4.38863 4.8673 5.01522 4.217639999999999 4.85499 4.90091 4.13676 4.88828 4.531879999999999 4.32122 6.24615 4.679819999999999 4.967280000000001 4.94636 4.68034 4.41663 2.53133 0 2.07872 4.10839 4.90235 6.35638 4.3486899999999995 2.87795 4.89095 4.474679999999999 4.78578 6.597300000000001 4.54921 6.5563400000000005 4.67305 5.1090800000000005 4.960839999999999 2.39435 4.38874 2.3506 5.19491 6.24012 4.6538900000000005 4.78195 4.88504 4.18843 4.11336 4.14159 6.419910000000001 4.3755500000000005 5.60048 4.743930000000001 
2.30991 2.78858 4.63471 6.29636 6.576880000000001 5.11709 2.54388 4.89101 4.9161 4.4839400000000005 4.57568 6.57502 4.80649 7.02508 5.73658 4.96342 4.61005 2.07872 0 2.02967 4.0587800000000005 4.4707799999999995 2.26997 4.48686 6.49986 6.159540000000001 6.4271400000000005 5.26098 4.39084 5.33465 2.59433 4.73094 5.29881 4.47307 4.64104 4.429320000000001 5.43675 4.1614 4.7069 6.86067 4.429410000000001 2.10971 2.03464 6.22031 4.71587 4.80048 6.18265 4.33459 
4.33958 4.80868 2.60504 4.5315 4.6028400000000005 4.84628 4.57355 4.58058 5.31235 4.7584 4.98936 4.68337 2.77682 5.22629 6.24306 4.17506 6.366630000000001 4.10839 2.02967 0 2.02911 4.069470000000001 2.42939 4.9292 6.1406600000000005 4.12987 4.74634 5.42168 4.91798 5.32971 4.624 4.5786999999999995 6.6862 4.9227 2.62878 4.29068 4.31509 2.13173 2.67723 5.211270000000001 6.29626 4.13938 4.06431 4.3875399999999996 2.6862 4.39771 4.79743 4.684889999999999 
4.85917 6.77481 4.57117 6.53579 6.58781 6.7777899999999995 4.8986 2.55147 4.6773299999999995 4.30862 4.73173 2.73824 4.80593 4.93919 5.15901 5.13062 7.322190000000001 4.90235 4.0587800000000005 2.02911 0 2.04036 2.17176 4.67157 4.11155 2.10076 4.39984 4.88594 4.6021 4.97654 5.343109999999999 2.54959 4.733829999999999 5.045400000000001 4.57381 4.53245 6.344200000000001 4.16084 4.706340000000001 4.88948 4.26715 5.36006 4.42472 5.2415400000000005 4.41296 2.3686 4.87925 4.235110000000001 
4.553 6.64077 4.60022 6.557599999999999 6.58908 5.35714 4.31343 4.59183 5.25132 4.30989 4.566269999999999 4.7786 5.78221 4.94046 5.09315 6.5497700000000005 7.35549 6.35638 4.4707799999999995 4.069470000000001 2.04036 0 2.20081 4.700620000000001 4.90662 4.141120000000001 4.9027899999999995 2.84558 2.80224 5.01497 5.512230000000001 4.58995 6.77419 6.58596 5.307600000000001 6.5728100000000005 5.42734 6.201200000000001 6.61173 6.92984 6.307510000000001 4.28873 4.73626 6.71543 6.453320000000001 4.40896 6.33622 4.2363800000000005 
2.84458 4.60305 2.39941 4.4623 5.43727 5.539580000000001 4.81385 4.72323 5.41691 4.6228 2.55997 4.74912 5.090260000000001 6.9718599999999995 5.43419 5.60993 6.88002 4.3486899999999995 2.26997 2.42939 2.17176 2.20081 0 2.49981 4.51281 4.27252 4.99168 5.046390000000001 4.89165 6.85792 4.8643 4.721349999999999 6.905589999999999 5.324339999999999 5.00797 6.66895 5.44464 4.561120000000001 4.89636 6.33238 6.43891 4.3796800000000005 2.53545 4.68154 5.11559 4.54036 7.05101 4.8354 
2.17695 4.2647200000000005 4.89922 5.37232 5.2025500000000005 5.30325 4.48432 6.83145 5.04941 4.31656 4.40507 2.54011 4.81953 4.472049999999999 4.89282 4.9423 5.40928 2.87795 4.48686 4.9292 4.67157 4.700620000000001 2.49981 0 2.013 4.02379 5.10583 4.07404 4.94798 6.55168 5.18793 4.3659 4.89623 5.179819999999999 4.50808 4.53561 4.82863 7.011990000000001 5.40904 6.804169999999999 4.92818 2.60848 4.8543199999999995 4.48915 4.96741 4.58803 4.8334399999999995 4.24405 
4.18995 6.2777199999999995 4.52695 5.67824 4.69412 6.68782 6.49732 6.66302 5.00352 2.30356 4.4703599999999994 4.55311 4.908519999999999 2.45905 4.86004 4.86651 4.874079999999999 4.89095 6.49986 6.1406600000000005 4.11155 4.90662 4.51281 2.013 0 2.01079 4.11825 2.06104 4.10913 4.53868 4.727690000000001 5.00564 4.72428 6.9577 6.5210799999999995 4.9123 6.80738 7.095130000000001 4.61093 5.28958 5.139060000000001 4.62148 6.19587 6.50215 4.969200000000001 5.521 4.661490000000001 6.25705 
6.20074 5.33081 5.3916900000000005 6.48129 5.00315 4.67703 6.99936 4.65223 4.308 4.31435 4.73079 4.839 4.568960000000001 2.89208 5.29307 6.8773 5.30711 4.474679999999999 6.15954 4.12987 2.10076 4.141120000000001 4.27252 4.02379 2.01079 0 2.29908 4.07183 4.32533 6.53806 5.1622900000000005 4.6503499999999995 4.73696 6.8690299999999995 6.6136 6.63321 4.79659 6.2616000000000005 4.8339 6.777609999999999 4.48672 6.63227 5.22546 5.41514 2.95841 4.46936 5.27539 4.89402 
5.15805 5.76347 5.42665 5.506550000000001 4.70528 5.07026 6.86417 6.88494 6.261749999999999 4.598509999999999 2.43171 2.77948 4.55307 2.65423 5.05522 4.69857 4.96555 4.78578 6.4271400000000005 4.74634 4.39984 4.9027899999999995 4.99168 5.10583 4.11825 2.29908 0 2.05721 4.1053 4.4598700000000004 4.72386 4.2527 6.43694 5.291510000000001 6.7731200000000005 4.5835799999999995 4.8766 6.734770000000001 4.70887 6.62951 2.98436 4.50462 5.2173 4.51687 2.06014 4.1045 5.26723 4.72008 
6.25099 6.74021 4.53657 6.5994600000000005 4.4074100000000005 6.57082 4.80696 6.330399999999999 4.20454 4.3646 4.48892 4.83669 2.93663 4.52009 4.339 6.36867 5.246230000000001 6.597300000000001 5.26098 5.42168 4.88594 2.84558 5.046390000000001 4.07404 2.06104 4.07183 2.05721 0 2.04809 4.260820000000001 2.66665 4.38516 6.5694 7.34872 6.8114799999999995 6.45188 6.933809999999999 5.407360000000001 6.67197 5.58206 5.04157 6.38067 4.13483 6.534330000000001 4.11735 6.16171 4.293200000000001 5.48194 
5.48701 4.7588 5.08718 6.55582 4.62256 4.75156 4.47743 4.6378 4.38253 2.86379 5.00328 4.711679999999999 4.98472 4.6919 2.29091 4.35891 6.55048 4.54921 4.39084 4.91798 4.6021 2.80224 4.89165 4.94798 4.10913 4.32533 4.1053 2.04809 0 2.21273 4.714740000000001 5.0525 4.81149 6.943560000000001 5.06521 4.9926200000000005 5.41465 4.78193 4.90843 6.50695 4.75855 4.45379 2.3562 5.11445 6.16544 5.663690000000001 5.17389 4.65615 
4.633839999999999 2.54607 4.45851 5.2323900000000005 2.40983 4.57324 4.7722 2.42507 4.550929999999999 2.23512 4.4019200000000005 6.59107 5.15346 6.90463 4.50364 6.57164 4.54038 6.5563400000000005 5.33465 5.32971 4.97654 5.01497 6.85792 6.55168 4.53868 6.538060000000001 4.4598700000000004 4.260820000000001 2.21273 0 2.77976 5.4642 5.0563 4.8901 6.847440000000001 4.57935 7.064299999999999 4.88094 5.05444 4.29422 4.36162 4.07945 4.56893 4.99079 5.05497 6.50574 6.4480900000000005 5.5950500000000005 
4.88239 5.0865100000000005 2.88287 4.94576 5.18959 7.353 5.13821 5.204829999999999 5.61466 2.9147 5.0815 5.05572 5.27358 4.925549999999999 6.83915 4.7711500000000004 2.57958 4.67305 2.59433 4.624 5.343109999999999 5.512230000000001 4.8643 5.18793 4.727690000000001 5.1622900000000005 4.72386 2.66665 4.714740000000001 2.77976 0 2.79352 4.97776 5.1648700000000005 7.19517 4.66568 4.9587 6.75573 5.3798200000000005 5.22636 7.02374 4.70404 4.62897 5.165 4.986079999999999 5.4382 6.95985 2.81529 
4.493320000000001 4.69447 4.92173 4.83825 4.7925699999999996 4.76918 4.986599999999999 5.10106 4.589700000000001 5.69759 4.29265 5.28783 4.31986 4.696289999999999 4.6637900000000005 4.862080000000001 5.3731 5.1090800000000005 4.73094 4.5786999999999995 2.54959 4.58995 4.721349999999999 4.3659 5.00564 4.6503499999999995 4.2527 4.38516 5.0525 5.4642 2.79352 0 2.18424 5.04222 6.44556 4.9777000000000005 7.16714 6.71043 7.255929999999999 5.61961 5.88222 4.94214 2.6963 4.64929 2.19256 4.23692 6.34047 4.99625 
4.598 2.51023 4.71387 5.76715 2.94459 2.93973 4.509 5.4176 4.79416 5.33515 6.476889999999999 4.3977699999999995 4.755269999999999 6.88053 5.45823 4.93107 7.1226400000000005 4.960839999999999 5.29881 6.6862 4.733829999999999 6.774189999999999 6.905589999999999 4.89623 4.72428 4.73696 6.43694 6.5694 4.81149 5.0563 4.97776 2.18424 0 2.92367 5.2175899999999995 5.04694 4.9829 5.415699999999999 5.32006 7.59587 4.67303 6.99273 4.88054 5.25134 4.376799999999999 5.24915 4.726050000000001 4.820320000000001 
4.4166799999999995 5.4338999999999995 5.6678999999999995 5.15822 5.1266300000000005 5.41844 4.841060000000001 2.49393 4.61979 6.54455 5.10657 4.5900099999999995 4.87012 7.17512 4.970409999999999 4.7935300000000005 4.92568 2.39435 4.47307 4.9227 5.045400000000001 6.58596 5.324339999999999 5.179819999999999 6.957699999999999 6.8690299999999995 5.291510000000001 7.34872 6.94356 4.8901 5.1648700000000005 5.04222 2.92367 0 2.29392 4.72129 5.01431 4.99939 5.1233 4.6722 4.7396 6.58278 4.64953 4.83488 5.66891 4.9724900000000005 5.18399 2.34958 
2.33113 4.4189 4.8230900000000005 4.143890000000001 4.84664 7.01005 5.21537 4.787850000000001 4.92474 4.61232 4.9107 5.68613 4.91068 7.01502 5.3645 5.09648 6.920070000000001 4.38874 4.64104 2.62878 4.57381 5.307600000000001 5.00797 4.50808 6.5210799999999995 6.6136 6.7731200000000005 6.8114799999999995 5.06521 6.847440000000001 7.19517 6.44556 5.2175899999999995 2.29392 0 2.52949 5.77177 4.76051 5.306010000000001 6.748189999999999 4.73026 5.81707 4.88783 2.54096 4.99769 4.8217 2.89007 4.39823 
4.58783 6.6756 4.83213 4.93633 4.9993 7.060049999999999 4.81552 7.00442 5.3087 2.60874 4.7755399999999995 4.70429 6.4058 5.32184 4.74319 4.2066 4.8819300000000005 2.3506 4.429320000000001 4.29068 4.53245 6.5728100000000005 6.668949999999999 4.53561 4.9123 6.63321 4.5835799999999995 6.45188 4.9926200000000005 4.57935 4.66568 4.9777000000000005 5.04694 4.72129 2.52949 0 4.30638 6.42241 6.5068 4.36145 4.428850000000001 6.53903 4.42961 4.7357499999999995 6.64372 4.99329 5.419560000000001 4.14986 
4.7532700000000006 5.6135 6.9201299999999994 5.22935 4.65447 4.8979099999999995 7.03595 4.68882 6.814679999999999 6.719930000000001 4.915570000000001 4.9266000000000005 4.4429099999999995 5.729150000000001 7.02394 5.13012 7.32169 5.19491 5.43675 4.31509 6.3442 5.42734 5.44464 4.82863 6.80738 4.79659 4.8766 6.933809999999999 5.41465 7.064299999999999 4.9587 7.16714 4.9829 5.01431 5.77177 4.30638 0 2.18336 4.6922 6.978109999999999 2.83439 5.15409 4.98612 6.97251 6.935839999999999 4.93679 6.463519999999999 2.68617 
6.471310000000001 6.94041 4.73677 5.2936700000000005 2.47111 2.71455 4.852589999999999 2.50546 4.63132 4.79157 6.939299999999999 4.75015 2.47073 4.9201999999999995 5.67087 5.271050000000001 7.335229999999999 6.240120000000001 4.1614 2.13173 4.16084 6.2012 4.561120000000001 7.01199 7.09513 6.2616000000000005 6.73477 5.407360000000001 4.78193 4.88094 6.75573 6.710430000000001 5.415699999999999 4.99939 4.76051 6.42241 2.18336 0 2.50884 5.04288 5.00675 5.3094 6.19604 5.190799999999999 4.8179300000000005 6.52944 4.49134 4.86953 
5.2655 4.70059 2.49695 4.5598399999999994 4.9799500000000005 5.22339 4.9765 2.62937 4.75523 4.72034 6.428090000000001 5.06799 4.60742 4.94824 6.97317 6.852290000000001 7.185220000000001 4.6538900000000005 4.7069 2.67723 4.706340000000001 6.61173 4.89636 5.40904 4.61093 4.8339 4.70887 6.67197 4.90843 5.05444 5.3798200000000005 7.255930000000001 5.32006 5.1233 5.306010000000001 6.5068 4.6922 2.50884 0 2.53404 5.12026 2.80056 5.0464 4.77908 5.36343 4.74934 6.325749999999999 6.49681 
6.301889999999999 6.8402899999999995 5.03099 5.2695 4.87805 7.04146 6.5848700000000004 5.163410000000001 7.28927 6.52934 6.99363 6.87883 5.69272 6.54087 4.45806 6.526059999999999 7.313280000000001 4.78195 6.860670000000001 5.211270000000001 4.88948 6.92984 6.332379999999999 6.804170000000001 5.28958 6.777609999999999 6.62951 5.58206 6.50695 4.29422 5.22636 5.61961 7.59587 4.6722 6.748189999999999 4.36145 6.97811 5.04288 2.53404 0 4.14372 5.3346 6.987830000000001 6.589700000000001 5.703200000000001 4.34584 4.84829 6.96875 
4.86688 2.77911 4.98275 5.3582 2.53564 4.69905 4.95665 6.78669 6.90156 4.9262 5.4160699999999995 5.46949 4.133039999999999 2.89476 4.525460000000001 5.34585 5.30979 4.88504 4.429410000000001 6.29626 4.26715 6.307510000000001 6.43891 4.92818 5.139060000000001 4.48672 2.98436 5.04157 4.75855 4.36162 7.02374 5.88222 4.67303 4.7396 4.73026 4.428850000000001 2.83439 5.00675 5.12026 4.14372 0 2.3197 4.56554 4.96148 5.0445 4.62692 5.06504 4.4581 
4.41962 4.89829 5.29751 6.65987 4.85534 5.49983 2.92662 5.27375 5.1273 5.40604 4.834 5.14859 6.45274 5.214460000000001 6.7447 5.88552 4.5851299999999995 4.18843 2.10971 4.13938 5.36006 4.28873 4.3796800000000005 2.60848 4.62148 6.63227 4.50462 6.38067 4.45379 4.07945 4.70404 4.94214 6.99273 6.5827800000000005 5.81707 6.53903 5.15409 5.3094 2.80056 5.3346 2.3197 0 2.24584 6.757899999999999 6.56476 6.91019 6.51262 4.54579 
4.34455 4.82322 4.6714 6.5332 4.54224 6.7056499999999994 4.57852 5.00732 2.88146 5.219989999999999 5.09542 4.54038 6.62121 5.09815 4.64711 4.3464 6.53797 4.11336 2.03464 4.06431 4.42472 4.73626 2.53545 4.8543199999999995 6.19587 5.22546 5.2173 4.13483 2.3562 4.56893 4.62897 2.6963 4.88054 4.64953 4.88783 4.42961 4.98612 6.19604 5.0464 6.98783 4.56554 2.24584 0 4.51206 4.888859999999999 4.92286 4.69425 2.29995 
4.87209 4.4857700000000005 2.28213 4.34502 4.9039 6.7588799999999996 4.18567 6.5328 5.55185 4.505520000000001 5.23216 4.66859 4.7801100000000005 5.22453 2.82354 4.65254 6.6729199999999995 4.14159 6.22031 4.3875399999999996 5.2415400000000005 6.71543 4.68154 4.48915 6.50215 5.41514 4.51687 6.534330000000001 5.11445 4.99079 5.165 4.64929 5.25134 4.83488 2.54096 4.7357499999999995 6.97251 5.190799999999999 4.77908 6.589700000000001 4.96148 6.757899999999999 4.51206 0 2.45673 4.50109 5.43103 6.81201 
4.53493 6.6227 4.73886 5.467700000000001 2.64514 4.80855 5.58811 6.96443 5.5385 4.94223 2.77543 4.772349999999999 2.49293 4.714370000000001 5.28027 6.758709999999999 7.025690000000001 6.419910000000001 4.71587 2.6862 4.41296 6.45332 5.11559 4.96741 4.969200000000001 2.95841 2.06014 4.11735 6.16544 5.05497 4.986079999999999 2.19256 4.376799999999999 5.66891 4.99769 6.64372 6.935839999999999 4.8179300000000005 5.36343 5.703200000000001 5.0445 6.564760000000001 4.888859999999999 2.45673 0 2.04436 4.51354 4.66727 
2.49057 4.57834 2.76466 4.8275500000000005 4.689500000000001 6.804309999999999 7.15739 4.92007 6.43528 4.96406 4.81979 4.86334 4.53126 5.94043 4.74541 4.87767 6.906880000000001 4.3755500000000005 4.80048 4.39771 2.3686 4.40896 4.54036 4.58803 5.521 4.46936 4.1045 6.161709999999999 5.663690000000001 6.505739999999999 5.4382 4.23692 5.24915 4.9724900000000005 4.8217 4.99329 4.93679 6.52944 4.74934 4.34584 4.62692 6.91019 4.92286 4.50109 2.04436 0 2.51065 2.62291 
4.72287 6.81064 4.91536 6.58313 5.696580000000001 4.77308 6.64235 6.9968 6.37763 6.522869999999999 6.489179999999999 4.30003 2.02061 4.470079999999999 6.6113 4.86828 6.885109999999999 5.60048 6.18265 4.79743 4.87925 6.336220000000001 7.05101 4.8334399999999995 4.661490000000001 5.27539 5.26723 4.293200000000001 5.17389 6.4480900000000005 6.959850000000001 6.340470000000001 4.726050000000001 5.18399 2.89007 5.419560000000001 6.463519999999999 4.49134 6.325750000000001 4.84829 5.06504 6.51262 4.69425 5.43103 4.51354 2.51065 0 4.77134 
2.0671 4.15487 4.8876 5.07283 6.47416 5.46798 4.588900000000001 4.84351 5.18141 4.19497 4.42958 2.24043 4.51985 4.82554 4.511950000000001 2.44395 4.63552 4.743930000000001 4.33459 4.684889999999999 4.235110000000001 4.2363800000000005 4.8354 4.24405 6.25705 4.89402 4.72008 5.48194 4.65615 5.5950500000000005 2.81529 4.99625 4.820320000000001 2.34958 4.39823 4.14986 2.68617 4.86953 6.49681 6.96875 4.4581 4.54579 2.29995 6.812010000000001 4.66727 2.62291 4.77134 0 
