100
L73 L53 L84 L147 L165 L10 L2 L142 L175 L192 L69 L109 L74 L75 L14 L104 L64 L7 L8 L57 L58 L132 L107 L113 L196 L1 L48 L49 L50 L163 L118 L55 L81 L168 L95 L125 L29 L97 L18 L145 L194 L119 L26 L23 L164 L199 L52 L39 L38 L197 L46 L31 L82 L177 L60 L77 L20 L94 L139 L130 L143 L144 L65 L80 L12 L110 L68 L30 L152 L176 L41 L178 L13 L149 L160 L3 L153 L138 L141 L112 L121 L98 L106 L24 L96 L102 L62 L61 L127 L54 L47 L135 L27 L146 L63 L116 L25 L123 L159 L0
0 2.2551 4.314920000000001 2.85846 5.1139399999999995 5.28034 6.50559 4.281549999999999 4.7016 4.96375 5.058479999999999 4.8971800000000005 2.89379 4.22874 4.34146 5.01713 4.1624099999999995 4.4671199999999995 4.479509999999999 4.91759 2.59738 4.62146 5.17415 5.172560000000001 2.85923 4.53718 4.85012 4.810689999999999 4.48854 2.31099 4.167680000000001 4.56545 5.24775 4.14424 6.39574 4.39485 5.1935 4.90842 5.32946 4.4279399999999995 4.60135 5.8034099999999995 4.65869 4.35637 4.29521 5.2806 5.228669999999999 4.42764 4.85459 5.23287 4.88245 4.31052 2.55957 4.72877 4.79087 4.63433 6.37688 4.981059999999999 4.145709999999999 5.2847 6.594569999999999 4.42418 5.4557 6.62947 5.12362 6.8192 6.50459 4.17726 4.77063 2.49456 4.41991 4.6555800000000005 5.31175 4.32465 4.56079 4.50961 5.53611 4.569710000000001 4.5691299999999995 4.1721 5.19057 5.529120000000001 4.398809999999999 4.64947 4.9854199999999995 2.5734 4.54119 6.79019 6.565189999999999 4.7543500000000005 5.11665 4.48174 4.79197 2.29681 4.694089999999999 4.08273 4.520429999999999 4.65185 4.226929999999999 2.00767 
2.2551 0 2.05982 4.09585 5.21682 4.39193 5.08141 4.85138 4.58641 5.209580000000001 4.35366 4.4372 4.79922 4.330550000000001 4.2073599999999995 4.57424 4.26422 6.31989 4.472099999999999 4.67237 4.85248 4.93203 4.7877 6.69069 4.5432 4.63899 5.3246199999999995 4.9259699999999995 2.99302 4.52975 4.26949 4.5410699999999995 4.52027 4.24605 6.29576 5.32409 4.6995000000000005 2.65332 4.3776 2.36572 4.46725 4.14088 4.58223 6.40917 4.3970199999999995 5.06666 2.98953 5.142799999999999 4.47792 6.20203 4.0477 4.41233 4.81467 4.619020000000001 4.53492 2.37923 4.3887599999999996 6.28474 4.9963999999999995 4.79952 5.31222 4.91233 4.66367 5.3455200000000005 4.7528 4.791410000000001 4.71344 4.27907 5.32913 4.38247 4.69196 2.40048 4.7144200000000005 4.4264600000000005 2.64326 4.473050000000001 6.622910000000001 4.62101 2.31403 4.40787 4.515029999999999 4.49037 2.59965 5.15203 4.4971 4.29774 4.40709 6.794309999999999 4.486470000000001 2.49925 4.48414 4.34764 4.91491 4.5519099999999995 6.301200000000001 4.18454 4.41736 4.75366 2.61103 2.10948 
4.314920000000001 2.05982 0 2.03603 4.29151 5.05664 5.4137 6.41089 4.65651 4.70225 4.80625 5.10803 5.68289 4.632619999999999 6.267180000000001 5.58616 5.45715 4.7083200000000005 2.58759 4.73036 4.76888 4.24013 6.5256 4.63087 6.363200000000001 4.89435 6.41159 5.0839099999999995 4.50477 4.39462 4.45355 6.348319999999999 4.568759999999999 4.4307300000000005 4.80196 6.478479999999999 6.250039999999999 4.71314 4.5558700000000005 4.172969999999999 4.81826 4.3657 4.83439 4.755660000000001 6.388489999999999 4.18854 5.0493500000000004 4.94564 6.53774 5.28402 4.32883 5.4597999999999995 4.36285 6.53205 5.127750000000001 4.43905 5.38089 4.22492 6.2758400000000005 4.45678 6.58436 6.719579999999999 4.838839999999999 6.56677 4.51699 2.73159 4.81609 4.5858799999999995 4.70351 6.44229 4.84865 4.4603 6.32034 4.470000000000001 4.70308 5.19028 5.39912 6.68083 4.37385 6.46769 4.25265 5.41109 4.659470000000001 4.880940000000001 4.4744 4.3293 4.94508 6.89148 6.15277 4.55907 6.54396 6.149100000000001 4.97653 4.52549 6.32028 6.24436 6.477180000000001 4.9063 4.161569999999999 4.1693 
2.85846 4.09585 2.03603 0 2.25548 4.27736 6.40527 4.59007 4.62383 5.24411 5.2668800000000005 4.6119699999999995 4.6586 2.59659 4.67607 5.206390000000001 4.79837 5.2911 4.62362 5.21039 5.1012699999999995 4.95812 4.7666699999999995 2.59484 4.769 5.06388 5.096579999999999 4.59342 2.46874 4.6462900000000005 5.1003799999999995 4.60788 2.53273 4.55856 4.92467 6.43347 4.90972 4.81898 4.49366 4.6872799999999994 5.40846 4.77122 5.398210000000001 4.63353 4.38298 5.380050000000001 4.544420000000001 4.9142399999999995 6.549379999999999 5.24389 6.36486 4.73829 5.22091 4.7761700000000005 4.9189799999999995 6.47508 4.66908 2.51402 4.56494 2.95521 5.02223 6.69191 4.6714 4.712260000000001 2.48096 4.72008 5.79097 5.16614 4.92586 4.84511 5.52539 4.812860000000001 5.35757 5.6172 5.51038 5.13077 4.89211 5.5877 4.91003 5.1235599999999994 2.9338 4.60643 5.15508 5.068350000000001 5.39144 5.43186 4.94952 4.98963 4.60253 5.21665 5.1393 5.3881 6.554269999999999 2.48946 4.834709999999999 4.808400000000001 4.92922 5.56213 4.4513300000000005 4.81766 
5.1139399999999995 5.21682 4.29151 2.25548 0 2.02188 4.149789999999999 6.37383 5.569699999999999 4.65014 5.0933399999999995 4.41155 4.591889999999999 4.33276 6.412240000000001 5.10713 5.5347100000000005 5.06686 4.33997 6.396709999999999 4.85216 2.82808 5.2397 4.82685 2.51352 4.6441300000000005 4.886469999999999 4.42666 4.62972 4.24161 4.536110000000001 4.7628 4.15888 4.386939999999999 5.36619 4.177989999999999 4.62327 2.5635 4.33551 4.81428 5.06861 5.0911100000000005 6.14945 4.13965 2.1275 4.23968 5.15476 4.73567 4.49038 4.9129000000000005 5.00873 4.3495 4.88109 2.71189 4.914 4.74868 2.73915 2.86528 2.90447 4.99632 4.8734 4.7626 2.86556 4.652139999999999 4.73644 4.9227799999999995 4.45931 5.38509 4.7594899999999996 4.97084 4.87388 5.167009999999999 4.92229 4.86902 4.51937 5.329940000000001 5.36894 5.09138 4.80962 4.28523 4.418469999999999 5.49682 6.88688 4.45166 4.80197 4.75733 4.79909 4.83347 2.99708 5.09706 4.54898 4.6061 5.36874 4.74494 5.09052 6.4901 4.56817 4.48048 4.8891 4.415039999999999 
5.28034 4.39193 5.05664 4.27736 2.02188 0 2.12791 4.35195 5.07055 4.80725 4.4145900000000005 4.59851 5.11543 4.47706 5.54252 4.8904499999999995 6.3270599999999995 4.327920000000001 5.03525 4.374829999999999 4.2958300000000005 4.572979999999999 4.97848 4.89354 4.1442 4.4886800000000004 4.52138 4.4798100000000005 4.47481 4.23997 5.47227 4.212149999999999 2.137 4.16283 4.41301 2.15611 4.17506 4.58538 4.47667 4.29155 4.63765 4.87965 4.77696 2.76716 4.14938 2.2178 4.29493 4.80767 4.53885 4.57252 4.363910000000001 2.32762 4.53205 4.56356 4.34378 4.1721 2.16257 4.31763 4.926349999999999 4.96447 4.68488 4.3537300000000005 4.44327 4.7372700000000005 5.1700099999999996 4.95148 4.304399999999999 4.3756 5.00398 4.44144 4.678459999999999 4.9925 4.88727 4.588480000000001 4.83694 4.53398 5.01481 5.012499999999999 4.65471 5.12569 4.93638 5.2409 4.865 5.03184 4.7185299999999994 4.92604 4.622669999999999 4.5939 4.97598 6.44617 4.7981300000000005 5.2093 5.44862 4.19611 4.7887699999999995 5.25052 6.52929 4.857530000000001 4.31252 4.63047 
6.50559 5.08141 5.4137 6.40527 4.149789999999999 2.12791 0 2.22404 4.234030000000001 4.53205 5.17707 4.67675 4.3937 4.74695 5.13054 4.278700000000001 4.85395 2.80138 4.097239999999999 2.24692 4.56713 4.82498 4.5488 4.99066 4.643 2.51239 4.55197 6.47242 4.34774 4.85222 4.180149999999999 6.186679999999999 4.26491 4.5735 2.41887 4.28402 6.30297 4.83866 4.95589 4.69386 2.50974 4.97023 6.632759999999999 4.7959499999999995 5.54869 4.34571 6.422840000000001 5.33084 6.58392 4.855040000000001 5.16943 4.4555299999999995 4.96997 4.56235 2.87168 4.71486 4.2904800000000005 4.971489999999999 6.44451 4.93696 4.53706 4.77164 4.6056799999999996 6.56445 4.33315 2.82357 2.87979 4.67592 6.554030000000001 4.91298 5.00539 2.87489 4.6555599999999995 5.08991 4.4615100000000005 2.6536 4.42409 4.88065 4.7613900000000005 5.07297 4.4823900000000005 4.36619 2.73709 4.89168 4.57315 4.13164 6.437099999999999 5.23376 4.38007 6.2905299999999995 5.08702 5.03293 4.5631900000000005 6.32402 4.99423 6.66059 4.71621 4.45681 5.29632 5.004020000000001 
4.281549999999999 4.85138 6.41089 4.59007 6.37383 4.35195 2.22404 0 2.00999 4.148350000000001 4.716189999999999 2.7879 4.79129 4.7066099999999995 5.11801 4.514469999999999 4.42652 4.76588 4.24526 4.47096 4.38222 4.58813 5.40645 5.35591 4.868320000000001 4.70138 5.83461 5.03728 4.55077 4.63094 5.128 4.57182 5.11402 4.31465 4.6429100000000005 6.50806 4.80261 4.88703 4.9502500000000005 6.53748 4.733779999999999 6.5594399999999995 4.60924 4.12212 5.35921 5.24064 6.48536 4.32941 5.1745 6.537889999999999 6.465260000000001 4.59628 6.70836 4.96755 5.09572 4.703099999999999 4.83533 4.71441 4.44447 4.4406 2.31302 4.6046499999999995 4.78824 4.34041 2.10911 4.34823 4.61629 4.95263 4.73119 4.38373 4.18566 4.19313 4.98572 6.44204 4.62662 2.87239 2.20005 4.844329999999999 2.53735 4.47086 4.69863 5.0762 4.16456 4.41522 4.54907 4.82783 5.01889 5.0107800000000005 4.7964199999999995 5.19617 4.76745 4.32945 4.63075 5.71025 4.462859999999999 4.43655 2.55221 5.45704 4.54397 6.289219999999999 
4.7016 4.58641 4.65651 4.62383 5.569699999999999 5.07055 4.234030000000001 2.00999 0 2.13836 4.22001 4.797890000000001 6.59149 4.921139999999999 5.25945 4.67957 4.46889 4.83655 4.3289100000000005 4.208819999999999 4.56907 4.360849999999999 4.994960000000001 6.61891 5.06748 4.87387 4.7668800000000005 5.2700499999999995 4.75011 4.47154 5.002599999999999 4.67026 4.33049 2.30466 4.55616 6.555400000000001 4.9751 5.24306 4.26169 5.41561 5.56565 4.54945 5.67113 4.5558499999999995 6.48204 4.73759 4.54405 4.74583 5.0360700000000005 5.23841 4.877879999999999 4.61799 4.9539 4.7758 4.7659 4.87559 2.90798 2.70442 4.6050699999999996 5.4005 4.32301 4.88354 4.67103 4.8694500000000005 2.63815 4.87727 4.94769 4.7954 4.64981 2.37374 4.28903 6.20312 4.37196 4.85583 4.799110000000001 4.82665 2.67679 4.68895 4.54734 4.23657 4.8017 4.38466 5.51826 4.75228 4.72156 5.00032 4.72775 5.04421 4.22012 4.17615 4.96965 4.44558 4.803240000000001 5.388669999999999 4.33674 4.409660000000001 4.562200000000001 4.51797 4.45096 4.44123 
4.96375 5.209580000000001 4.70225 5.24411 4.65014 4.80725 4.53205 4.148350000000001 2.13836 0 2.08165 4.16568 4.45313 4.5874299999999995 4.77339 4.79443 4.4868 4.899089999999999 4.652229999999999 5.35727 4.29509 4.39931 6.5759099999999995 4.62693 4.71502 5.0111799999999995 4.34633 5.06044 4.7371099999999995 4.62507 4.38416 2.5319 4.607049999999999 4.443020000000001 5.19226 4.95978 4.59169 4.6666799999999995 2.6483 4.70725 5.16498 4.97692 5.49026 4.29058 4.77595 5.0652 6.47628 4.56582 6.2510699999999995 4.27996 4.8050999999999995 2.47963 4.68406 4.97168 4.2995 5.0015 4.89545 4.842779999999999 4.54338 5.0142299999999995 4.5651600000000006 4.22246 4.66511 6.31202 4.55213 6.53783 4.554029999999999 4.29984 4.53411 2.46919 4.80336 5.79382 4.71499 4.51145 4.49098 5.10031 4.79973 2.55059 4.19205 2.09821 4.610329999999999 4.82166 4.51959 4.364039999999999 4.8849 5.078049999999999 4.28301 4.94317 2.08176 4.18174 2.83129 2.30722 4.26839 4.71064 2.19838 2.2713 4.593310000000001 5.23385 2.7455 4.346360000000001 
5.058479999999999 4.35366 4.80625 5.2668800000000005 5.0933399999999995 4.4145900000000005 5.17707 4.716189999999999 4.22001 2.08165 0 2.08403 4.08742 6.14943 4.75042 2.74635 4.905670000000001 4.48063 6.347480000000001 4.20471 2.4611 4.48518 4.8796800000000005 4.8271 4.16445 4.657719999999999 4.46211 4.39693 4.227259999999999 4.36142 2.30251 4.3090399999999995 5.01523 5.11508 5.17013 4.600820000000001 5.22991 4.56358 4.24638 4.7419 5.20256 4.7616499999999995 5.59426 6.37223 5.14128 2.98355 5.06068 5.01253 4.169420000000001 2.56195 4.716279999999999 2.91625 4.5766 4.79404 2.76041 4.9161 6.48357 5.46167 4.304220000000001 4.491 4.56691 2.27528 4.36317 4.93464 4.68344 4.46047 2.47238 4.47686 5.02168 4.55084 4.50231 4.6375399999999996 6.5133399999999995 5.04402 4.57772 4.16455 4.8406400000000005 4.29987 4.625299999999999 4.17986 4.57386 2.74001 4.88593 4.90616 4.68948 4.3696 4.55946 5.12249 4.16341 4.38271 4.47508 4.38887 4.944380000000001 2.77742 4.28003 4.35295 5.1526700000000005 4.6508 4.35457 4.46252 
4.8971800000000005 4.4372 5.10803 4.6119699999999995 4.41155 4.59851 4.67675 2.7879 4.797890000000001 4.16568 2.08403 0 2.00339 4.0654 5.260540000000001 4.434699999999999 5.102 5.038130000000001 5.24277 4.65947 2.33926 4.36334 4.6395800000000005 4.393750000000001 2.08042 4.21103 4.84361 4.2679100000000005 2.14323 4.27336 4.38654 5.664339999999999 4.499639999999999 4.84324 5.10624 4.47898 4.35901 4.1807300000000005 2.16235 4.23249 4.8424 4.75906 6.508470000000001 4.97492 4.467779999999999 5.062329999999999 5.85421 4.2446 4.38947 4.64598 4.09024 4.48532 6.66063 5.1770499999999995 4.66601 4.66675 4.42049 4.7312899999999996 4.18202 4.767329999999999 5.10092 4.35931 6.4472 6.523370000000001 4.58489 2.37644 4.46094 4.91317 5.13547 4.5196000000000005 5.27242 4.953989999999999 4.42931 4.61693 4.76915 4.384600000000001 4.98795 2.21584 4.522819999999999 5.06407 4.18948 4.36613 4.85238 4.22267 2.93588 4.32423 4.36599 6.696950000000001 4.33028 4.66917 4.22625 4.37711 4.77328 2.92235 4.37471 4.73369 5.34011 4.75889 2.27054 4.4898 
2.89379 4.79922 5.68289 4.6586 4.591889999999999 5.11543 4.3937 4.79129 6.59149 4.45313 4.08742 2.00339 0 2.06201 4.14149 5.11509 4.48609 4.90207 5.24946 4.72836 4.34265 5.22697 2.81535 4.98718 4.08381 4.74389 4.7898 5.158709999999999 4.14662 4.5785 2.79505 4.8015799999999995 6.45104 4.42521 4.39009 5.04591 4.37514 4.98091 2.99141 4.83902 5.1155 5.14986 6.31261 4.47654 2.46439 4.63459 4.33167 4.7031 2.6802 4.24118 2.08685 4.539569999999999 5.429930000000001 6.31406 6.60657 5.48601 4.69394 4.22955 2.17863 4.4883299999999995 4.7191399999999994 4.7798300000000005 4.5267599999999995 4.68563 4.72507 4.37983 4.69792 4.47278 4.83581 4.98889 4.722189999999999 4.2782800000000005 4.576639999999999 2.61354 4.48846 4.59619 5.48396 4.21923 5.28096 6.2542 4.7603 2.63533 4.82514 4.53698 4.74655 4.86214 4.45595 5.307499999999999 4.394159999999999 4.69703 2.22286 4.85561 4.44133 4.88358 2.37132 4.84054 5.27139 4.734719999999999 4.22436 4.28308 
4.22874 4.330550000000001 4.632619999999999 2.59659 4.33276 4.47706 4.74695 4.7066099999999995 4.921139999999999 4.5874299999999995 6.149430000000001 4.0654 2.06201 0 2.07948 4.083550000000001 4.3758099999999995 4.84795 4.77927 4.7687 4.48576 4.514530000000001 4.8773599999999995 4.68872 4.66423 4.68946 4.10517 4.573460000000001 5.065329999999999 4.64134 4.381080000000001 4.566470000000001 4.44422 4.10724 2.32808 4.25043 2.31313 4.3729 4.72306 4.64134 4.44592 4.233689999999999 4.2506 4.86508 4.50861 5.00563 6.39368 4.69412 4.21068 4.93626 4.14886 4.36387 6.3497200000000005 4.671390000000001 4.54456 4.37904 4.78059 5.110609999999999 4.24064 5.5518 4.8267 4.85519 4.1781500000000005 6.7017999999999995 4.7428 4.91095 6.57043 4.2431 4.20449 4.49406 4.50775 2.21627 4.1115 4.53805 4.8303899999999995 2.53418 4.6840399999999995 4.783110000000001 5.730980000000001 5.1782699999999995 2.69831 4.46674 4.47293 4.55471 4.633649999999999 4.8133 4.47368 4.76828 4.12686 4.58608 4.28487 4.12319 4.45906 4.716139999999999 2.38905 4.29613 4.28847 4.20078 4.4016 2.22107 
4.34146 4.2073599999999995 6.26718 4.67607 6.412240000000001 5.54252 5.13054 5.11801 5.25945 4.77339 4.75042 5.260540000000001 4.14149 2.07948 0 2.00407 4.16339 4.97608 4.826420000000001 4.27427 5.19863 4.651630000000001 4.5815 5.33089 4.93597 4.06527 2.02569 4.20936 4.82892 2.74303 4.80194 4.2666 5.10033 4.523490000000001 4.40756 4.826890000000001 4.39261 4.54521 4.64856 5.61151 4.4112100000000005 4.54934 5.0155 4.75682 4.85714 5.1476500000000005 6.31637 6.45198 4.56717 5.194710000000001 4.72864 4.44294 4.75633 4.3320799999999995 6.38679 5.2810299999999994 4.75672 5.35567 4.62037 4.59332 5.17703 5.53678 6.257630000000001 5.448119999999999 4.851929999999999 5.56706 4.97776 4.2954 4.2794 4.52664 5.55297 4.29575 2.03202 4.0769 4.93366 4.61366 4.8691 5.02999 5.49688 6.533149999999999 4.66591 2.38726 2.39345 4.79563 5.127000000000001 4.2417 4.35105 5.07428 5.01832 6.11498 4.60133 4.2916 2.42423 5.72922 4.46853 5.169090000000001 4.36132 4.88762 4.19079 4.30055 
5.01713 4.57424 5.58616 5.206390000000001 5.10713 4.8904499999999995 4.278700000000001 4.514469999999999 4.67957 4.79443 2.74635 4.434699999999999 5.11509 4.083550000000001 2.00407 0 2.15932 4.21499 4.29636 2.2702 4.59041 4.44026 4.567399999999999 4.55447 4.9892900000000004 5.2235499999999995 4.02976 5.33962 4.89894 4.51699 4.26906 2.26253 4.33768 2.51942 4.27991 6.529 4.51005 4.46183 4.77581 4.43788 4.96131 4.722720000000001 4.66807 4.3696 5.4642 4.79854 4.3123000000000005 4.44791 2.5631 4.68487 4.54622 4.73022 4.621980000000001 2.45278 4.65489 4.69257 4.491110000000001 4.85384 2.93646 4.6623 5.06947 5.02163 5.071 5.07916 2.84786 4.884880000000001 4.61866 2.29133 2.27533 2.52257 4.94484 4.43582 4.03609 4.39837 5.0874 4.37157 5.2600999999999996 5.69725 4.423579999999999 4.974690000000001 5.07375 4.39133 4.39752 4.93868 5.25531 4.33076 5.23167 4.659890000000001 4.11778 4.1109100000000005 4.42255 4.540660000000001 4.4283 5.523770000000001 4.39279 4.488770000000001 5.19143 2.88355 5.3719 4.31406 
4.1624099999999995 4.26422 5.45715 4.79837 5.5347100000000005 6.3270599999999995 4.85395 4.42652 4.46889 4.4868 4.905670000000001 5.102 4.48609 4.3758099999999995 4.16339 2.15932 0 2.05567 4.1764 4.42952 4.23297 4.98384 4.8227 2.67418 4.439579999999999 4.6842500000000005 4.83887 5.7096599999999995 4.63245 4.57501 4.31475 4.42185 4.19006 2.16423 4.41573 6.37269 4.934950000000001 6.54932 6.645149999999999 4.57501 2.80199 2.5634 4.94758 5.20153 4.44228 5.13715 4.68871 4.7506900000000005 4.72242 4.9266 2.77227 4.45759 4.99202 2.82282 4.32794 5.06261 5.06105 6.502179999999999 4.81268 2.50298 4.2913499999999996 4.26102 2.91168 4.54871 2.31741 2.72556 4.438140000000001 2.73021 4.4346499999999995 4.42773 5.15388 5.27794 5.07375 4.344200000000001 5.56659 4.8104499999999994 6.62657 4.5457 2.50204 2.81537 4.90693 4.91079 2.72098 4.454079999999999 4.70174 4.24216 4.37305 6.64696 5.80133 4.7374 2.26323 5.1127199999999995 2.71517 4.80068 2.28842 4.2298 4.43965 4.79892 4.374 2.15474 
4.4671199999999995 6.319889999999999 4.7083200000000005 5.2911 5.06686 4.327920000000001 2.80138 4.76588 4.83655 4.899089999999999 4.48063 5.038130000000001 4.90207 4.84795 4.97608 4.21499 2.05567 0 2.12073 4.2635000000000005 4.94892 4.7407 4.7222100000000005 4.72985 4.25544 4.9283 4.374140000000001 4.939220000000001 4.87934 4.48381 5.544309999999999 5.21522 6.24573 4.2199 4.982 4.7209 5.321149999999999 4.493650000000001 4.7359100000000005 4.75196 4.85766 4.619070000000001 5.565989999999999 4.935700000000001 6.4979499999999994 4.70888 5.84656 4.65252 4.768549999999999 4.6837599999999995 4.82794 4.56864 5.31574 4.73576 4.7834 4.74169 5.10824 6.42151 4.37059 4.55865 4.496980000000001 2.20535 4.29324 4.8647100000000005 4.37308 4.781230000000001 4.7089300000000005 4.48684 5.16094 4.88106 5.389810000000001 5.1083099999999995 4.333410000000001 2.28853 4.4478 5.3703199999999995 4.932259999999999 5.45212 4.55771 4.39698 6.7402 4.59254 4.72228 4.41408 4.746560000000001 5.21797 5.093920000000001 7.145480000000001 6.82704 6.2844299999999995 4.3189 4.55827 4.77084 4.30735 4.34409 5.3044 4.74531 4.4775 5.3202 4.2104099999999995 
4.479509999999999 4.472099999999999 2.58759 4.62362 4.33997 5.03525 4.097239999999999 4.24526 4.3289100000000005 4.652229999999999 6.347480000000001 5.24277 5.24946 4.77927 4.826420000000001 4.29636 4.1764 2.12073 0 2.14277 4.46298 4.842639999999999 4.5581700000000005 6.73 4.60306 4.70101 4.59844 5.63263 4.8415099999999995 4.45909 4.19781 4.848269999999999 5.10713 4.5625 4.09845 5.007899999999999 4.70874 2.64897 4.24924 5.07803 4.801259999999999 5.0931999999999995 4.83005 4.32008 4.65251 4.804819999999999 4.99922 4.83313 5.4040300000000006 4.637560000000001 5.01082 4.4189799999999995 6.406509999999999 5.37445 4.77543 4.71078 5.5008099999999995 4.71511 4.5964100000000006 5.2999600000000004 4.9162099999999995 4.32608 4.2455300000000005 4.63115 2.39985 4.6389700000000005 6.6199900000000005 4.38372 4.81984 6.6997 4.27658 6.27062 4.96714 4.40926 2.32707 4.623279999999999 2.81153 5.76785 5.04208 4.287319999999999 4.90365 4.5454799999999995 4.36252 2.29335 4.13968 4.1493 2.97319 5.37717 4.70631 4.1637 5.05819 4.4086099999999995 4.49278 5.630520000000001 4.45901 4.72729 4.32133 2.84474 4.53382 4.85901 
4.91759 4.67237 4.73036 5.21039 6.396709999999999 4.374829999999999 2.24692 4.47096 4.208819999999999 5.35727 4.20471 4.65947 4.72836 4.7687 4.27427 2.2702 4.42952 4.2635000000000005 2.14277 0 2.32021 4.34429 2.4154 4.58723 5.1792 4.759309999999999 4.85849 4.2903 4.996560000000001 4.339 5.1502 4.53273 5.1259999999999994 4.78962 4.665789999999999 4.45993 6.352549999999999 4.4688300000000005 2.70897 4.779109999999999 4.75666 4.56923 4.941280000000001 5.54686 4.876799999999999 2.67685 4.75398 4.72203 4.8332999999999995 4.9799 6.46388 5.2930399999999995 5.02998 4.72298 5.1186 6.3394900000000005 5.02307 4.59502 4.19759 5.00753 4.71082 4.219530000000001 4.90232 4.47555 2.72943 4.9685500000000005 5.126709999999999 4.561529999999999 4.545529999999999 4.79277 4.15649 5.12181 4.70859 4.85891 4.46984 4.674480000000001 4.9543 4.50173 6.27463 6.43009 4.79383 2.5549 4.6034500000000005 4.436120000000001 4.53703 6.29207 5.11596 5.14319 4.91428 4.043609999999999 4.834619999999999 4.24502 2.35001 6.414820000000001 4.379619999999999 5.05687 6.4641 4.14705 4.65049 2.99019 
2.59738 4.85248 4.76888 5.1012699999999995 4.85216 4.2958300000000005 4.56713 4.38222 4.56907 4.29509 2.4611 2.33926 4.34265 4.48576 5.19863 4.59041 4.23297 4.94892 4.46298 2.32021 0 2.02408 4.435700000000001 6.57402 4.41325 5.08423 4.4086300000000005 5.7759599999999995 4.48249 4.22358 4.76361 5.0717 5.2244600000000005 4.47982 4.39662 2.13972 4.15867 6.218439999999999 4.46843 6.53857 5.54781 4.875249999999999 5.547700000000001 4.6659299999999995 6.33769 4.70235 5.27709 4.8582 4.76967 4.82853 4.20875 4.55786 5.15695 5.18464 4.3865300000000005 4.64769 4.869339999999999 4.78259 2.73167 2.68732 4.8149 4.56285 6.57007 4.85161 2.62031 4.7157 4.88687 4.198169999999999 5.4651499999999995 4.79741 6.3589400000000005 4.303570000000001 5.496919999999999 4.40978 4.82055 5.08859 2.93873 4.5550999999999995 4.29133 6.3851700000000005 4.78623 4.875109999999999 4.268000000000001 4.26237 4.682040000000001 5.17078 4.1813400000000005 4.98339 5.01774 6.36382 5.27865 4.52037 4.16672 4.3723600000000005 2.09671 2.84546 5.15353 2.54295 4.6098 4.60505 
4.62146 4.93203 4.24013 4.95812 2.82808 4.572979999999999 4.82498 4.58813 4.360849999999999 4.39931 4.48518 4.36334 5.22697 4.514530000000001 4.651630000000001 4.44026 4.98384 4.7407 4.842639999999999 4.34429 2.02408 0 2.41162 4.549939999999999 4.956379999999999 4.38056 4.30822 4.69733 2.57265 4.05655 4.767440000000001 4.204330000000001 4.84544 2.81961 4.5062999999999995 4.1638 4.99591 4.50453 2.48615 4.55629 4.87121 4.9758 4.56531 4.118930000000001 4.955579999999999 4.66625 4.6509599999999995 4.649979999999999 2.74559 4.77023 4.9785699999999995 4.72284 4.299440000000001 4.98667 4.90353 5.75211 4.6908 4.27787 4.75575 4.509729999999999 5.21436 4.18435 5.69364 5.0963899999999995 4.64439 6.42437 4.33987 4.1997 4.75646 2.77333 4.33486 2.53155 4.84549 4.737030000000001 4.9785 4.69072 2.54086 5.57225 4.78484 4.56044 5.41467 4.501810000000001 4.59967 5.299939999999999 4.412319999999999 4.87704 4.649419999999999 4.43639 4.4415700000000005 4.44957 6.73174 4.437900000000001 4.79049 6.39644 4.1207899999999995 4.869540000000001 4.8006899999999995 4.56703 5.69785 4.78749 
5.17415 4.7877 6.525599999999999 4.7666699999999995 5.2397 4.97848 4.5488 5.40645 4.994960000000001 6.57591 4.8796800000000005 4.6395800000000005 2.81535 4.8773599999999995 4.5815 4.567399999999999 4.8227 4.7222100000000005 4.5581700000000005 2.4154 4.435700000000001 2.41162 0 2.17183 4.4851600000000005 6.61577 5.16151 4.96527 4.98427 4.73268 4.83307 5.18247 4.50394 5.23123 5.03948 6.3652 4.42502 2.98317 4.8977699999999995 4.90439 5.09835 2.63786 4.7137 6.42743 4.91935 4.3866499999999995 4.467129999999999 2.31118 4.33408 5.07987 4.23412 4.8190100000000005 2.61458 4.41353 6.615639999999999 6.52937 4.7985299999999995 2.95407 4.87256 4.38792 4.4699100000000005 2.84486 4.93275 4.99927 4.74446 4.81845 4.6034 2.27607 4.30399 5.184950000000001 6.490970000000001 4.78608 2.60636 4.48241 4.38797 2.53406 4.44054 4.33994 6.64692 4.70055 5.05849 4.37786 2.18805 4.74043 4.42433 6.49583 6.462160000000001 5.7053899999999995 4.63539 6.45901 5.038209999999999 4.56978 4.76541 5.63832 4.37753 5.1513 4.97553 5.20088 4.76513 4.44566 
5.172560000000001 6.69069 4.63087 2.59484 4.82685 4.89354 4.99066 5.35591 6.61891 4.62693 4.8271 4.393750000000001 4.98718 4.68872 5.33089 4.55447 2.67418 4.72985 6.73 4.58723 6.574019999999999 4.549939999999999 2.17183 0 2.31333 4.44394 4.90668 6.5166900000000005 4.6868 4.506270000000001 5.06395 4.80279 5.12757 4.7429 6.93954 4.886089999999999 4.50038 5.154999999999999 4.78356 4.71738 5.07531 4.80969 4.86073 6.7093799999999995 5.6107 6.49437 5.14279 4.48301 4.82752 5.09079 4.417529999999999 4.96409 4.62 5.497 4.73001 6.8713 4.98194 4.8055699999999995 5.0769400000000005 4.59622 4.65332 4.78281 4.2689 5.30009 4.99159 4.38641 5.18205 4.4479 5.40744 4.37535 4.6554199999999994 6.90499 4.77819 4.66582 4.5713799999999996 4.70589 5.06353 5.21971 4.62256 2.52872 4.83028 4.7052499999999995 4.35988 4.4447 4.73288 4.324 4.5989 7.00288 4.71913 4.90208 4.93741 6.62725 5.3889499999999995 4.4321 4.9626 5.12571 2.8037 4.83644 5.32225 4.82892 
2.85923 4.5432 6.363199999999999 4.769 2.51352 4.1442 4.643 4.868320000000001 5.06748 4.71502 4.16445 2.08042 4.08381 4.66423 4.93597 4.9892900000000004 4.439579999999999 4.25544 4.60306 5.1792 4.41325 4.956379999999999 4.4851600000000005 2.31333 0 2.13061 4.06112 5.4296500000000005 4.22365 2.19294 4.25185 4.4474 4.7886500000000005 2.76282 5.01432 4.2768 4.08232 4.4886099999999995 2.47023 4.540369999999999 2.76198 2.94418 4.428050000000001 4.85397 4.30705 4.75465 5.2873 4.53709 2.51419 2.97826 4.41536 4.64996 5.4188 4.78153 4.83065 4.55797 4.78433 4.8145299999999995 2.76361 4.89757 4.55724 4.28125 5.37908 5.67617 4.6554400000000005 4.456860000000001 6.541360000000001 4.30312 6.221909999999999 4.92831 4.90685 4.73982 6.509730000000001 4.91766 5.0935299999999994 4.39156 4.95493 4.29626 4.76711 4.827170000000001 2.51695 4.7956 4.47461 5.27295 4.33453 2.24381 2.28557 4.68955 4.68873 2.58875 4.82793 4.9712499999999995 4.87143 4.12363 4.3702000000000005 5.07789 5.11703 6.1354999999999995 4.350960000000001 4.32169 
4.53718 4.63899 4.89435 5.06388 4.6441300000000005 4.4886800000000004 2.51239 4.70138 4.87387 5.0111799999999995 4.657719999999999 4.21103 4.74389 4.68946 4.06527 5.2235499999999995 4.6842500000000005 4.9283 4.70101 4.759309999999999 5.08423 4.38056 6.6157699999999995 4.44394 2.13061 0 2.03958 4.22325 6.34793 4.32355 4.68952 4.944929999999999 6.56606 4.66608 4.93126 6.4074100000000005 4.96391 5.15305 4.32794 4.9497800000000005 4.89259 4.56323 6.549740000000001 4.94941 4.76741 5.017250000000001 5.11412 6.50746 4.6448 4.81137 2.65704 4.37549 4.450620000000001 4.3459699999999994 4.5561799999999995 4.44905 4.68737 4.73401 4.89422 6.75076 4.62318 4.77348 6.74633 4.97667 6.297789999999999 5.33596 5.32016 4.35088 5.23463 4.653840000000001 4.48604 5.3872800000000005 6.09729 4.84649 4.78792 4.61339 5.23158 5.09155 2.92075 4.6462699999999995 4.49677 5.04848 5.24948 6.568999999999999 4.5634999999999994 4.37442 4.33163 6.715720000000001 6.491579999999999 4.71936 4.61522 4.49075 4.65702 4.76141 4.86567 4.604570000000001 6.74169 5.15932 4.7052700000000005 2.52951 
4.85012 5.3246199999999995 6.41159 5.096579999999999 4.886469999999999 4.52138 4.55197 5.83461 4.7668800000000005 4.34633 4.46211 4.84361 4.7898 4.10517 2.02569 4.02976 4.83887 4.374140000000001 4.59844 4.85849 4.4086300000000005 4.30822 5.16151 4.90668 4.06112 2.03958 0 2.18367 4.308350000000001 2.53913 4.5473300000000005 4.15135 4.52648 4.64767 4.8952100000000005 4.62299 4.444000000000001 4.2989 4.28129 5.12455 4.53571 2.52365 4.82976 4.35224 4.41367 4.65215 4.43582 4.952780000000001 4.57071 4.53848 2.70295 2.95659 2.73064 2.30639 4.5085 4.54618 4.91372 5.08564 4.74741 5.00472 4.57653 4.13137 5.2180599999999995 6.48951 4.25821 5.00074 5.0507 4.83604 4.29428 4.68654 4.71227 4.7615099999999995 4.05771 5.07078 5.4463 4.56674 4.87784 4.37244 4.92542 4.50746 6.2910699999999995 4.41295 4.4191400000000005 5.219799999999999 4.32991 4.7311700000000005 4.28498 6.57629 4.452 4.84456 2.57564 4.87097 2.61744 5.525320000000001 4.446070000000001 5.09718 4.85985 4.27966 4.49861 4.317069999999999 
4.810689999999999 4.9259699999999995 5.0839099999999995 4.59342 4.42666 4.4798100000000005 6.4724200000000005 5.03728 5.2700499999999995 5.06044 4.39693 4.2679100000000005 5.158709999999999 4.573460000000001 4.20936 5.33962 5.7096599999999995 4.939220000000001 5.63263 4.2903 5.7759599999999995 4.69733 4.96527 6.5166900000000005 5.4296500000000005 4.22325 2.18367 0 2.12468 4.30223 2.36366 4.37019 2.34281 4.36864 5.05957 4.27928 2.26033 2.98366 5.00204 4.4973600000000005 6.6439 4.70732 6.63644 6.18858 4.17643 5.2326 5.54312 4.96659 4.40545 2.45139 4.60572 5.14026 4.91431 2.88684 5.08895 2.99633 4.4648900000000005 6.44073 4.389810000000001 4.552149999999999 6.63014 4.41175 6.499639999999999 4.94308 4.56634 6.416169999999999 4.33167 4.47905 5.822 4.50105 6.437860000000001 5.34196 4.4737100000000005 2.88711 4.66331 4.66267 2.83723 4.69395 4.681979999999999 4.74055 4.59437 4.41053 6.600339999999999 4.7956 5.22213 4.43075 4.620609999999999 4.79971 4.64959 4.872590000000001 4.75931 4.8308 4.80111 6.769410000000001 5.20018 4.83617 5.08888 4.8032900000000005 2.31494 4.52367 
4.48854 2.99302 4.50477 2.46874 4.62972 4.47481 4.34774 4.55077 4.75011 4.7371099999999995 4.227259999999999 2.14323 4.14662 5.065329999999999 4.82892 4.89894 4.63245 4.87934 4.8415099999999995 4.996560000000001 4.48249 2.57265 4.98427 4.6868 4.22365 6.347930000000001 4.308350000000001 2.12468 0 2.17755 4.23646 4.43201 4.46749 5.39226 5.33789 4.26141 4.38501 4.26923 4.30558 5.0291999999999994 4.51922 5.712009999999999 6.46938 6.285029999999999 4.29166 6.483280000000001 4.40615 4.8749400000000005 4.72115 4.56534 4.608230000000001 4.574719999999999 4.8786000000000005 4.39013 4.80373 4.82715 4.79906 4.98276 6.3252500000000005 5.42395 4.69724 6.50254 4.81074 4.67296 2.44166 4.51967 4.271789999999999 6.45641 4.65244 2.37637 4.78961 5.02967 4.86062 4.7456700000000005 4.77244 4.37617 4.96191 4.34277 4.6221 6.71594 4.72031 2.44166 4.63147 4.58782 4.40873 5.037039999999999 4.932320000000001 4.98506 4.07621 2.74791 5.1 5.25375 4.76825 4.9582 4.79541 4.7691 4.41235 4.91231 4.4137699999999995 4.5978200000000005 
2.31099 4.52975 4.39462 4.6462900000000005 4.24161 4.23997 4.85222 4.63094 4.47154 4.62507 4.36142 4.27336 4.5785 4.64134 2.74303 4.51699 4.57501 4.48381 4.45909 4.339 4.22358 4.05655 4.73268 4.506270000000001 2.19294 4.32355 2.53913 4.30223 2.17755 0 2.05891 2.25446 4.32961 4.556839999999999 4.3407599999999995 2.08386 4.10281 4.45376 4.39187 4.42981 4.9549199999999995 4.6715800000000005 5.26976 4.12626 2.11411 4.31406 4.96299 4.5665 2.5436 4.72579 2.57146 4.694850000000001 4.66837 4.8455200000000005 5.4311 5.26657 4.78941 4.85774 4.862310000000001 4.2474 6.37498 5.09914 4.74533 6.59918 4.3678799999999995 5.043100000000001 4.382680000000001 4.27886 4.74998 4.55392 4.41921 2.85212 4.77505 4.51623 4.49483 2.19862 4.27402 4.748340000000001 4.64956 6.48309 4.516170000000001 4.54462 5.136480000000001 4.79866 5.07833 4.1259999999999994 2.75477 4.4792000000000005 4.8083 4.30633 4.628030000000001 6.41262 2.67849 2.98619 2.633 4.480700000000001 4.9211100000000005 4.38933 4.63953 2.42027 
4.167680000000001 4.26949 4.45355 5.1003799999999995 4.536110000000001 5.47227 4.180149999999999 5.128 5.002599999999999 4.38416 2.30251 4.38654 2.79505 4.381080000000001 4.80194 4.26906 4.31475 5.544309999999999 4.19781 5.1502 4.76361 4.767440000000001 4.83307 5.06395 4.25185 4.68952 4.5473300000000005 2.36366 4.23646 2.05891 0 2.00653 4.08168 4.21356 4.18136 4.1427700000000005 4.62399 4.205830000000001 4.53374 4.18188 5.0317799999999995 2.61267 4.94897 4.1136 4.17302 4.51099 4.16325 5.28928 4.6025100000000005 4.815049999999999 4.63037 4.46286 4.7273 5.2505 5.06292 5.16086 4.64989 6.549109999999999 4.498189999999999 2.18849 4.31607 4.57779 4.69792 6.36673 4.46924 4.2248 4.774889999999999 4.3296 4.5020500000000006 4.433 5.24249 4.91103 6.25982 4.21494 4.595219999999999 2.29901 4.448869999999999 4.72205 2.59065 4.48346 4.5751 4.82465 4.3883600000000005 5.21253 4.47911 2.06709 2.25695 4.66093 4.8252299999999995 4.44317 2.62482 4.82156 4.73033 5.0451 4.34158 4.23277 4.87022 4.7825299999999995 4.37927 2.16001 
4.56545 4.5410699999999995 6.348319999999999 4.60788 4.7628 4.212149999999999 6.18668 4.57182 4.67026 2.5319 4.3090399999999995 5.664339999999999 4.8015799999999995 4.566470000000001 4.2666 2.26253 4.42185 5.21522 4.848269999999999 4.53273 5.0717 4.204330000000001 5.18247 4.80279 4.4474 4.944929999999999 4.15135 4.37019 4.43201 2.25446 2.00653 0 2.07515 4.10098 6.1878899999999994 4.3383199999999995 4.2590699999999995 2.1993 4.21768 2.17535 4.35947 4.6192 4.1168700000000005 2.10707 4.11922 5.29369 4.62097 4.895989999999999 4.72409 6.5140899999999995 4.82592 4.40208 4.76333 4.715310000000001 5.76848 4.39184 4.79978 6.62856 4.6435200000000005 2.92789 5.05547 4.027480000000001 6.11537 4.67542 2.46271 4.70183 5.76365 4.52344 2.49552 4.77159 4.60838 4.82728 4.71249 4.70704 4.92631 4.305540000000001 5.48029 5.08249 4.59718 4.40357 5.05223 5.13262 4.8636800000000004 4.3717500000000005 4.43777 4.07362 4.2634799999999995 4.53205 4.31589 2.43664 4.63135 4.56205 4.6336200000000005 4.571669999999999 4.41178 2.22624 4.54825 4.71419 5.03868 4.16654 
5.24775 4.52027 4.568759999999999 2.53273 4.15888 2.137 4.26491 5.11402 4.33049 4.607049999999999 5.01523 4.499639999999999 6.45104 4.44422 5.10033 4.33768 4.19006 6.24573 5.10713 5.1259999999999994 5.2244600000000005 4.84544 4.50394 5.12757 4.7886500000000005 6.56606 4.52648 2.34281 4.46749 4.32961 4.08168 2.07515 0 2.02583 4.27733 4.29311 4.60314 4.27445 4.22469 2.15455 4.3386700000000005 6.69435 4.7873 4.18222 5.30001 4.3548 4.55031 5.44411 5.13949 4.7942 6.500910000000001 4.46462 2.68818 4.5570900000000005 4.81898 4.37104 4.29957 5.046749999999999 6.63843 5.00304 5.10363 4.59453 5.32954 2.60027 4.53786 4.69362 6.4414 6.331989999999999 4.56179 6.43539 4.6055399999999995 5.03537 4.60013 5.22992 4.90551 5.13462 5.18004 5.24561 5.02313 5.49258 5.4665300000000006 5.12585 5.856 4.53596 5.01133 4.64248 4.86088 2.4569 4.49545 4.5117899999999995 5.88625 4.85582 4.9794599999999996 4.55087 6.478479999999999 4.30139 6.36848 6.23698 4.65775 4.1624 
4.14424 4.24605 4.4307300000000005 4.55856 4.386939999999999 4.16283 4.5735 4.31465 2.30466 4.443020000000001 5.11508 4.84324 4.42521 4.10724 4.523490000000001 2.51942 2.16423 4.2199 4.5625 4.78962 4.47982 2.81961 5.23123 4.7429 2.76282 4.66608 4.64767 4.36864 5.39226 4.556839999999999 4.21356 4.10098 2.02583 0 2.2515 4.30461 4.96671 4.91761 4.94013 4.1803799999999995 4.96622 4.7276299999999996 5.21874 4.43936 4.42411 4.60161 2.52448 4.680429999999999 4.26486 4.60938 4.9365 4.43942 4.71401 4.972200000000001 2.96094 2.9325 4.17037 4.88991 5.4558800000000005 4.66721 6.455579999999999 6.31163 4.83812 4.6261 4.4816400000000005 4.365 6.4495000000000005 4.30616 4.7947500000000005 4.40956 4.5029 5.19792 4.252750000000001 4.3551400000000005 4.21585 4.75692 4.981450000000001 4.69861 4.66627 4.9796 4.23673 4.9738299999999995 4.4818 2.51013 4.51563 5.0066299999999995 4.89882 4.48273 4.498469999999999 5.351570000000001 4.42746 5.0496099999999995 2.95363 4.157 4.45265 4.2116299999999995 4.34265 4.21115 2.87824 2.13657 
6.39574 6.29576 4.80196 4.92467 5.36619 4.41301 2.41887 4.6429100000000005 4.55616 5.19226 5.17013 5.10624 4.39009 2.32808 4.40756 4.27991 4.41573 4.982 4.09845 4.665789999999999 4.39662 4.5062999999999995 5.03948 6.93954 5.01432 4.93126 4.8952100000000005 5.05957 5.33789 4.3407599999999995 4.18136 6.1878899999999994 4.27733 2.2515 0 2.2569 4.27585 4.54404 4.50151 5.578150000000001 4.92861 5.410489999999999 6.578679999999999 4.7013 5.3363499999999995 6.17375 4.775980000000001 4.89128 5.190329999999999 2.60818 4.76251 4.86789 6.39006 4.84027 5.21244 5.08397 4.86153 2.99644 5.04736 4.62975 4.94162 5.3049800000000005 5.265890000000001 4.59498 4.60421 5.24244 5.29866 4.58566 6.53257 4.6578 4.99437 4.54435 5.3157700000000006 4.6892700000000005 4.801629999999999 2.50542 4.5658 2.8904 5.013 7.10684 4.76321 4.78479 5.15596 4.31107 2.30557 4.1328499999999995 4.723459999999999 4.95396 4.6498 6.64207 6.57893 5.164490000000001 4.93674 5.68069 4.71713 5.0961300000000005 5.41164 4.73776 5.12974 4.38807 
4.39485 5.32409 6.47848 6.43347 4.177989999999999 2.15611 4.28402 6.50806 6.5554 4.95978 4.600820000000001 4.47898 5.04591 4.25043 4.826890000000001 6.529 6.37269 4.7209 5.007899999999999 4.45993 2.13972 4.1638 6.3652 4.886089999999999 4.2768 6.40741 4.62299 4.27928 4.26141 2.08386 4.1427700000000005 4.3383199999999995 4.29311 4.30461 2.2569 0 2.01895 4.07872 6.097099999999999 5.00975 5.18803 6.6109100000000005 5.21339 4.9232700000000005 4.19797 4.37391 6.451040000000001 5.46064 4.408049999999999 4.686909999999999 4.65532 2.61099 4.81542 6.719670000000001 6.49989 5.37047 4.3186800000000005 5.25334 4.55631 4.82704 5.36142 6.36702 4.43933 5.383089999999999 4.76003 6.79875 5.10275 4.23767 6.2655899999999995 4.71789 4.77016 4.935980000000001 4.47725 2.43237 2.68083 4.28248 5.07845 5.1472999999999995 4.9481 4.88409 5.25741 4.7363800000000005 6.40772 6.40209 4.562469999999999 5.20941 2.46656 4.87054 2.87802 4.6505600000000005 4.32203 6.61093 4.76235 5.07005 4.23643 4.98518 4.48584 4.398149999999999 4.107419999999999 4.50413 
5.1935 4.6995000000000005 6.25004 4.90972 4.62327 4.17506 6.30297 4.80261 4.9751 4.59169 5.22991 4.35901 4.37514 2.31313 4.39261 4.51005 4.934950000000001 5.321149999999999 4.70874 6.35255 4.15867 4.99591 4.42502 4.50038 4.08232 4.96391 4.444000000000001 2.26033 4.38501 4.10281 4.62399 4.2590699999999995 4.60314 4.96671 4.27585 2.01895 0 2.05977 4.07815 4.71156 6.75905 5.470269999999999 4.376110000000001 6.27461 4.97041 6.392860000000001 5.149229999999999 4.375299999999999 4.71573 2.66796 4.21878 4.6299399999999995 5.66954 4.90005 5.06643 4.96563 4.23842 4.7997499999999995 4.96544 4.39747 4.369809999999999 4.34807 6.43596 4.82589 4.23827 4.967790000000001 4.546049999999999 2.21872 4.246639999999999 2.69894 4.92578 4.529400000000001 4.24724 4.45132 4.37263 4.298959999999999 5.09756 5.0988299999999995 4.874650000000001 2.86514 5.0011399999999995 4.184060000000001 4.94165 4.4544 4.29824 4.31818 2.94828 5.352259999999999 4.52447 4.69051 6.34098 4.59198 4.8390699999999995 5.08412 4.32018 4.85369 4.61755 4.37182 2.08847 4.307729999999999 
4.90842 2.65332 4.71314 4.81898 2.5635 4.58538 4.83866 4.88703 5.24306 4.6666799999999995 4.56358 4.1807300000000005 4.98091 4.3729 4.54521 4.46183 6.549320000000001 4.493650000000001 2.64897 4.4688300000000005 6.218439999999999 4.50453 2.98317 5.154999999999999 4.4886099999999995 5.15305 4.2989 2.98366 4.26923 4.45376 4.205830000000001 2.1993 4.27445 4.91761 4.54404 4.07872 2.05977 0 2.01838 4.08852 5.3297 4.56418 6.224640000000001 4.214840000000001 4.55354 5.33326 4.19176 5.0189 2.996 4.35095 6.278549999999999 4.71037 5.59775 4.17574 4.6888000000000005 4.86137 2.85184 5.0069 4.85991 5.127190000000001 4.48285 2.2883 4.376189999999999 4.92398 4.66201 5.04087 4.73038 4.27849 4.69482 4.75871 6.227739999999999 4.82713 2.51319 4.55807 4.976039999999999 5.12291 5.01771 4.12838 4.96735 4.92491 4.37639 2.93332 5.12313 4.24397 2.23847 4.65049 4.48107 5.5595300000000005 4.56713 4.63594 6.83065 4.69345 4.87177 6.48484 4.32092 4.42554 4.90327 4.59548 4.1482399999999995 4.61508 
