21
L4 L7 L8 L46 L45 L16 L36 L39 L25 L10 L5 L37 L29 L28 L43 L19 L42 L11 L35 L21 L0
0 2.08461 4.18802 6.37261 6.76425 6.76981 5.468719999999999 5.09353 4.81423 4.42947 2.09088 2.78823 4.687849999999999 4.35133 2.97948 2.75549 5.007569999999999 4.7822 7.57257 4.33451 2.00808 
2.08461 0 2.10341 4.288 4.679639999999999 4.77306 4.45917 5.28915 4.58933 2.34486 4.17549 4.84545 4.87621 4.60558 5.0280000000000005 4.8401 5.23221 4.9778199999999995 6.639429999999999 2.2499 2.26233 
4.18802 2.10341 0 2.18459 4.22543 4.49268 2.35576 4.36074 4.4849 4.44827 5.790789999999999 2.74204 5.5496099999999995 6.70899 6.81574 5.068989999999999 4.78434 4.58789 5.07085 4.2903 4.36574 
6.37261 4.288 2.18459 0 2.04084 4.15847 4.54035 6.54533 5.25544 5.38034 5.180949999999999 4.926629999999999 5.34121 6.77764 4.63115 6.644019999999999 5.08802 2.4033 6.367179999999999 2.10571 4.8806899999999995 
6.764249999999999 4.679639999999999 4.22543 2.04084 0 2.11763 4.25455 5.20293 4.68485 5.83856 5.05855 4.56407 5.79943 6.58546 4.43897 4.971019999999999 5.41205 2.86152 4.32634 2.42974 6.87936 
6.76981 4.77306 4.49268 4.15847 2.11763 0 2.13692 4.1419 2.56722 4.8116900000000005 5.58225 4.85523 6.67596 4.73401 4.410550000000001 4.850149999999999 4.5655 4.33706 4.51895 4.54737 4.76173 
5.468719999999999 4.45917 2.35576 4.54035 4.25455 2.13692 0 2.00498 2.12914 4.37361 6.5175600000000005 2.71831 5.52588 6.56138 4.7261 2.71323 2.42858 4.30789 2.71509 2.96305 4.93529 
5.09353 5.28915 4.36074 6.54533 5.20293 4.1419 2.00498 0 2.72706 4.97153 7.11548 4.72329 7.5308600000000006 7.1593 5.32524 4.71821 4.43356 4.97414 4.72007 4.968030000000001 5.53321 
4.81423 4.58933 4.4849 5.25544 4.68485 2.56722 2.12914 2.72706 0 2.24447 4.38842 4.84745 4.89555 4.43224 2.59818 4.6110500000000005 2.72002 4.82603 4.84423 5.09219 2.80615 
4.42947 2.34486 4.44827 5.38034 5.83856 4.8116900000000005 4.37361 4.97153 2.24447 0 2.56547 2.677 2.65108 4.69625 4.842650000000001 6.85552 4.96449 2.97704 7.074590000000001 4.59476 4.60719 
2.09088 4.17549 5.790789999999999 5.180949999999999 5.05855 5.58225 6.51756 7.11548 4.38842 2.56547 0 4.74835 4.84695 6.442209999999999 4.740970000000001 4.84637 7.09845 5.2731200000000005 6.9667200000000005 6.42539 4.09896 
2.78823 4.84545 2.74204 4.926629999999999 4.56407 4.85523 2.71831 4.72329 4.84745 2.677 4.74835 0 2.80757 4.852740000000001 4.177580000000001 5.43154 5.14689 4.963850000000001 5.0387 5.68136 4.79631 
4.687849999999999 4.87621 5.5496099999999995 5.34121 5.79943 6.67596 5.52588 7.5308600000000006 4.89555 2.65108 4.84695 2.80757 0 2.04517 4.191660000000001 6.20453 6.510069999999999 2.93791 4.59945 4.87718 4.38842 
4.35133 4.60558 6.70899 6.77764 6.58546 4.73401 6.56138 7.1593 4.43224 4.69625 6.442209999999999 4.852740000000001 2.04517 0 2.14649 4.1593599999999995 4.92366 4.37434 6.64462 4.86198 2.34325 
2.97948 5.0280000000000005 6.81574 4.63115 4.43897 4.410550000000001 4.7261 5.32524 2.59818 4.842650000000001 4.740970000000001 4.177580000000001 4.191660000000001 2.14649 0 2.01287 2.77717 2.22785 4.63312 5.19959 2.85871 
2.75549 4.8401 5.068989999999999 6.644019999999999 4.971019999999999 4.850149999999999 2.71323 4.71821 4.6110500000000005 6.85552 4.84637 5.43154 6.20453 4.1593599999999995 2.01287 0 2.25208 4.24072 4.81708 4.77811 4.76357 
5.007569999999999 5.23221 4.78434 5.08802 5.41205 4.5655 2.42858 4.43356 2.72002 4.96449 7.09845 5.14689 6.510070000000001 4.92366 2.77717 2.25208 0 5.00502 5.14367 2.98231 5.5261700000000005 
4.7822 4.9778199999999995 4.58789 2.4033 2.86152 4.33706 4.30789 4.97414 4.82603 2.97704 5.2731200000000005 4.963850000000001 2.93791 4.37434 2.22785 4.24072 5.00502 0 4.09755 4.50901 5.003159999999999 
7.57257 6.639429999999999 5.07085 6.36718 4.32634 4.51895 2.71509 4.72007 4.84423 7.074590000000001 6.9667200000000005 5.0387 4.59945 6.64462 4.63312 4.81708 5.14367 4.09755 0 4.38953 7.49183 
4.33451 2.2499 4.2903 2.10571 2.42974 4.54737 2.96305 4.968030000000001 5.09219 4.59476 6.42539 5.68136 4.87718 4.86198 5.19959 4.77811 2.98231 4.50901 4.38953 0 4.51223 
2.00808 2.26233 4.36574 4.8806899999999995 6.87936 4.76173 4.93529 5.53321 2.80615 4.60719 4.09896 4.79631 4.38842 2.34325 2.85871 4.76357 5.5261700000000005 5.003159999999999 7.49183 4.51223 0 
