38
point50 point48 point44 point45 point42 point47 point55 point61 point60 point58 point27 point26 point28 point25 point24 point53 point84 point85 point92 point75 point77 point76 point56 point90 point65 point64 point70 point68 point72 point9 point5 point4 point8 point22 point14 point7 point49 point0
0 1.41421 3.6502799999999995 4.6502799999999995 5.064489999999999 8.67004 9.05539 9.02998 11.26605 13.0 14.867830000000001 14.21267 16.21267 15.54978 15.78585 15.05539 14.83062 14.466929999999998 18.97367 12.56147 11.26307 11.80723 14.008759999999999 15.83642 13.60147 13.4558 17.02939 13.45362 17.696260000000002 15.6205 18.44893 16.28028 13.60147 16.01654 14.05539 13.89244 1.41421 3.6502799999999995 
1.41421 0 2.23607 3.23607 3.6502799999999995 7.25583 10.4696 10.21954 12.45561 14.03567 15.14214 14.14214 16.142139999999998 16.44874 17.20006 16.27447 14.76482 15.881139999999998 20.38788 13.97568 12.67728 13.221439999999998 12.594549999999998 17.25063 13.4558 12.04159 16.97057 14.867830000000001 17.74769 16.18024 17.40175 14.86607 15.015680000000001 14.60233 13.650279999999999 12.52996 2.82842 5.064489999999999 
3.6502799999999995 2.23607 0 1.0 1.41421 5.01976 11.18034 11.77033 14.0064 15.86935 14.62077 13.62077 15.62077 14.21267 16.85684 14.0384 17.00089 18.11721 20.84943 14.56804 12.18034 11.04988 10.35848 18.20465 15.69187 14.27766 19.20664 17.1039 19.98376 13.944170000000002 16.7726 12.72792 16.97056 16.8384 11.41421 11.41421 5.064489999999999 7.300559999999999 
4.6502799999999995 3.23607 1.0 0 2.4142099999999997 6.01976 12.18034 12.77033 15.0064 16.86935 15.62077 14.62077 16.62077 15.21267 17.85684 13.0384 18.00089 19.11721 21.84943 15.56804 11.18034 10.04988 11.35848 17.20465 14.86607 15.27766 20.20664 16.83531 20.98376 14.94417 17.7726 13.72792 17.97056 17.8384 12.41421 12.41421 6.064489999999999 8.300559999999999 
5.064489999999999 3.6502799999999995 1.41421 2.4142099999999997 0 3.60555 10.44031 10.81665 13.052719999999999 15.543220000000002 13.20656 12.20656 14.20656 12.80625 15.44263 15.45261 16.4118 16.80736 20.632920000000002 13.15383 13.594549999999998 12.39959 8.94427 18.19727 17.10608 15.691869999999998 20.27882 18.38478 21.39797 12.52996 15.35839 14.14213 15.556349999999998 16.08276 10.0 10.0 6.478699999999999 5.99071 
8.67004 7.25583 5.01976 6.01976 3.60555 0 7.07107 7.2111 9.44717 12.596260000000001 12.04159 13.04159 12.72792 13.4558 14.27766 13.071069999999999 12.80625 14.220460000000001 19.88901 11.08276 17.2001 16.00514 12.54982 16.72728 16.40122 17.81543 19.84943 16.27882 20.521459999999998 16.13551 18.96394 17.05472 19.0 18.48451 12.40175 13.605550000000001 10.08425 9.596260000000001 
9.05539 10.4696 11.18034 12.18034 10.44031 7.07107 0 3.16228 5.39835 7.33509 11.0 10.0 12.0 11.851759999999999 11.40849 6.0 7.61577 8.24621 14.698530000000002 17.37495 17.5226 16.297060000000002 19.38458 12.67846 22.02974 20.61553 25.07278 21.508210000000002 25.75085 22.97027 21.9545 22.8297 20.79018 17.3016 16.40122 19.96509 10.4696 11.224540000000001 
9.02998 10.21954 11.77033 12.77033 10.81665 7.2111 3.16228 0 2.23607 5.38516 13.16553 13.162279999999999 14.27766 14.579740000000001 14.207640000000001 9.162279999999999 10.77805 11.40849 17.42675 14.76603 17.46463 18.18693 19.76092 9.516179999999999 19.92486 19.724159999999998 22.84732 19.724159999999998 23.25941 23.34661 22.80351 23.89459 21.343690000000002 20.100749999999998 18.35756 20.81665 7.61577 9.85184 
11.26605 12.45561 14.0064 15.0064 13.05272 9.44717 5.39835 2.23607 0 7.62123 15.04159 14.04159 12.04159 16.4558 16.44371 11.39835 13.01412 13.644559999999998 19.66282 12.52996 19.297790000000003 20.423 21.99699 11.752249999999998 22.16093 20.88061 25.08339 21.54066 25.49548 24.59675 25.03958 26.13066 21.63331 22.33682 20.593629999999997 21.40093 9.85184 8.0 
13.0 14.03567 15.86935 16.86935 15.543220000000002 12.596260000000001 7.33509 5.38516 7.62123 0 11.40175 12.40175 14.40175 12.81596 13.63782 13.335090000000001 14.95086 15.581299999999999 12.04159 20.15119 17.88854 14.76482 23.58209 14.90134 25.310019999999998 25.109319999999997 28.23248 24.79784 28.644569999999998 27.83131 27.295090000000002 26.8573 23.708199999999998 17.0 19.79899 23.32381 12.04159 14.27766 
14.867830000000001 15.14214 14.62077 15.62077 13.20656 12.04159 11.0 13.16553 15.04159 11.40175 0 1.0 3.0 1.41421 2.23607 8.615770000000001 18.61577 18.274929999999998 23.08679 22.88512 23.302480000000003 20.59126 12.18034 22.02272 28.442809999999998 27.183729999999997 31.82843 28.28427 32.52691 22.02272 20.0263 21.41421 18.0 14.075149999999999 11.44031 17.02939 13.45362 15.68969 
14.21267 14.14214 13.62077 14.62077 12.20656 13.04159 10.0 13.162279999999999 14.04159 12.40175 1.0 0 2.0 2.4142099999999997 3.23607 7.61577 17.61577 18.246209999999998 24.08679 23.63331 22.72578 21.07983 11.18034 22.36068 27.597939999999998 26.183729999999997 31.11271 27.66629 31.88983 21.0238 19.0263 22.123549999999998 17.0 15.075149999999999 10.44031 16.29061 14.45362 16.68969 
16.21267 16.142139999999998 15.62077 16.62077 14.20656 12.72792 12.0 14.27766 12.04159 14.40175 3.0 2.0 0 4.41421 5.23607 9.615770000000001 17.02939 18.4436 23.852230000000002 21.63331 24.016370000000002 22.79083 13.18034 22.09072 29.12914 28.183729999999997 32.55764 29.00674 33.24938 23.02173 21.0263 22.02272 19.0 13.527529999999999 12.36932 18.25141 16.45362 15.0 
15.54978 16.44874 14.21267 15.21267 12.80625 13.4558 11.851759999999999 14.579740000000001 16.4558 12.81596 1.41421 2.4142099999999997 4.41421 0 3.6502799999999995 10.02998 19.41694 19.4957 24.501 21.47091 23.32381 22.00547 13.594549999999998 23.43693 28.36439 28.454810000000002 31.88982 28.321460000000002 32.5641 21.385060000000003 19.41758 20.0 19.36914 12.66094 10.19804 17.2808 14.867830000000001 15.0384 
15.78585 17.20006 16.85684 17.85684 15.44263 14.27766 11.40849 14.207640000000001 16.443710000000003 13.63782 2.23607 3.23607 5.23607 3.6502799999999995 0 10.23335 18.97367 19.6547 25.32286 23.87518 22.88536 22.827329999999996 14.416409999999999 23.723820000000003 27.92112 28.69088 31.148030000000002 27.65863 31.901269999999997 20.82843 18.0 19.604889999999997 18.925869999999996 12.217669999999998 13.31883 18.29561 15.68969 15.274469999999999 
15.05539 16.27447 14.0384 13.0384 15.45261 13.071069999999999 6.0 9.162279999999999 11.398349999999999 13.335090000000001 8.615770000000001 7.61577 9.615770000000001 10.029980000000002 10.23335 0 13.615770000000001 14.24621 17.03122 23.37495 21.5226 20.297060000000002 18.79611 18.67846 26.54066 26.61553 29.20653 25.60098 29.84362 24.73863 24.86678 24.41752 21.26842 14.56022 16.81139 21.89415 16.4696 17.22454 
14.83062 14.76482 17.00089 18.00089 16.4118 12.80625 7.61577 10.77805 13.01412 14.950859999999999 18.61577 17.61577 17.02939 19.41694 18.97367 13.615770000000001 0 1.41421 7.08276 15.81139 16.25466 19.41694 15.854759999999999 19.68186 23.08679 23.5398 25.745260000000002 22.2036 25.80206 28.941760000000002 29.57027 29.311619999999998 27.07054 24.86678 24.01699 26.4118 13.416409999999999 11.18034 
14.46693 15.88114 18.11721 19.11721 16.80736 14.220460000000001 8.24621 11.40849 13.64456 15.581299999999999 18.274929999999998 18.246209999999998 18.4436 19.4957 19.6547 14.24621 1.41421 0 8.496970000000001 17.2256 16.96587 18.09902 14.440549999999998 18.88566 22.63185 22.74786 24.33105 21.43919 24.5153 29.33732 29.582160000000002 29.331539999999997 26.1725 25.54781 24.18677 26.65419 13.052719999999999 10.81665 
18.97367 20.38788 20.84943 21.84943 20.632920000000002 19.88901 14.698530000000002 17.42675 19.662819999999996 12.04159 23.08679 24.08679 23.852230000000002 24.501 25.32286 17.03122 7.08276 8.496970000000001 0 14.0 15.52417 18.68645 22.93752 21.22092 23.35932 22.66373 26.00322 22.66373 25.31848 33.16288 32.55764 33.42499 30.53241 29.04159 29.984830000000002 30.632920000000002 20.38788 18.2631 
12.56147 13.97568 14.56804 15.56804 13.15383 11.08276 17.37495 14.76603 12.52996 20.15119 22.88512 23.63331 21.63331 21.47091 23.87518 23.37495 15.81139 17.2256 14.0 0 6.76783 9.930109999999999 19.574080000000002 12.217669999999998 10.04988 11.46409 13.08202 9.47647 13.71911 20.34602 21.0238 21.51984 20.40175 21.99071 22.50574 21.45163 13.97568 13.487680000000001 
11.26307 12.677280000000001 12.18034 11.18034 13.59455 17.2001 17.5226 17.46463 19.29779 17.88854 23.302480000000003 22.72578 24.016370000000002 23.32381 22.88536 21.5226 16.25466 16.965870000000002 15.52417 6.76783 0 3.16228 12.80625 12.36932 8.0 9.41421 11.01976 7.41421 10.77033 24.419629999999998 22.96788 24.90826 23.52462 18.29503 22.09072 23.45033 9.84886 12.08493 
11.807229999999999 13.22144 11.04988 10.04988 12.39959 16.00514 16.297060000000002 18.18693 20.423000000000002 14.76482 20.59126 21.07983 22.79083 22.00547 22.827329999999996 20.297060000000002 19.41694 18.09902 18.68645 9.930109999999999 3.16228 0 9.89949 15.531600000000001 11.162279999999999 12.57649 13.60147 10.57649 13.92839 21.69983 21.74234 23.7778 21.84095 15.13275 21.02498 22.39959 13.011140000000001 12.733439999999998 
14.00876 12.59455 10.35848 11.35848 8.94427 12.54982 19.38458 19.76092 21.996989999999997 23.58209 12.18034 11.18034 13.18034 13.59455 14.416409999999999 18.79611 15.854759999999999 14.440549999999998 22.93752 19.57408 12.80625 9.89949 0 11.18034 20.80625 22.22046 22.84093 19.23538 23.47802 21.47423 24.30266 21.63331 24.13275 22.3471 16.26434 18.94427 15.422970000000001 14.93498 
15.83642 17.25063 18.20465 17.20465 18.19727 16.72728 12.678459999999998 9.516179999999999 11.752249999999998 14.901339999999998 22.02272 22.36068 22.09072 23.43693 23.72382 18.678459999999998 19.68186 18.88566 21.22092 12.217669999999998 12.36932 15.531600000000001 11.18034 0 20.27993 19.94427 23.0461 19.783530000000003 22.20834 29.69848 30.13041 30.70103 28.096759999999996 27.88382 27.444679999999998 28.02368 14.42221 12.20656 
13.60147 13.4558 15.69187 14.86607 17.10608 16.40122 22.02974 19.92486 22.16093 25.310019999999998 28.442809999999998 27.59794 29.12914 28.36439 27.92112 26.54066 23.08679 22.63185 23.35932 10.04988 8.0 11.162279999999999 20.80625 20.27993 0 1.41421 7.6502799999999995 11.25583 14.08426 18.36871 20.34684 20.0 19.63375 18.35756 24.26527 20.39608 15.015680000000001 14.830620000000001 
13.4558 12.04159 14.27766 15.27766 15.69187 17.81543 20.61553 19.724159999999998 20.88061 25.109319999999997 27.183729999999997 26.183729999999997 28.183729999999997 28.454810000000002 28.69088 26.61553 23.5398 22.747860000000003 22.66373 11.46409 9.41421 12.57649 22.220460000000003 19.94427 1.41421 0 9.06449 12.67004 15.498470000000001 18.163809999999998 19.0 19.65985 18.219540000000002 17.0 23.08276 19.26942 14.87001 13.41641 
17.02939 16.97057 19.20664 20.20664 20.27882 19.84943 25.07278 22.84732 25.08339 28.23248 31.82843 31.11271 32.55764 31.88982 31.148030000000002 29.20653 25.745260000000002 24.33105 26.00322 13.08202 11.01976 13.60147 22.84093 23.0461 7.6502799999999995 9.06449 0 3.60555 6.43398 21.54685 23.23538 23.08679 22.68154 21.9545 27.73085 24.28006 18.4436 19.87204 
13.45362 14.867830000000001 17.103900000000003 16.83531 18.38478 16.27882 21.508210000000002 19.724159999999998 21.54066 24.79784 28.28427 27.66629 29.00674 28.321460000000002 27.65863 25.60098 22.2036 21.43919 22.66373 9.47647 7.41421 10.57649 19.23538 19.78353 11.25583 12.67004 3.60555 0 4.24264 20.124609999999997 21.0 21.0238 20.18034 18.87846 24.76973 21.23022 14.867830000000001 17.103900000000003 
17.696260000000002 17.74769 19.983759999999997 20.983759999999997 21.397969999999997 20.521459999999998 25.75085 23.25941 25.49548 28.644569999999998 32.52691 31.889829999999996 33.249379999999995 32.5641 31.901269999999997 29.843619999999998 25.80206 24.5153 25.31848 13.71911 10.77033 13.92839 23.47802 22.20834 14.08426 15.498470000000001 6.43398 4.24264 0 22.02272 24.18677 24.08319 23.86607 22.82542 28.73085 24.915950000000002 19.110470000000003 20.71729 
15.6205 16.18024 13.944170000000002 14.944170000000002 12.52996 16.13551 22.97027 23.34661 24.59675 27.83131 22.02272 21.0238 23.02173 21.385060000000003 20.82843 24.73863 28.941760000000002 29.33732 33.16288 20.34602 24.419629999999998 21.69983 21.47423 29.69848 18.36871 18.163809999999998 21.546850000000003 20.124609999999997 22.02272 0 2.82843 4.23607 4.12311 10.831309999999998 12.04797 5.38516 17.03471 18.52067 
18.44893 17.40175 16.7726 17.7726 15.35839 18.96394 21.9545 22.80351 25.03958 27.295090000000002 20.0263 19.0263 21.0263 19.41758 18.0 24.86678 29.57027 29.582160000000002 32.55764 21.0238 22.96788 21.74234 24.30266 30.13041 20.34684 19.0 23.23538 21.0 24.18677 2.82843 0 5.0 6.95154 13.65974 9.21954 8.21359 19.40175 21.3491 
16.28028 14.86607 12.72792 13.72792 14.14213 17.05472 22.8297 23.89459 26.13066 26.8573 21.41421 22.12355 22.02272 20.0 19.604889999999997 24.417519999999996 29.311619999999998 29.33154 33.42499 21.51984 24.90826 23.7778 21.63331 30.70103 20.0 19.65985 23.08679 21.0238 24.08319 4.23607 5.0 0 7.09902 9.857299999999999 11.68324 9.62123 16.27882 18.51489 
13.60147 15.015680000000001 16.97056 17.97056 15.556349999999998 19.0 20.79018 21.34369 21.63331 23.708199999999998 18.0 17.0 19.0 19.369139999999998 18.92587 21.26842 27.07054 26.1725 30.53241 20.40175 23.52462 21.84095 24.13275 28.09676 19.633750000000003 18.219540000000002 22.68154 20.18034 23.86607 4.12311 6.95154 7.09902 0 6.7082 12.79096 9.50827 15.015680000000001 15.8902 
16.01654 14.60233 16.8384 17.8384 16.08276 18.48451 17.3016 20.100749999999998 22.336819999999996 17.0 14.07515 15.07515 13.527529999999999 12.66094 12.217669999999998 14.56022 24.86678 25.54781 29.04159 21.99071 18.29503 15.13275 22.3471 27.88382 18.35756 17.0 21.9545 18.87846 22.82542 10.831309999999998 13.65974 9.857299999999999 6.7082 0 6.08276 13.16552 16.602330000000002 18.8384 
14.05539 13.65028 11.41421 12.41421 10.0 12.40175 16.40122 18.35756 20.593629999999997 19.79899 11.44031 10.44031 12.36932 10.19804 13.31883 16.81139 24.01699 24.18677 29.984830000000002 22.50574 22.09072 21.02498 16.26434 27.444679999999998 24.26527 23.08276 27.73085 24.76973 28.73085 12.04797 9.21954 11.68324 12.79096 6.08276 0 7.08276 14.87639 15.34262 
13.89244 12.52996 11.41421 12.41421 10.0 13.605550000000001 19.96509 20.816650000000003 21.40093 23.32381 17.02939 16.29061 18.25141 17.2808 18.29561 21.89415 26.4118 26.65419 30.632920000000002 21.45163 23.45033 22.39959 18.94427 28.02368 20.39608 19.26942 24.280060000000002 21.23022 24.915950000000002 5.38516 8.21359 9.62123 9.50827 13.16552 7.08276 0 13.60147 15.83754 
1.41421 2.82842 5.064489999999999 6.064489999999999 6.478699999999999 10.084249999999999 10.4696 7.61577 9.85184 12.04159 13.45362 14.45362 16.45362 14.867830000000001 15.68969 16.4696 13.416409999999999 13.052719999999999 20.38788 13.97568 9.84886 13.011140000000001 15.42297 14.42221 15.015680000000001 14.870009999999999 18.4436 14.867830000000001 19.11047 17.03471 19.40175 16.27882 15.015680000000001 16.602330000000002 14.87639 13.60147 0 2.23607 
3.6502799999999995 5.064489999999999 7.300559999999999 8.300559999999999 5.99071 9.596260000000001 11.224540000000001 9.85184 8.0 14.27766 15.68969 16.68969 15.0 15.0384 15.274469999999999 17.22454 11.18034 10.81665 18.2631 13.487680000000001 12.08493 12.73344 14.93498 12.20656 14.830620000000001 13.41641 19.87204 17.1039 20.71729 18.520670000000003 21.349100000000004 18.51489 15.8902 18.8384 15.34262 15.83754 2.23607 0 
