20
point23 point7 point1 point4 point5 point3 point16 point41 point37 point43 point42 point47 point46 point35 point30 point29 point25 point19 point6 point0
0 5.83095 11.6619 7.07107 11.48111 12.48111 9.152989999999999 12.23335 10.23335 11.43076 8.48528 9.48683 14.38682 13.50505 9.8995 10.29833 7.2111 13.6412 11.28011 2.82843 
5.83095 0 5.83095 10.92997 16.166040000000002 17.166040000000002 12.15551 12.29563 14.29563 14.14214 14.31623 15.317779999999999 13.89244 12.04159 10.19804 9.05539 13.04205 19.47215 14.83095 5.83095 
11.6619 5.83095 0 5.09902 10.33509 11.33509 17.41785 16.97056 15.6205 19.86314 20.09264 20.60141 19.284570000000002 16.94721 13.34166 14.75587 10.92997 18.95086 9.0 11.31371 
7.07107 10.92997 5.09902 0 5.23607 6.23607 12.31883 14.21954 12.21954 16.45362 15.556349999999998 16.5579 17.219540000000002 17.82509 14.21954 14.27766 12.335090000000001 13.85184 5.38516 9.8995 
11.481110000000001 16.166040000000002 10.335090000000001 5.23607 0 1.0 7.08276 13.31371 11.31371 15.55635 15.78585 17.2818 16.31371 15.019760000000002 11.41421 10.0 13.571159999999999 8.615770000000001 10.62123 13.40732 
12.481110000000001 17.166040000000002 11.335090000000001 6.23607 1.0 0 6.08276 14.04159 12.04159 16.28423 16.51373 18.2818 17.04159 15.64714 12.04159 11.0 14.571159999999999 7.61577 11.62123 12.40732 
9.152989999999999 12.15551 17.41785 12.31883 7.08276 6.08276 0 10.19804 12.19804 12.08305 14.19804 18.44068 13.19804 13.60147 13.39563 14.809840000000001 16.364089999999997 13.698530000000002 17.70399 6.32456 
12.233349999999998 12.29563 16.97056 14.21954 13.31371 14.04159 10.19804 0 2.0 6.24264 4.0 8.24264 3.0 7.0 9.41421 8.0 11.688310000000001 16.0915 16.302300000000002 10.88566 
10.23335 14.29563 15.6205 12.21954 11.31371 12.04159 12.19804 2.0 0 4.24264 4.47214 8.71478 5.0 9.0 11.41421 10.0 11.688310000000001 14.0915 14.41641 12.84497 
11.43076 14.14214 19.86314 16.45362 15.55635 16.28423 12.08305 6.24264 4.24264 0 8.71478 12.957419999999999 9.24264 9.21954 12.82509 11.71254 13.08202 9.84886 18.65905 8.60233 
8.48528 14.31623 20.09264 15.556349999999998 15.78585 16.51373 14.19804 4.0 4.47214 8.71478 0 4.24264 7.0 11.0 13.0384 12.0 13.655429999999999 17.29504 18.41421 9.02998 
9.48683 15.317779999999999 20.60141 16.5579 17.2818 18.2818 18.44068 8.24264 8.71478 12.957419999999999 4.24264 0 11.24264 15.24264 13.71254 12.29833 13.66781 20.357889999999998 18.2818 12.315259999999999 
14.38682 13.89244 19.284570000000002 17.219540000000002 16.31371 17.04159 13.19804 3.0 5.0 9.24264 7.0 11.24264 0 6.0 9.605550000000001 8.56063 9.930109999999999 16.62019 16.97056 13.88566 
13.50505 12.04159 16.94721 17.82509 15.01976 15.64714 13.60147 7.0 9.0 9.21954 11.0 15.24264 6.0 0 3.60555 5.01976 10.86138 12.08305 13.52996 10.67662 
9.8995 10.19804 13.34166 14.21954 11.41421 12.04159 13.39563 9.41421 11.41421 12.82509 13.0384 13.71254 9.605550000000001 3.60555 0 1.41421 7.25583 13.945909999999998 15.86982 7.07107 
10.29833 9.05539 14.75587 14.27766 10.0 11.0 14.80984 8.0 10.0 11.71254 12.0 12.29833 8.56063 5.01976 1.41421 0 5.84162 12.531699999999999 14.45561 8.48528 
7.2111 13.04205 10.92997 12.335090000000001 13.57116 14.57116 16.364089999999997 11.688310000000001 11.688310000000001 13.08202 13.655429999999999 13.66781 9.930109999999999 10.86138 7.25583 5.84162 0 9.21954 15.82509 10.03953 
13.6412 19.47215 18.950860000000002 13.851840000000001 8.615770000000001 7.61577 13.698530000000002 16.0915 14.0915 9.84886 17.29504 20.357889999999998 16.62019 12.08305 13.94591 12.531699999999999 9.21954 0 12.0 16.461100000000002 
11.28011 14.83095 9.0 5.38516 10.621229999999999 11.621229999999999 17.703989999999997 16.302300000000002 14.41641 18.65905 18.41421 18.2818 16.97056 13.52996 15.86982 14.45561 15.82509 12.0 0 14.108540000000001 
2.82843 5.83095 11.31371 9.8995 13.40732 12.40732 6.32456 10.88566 12.84497 8.60233 9.02998 12.315259999999999 13.88566 10.67662 7.07107 8.48528 10.03953 16.461100000000002 14.10854 0 
