44
x79 x3 x55 x99 x1 x12 x21 x89 x31 x88 x87 x90 x23 x40 x7 x32 x13 x59 x49 x26 x95 x91 x37 x28 x66 x94 x2 x52 x44 x58 x68 x71 x18 x0 x8 x5 x46 x96 x43 x81 x48 x85 x4 x61
0 0.04907 0.13659 0.11766 0.22372999999999998 0.32043 0.40147 0.38049 0.5861999999999999 0.63481 0.19767 0.16947 0.15199 0.42267999999999994 0.43423 0.48225 0.13156 0.14056000000000002 0.15458 0.27171999999999996 0.5011099999999999 0.45399 0.40115 0.44749 0.30106999999999995 0.27924 0.35550000000000004 0.35706 0.06696 0.15 0.40147 0.38114 0.3807 0.3227 0.4689 0.41298 0.34558 0.46018 0.29886999999999997 0.33277999999999996 0.25972 0.02803 0.22334 0.1586 
0.04907 0 0.08752 0.16673 0.17465999999999998 0.27136 0.38719000000000003 0.33142 0.53713 0.60552 0.21375999999999998 0.21854 0.20106 0.47175 0.4833 0.53132 0.18063 0.17163 0.10551 0.22265 0.45204 0.40492 0.35406 0.44515 0.252 0.23016999999999999 0.30643 0.30799 0.11603 0.14498999999999998 0.39646 0.33207 0.37568999999999997 0.27363 0.5064299999999999 0.46204999999999996 0.34324 0.41111 0.2498 0.28371 0.27379 0.0771 0.27241000000000004 0.20767 
0.13659 0.08752 0 0.10005 0.2602 0.3569 0.3714 0.37462 0.59702 0.69304 0.29732 0.30606 0.28857999999999995 0.55729 0.57082 0.6188400000000001 0.26815 0.25915 0.19303 0.31017 0.51127 0.49244 0.44158 0.47016 0.16448 0.14265 0.21891 0.25243 0.20355 0.23251 0.41457999999999995 0.41958999999999996 0.46320999999999996 0.36114999999999997 0.5347999999999999 0.49618 0.42878 0.32359 0.33732 0.37123 0.18627 0.16462 0.32299 0.29518999999999995 
0.11766 0.16673 0.10005 0 0.18719 0.25685 0.39972 0.35922 0.54966 0.6286400000000001 0.22431 0.23107 0.26965 0.48428 0.55189 0.54385 0.19316 0.20216 0.26828 0.38937999999999995 0.46457 0.41745 0.36461 0.53609 0.26453 0.24269999999999997 0.31896 0.32052 0.12856 0.2116 0.46307 0.49879999999999997 0.44229999999999997 0.44036 0.51698 0.47458 0.40718 0.42364 0.23727 0.27118000000000003 0.28631999999999996 0.08963 0.24998 0.2202 
0.22372999999999998 0.17465999999999998 0.2602 0.18719 0 0.21661 0.37007 0.27865 0.46009 0.5884 0.38644 0.3932 0.37571999999999994 0.3948 0.65272 0.70598 0.35529 0.34629 0.28017 0.39730999999999994 0.38271 0.33559 0.38843 0.45423 0.42467999999999995 0.37089 0.47911000000000004 0.48067000000000004 0.29069 0.31767 0.56914 0.50051 0.54837 0.44631 0.53347 0.5833200000000001 0.51592 0.53165 0.42445999999999995 0.45836999999999994 0.32727 0.25176 0.43717 0.38232999999999995 
0.32043 0.27136 0.3569 0.25685 0.21661 0 0.29494 0.37011999999999995 0.3034 0.37179 0.38849 0.39525 0.45110999999999996 0.37224 0.49180999999999997 0.57865 0.45001 0.44299 0.37687 0.35944 0.53511 0.54643 0.49359 0.6650699999999999 0.37976 0.32597 0.52143 0.52299 0.29274 0.41437 0.62986 0.40242 0.60033 0.54301 0.60829 0.45548 0.38808 0.68049 0.49412 0.52803 0.36959 0.34648 0.41416 0.2011 
0.40147 0.38719 0.3714 0.39972 0.37007 0.29494 0 0.09142 0.28186 0.64057 0.42806999999999995 0.39986999999999995 0.38294999999999996 0.40162 0.51018 0.59702 0.53303 0.52403 0.49269999999999997 0.38882 0.24017 0.28729 0.34013 0.40593 0.35822 0.22875 0.42421 0.42577 0.33451 0.46846 0.53264 0.50119 0.479 0.55026 0.34624 0.42719999999999997 0.5838399999999999 0.62231 0.54052 0.57443 0.27237 0.4295 0.346 0.24287 
0.38049 0.33142 0.37462 0.35922 0.27865 0.37012 0.09142 0 0.24136000000000002 0.60007 0.43145 0.40325 0.34479 0.3102 0.5538500000000001 0.51735 0.51205 0.50305 0.43693 0.2974 0.33159 0.37871 0.43155 0.49545000000000006 0.31772 0.26393 0.45938999999999997 0.46094999999999997 0.42593 0.37704 0.56782 0.46069 0.5704199999999999 0.5104 0.25482 0.51752 0.67416 0.64108 0.50002 0.53393 0.30755 0.40852 0.38117999999999996 0.33429 
0.5861999999999999 0.53713 0.59702 0.54966 0.46009 0.3034 0.28186 0.24136000000000002 0 0.35871 0.58091 0.55271 0.53523 0.55156 0.72298 0.5571 0.71776 0.70876 0.64264 0.53876 0.52203 0.56915 0.62199 0.68589 0.50816 0.45437 0.6498299999999999 0.65139 0.5961399999999999 0.6184000000000001 0.71059 0.65113 0.76086 0.75176 0.49618 0.70906 0.64166 0.84793 0.67959 0.7135 0.49799 0.6142299999999999 0.57162 0.5045 
0.63481 0.60552 0.69304 0.6286400000000001 0.5884 0.37179 0.64057 0.60007 0.35871 0 0.49354 0.52174 0.55616 0.56903 0.85819 0.91581 0.6367 0.6277 0.69382 0.73123 0.83589 0.88301 0.86538 0.8846 0.7068700000000001 0.65308 0.71822 0.8501 0.56785 0.72875 0.95697 0.71952 0.8255300000000001 0.7234700000000001 0.78621 0.82727 0.75987 0.73566 0.8298 0.79589 0.6967 0.66284 0.51921 0.57289 
0.19767 0.21375999999999998 0.29732 0.22431 0.38644 0.38849 0.42807 0.43145 0.58091 0.49354 0 0.0282 0.1918 0.28141 0.57057 0.52968 0.29427 0.30327 0.25411 0.37125 0.58276 0.61868 0.56584 0.5554399999999999 0.38719000000000003 0.33340000000000003 0.51623 0.49546 0.13071 0.29161 0.54308 0.45496000000000003 0.46116999999999997 0.47657 0.29267 0.47673 0.40932999999999997 0.51134 0.33626 0.30235 0.37702 0.19074 0.08207 0.22235 
0.16947 0.21854 0.30606 0.23107 0.3932 0.39525 0.39987 0.40325 0.55271 0.52174 0.0282 0 0.1636 0.30961 0.54247 0.50148 0.30103 0.29203 0.22591 0.34305 0.5545599999999999 0.60168 0.57062 0.5367200000000001 0.35899000000000003 0.3052 0.50066 0.50222 0.10251 0.26341 0.51488 0.42676000000000003 0.43296999999999997 0.44837 0.29943 0.44853 0.38112999999999997 0.5181 0.30806 0.27415 0.34882 0.1975 0.05387 0.19415 
0.15199 0.20106 0.28857999999999995 0.26965 0.37571999999999994 0.45110999999999996 0.38295 0.34479 0.53523 0.55616 0.1918 0.1636 0 0.27069 0.5598500000000001 0.484 0.28354999999999997 0.29255 0.30657 0.32557 0.53426 0.58138 0.55314 0.46556 0.34151 0.28772 0.36754 0.48473999999999995 0.15837 0.30199 0.4974 0.48262 0.41605 0.43145 0.46302999999999994 0.50439 0.43699 0.50062 0.36391999999999997 0.39782999999999996 0.33133999999999997 0.18001999999999999 0.10973 0.25001 
0.42267999999999994 0.47174999999999995 0.55729 0.48428 0.3948 0.37224 0.40162 0.3102 0.5515599999999999 0.56903 0.28141 0.30961 0.27069 0 0.28916000000000003 0.45504 0.55424 0.56324 0.53552 0.59626 0.48013 0.50607 0.55891 0.38743 0.50132 0.44753 0.63823 0.64455 0.41212 0.54877 0.7304 0.58805 0.6867399999999999 0.6288 0.38218 0.64598 0.57858 0.76844 0.61767 0.5837600000000001 0.49115 0.45070999999999994 0.36348 0.50376 
0.43423 0.4833 0.57082 0.55189 0.65272 0.49180999999999997 0.51018 0.5538500000000001 0.72298 0.85819 0.57057 0.54247 0.55985 0.28916000000000003 0 0.16588 0.51657 0.52557 0.5888100000000001 0.6374 0.27001 0.31712999999999997 0.36996999999999997 0.34153 0.53244 0.58623 0.56237 0.78325 0.50119 0.34029 0.5917600000000001 0.6113599999999999 0.8092699999999999 0.7072099999999999 0.67134 0.60008 0.53432 0.70565 0.7243700000000001 0.6904600000000001 0.62985 0.46226 0.59634 0.59283 
0.48225 0.53132 0.6188400000000001 0.54385 0.70598 0.57865 0.59702 0.51735 0.5571 0.91581 0.52968 0.50148 0.484 0.45504 0.16588 0 0.35069 0.35969 0.42581 0.65583 0.35685 0.40397 0.45681 0.42837000000000003 0.61928 0.57929 0.64921 0.77631 0.54921 0.42549 0.67696 0.6981999999999999 0.8038400000000001 0.7017800000000001 0.59589 0.68692 0.61952 0.53977 0.63088 0.66479 0.62291 0.5102800000000001 0.52039 0.6408499999999999 
0.13156 0.18063 0.26815 0.19316 0.35529 0.45001 0.53303 0.51205 0.71776 0.6367 0.29427 0.30103 0.28354999999999997 0.55424 0.51657 0.35069 0 0.009 0.07511999999999999 0.30513999999999997 0.52552 0.57264 0.53271 0.52763 0.43262999999999996 0.37883999999999995 0.47531999999999996 0.48861999999999994 0.19852 0.28156000000000003 0.47697 0.44999 0.45619999999999994 0.35414 0.39544 0.49312 0.47714 0.5917399999999999 0.43043 0.46434 0.33521999999999996 0.15959 0.31994 0.29016 
0.14056000000000002 0.17163 0.25915 0.20216 0.34629 0.44299 0.52403 0.50305 0.70876 0.6277 0.30327 0.29203 0.29255 0.56324 0.52557 0.35969 0.009 0 0.06612 0.29614 0.51652 0.56364 0.52569 0.53663 0.42362999999999995 0.36984 0.47806000000000004 0.47962 0.18952 0.29056000000000004 0.46797 0.44099 0.4472 0.34514 0.38644 0.50212 0.46814 0.5827399999999999 0.42142999999999997 0.45533999999999997 0.32622 0.16859000000000002 0.31094 0.28115999999999997 
0.15458 0.10551 0.19303 0.26827999999999996 0.28017 0.37687000000000004 0.4927 0.43693 0.64264 0.69382 0.25411 0.22591 0.30657 0.53552 0.5888100000000001 0.42581 0.07511999999999999 0.06612 0 0.23002 0.55755 0.51043 0.45957000000000003 0.55066 0.35751 0.30372 0.41194 0.4135 0.22154000000000001 0.2505 0.50197 0.37487 0.38108 0.37914000000000003 0.45256 0.5675600000000001 0.44875 0.51662 0.35531 0.38922 0.2601 0.18261 0.24482 0.31318 
0.27171999999999996 0.22265 0.31017 0.38937999999999995 0.39730999999999994 0.35944 0.38882 0.2974 0.53876 0.73123 0.37125 0.34305 0.32557 0.59626 0.6374 0.65583 0.30514 0.29614 0.23002 0 0.36739 0.41451 0.46735 0.43891 0.47465 0.42086 0.52908 0.53064 0.33868 0.36763999999999997 0.59895 0.55472 0.59834 0.49627999999999994 0.5522199999999999 0.58656 0.56589 0.63376 0.46372 0.42981 0.37724 0.29974999999999996 0.39692000000000005 0.33218 
0.5011099999999999 0.45204 0.51127 0.46457 0.38271 0.53511 0.24017 0.33159 0.52203 0.83589 0.58276 0.5545599999999999 0.53426 0.48013 0.27001 0.35685 0.52552 0.51652 0.55755 0.36739 0 0.04712 0.09996 0.16576 0.3772 0.46892 0.29236 0.5976 0.45205 0.53126 0.53922 0.34135 0.53926 0.4372 0.49781 0.33007 0.46259 0.645 0.70184 0.7357499999999999 0.44420000000000004 0.5291399999999999 0.57065 0.36041 
0.45399 0.40492 0.49244 0.41745 0.33559 0.54643 0.28729 0.37871 0.56915 0.88301 0.61868 0.60168 0.58138 0.50607 0.31712999999999997 0.40397 0.57264 0.56364 0.51043 0.41451 0.04712 0 0.05284 0.11864 0.42432 0.51202 0.33948 0.64472 0.49917 0.54991 0.5863400000000001 0.38847 0.58638 0.48432 0.45069000000000004 0.37718999999999997 0.41547 0.59788 0.65472 0.68863 0.49132 0.48202 0.61777 0.40753 
0.40115 0.35406 0.44158 0.36461 0.38843 0.49359 0.34013 0.43155 0.62199 0.86538 0.56584 0.57062 0.55314 0.55891 0.36996999999999997 0.45681 0.53271 0.52569 0.45957 0.46735 0.09996 0.05284 0 0.17148 0.47716 0.56486 0.39232 0.66205 0.46811 0.49707 0.6391800000000001 0.44131 0.6392199999999999 0.53716 0.50353 0.43002999999999997 0.36263 0.65072 0.60188 0.63579 0.54416 0.42918 0.58953 0.46037 
0.44749 0.44515 0.47016 0.53609 0.45423 0.6650699999999999 0.40593 0.49545 0.68589 0.8846 0.5554399999999999 0.5367200000000001 0.46556 0.38743 0.34153 0.42837000000000003 0.52763 0.53663 0.55066 0.43891 0.16576 0.11864 0.17148 0 0.30568 0.39740000000000003 0.45811999999999997 0.55649 0.51445 0.59014 0.5557799999999999 0.50711 0.70502 0.6029599999999999 0.33205 0.49583 0.53411 0.6454500000000001 0.67349 0.7074 0.40309 0.47552 0.50195 0.52617 
0.30106999999999995 0.252 0.16448 0.26453 0.42467999999999995 0.37976 0.35822 0.31771999999999995 0.50816 0.7068700000000001 0.38719000000000003 0.35899000000000003 0.34151 0.50132 0.53244 0.61928 0.43262999999999996 0.42362999999999995 0.35751 0.47465 0.3772 0.42432 0.47716 0.30568 0 0.14103 0.24925 0.25081 0.36802999999999997 0.39698999999999995 0.2501 0.35882 0.55673 0.52365 0.53318 0.60469 0.59326 0.48807 0.5018 0.53571 0.09741 0.32909999999999995 0.3779 0.4596699999999999 
0.27924 0.23016999999999999 0.14265 0.2427 0.37089 0.32597 0.22875 0.26393 0.45437 0.65308 0.33340000000000003 0.3052 0.28772 0.44753 0.58623 0.57929 0.37884 0.36984 0.30372 0.42086 0.46892 0.51202 0.56486 0.39740000000000003 0.14103 0 0.19546 0.19702 0.34619999999999995 0.37318 0.30389 0.49984999999999996 0.57192 0.46986 0.39215 0.55047 0.53947 0.39356 0.47997 0.51388 0.04362 0.27531 0.32411 0.40588 
0.3555 0.30643 0.21891 0.31896 0.47911 0.52143 0.42421 0.45938999999999997 0.6498299999999999 0.71822 0.51623 0.50066 0.36754 0.63823 0.56237 0.6492100000000001 0.47531999999999996 0.47806 0.41194 0.52908 0.29236 0.33948 0.39232 0.45811999999999997 0.24925 0.19546 0 0.30524 0.41368 0.44066 0.49934999999999996 0.60807 0.6713600000000001 0.5693 0.58761 0.62243 0.64769 0.5425 0.55623 0.59014 0.15184 0.38353 0.45583 0.50532 
0.35706 0.30799 0.25243 0.32052 0.48067000000000004 0.52299 0.42577 0.46094999999999997 0.6513899999999999 0.8501000000000001 0.49546 0.50222 0.48473999999999995 0.64455 0.78325 0.77631 0.48862 0.47962 0.4135 0.53064 0.5976 0.64472 0.66205 0.5564899999999999 0.25081 0.19702 0.30524 0 0.42401999999999995 0.45297999999999994 0.50091 0.5762 0.6817 0.57964 0.58917 0.71665 0.64925 0.40992 0.55779 0.52457 0.1534 0.38509 0.52113 0.51566 
0.06696 0.11603 0.20355 0.12856 0.29069 0.29274 0.33451 0.42593 0.59614 0.56785 0.13071 0.10251 0.15837 0.41212 0.50119 0.54921 0.19852 0.18952 0.22154000000000001 0.33868 0.45205 0.49917 0.46811 0.51445 0.36802999999999997 0.34619999999999995 0.41368 0.42401999999999995 0 0.1609 0.41237 0.40279 0.44766 0.38966 0.40193999999999996 0.34602 0.27862 0.5271399999999999 0.36583 0.37666 0.32668 0.09499 0.15638000000000002 0.09164 
0.15 0.14498999999999998 0.23251 0.2116 0.31767 0.41437 0.46846 0.37704 0.6184 0.72875 0.29161 0.26341 0.30199 0.54877 0.34029 0.42549 0.28156000000000003 0.29056000000000004 0.2505 0.36763999999999997 0.53126 0.54991 0.49707 0.59014 0.39698999999999995 0.37318 0.44066 0.45297999999999994 0.1609 0 0.25147 0.47705999999999993 0.47463999999999995 0.41664 0.56284 0.50692 0.43951999999999997 0.5561 0.39479 0.42869999999999997 0.35366 0.12197 0.28232 0.25254 
0.40147 0.39646 0.41457999999999995 0.46307 0.56914 0.62986 0.53264 0.56782 0.71059 0.9569700000000001 0.54308 0.51488 0.4974 0.7304 0.5917600000000001 0.67696 0.47697 0.46797 0.50197 0.59895 0.53922 0.5863400000000001 0.6391800000000001 0.5557799999999999 0.2501 0.30389 0.49934999999999996 0.50091 0.41237 0.25147 0 0.46257 0.66048 0.66811 0.6684399999999999 0.6737 0.69099 0.51679 0.64626 0.6801699999999999 0.34751 0.37344 0.53379 0.5040100000000001 
0.38114 0.33207 0.41958999999999996 0.49879999999999997 0.50051 0.40242 0.50119 0.46069 0.65113 0.71952 0.45496000000000003 0.42676000000000003 0.48262 0.58805 0.6113599999999999 0.6981999999999999 0.44999 0.44099 0.37487 0.55472 0.34135 0.38847 0.44131 0.50711 0.35882 0.49984999999999996 0.60807 0.5762 0.40279 0.47705999999999993 0.46257 0 0.19791 0.29997 0.20587 0.56553 0.67531 0.31949 0.40366 0.43757 0.45622999999999997 0.40917 0.37289 0.31115 
0.3807 0.37568999999999997 0.46320999999999996 0.44229999999999997 0.54837 0.60033 0.479 0.57042 0.7608599999999999 0.82553 0.46116999999999997 0.43296999999999997 0.41605 0.6867399999999999 0.8092699999999999 0.8038400000000001 0.4562 0.4472 0.38108 0.59834 0.53926 0.58638 0.6392199999999999 0.70502 0.55673 0.57192 0.6713600000000001 0.6817 0.44766 0.47463999999999995 0.66048 0.19791 0 0.10206 0.40378 0.69294 0.5363 0.5174 0.47768999999999995 0.44377999999999995 0.5283 0.35267 0.3791 0.50906 
0.3227 0.27363 0.36114999999999997 0.44036 0.44631 0.54301 0.55026 0.5104 0.75176 0.7234700000000001 0.47656999999999994 0.44836999999999994 0.43144999999999994 0.6288 0.7072099999999999 0.7017800000000001 0.35414 0.34514 0.37914 0.49627999999999994 0.4372 0.48432 0.53716 0.6029599999999999 0.52365 0.46986 0.5693 0.57964 0.38966 0.41664 0.66811 0.29997 0.10206 0 0.30172 0.5908800000000001 0.43424 0.61946 0.37563 0.34172 0.42624 0.35073 0.39449999999999996 0.48129999999999995 
0.4689 0.50643 0.5347999999999999 0.51698 0.53347 0.60829 0.34624 0.25482 0.49617999999999995 0.78621 0.29267 0.29943 0.46302999999999994 0.38218 0.67134 0.59589 0.39544 0.38644 0.45256 0.5522199999999999 0.49781000000000003 0.45069000000000004 0.50353 0.33205 0.53318 0.39215 0.58761 0.58917 0.40193999999999996 0.56284 0.6684399999999999 0.20587 0.40378 0.30172 0 0.35966 0.5163 0.38626 0.60749 0.57358 0.43577 0.48341 0.35329999999999995 0.49357999999999996 
0.41298 0.46204999999999996 0.49618 0.47458 0.5833200000000001 0.45548 0.42719999999999997 0.51752 0.70906 0.82727 0.47673 0.44853 0.50439 0.64598 0.60008 0.68692 0.49312 0.50212 0.56756 0.58656 0.33007 0.37718999999999997 0.43002999999999997 0.49583 0.60469 0.55047 0.62243 0.71665 0.34602 0.50692 0.6737 0.56553 0.6929400000000001 0.5908800000000001 0.35966 0 0.15664 0.7459199999999999 0.6426 0.67651 0.59409 0.44101 0.5024 0.25438 
0.34558 0.34324 0.42878 0.40718 0.51592 0.38808 0.5838399999999999 0.67416 0.64166 0.75987 0.40932999999999997 0.38112999999999997 0.43699 0.57858 0.53432 0.61952 0.47714 0.46814 0.44875 0.56589 0.46259 0.41547 0.36263 0.53411 0.59326 0.53947 0.64769 0.64925 0.27862 0.43951999999999997 0.69099 0.67531 0.5363 0.43424 0.5163 0.15664 0 0.67039 0.5752 0.60911 0.49585 0.37361 0.40004 0.37026 
0.46018 0.41111 0.32359 0.42364 0.53165 0.68049 0.62231 0.64108 0.84793 0.73566 0.51134 0.5181 0.50062 0.76844 0.70565 0.53977 0.5917399999999999 0.5827399999999999 0.51662 0.63376 0.645 0.59788 0.65072 0.6454500000000001 0.48807 0.39356 0.5425 0.40992 0.5271399999999999 0.5560999999999999 0.51679 0.31949 0.5174 0.61946 0.38626 0.7459199999999999 0.67039 0 0.66091 0.69482 0.43718 0.48821 0.57197 0.6187799999999999 
0.29886999999999997 0.2498 0.33732 0.23727 0.42446 0.49412 0.54052 0.50002 0.67959 0.8298 0.33626 0.30806 0.36391999999999997 0.6176699999999999 0.7243700000000001 0.63088 0.43043 0.42143 0.35531 0.46372 0.70184 0.65472 0.60188 0.67349 0.5018 0.47997 0.55623 0.55779 0.36583 0.39479 0.6462600000000001 0.40366 0.47769 0.37563 0.60749 0.6426 0.5752 0.66091 0 0.03391 0.52359 0.32689999999999997 0.36193 0.45746999999999993 
0.33278 0.28371 0.37123 0.27118000000000003 0.45837 0.52803 0.57443 0.53393 0.7135 0.79589 0.30235 0.27415 0.39782999999999996 0.5837600000000001 0.6904600000000001 0.66479 0.46434000000000003 0.45534 0.38922 0.42981 0.7357499999999999 0.68863 0.63579 0.7074 0.53571 0.51388 0.59014 0.52457 0.37666 0.42869999999999997 0.6801699999999999 0.43757 0.44378 0.34172 0.57358 0.67651 0.60911 0.69482 0.03391 0 0.5575 0.36081 0.32802 0.4683 
0.25972 0.27379 0.18627 0.28632 0.32727 0.36959 0.27237 0.30755 0.49799 0.6967000000000001 0.37702 0.34882 0.33133999999999997 0.49115 0.62985 0.62291 0.33522 0.32622 0.2601 0.37724 0.44420000000000004 0.49132 0.54416 0.40309 0.09741 0.04362 0.15184 0.1534 0.32668 0.35366 0.34751 0.45622999999999997 0.5283 0.42624 0.43577 0.59409 0.49585 0.43718 0.52359 0.5575 0 0.23169 0.36773 0.41832 
0.02803 0.0771 0.16462 0.08963 0.25176 0.34648 0.4295 0.40852 0.6142299999999999 0.66284 0.19074 0.1975 0.18001999999999999 0.45070999999999994 0.46225999999999995 0.5102800000000001 0.15959 0.16859000000000002 0.18261 0.29974999999999996 0.5291399999999999 0.48202 0.42918 0.47552 0.32909999999999995 0.27531 0.38353000000000004 0.38509 0.09499 0.12197 0.37344 0.40917 0.35267 0.35073 0.48341 0.44101 0.37361 0.48821 0.32689999999999997 0.36080999999999996 0.23169 0 0.25137 0.18663 
0.22334000000000004 0.27241000000000004 0.32299 0.24998 0.43717 0.41416 0.346 0.38117999999999996 0.57162 0.51921 0.08207 0.05387 0.10973 0.36348 0.59634 0.52039 0.31994 0.31094 0.24482 0.39692000000000005 0.57065 0.61777 0.58953 0.50195 0.3779 0.32411 0.45583 0.52113 0.15638000000000002 0.28232 0.53379 0.37289 0.3791 0.39449999999999996 0.35329999999999995 0.5024 0.40004 0.57197 0.36193 0.32802 0.36773 0.25137000000000004 0 0.24802 
0.1586 0.20767 0.29518999999999995 0.2202 0.38232999999999995 0.2011 0.24287 0.33429 0.5045 0.57289 0.22235 0.19415 0.25001 0.50376 0.59283 0.6408499999999999 0.29016 0.28115999999999997 0.31318 0.33218 0.36041 0.40753 0.46037 0.52617 0.4596699999999999 0.40588 0.50532 0.51566 0.09164 0.25254 0.5040100000000001 0.31115 0.50906 0.48129999999999995 0.49357999999999996 0.25438 0.37026 0.6187799999999999 0.45747 0.4683 0.41832 0.18663 0.24802 0 
