20
x23 x15 x27 x18 x25 x42 x32 x30 x1 x5 x8 x44 x35 x26 x49 x9 x2 x43 x41 x37
0 0.61225 0.68764 0.76507 0.9333400000000001 0.84932 1.08462 1.1311 0.9466 1.42966 1.27659 1.53871 1.28091 1.10199 1.12048 1.32556 0.87937 0.78527 0.96227 0.65695 
0.61225 0 0.37691 0.8270500000000001 0.65878 0.85439 0.93683 1.08712 1.09891 1.7281300000000002 1.78754 1.15256 0.89476 1.47691 1.3154 0.95207 1.47813 1.39752 0.91829 1.2692 
0.68764 0.37691 0 0.54255 0.71082 0.81631 0.55992 0.9085799999999999 1.18194 1.65736 1.50429 1.27534 1.0947799999999999 1.47965 1.4390399999999999 1.17966 1.56701 1.4729100000000002 0.7397499999999999 1.08325 
0.76507 0.8270500000000001 0.54255 0 0.16827 0.36388 0.62027 0.36602999999999997 0.87224 1.18356 1.06645 0.81003 0.55223 1.02722 0.9728699999999999 0.63711 1.16317 1.13483 0.1972 1.3397299999999999 
0.9333400000000001 0.65878 0.71082 0.16827 0 0.19561 0.452 0.5343 0.70397 1.33319 1.2347199999999998 0.86632 0.6272 0.8589500000000001 0.97424 0.46884 0.9948999999999999 0.99494 0.36546999999999996 1.17146 
0.84932 0.85439 0.81631 0.36388 0.19561 0 0.25639 0.7299100000000001 0.7834099999999999 1.41263 1.3698700000000001 0.68939 0.43159 0.66334 1.06878 0.66445 1.19051 1.07438 0.56108 1.36707 
1.08462 0.93683 0.55992 0.62027 0.452 0.25639 0 0.6855800000000001 1.0398 1.16619 1.31926 0.71542 0.68798 0.91973 0.9138599999999999 0.92084 1.39275 1.3307699999999998 0.51675 1.32236 
1.1311 1.08712 0.9085799999999999 0.36602999999999997 0.5343 0.7299100000000001 0.6855800000000001 0 0.50621 1.13543 1.2885 0.78166 0.52386 1.10601 0.9444999999999999 0.6666 1.19266 0.79718 0.16883 0.9737 
0.9466 1.09891 1.18194 0.87224 0.70397 0.7834099999999999 1.0398 0.50621 0 0.62922 0.78229 1.24307 1.03007 1.44675 1.45071 1.17281 1.26274 0.76057 0.6750400000000001 1.47991 
1.42966 1.7281300000000002 1.65736 1.18356 1.33319 1.41263 1.16619 1.13543 0.62922 0 0.15307 1.28475 1.3413899999999999 1.7743 1.53145 1.57872 1.05266 1.38979 1.30426 1.07971 
1.27659 1.78754 1.50429 1.06645 1.2347199999999998 1.3698700000000001 1.31926 1.2885 0.78229 0.15307 0 1.13168 1.22428 1.62123 1.64492 1.7035599999999997 1.20573 1.5428600000000001 1.2478099999999999 1.23278 
1.53871 1.15256 1.27534 0.81003 0.86632 0.68939 0.71542 0.78166 1.24307 1.28475 1.13168 0 0.2578 0.48955 0.89499 1.1106 1.36767 1.22844 0.61283 1.52199 
1.28091 0.89476 1.09478 0.55223 0.6272 0.43159 0.68798 0.52386 1.03007 1.3413899999999999 1.22428 0.2578 0 0.58215 0.75214 0.8528 1.10987 1.29266 0.35503 1.26419 
1.10199 1.47691 1.47965 1.02722 0.8589500000000001 0.66334 0.91973 1.10601 1.4467500000000002 1.7743 1.62123 0.48955 0.58215 0 0.40544 1.0209000000000001 1.5469600000000001 1.71799 0.9371799999999999 1.75894 
1.12048 1.3154 1.4390399999999999 0.9728699999999999 0.97424 1.06878 0.9138599999999999 0.9444999999999999 1.45071 1.53145 1.64492 0.89499 0.75214 0.40544 0 0.61546 1.1415199999999999 1.42098 0.77567 1.5975 
1.32556 0.95207 1.17966 0.63711 0.46884 0.66445 0.92084 0.6666 1.17281 1.57872 1.70356 1.1106 0.8528 1.0209000000000001 0.61546 0 0.52606 1.4637799999999999 0.49777 1.54892 
0.87937 1.47813 1.56701 1.1631699999999998 0.9948999999999999 1.19051 1.39275 1.19266 1.26274 1.05266 1.20573 1.36767 1.10987 1.54696 1.1415199999999999 0.52606 0 1.08411 1.02383 1.26063 
0.78527 1.39752 1.47291 1.13483 0.99494 1.07438 1.3307699999999998 0.79718 0.76057 1.38979 1.5428600000000001 1.22844 1.29266 1.71799 1.42098 1.4637799999999999 1.08411 0 0.96601 1.44222 
0.96227 0.91829 0.7397499999999999 0.1972 0.36546999999999996 0.56108 0.51675 0.16883 0.6750400000000001 1.3042600000000002 1.2478099999999999 0.61283 0.35503 0.9371799999999999 0.77567 0.49777 1.02383 0.96601 0 1.14253 
0.65695 1.2692 1.08325 1.3397299999999999 1.17146 1.36707 1.32236 0.9737 1.47991 1.07971 1.23278 1.52199 1.26419 1.75894 1.5975 1.54892 1.26063 1.44222 1.14253 0 
